#input normalization
0.161111 0.272713
55.8776 59.6663
9.67791 37.4879
7.93437 31.5603
0.0110227 0.0436671
0.00882482 0.0338465
0.542988 1.36901
0.823511 1.27769
1.05267 1.47112
1.29982 1.67897
1.57855 1.87949
1.86027 2.06281
2.12999 2.22636
2.39629 2.3791
2.64341 2.50023
2.87854 2.5868
3.10222 2.64749
3.30893 2.68228
3.48879 2.68793
3.62724 2.6498
3.75209 2.59835
3.85097 2.5101
3.92847 2.41397
3.96982 2.29961
3.99558 2.16779
3.98964 2.01953
3.9519 1.86013
3.89572 1.68228
3.7862 1.48252
3.65921 1.28429
3.54441 1.09538
3.42333 0.906903
38.1053 49.985
7187.57 4869.21
#output normalization
1 0
#neurons weights
-0.422897
-0.426077
-0.232692
0.169918
0.0763723
0.103199
-0.200329
0.161337
0.227464
-0.204981
-0.325082
-0.37931
-0.0765343
-0.449695
-0.428498
0.0177065
0.206368
-0.0424086
0.233619
0.0954477
-0.0416753
-0.00129478
-0.108812
0.0580158
-0.163718
-0.160195
-0.213055
0.35989
-0.193851
-0.191334
-0.456691
0.0198866
-0.378867
-0.3512
0.402648
0.283859
-0.484447
-0.561847
0.485207
-0.244264
-0.336382
0.147807
0.533214
2.62936
-0.264523
0.109244
-0.10363
-0.201957
0.088831
0.356549
0.117039
-0.366124
-0.121388
-0.153061
-0.203055
0.279884
0.396878
-0.797324
-0.249129
0.163023
-0.64573
-0.186232
-0.0138177
0.345701
-0.751839
0.526343
0.619784
-0.150272
0.0874974
-0.251708
-0.108564
0.358658
-0.0227159
0.435515
-0.0101869
0.20281
0.531753
-0.344217
-0.263114
-0.0431306
0.115105
-0.338912
0.319887
-0.718001
0.0262859
-0.505162
0.0330033
-0.412308
-0.207699
-0.0418991
0.176195
0.632369
-0.214027
0.405903
0.674612
-0.378102
0.341856
-0.0387328
-0.52629
-0.0190262
0.0198049
0.0483667
0.341264
0.28409
#synapses weights
-0.0593495
-0.00293288
-0.0738662
0.355024
0.0493485
-0.35695
0.516658
0.198229
0.213599
-0.113792
-0.219313
0.0237402
0.0712069
-0.229017
0.30242
0.440019
-0.236994
-0.0443055
-0.212788
0.439049
-0.417114
-0.417604
0.336795
0.445888
0.0364033
-0.213775
0.0200163
0.0944453
-0.584007
-0.378749
0.252348
0.332083
0.00888633
2.02501
-0.362264
-0.394036
0.174756
-0.115913
-0.0307613
-0.451505
0.510288
0.357455
0.147444
-0.120064
-0.126967
0.00866093
0.175197
0.344821
0.222653
-0.223784
-0.190285
-0.11811
-0.368632
-0.0992437
-0.46725
0.278477
0.128688
0.0529822
-0.421503
-0.050063
0.320521
-0.14968
-0.275722
-0.574046
-0.0846045
0.0594544
-0.0253457
-0.100319
0.19339
-0.0275604
-0.324614
0.260073
0.378214
0.233699
-0.432909
-0.0367948
-0.00460636
-0.250042
-0.167471
-0.0396809
0.251687
-0.240305
0.31156
-0.000498484
-0.216053
-0.145722
-0.449025
-0.284319
0.134637
0.369751
-0.0205808
0.282247
-0.106694
-0.260293
0.272694
-0.0397318
-0.152308
0.115776
0.114246
-0.21465
0.0076949
-0.566308
0.0786038
0.0290544
-0.149698
0.0196851
0.126656
0.227
0.659474
0.592071
0.307999
-0.0845243
-0.0961459
-0.315571
0.220081
-0.21846
0.0859176
0.64212
0.118388
-0.221875
0.463967
0.290709
0.415223
0.252305
-0.117259
0.441393
0.241646
-0.0639775
0.531716
0.194049
0.331988
0.174461
-0.173436
0.27691
0.0405975
0.597221
-0.0544271
-0.0377753
0.0534732
-0.121529
0.126472
0.345134
-0.36163
-0.02839
0.00432579
0.134693
-0.104599
0.14063
-0.12105
0.255673
-0.0344269
0.170558
-0.121807
0.0854351
-0.151609
0.213743
-0.336495
0.0521182
0.396931
-0.236549
-0.378279
0.0802845
-0.148457
-0.170189
0.240423
0.308428
-0.087833
0.122022
0.330371
0.993754
0.0404056
-0.220971
0.0740456
0.457685
0.0493626
0.273817
0.125092
0.0530917
-0.137158
-0.359664
-0.182158
-0.325874
-0.16307
-0.19836
-0.103999
0.0976262
-0.372077
-0.0403663
0.481465
-0.37451
-0.284717
-0.255953
-0.171618
-0.447344
-0.337167
-0.334042
0.206895
-0.241246
-0.469992
0.379668
-0.246152
0.302096
-0.201203
0.550759
-0.0628689
-0.291157
-0.0376382
-0.0376647
0.381344
0.172757
-0.148551
0.0371831
-0.187325
0.010378
0.00995726
0.0395189
-0.263011
0.245165
0.057847
0.229308
-0.105785
0.255888
0.123961
-0.245858
0.121979
-0.209182
0.181055
0.177059
0.30141
-0.401457
-0.266336
0.1235
0.0798479
0.2591
0.260535
0.0274738
-0.121649
-2.13255
0.164099
-0.0721462
-0.0281055
-0.00498671
0.189433
0.03254
-1.73904
-0.00300207
-0.425488
0.440634
-0.309274
0.0596894
0.113732
0.000700667
-0.0681166
-0.280782
-0.0780945
-0.313983
-0.000537853
0.483302
-0.327283
-0.117785
-0.0912791
-0.199452
0.48384
0.314914
-0.316137
0.283233
0.0687975
-0.532322
0.095422
0.0743295
0.0721108
-0.370277
-0.211256
-0.409343
-0.185582
0.0944309
9.84548e-05
-0.15112
0.417908
0.0371055
0.0839952
-0.350823
-0.0524309
0.106999
0.0622092
0.153337
0.124638
-0.0334349
-0.224292
-0.152023
-0.0150574
-0.0301675
0.117278
-0.318669
-0.335707
-0.341177
0.401163
0.444445
-0.470411
0.305086
0.326744
0.12816
0.166417
0.0636295
0.357242
2.538
-0.0598583
0.511857
0.143394
-0.0544218
-0.203312
0.0191161
2.14031
0.276671
0.0934483
0.108129
-0.0147318
0.00261052
-0.0402426
-0.0190162
0.145724
0.10125
-0.105485
-0.0589991
-0.127113
0.00795455
-0.136921
-0.0871904
0.0604012
-0.0257438
0.00909872
0.058744
-0.0683143
-0.128139
-0.0323546
0.145481
-0.238548
-0.084311
0.126287
6.0363
0.535843
-0.486361
0.280393
-0.365297
0.0391502
0.00829349
-0.170936
0.285068
-0.249924
0.180277
-0.199332
-0.404061
0.211111
0.21635
0.20983
-0.531704
-0.219773
0.00177871
0.145735
-0.266039
-0.125169
0.404389
0.387321
-0.203334
0.171405
0.494134
0.0383998
-0.0697732
-0.35988
0.231685
-0.443346
0.367806
-0.482091
-0.582511
0.362445
0.17259
0.423124
-0.257417
-0.409262
0.159798
0.620242
0.480993
0.268878
0.208927
-0.182476
-0.345119
-0.244884
0.21823
-0.403956
-0.165729
0.482625
0.164326
0.180887
-0.24662
0.370266
0.279749
-0.250509
-0.397349
-0.298218
0.329139
0.136649
0.193169
0.2052
0.162292
-0.173953
-0.289672
0.109868
0.290482
-0.034543
0.182993
-0.0840911
0.0117074
-0.0577571
0.350713
-0.321642
-0.402574
0.151467
-0.102422
0.146132
-0.0857073
-0.22617
-0.0698215
0.452245
-0.0909561
-0.249798
0.229479
0.11117
0.468547
-0.232748
-0.410732
0.334262
-0.216541
0.303764
-0.274958
-0.207596
0.050585
0.101713
0.525633
0.298117
-0.417995
-0.374632
0.804609
0.0980176
-0.0986457
0.0694293
0.43954
0.0759237
0.0634735
-0.163751
-0.18549
-0.0593962
0.387868
-0.506273
-0.0313745
0.0733676
-0.482265
-0.620464
0.289558
-0.34097
-0.117502
-0.15478
-0.203907
0.00109024
0.0350769
-0.241692
-0.28054
0.179411
-0.0766582
-0.360708
0.393476
0.200927
0.332944
0.337663
0.00789929
-0.0447229
-1.21444
0.216932
-0.142522
0.376026
-0.290977
0.432888
-0.439484
-0.554043
-0.126677
0.14733
-0.287268
0.0695737
0.410687
0.187448
-0.220294
0.0433275
-0.0476576
-0.396435
-0.0256258
0.218699
-0.221554
0.431663
-0.417041
-0.0540619
0.063742
0.316685
0.523125
-0.0176246
0.087225
-0.23636
0.20083
-0.351245
-0.315824
-0.407775
0.000233013
-0.0830994
0.311116
-0.198709
0.200611
0.0195172
0.344686
-0.79962
-0.368115
0.289884
0.33741
-0.436667
0.0570086
0.3201
-0.482926
0.436041
0.258933
-0.0640539
0.107955
-0.476678
0.211436
-0.442179
-0.205335
-0.346919
0.10822
0.460573
-0.286852
-0.145811
-0.0264264
-0.265774
-0.132506
0.0242776
0.397686
-0.353235
-0.357076
-0.243081
0.323676
0.0543284
-0.341868
-0.23558
-0.319052
-0.394189
0.477468
0.148926
0.106095
-0.201035
0.082156
0.0757783
0.20397
-0.0201747
-0.227924
0.102609
0.226478
-0.118947
0.0960651
0.117024
-0.156461
0.222838
-0.296139
0.370797
0.36737
0.149991
-0.00300218
0.0915736
-0.36257
0.0695989
-0.581632
0.391014
-0.781211
0.263577
-0.344178
0.250569
-0.413115
-0.343448
0.114092
-0.457637
-0.0492359
-0.264342
0.0681023
0.140357
0.376877
0.333575
-0.119149
-0.40049
-0.297103
0.108661
-0.414884
-0.2451
-0.443905
-0.26195
-0.524453
0.311676
-0.261821
0.00720062
-0.0455812
0.408677
0.221322
-0.255876
0.091518
-0.473126
0.084871
-0.0702704
0.212203
-0.296169
-0.289438
0.284863
-0.282371
0.292356
-0.199545
0.800976
-0.394964
0.0687888
-0.00915188
-0.17591
0.25105
0.141433
0.409376
0.363368
-0.183047
-0.171774
0.181475
-0.160677
-0.101612
0.0674716
0.32331
0.102523
-0.245255
0.106576
-0.400488
0.419043
-0.00768307
-0.279776
0.1104
0.461799
-0.307825
0.349858
0.837911
-0.115327
0.182693
-0.466336
0.163769
0.451302
-0.325884
-1.06148
0.400016
-0.336492
0.017019
-0.0953368
-0.117962
-0.191328
0.37879
-0.314407
-0.132156
0.396529
0.052181
-0.0233481
-0.32099
0.346793
-0.382993
-0.251036
-0.0826588
-0.264377
-0.159348
0.194675
0.381137
0.0668711
-0.0733943
-0.144151
0.127179
-0.509899
-0.981597
0.339702
-0.452859
0.326568
-0.195085
-0.444759
-0.0760352
-0.267612
0.12474
-0.201184
-0.0256561
-0.187798
0.128965
-0.173348
-0.249677
0.32133
-0.582817
0.269704
0.152197
0.373842
0.133892
-0.380961
0.146752
0.170435
0.363844
-0.090876
0.14669
0.202889
0.41059
-0.390293
-0.197096
-0.274093
0.229499
0.340539
0.593289
0.0583799
-0.250146
0.0110722
-0.334329
0.0607388
0.36782
1.02684
0.255033
-0.0444568
-0.125994
-0.157688
-0.57642
0.2568
-0.221389
0.426492
-0.170296
0.253601
0.115199
0.0566469
-0.332419
0.0744634
-0.362534
0.12901
0.0765071
-0.264776
0.359023
0.125763
-0.0498955
-0.302636
0.0460484
0.0943607
-0.0844191
-0.351687
1.74367
-0.215272
0.149207
-0.153019
0.309291
0.12912
-0.185197
-0.431117
0.062335
0.457116
-0.238076
0.198005
0.102791
-0.056443
-0.189522
-0.0506315
0.305538
0.141845
-0.336786
0.32413
-0.0759293
-0.156309
0.0368799
-0.22931
0.0310766
0.251407
-0.180883
0.0378674
0.188055
-0.183224
0.281039
-0.31077
0.323646
0.148308
0.465643
0.660483
-0.0351105
0.00879626
-0.202757
0.100214
0.220908
0.0401453
0.0369511
-0.307338
0.0250386
-0.0470172
0.0247194
-0.0769581
0.0133384
0.090153
0.254197
-0.377558
-0.0658289
-0.39558
0.316283
-0.11465
0.0789773
0.375085
-0.0513693
0.0527782
0.0520682
0.2559
-0.138401
-0.000575172
0.379011
-0.302046
-0.134464
-0.706386
-3.36298
0.0261031
0.158274
-0.248509
-0.297252
0.0722532
-0.303209
0.441196
0.397246
0.366167
0.160241
-0.148252
-0.517811
-0.141028
0.365963
-0.257714
0.366521
-0.235761
-0.196235
0.465406
0.236803
0.481277
-0.170673
-0.156889
-0.044155
-0.258031
-0.153157
0.2447
-0.0563846
-0.0815633
0.120549
0.349215
0.326085
-0.419904
-0.546995
0.363408
-0.380603
-0.335274
-0.0484696
-0.0300562
-0.353078
-0.417023
0.15131
-0.0368663
0.0837548
0.0428525
-0.0773477
0.124205
0.171502
-0.288553
0.224131
0.394661
0.218414
0.0260938
0.105378
0.0667467
0.384509
0.0967053
0.212326
-0.429096
0.265043
0.288464
-0.121953
0.338502
0.0549417
-0.131686
-0.0571299
-0.188459
0.239974
-0.0519251
-0.183095
-0.104943
-0.207384
0.339766
0.142351
0.448231
-0.365546
0.269746
0.336901
-0.252475
-0.279274
0.125718
0.00793389
-0.176946
0.203379
-0.0448413
0.323352
0.0363686
-0.100113
-0.42251
-0.306367
0.454433
-0.111472
0.309156
-0.254397
0.427601
0.422191
-0.252269
0.163235
-0.14783
0.362342
-0.112907
-0.703669
-0.335523
-0.356789
-0.247473
-0.0568444
-0.0608581
0.287675
0.1371
-0.0700097
-0.25062
-0.275197
-0.335747
-0.149372
-0.0983085
0.120453
0.111877
-0.121257
-0.31157
-0.58129
0.320512
0.194639
0.0523605
0.251017
-0.339351
0.133693
-0.0063143
-0.161384
-0.00910286
0.442745
-0.0481165
-0.555127
0.332851
-0.284767
0.423798
-0.39801
0.0473603
-0.377258
0.245243
0.120362
-0.258454
0.0211211
-0.0518467
0.315068
0.279925
0.0082006
0.385857
0.306179
-0.349029
-0.609172
0.235435
-0.484398
0.156446
-0.264275
0.105911
0.275771
0.273981
-0.380226
-0.32303
0.00617175
0.0551091
-0.00298463
0.314846
-0.239419
-0.0435324
0.20773
0.244079
0.267167
-0.491309
-1.41251
0.0418469
0.329257
0.111744
0.18968
-0.295023
0.301714
0.970054
0.197484
-0.236795
0.107005
-0.289155
0.235901
-0.102339
-0.315936
0.21506
0.278144
0.424903
-0.175144
-0.354675
-0.493142
-0.00244645
0.510208
0.172807
-0.185116
-0.0624579
-0.0514938
-0.283584
-0.207533
0.403765
0.195216
-0.310218
-0.00746188
0.415649
1.43882
-0.251902
0.0278823
0.286755
-0.246764
0.292516
0.369674
-0.0640699
-0.0190788
0.246788
0.449113
-0.274147
0.494062
0.218751
-0.473144
0.393275
-0.357534
0.0378376
-0.0916072
-0.376342
0.0640882
0.398138
0.253875
-0.116495
-0.390519
0.103736
-0.154251
0.304154
-0.262599
-0.148508
-0.168749
-0.140369
-0.419734
0.180725
-1.21474
-0.0745962
0.0936089
0.156875
-0.257843
0.387417
0.472099
-0.626961
0.0430508
-0.182914
-0.222749
-0.21472
-0.211146
0.0762572
-0.20476
-0.374648
0.0189615
-0.118386
-0.392589
0.255548
0.136373
0.126625
0.0745228
0.409352
0.30989
-0.173332
-0.250242
0.0596121
-0.150153
-0.27764
-0.265692
0.0160886
0.370768
-0.201264
0.116123
-0.0156871
-0.283152
-0.131461
-0.198886
0.236127
-0.0349382
-0.299068
-0.111776
0.00328763
0.16769
-0.336701
0.0511873
0.208505
0.129513
0.000410926
0.367506
0.00570324
-0.167004
-0.147366
-0.351694
0.307026
0.165423
0.0285015
-0.353317
0.224012
-0.325856
0.361584
0.067067
-0.0379671
-0.282541
0.503191
-0.342363
0.0301705
0.958516
-0.172812
-0.212849
-0.317505
0.0334141
0.046976
0.282742
0.809661
0.433379
-0.0468472
0.0925784
-0.377447
0.435932
0.191244
0.277032
0.405763
0.0874841
-0.017985
-0.243764
0.0762626
0.187272
-0.441544
-0.177817
0.0631395
0.0708161
-0.37999
-0.0314391
0.157309
-0.145031
-0.503733
-0.138673
0.429601
0.416867
0.53638
0.861393
-0.548095
-0.04698
-0.0247915
0.445139
0.0496222
-0.0705933
-0.172296
-0.306246
0.415264
-0.0505149
-0.497519
-0.516341
0.0165122
-0.062278
-0.138289
0.414662
-0.040231
-0.39731
0.220237
0.399249
0.204451
-0.362299
-0.227523
-0.452963
0.169647
-0.0406638
-0.235688
-0.477024
0.191626
-0.414862
0.528396
-0.320772
0.422586
-0.158228
0.247319
0.0765404
-0.251995
-0.594027
0.239649
-0.00738468
0.0191602
0.127052
0.421667
0.278008
-0.334426
0.387691
-0.314459
-0.0988658
-0.360056
-0.252764
0.15129
0.125924
-0.237899
0.0126874
-0.187831
-0.207171
-0.238961
0.304213
0.486002
0.173066
-0.352589
0.0781037
-0.450649
-0.00874967
0.0514165
-0.432264
0.0784723
0.290505
0.251055
0.433688
-0.412653
0.475237
-0.383843
0.0495911
-0.093189
0.000463699
-0.271064
0.152893
0.443657
0.392835
0.461627
0.169138
-0.0249347
0.188443
0.317308
-0.0360464
0.514147
0.00245697
0.437989
-0.0886806
0.0912893
0.587162
-0.231721
0.0724674
0.29535
0.377233
-0.270304
-0.114215
0.519161
-0.0935409
0.384017
0.449653
-0.432904
0.463074
0.0410954
-0.226027
-0.143728
0.0742504
-0.165735
-0.0713684
0.129063
-0.472084
-0.546917
0.39763
0.222613
0.128646
-0.167937
0.223261
-0.18246
-0.0665463
0.398245
-0.499212
-0.0944474
0.402877
0.272046
-0.300922
0.0064915
0.0564841
0.394933
-0.330007
-0.20159
0.398294
0.20809
-0.0581246
-0.282299
0.137779
-0.514536
0.313917
-0.476993
-0.423385
-0.0909704
-0.373171
-0.503866
-0.194846
-0.113523
0.143308
-0.298522
0.0138868
0.715096
0.42218
0.155528
0.0934668
0.146833
0.123234
0.143571
-0.0896123
-0.345195
-0.386276
-0.388424
-0.310526
0.42136
-0.243249
-0.273262
-0.295918
0.0285892
-0.0397737
0.0576486
0.401064
-0.0467436
-0.288163
-0.372293
0.330789
0.0574402
0.253099
0.345672
0.390076
-0.290482
0.481099
0.185676
-0.268102
-0.24168
0.404768
-0.153278
-0.459244
-0.454304
0.207825
0.206806
0.37458
0.518253
-0.194882
-0.245849
0.01072
0.213678
0.434547
0.463181
0.00845429
0.0743556
-0.301672
-0.393107
0.121183
0.204773
0.362345
-0.176957
0.414875
-0.284964
0.110363
-0.619884
-0.401124
0.391648
0.279781
-0.433695
-0.462148
0.107724
-0.0857338
-0.0573121
0.104378
-0.176374
0.33783
-0.208745
0.161283
-0.227096
0.352805
0.31302
-0.299583
-0.498938
0.261984
-0.141584
-0.396009
-0.0594217
-0.329577
-0.305848
-0.0446349
0.233856
-0.367716
0.499402
-0.0481523
-0.112183
0.248303
0.188019
0.0170981
0.103475
0.121247
0.431228
-0.307509
-0.262065
0.00366723
-0.252148
0.127682
0.235596
0.102617
-0.125024
0.575591
-0.31032
-0.904274
-0.443728
0.209304
0.150609
-0.427446
-0.278512
-0.200589
-0.139959
-0.154061
-0.302235
0.284598
0.310225
-0.153713
0.256665
-0.0589637
0.0256531
0.468246
-0.460466
-0.0181858
0.351748
-0.338561
-0.204983
-0.00464988
0.038426
0.0555422
-0.101277
-0.0127134
0.520342
0.330827
-0.179062
0.351695
0.3884
0.269471
0.535903
0.11239
0.200656
0.272315
0.4328
-0.278633
0.464974
0.0706147
0.169397
-0.411664
-0.0536495
-0.0546555
0.320152
-0.135775
0.309506
-0.21754
0.266837
-0.0454702
0.372755
-0.196342
0.547631
-0.149504
0.597011
0.450786
0.300872
0.252285
-0.0408735
0.0674431
-0.298707
0.0892047
0.00626586
-0.173655
-0.767722
-0.808886
0.452429
-0.344724
-1.24464
-1.73544
-0.261219
-0.854162
-0.909729
-0.500747
-0.523454
-0.159365
0.0852203
0.107279
-0.69239
0.148841
-0.832985
-0.684921
-0.847913
0.318194
-0.484915
-0.652302
0.112627
-0.422493
0.0559853
-0.956782
0.233533
-0.819566
-0.593289
-0.597953
0.143917
0.439498
0.0364408
-0.0415491
0.262077
0.259014
0.36001
0.184624
-0.286478
0.560898
0.708407
-0.121656
0.132698
-0.105574
-0.269432
-0.250431
-0.228917
0.458577
0.390507
-0.0406989
-0.0383957
0.462186
0.0735708
0.457494
-0.389369
-0.119898
0.559611
-0.460523
-0.127237
-0.325917
0.610017
-0.458631
0.198394
-0.121364
0.473883
0.472896
-0.158298
0.074822
-0.214975
-0.115658
-0.135214
-0.102801
-0.218415
-0.0568079
0.295913
0.559565
-0.0463581
0.516915
-0.388373
-0.344492
-0.258978
-0.451698
-0.505155
0.289438
0.292913
-0.36367
0.568843
0.304502
0.286307
0.0242233
-0.246601
0.251057
-0.0222992
-0.131987
-0.161556
0.35549
-0.574169
-0.366283
0.0833412
0.184395
0.219292
-0.155322
0.365028
-0.0229301
0.0112725
-0.368331
-0.365021
0.788908
-0.397267
-0.671507
0.271599
0.0729979
-0.223138
-0.428997
0.343617
-0.421284
0.171146
-0.0586029
0.330271
-0.106307
-0.224195
0.267299
-0.790917
0.117905
-0.177683
0.26142
0.0483891
-0.236162
0.0633895
-0.0462247
-0.628787
-0.252282
-0.143515
-0.108365
-0.265466
0.133667
0.0350781
-0.0245961
0.406284
0.0855669
0.430009
0.346005
0.280001
0.052242
0.406846
0.548105
0.176976
0.154986
-0.0190812
-0.196093
-0.335235
0.074948
-0.309741
-0.363246
0.0281706
-0.118868
0.181772
0.0209977
0.498404
-0.464332
-0.324688
0.00762196
-0.143277
-0.468167
-0.0113181
-0.0504247
0.427013
-0.352287
-0.250973
0.308416
0.397193
-0.323036
-0.0343748
0.268467
-0.0341984
0.0775099
-0.159269
0.3142
-0.162865
-0.354768
-1.92211
-0.154105
0.0390723
0.156987
0.315106
0.00928618
0.124014
0.324207
0.148517
0.430108
0.270293
0.269586
-0.398511
0.393948
0.679502
-0.151089
-0.156366
-0.0366681
-0.144758
-0.313944
-0.645447
0.331623
-0.298252
-0.338559
-0.0850876
0.321869
0.0406028
-0.229806
-0.349603
-0.1238
-0.51002
-0.404457
-0.134704
-0.095195
-0.559626
-0.147241
-0.110463
0.503477
-0.51123
-0.543796
0.115654
-0.0670414
0.147122
-0.0753818
-0.3934
-0.0320234
-0.479265
-0.471018
-0.299188
0.15812
0.261943
-0.122537
-0.0789295
0.0613331
0.229494
-0.510832
0.373688
-0.236592
-0.0102914
0.125511
-0.313106
-0.0127832
0.518316
-0.341858
-0.0246271
-0.642444
-0.480994
-0.0899956
0.133833
-0.369518
-0.485954
-0.251201
0.337163
-0.407626
0.130852
-0.308752
-0.345902
-0.0314508
-0.292493
-0.361609
-0.0483519
-0.113188
-0.421457
-0.213493
0.525421
-0.264698
-0.0790242
-0.042664
0.396815
0.0955605
0.323098
0.220994
0.181882
-0.195901
0.30931
0.575759
0.3375
0.0287731
-0.319028
-0.468289
0.487264
-0.0646024
-0.454434
-0.0545374
-0.246269
-0.387365
0.0253235
-0.474887
0.30842
-0.493872
0.409365
0.537425
-0.132071
-0.359722
0.133702
0.0677012
0.191609
-0.565732
-0.0230182
-0.361149
-0.246816
-0.225974
0.130707
-0.178209
0.0480939
-0.348361
-0.541713
0.318144
0.194455
-0.162402
0.172147
0.459172
0.27411
-0.219228
0.196236
0.152324
0.108266
-0.131606
-0.153689
0.109891
-0.0201311
-0.210679
-0.22434
0.0226372
0.345943
-0.453502
0.232319
0.463835
0.448606
0.232663
-0.324294
-0.316599
0.190499
-0.35661
0.165558
-0.062472
0.418375
-0.253512
-0.304873
-0.115771
0.0037263
0.296074
-0.193123
-0.109445
0.524347
0.267258
-0.234046
0.247393
-0.339512
-0.325711
0.51699
-0.1424
-0.589826
-0.232566
-0.477558
0.0403401
-0.315734
-0.18297
-0.214154
0.160811
-0.260726
-0.260504
-0.337596
0.13854
-0.593248
-0.304797
0.265161
-0.244898
0.463167
0.308852
-0.0136744
-0.258627
0.242441
-0.602506
0.318228
0.321724
-0.0282579
-0.220465
0.372073
-0.335335
0.0503227
-0.505332
-0.214486
0.220724
-0.100322
0.458845
0.129796
0.508149
0.31455
-0.369933
-1.24519
0.384285
-0.174042
0.167821
-0.210629
0.132904
0.268169
-0.0747502
0.303329
-0.192036
-0.328195
-0.338735
-0.166777
0.0451488
0.320125
0.376256
-0.0912039
0.434122
0.0463391
0.0433047
-0.0157872
-0.238083
-0.135848
-0.267341
-0.181162
0.103353
0.238432
-0.114269
-0.192791
-0.414285
0.0888901
0.142131
-0.481295
0.168504
0.104962
0.424571
-0.293044
-0.0292607
-0.433608
0.43063
0.0104334
-0.478853
-0.310577
-0.019948
0.272697
0.0637177
0.382446
-0.386353
0.0217421
-0.248728
-0.378714
-0.407962
0.167024
0.506382
-0.484435
-0.265288
-0.00643078
0.386712
-0.0313893
-0.560561
-0.233968
0.299906
0.258464
0.446213
0.313052
-0.244009
0.417343
0.0636836
0.382095
0.0934518
0.0325297
0.170971
-0.108186
0.494262
0.368831
-0.190153
0.0813187
0.258306
0.48089
0.478097
0.272033
-0.266848
0.145748
-0.181016
-0.213394
-0.016268
-0.0206219
-0.258368
-0.328213
-0.0941288
-0.174223
0.211162
0.35125
0.262004
0.352969
0.23417
-0.162029
0.314466
-0.385522
0.287761
0.414524
0.481754
0.339952
0.142238
0.475315
0.458978
-0.077178
0.46354
0.419904
0.0343137
0.0229512
0.0957899
0.353157
0.411138
0.0543211
0.446157
-0.0648015
0.294162
0.465508
-0.229322
0.242578
0.43535
-0.385357
0.356817
-0.0854734
0.0837055
-0.0320592
0.0128191
0.434632
0.218553
0.233394
0.304592
-0.26031
-0.132759
0.279325
0.423578
0.156751
-0.126299
0.266269
0.0366535
-0.310016
0.380124
-0.0372218
0.410377
0.227103
0.207114
0.169343
-0.0236103
0.330655
-0.114208
0.253617
-0.286283
0.122114
0.226482
0.372501
0.150676
0.476573
0.328176
-0.0130648
0.399072
0.0630491
-0.264788
-0.423519
0.246738
-0.189634
-0.435972
0.504624
0.345219
-0.390164
-0.30742
0.023994
0.437001
-0.228875
-0.293024
0.559246
0.123089
0.156238
0.385588
0.09021
0.34972
0.289364
0.331424
0.0824636
0.447416
0.329636
-0.389485
-0.161277
0.330836
0.491067
-0.137777
-0.194543
0.032522
0.126672
0.17993
-0.280907
0.258675
-0.261876
-0.0740461
0.209491
0.0281796
-0.277547
-0.2005
-0.0895522
-0.0130933
-0.143991
0.280562
-0.0733492
0.0510255
0.232382
0.251083
1.24482
-0.517086
-0.353795
0.560003
-0.199337
0.00801488
-0.00705581
0.0351021
0.301546
-0.128549
0.840663
0.403947
0.118518
0.485062
-0.140436
-0.555038
0.478527
-0.156509
-0.272346
-0.440074
-0.495262
-0.251349
0.438392
0.398421
-0.0717544
0.362574
-0.221507
-0.128334
-0.0159775
-0.0983274
0.336634
-0.307322
0.136018
-0.426136
-0.22862
0.644472
0.0180611
0.0202245
0.187869
-0.35482
0.194387
0.405404
0.133928
-0.221125
-0.235348
-0.331929
-0.0952942
0.329802
-0.425912
0.246912
0.0179182
-0.00815293
-0.204455
-0.258479
0.283847
0.324354
-0.0734925
0.201579
0.0157461
-0.500298
0.265703
-0.0763201
-0.0123595
0.40984
-0.0104598
0.561223
0.296301
-0.362054
0.157768
0.0786938
0.990314
0.0441843
0.0970385
0.330847
-0.270481
0.155291
-0.216197
0.410816
0.0622953
-0.107951
-0.341105
-0.210058
-0.292389
-0.0185273
-0.3222
0.163539
-0.374914
-0.0729777
-0.430678
0.0282205
-0.457865
0.242055
-0.300946
0.354388
-0.0283975
0.272282
-0.211011
-0.274214
-0.43286
0.0202885
-0.348872
-0.40726
-0.395636
-0.2921
-0.420809
0.543775
0.481792
-0.272121
0.3482
-0.162074
0.0284866
0.402023
-0.335907
0.296251
0.134685
0.0869815
0.327055
0.501494
-0.237119
-0.304438
0.234832
0.357927
0.234956
0.0959835
-0.0933142
-0.318149
0.0318528
-0.460082
-0.39502
-0.042209
-0.330032
-0.255081
-0.147798
-0.11198
-0.158872
-0.526246
0.14905
0.228832
-0.612297
-0.156658
-0.231475
0.0834756
0.209656
-0.503434
-0.0703726
-0.519076
-0.364083
0.0647819
-0.40679
0.0445829
0.105558
-0.454016
-0.14164
0.303718
-0.0528281
0.374355
-0.405657
0.0953463
0.0612914
0.249097
-0.232382
0.363405
-0.55328
-0.546367
0.345274
0.25337
-0.237179
0.113372
0.0126694
-0.0704177
-0.590829
-0.289248
0.4539
-0.358516
0.328604
-1.12059
-0.30439
-0.330828
0.0899976
0.148417
-0.20948
-0.407049
-0.189506
0.0909686
0.0651317
-0.537883
-0.223612
0.254617
-0.557592
0.211333
0.11845
0.193477
0.454114
-0.0816003
0.170728
-0.0154839
0.243977
-0.102589
-0.216845
-0.146369
-0.140955
0.100689
0.305597
0.143037
-0.0270117
-0.420172
0.0176665
-0.439496
0.444419
-0.318525
-0.0474363
0.0097423
0.179321
0.333821
-0.0473861
0.180972
-0.105176
-0.344397
-0.446564
0.0283571
-0.199149
-0.461295
-0.0237281
0.447528
-0.105099
-0.209598
-0.392132
-0.439713
-0.290321
-0.318894
0.1179
-0.0591862
0.419114
-0.186946
-0.0820914
0.330823
0.0313724
0.426417
0.168999
0.223008
0.34401
-0.0665951
-0.259102
-0.0889762
0.336027
0.00143473
0.00868295
0.215696
0.00555209
0.137922
-0.0857209
-0.24955
-0.421406
-0.228202
0.0645384
-0.0195901
-0.0921106
-0.143971
0.299615
0.415244
0.102261
0.0153933
0.349691
-0.0606368
0.368024
-0.313093
-0.00726634
-0.250885
-0.022909
0.43208
-0.0664336
-0.370019
0.370683
0.29033
0.026757
-0.382772
0.0016222
0.405203
0.375177
-0.224274
-1.05486
-0.0684891
-0.00610143
-0.285247
-0.298319
-0.215534
-0.238271
-0.275304
-0.0468486
-0.227506
-0.0650623
0.115063
0.0864556
0.0880608
0.0784478
0.450652
-0.264757
-0.0824658
0.18297
-0.136479
0.0022527
-0.364704
0.310428
-0.0295039
0.0403043
-0.0712732
0.158762
0.039622
-0.336044
-0.109663
0.185875
0.0238977
0.315069
-0.0572742
0.965643
0.22251
0.14359
-0.683681
-0.0847105
0.925013
0.417574
0.247482
0.524332
0.0627737
-0.0195789
0.195159
-0.140381
0.221801
-0.0275975
0.306237
0.314491
-1.12201
-0.111286
-0.649552
0.0209337
0.514822
0.66937
0.11196
-0.155924
0.283982
