#input normalization
0.161144 0.272755
16.9015 25.8238
11.0726 31.5069
9.06263 28.918
0.0117746 0.0365318
0.00970807 0.0310855
0.542988 1.36901
0.823511 1.27769
1.05267 1.47112
1.29982 1.67897
1.57855 1.87949
1.86027 2.06281
2.12999 2.22636
2.39629 2.3791
2.64341 2.50023
2.87854 2.5868
3.10678 2.64299
3.33733 2.65248
38.1053 49.985
7187.57 4869.21
#output normalization
1 0
#neurons weights
0.264885
-0.234842
0.179953
0.331825
-0.460811
0.222155
-0.0311385
0.22304
0.0612639
-0.0843578
-0.251959
0.37953
0.485695
0.297472
0.297129
-0.0699912
-0.328196
-0.402858
-0.0799827
0.0958189
-2.07052
-0.193646
0.119565
0.312823
-0.478829
-3.19727
0.842754
0.124079
0.492055
1.23588
0.141927
-0.0974538
-1.2132
0.0428202
-0.571705
0.522804
-0.0344448
-0.698816
0.373593
-0.000218264
-0.594739
0.479886
-0.527697
0.100334
0.102847
0.285506
-0.1692
-0.421112
0.417279
0.486727
-0.409004
-0.783664
0.0989104
-0.0621884
0.568125
-0.258881
0.370701
-0.396631
-0.263009
0.870717
-0.244749
-0.140953
#synapses weights
-0.0879035
-0.255027
0.215805
0.13201
-0.216656
-0.137401
-1.98973
-0.0195161
0.0188479
-0.0162489
0.0357357
-0.0495625
-0.0146238
0.0880882
0.0880948
-0.239822
-0.0428244
0.267283
-0.196344
-3.75047
-0.216115
0.3476
-0.318774
0.222035
0.108459
-0.154392
-0.272399
-0.0219304
-0.177515
0.356267
-0.451621
0.0702074
0.330328
-0.033919
-0.417232
-0.152504
-0.456416
0.273517
-0.0108189
0.445031
0.0863781
0.404166
0.287008
0.177767
-0.242142
-0.323277
0.245373
0.180365
-0.379014
0.2363
0.153391
0.0239133
0.28114
-0.363005
-0.0444158
-0.00492435
0.312997
0.515901
0.289722
-0.118643
-0.19079
-0.034139
0.125722
-0.066744
0.218601
-0.3258
-0.186287
0.062718
0.160737
0.125054
0.217481
-0.2097
-0.143091
0.0674301
-0.0906476
-0.317786
-0.343134
-0.00174691
0.1107
1.84099
-0.103523
0.412673
-0.072081
0.296536
0.271184
-0.306107
-0.299952
0.327718
0.269215
0.0174552
-0.249608
-0.434834
-0.579986
-0.281569
0.309906
-0.227093
-0.0232907
-0.364344
0.330809
-0.359442
0.222573
-0.0593165
-0.403099
0.0642236
0.340806
-0.00109957
-2.25765
-0.287135
0.0108351
0.113365
-0.0461996
-0.0591631
0.0705512
-0.00148712
-0.130491
-0.0164938
-0.0367927
0.0293617
-0.256144
-5.75134
-0.101649
-0.216574
0.231002
-0.188244
-0.207406
-0.000953601
-1.39032
-0.175736
-0.717663
-0.387387
0.193493
-0.0526956
0.0169512
0.182826
-0.0548816
0.0289014
-0.0464822
0.596539
-0.373706
-0.895456
-0.235409
0.107798
-0.160309
-0.286441
0.0530806
0.114249
0.331776
0.519436
-0.00263351
0.356376
0.126361
-0.237698
-0.442174
-0.0955496
-0.591992
0.233435
0.0327909
-0.0614516
0.894615
-0.159799
0.100483
-0.143577
-0.112773
-0.141185
0.167415
-0.0488648
1.07142
0.864059
0.578203
-0.195952
0.0329911
-0.0905143
-0.0154093
0.160062
0.181667
-0.379109
0.16501
0.165598
0.466653
0.109334
0.0182528
0.0622868
-0.288506
0.253963
-0.262212
-0.0719957
1.17335
0.15677
-0.000452868
0.0834188
0.150957
0.231428
-0.0371658
0.0932561
0.00715341
0.369696
-0.319364
-0.184026
0.0120808
2.56902
-0.092833
-0.195564
-0.0363633
-0.0342864
0.306516
-0.0665014
-0.869104
-0.308361
0.387585
0.274413
0.0998144
-0.430809
0.219437
-0.133828
0.131797
-0.00334775
-0.311201
0.300895
-0.32155
-0.557744
0.0656462
-0.387171
0.333672
-0.0531823
-0.255349
0.0712082
-0.461839
0.0104115
-0.127711
0.0177683
0.0242394
-0.289371
-0.300952
0.278841
0.24585
0.0312442
0.33359
0.280169
0.546339
0.690091
0.238356
-0.340805
0.0945259
-0.120582
-0.250081
0.164514
0.295559
-0.497894
-0.193572
-0.0596765
-0.00101915
-0.187116
0.0516118
0.199034
0.219606
-0.00961735
-0.0884226
0.369762
-0.321225
-2.4987
0.0367952
0.00380829
-0.127366
-0.285311
0.0952818
-0.161062
-0.806667
-0.531254
-0.0958554
0.117688
-0.331185
0.148632
0.192008
0.178837
-0.42941
-0.246211
-0.395825
0.214902
0.436195
-0.366352
-0.269251
0.252076
0.448794
0.501239
-0.240145
-0.360023
-0.141012
-0.296392
-0.302593
0.139992
-0.150082
-0.431751
-0.523553
-0.0970612
0.318585
0.261711
-0.127895
-0.312925
-0.0809961
-0.193267
-0.154643
-0.0764123
0.25471
-0.152255
-0.00996207
-0.0512506
0.526599
0.324482
-0.210939
-0.186803
0.011883
0.12127
0.135089
-0.0186431
0.0731934
0.314561
-0.0687225
0.0967809
0.457477
1.35927
-0.453574
-0.237229
0.347216
0.282515
0.420351
-0.163427
0.691904
0.0141551
-0.112581
0.315428
0.34774
0.228812
-0.220579
0.322598
-0.382887
-0.175896
-0.258389
0.283969
-0.0679975
0.707069
-0.0588979
0.0333245
-0.034392
-0.145189
0.288908
0.00264578
0.788183
0.782191
0.461052
0.17321
0.0137696
0.0502311
-0.194452
-0.103286
-0.200576
0.200928
-0.337866
0.17578
0.692555
1.3359
-0.266289
-0.39011
0.12981
-0.373498
0.132253
0.226997
0.556587
0.227254
0.369474
0.570914
0.415812
-0.203149
0.0773662
0.0769628
0.394759
0.415211
0.023576
0.370834
-0.570311
0.550978
-0.0339981
-0.0186252
-0.364329
0.298404
0.0403705
0.08032
-0.119638
0.104862
0.180002
0.254493
0.321714
0.0570935
-0.203266
0.179039
0.179411
-0.264056
0.39809
0.130508
-0.0992005
1.1326
-0.305125
0.486812
-0.210591
0.10387
0.0165517
-0.34443
0.635355
0.211633
0.238997
0.25983
0.00593905
-0.191485
-0.255278
0.172725
-0.422907
-0.300203
0.176261
-0.107856
-0.071829
-0.434479
-0.670297
-0.133987
0.358119
0.3358
-0.162524
-1.13799
-0.213752
-0.365148
0.287981
0.775596
-0.295116
-0.324811
-0.28472
0.598095
-0.085789
0.0855292
0.380315
-0.131216
-0.163268
0.00673787
-0.404383
-0.500564
-0.169291
-0.192276
-0.228056
-0.366971
0.0402717
0.719373
-0.44923
-0.535598
0.43962
0.601248
0.159878
-0.518654
0.0517612
-0.247018
-0.110545
-0.212109
-0.415806
-0.539295
-0.429288
-0.457196
-0.0778515
0.39255
-0.314648
0.0120079
-0.011579
-0.417568
0.257892
0.273681
0.311561
0.184318
0.135941
0.397555
-0.324286
0.0601428
-0.334496
0.163435
-0.228032
0.101908
0.236237
-0.00524401
0.277166
0.763082
-0.0420164
0.243085
0.0661674
0.0380425
0.0959794
0.134972
0.624369
-0.153098
-0.72147
0.0340143
-0.250716
0.27443
0.136043
-0.13781
0.168317
0.000553678
0.755723
0.125484
-0.63567
0.192921
0.229614
0.504508
-0.0393209
-0.177365
-0.333436
1.09778
0.00296578
0.267941
0.598892
-0.400768
0.0483384
-0.0370383
0.169031
-0.309965
-0.192124
-0.392997
0.478986
0.520253
0.434666
0.142551
0.107416
0.263818
-0.0248535
-0.331873
0.0679531
-0.369002
0.898091
0.142677
-0.193911
-0.159607
-0.430745
-0.348811
0.331132
0.151399
-0.0613212
0.254289
-0.252357
-0.120181
0.306228
-0.177133
-0.244956
0.316404
-0.0410822
0.188668
-0.17457
-0.45343
-0.134851
-0.344687
-0.526659
0.16212
-0.283973
-0.0693006
-0.162501
0.221868
0.160288
-0.301714
0.268332
0.246402
-0.157443
-0.693045
0.121716
-0.296985
-0.150358
-0.235615
-0.0630025
0.54827
0.486743
-0.0872941
-0.619526
0.141114
0.0893558
0.117068
0.381819
-0.138944
0.406723
-0.654489
0.0713514
0.345034
-0.362605
-0.283056
-0.387388
-0.33725
0.37204
-0.0120857
-0.0477257
-0.120089
0.41386
-0.311085
-0.458207
0.516405
0.297552
0.667669
0.598317
-0.494076
0.370371
0.309903
0.438211
0.361714
-0.152277
0.354763
0.25383
0.303701
-0.236599
-0.237875
0.30524
0.407686
-0.59169
-0.400724
-0.710347
-0.113568
1.06813
-0.316394
0.262213
-0.648762
-0.639971
-0.281914
-0.762305
0.198096
-0.710964
-0.269578
-0.824251
-0.0576029
-0.524069
-0.757656
-1.20682
-0.512332
1.52359
-0.373033
0.295554
-1.16338
-0.334331
2.76524
-0.76736
-0.0962965
-0.302579
-0.771903
-0.715457
-0.306012
1.61884
-0.117779
0.33212
0.208644
0.237323
0.373586
-0.313903
-0.665498
0.595828
-0.339267
0.172974
0.425527
-0.394851
0.520028
0.348644
-0.138847
-0.0198001
0.292957
0.214327
0.298406
0.054425
-0.0119548
0.41173
-0.0892015
-0.129619
-0.130875
0.108328
0.262369
0.0143332
-0.155848
0.229836
-0.290986
-0.280056
0.115821
-0.157707
0.0552078
0.184593
-0.124457
0.312727
-0.305429
0.299253
0.0638106
0.542368
-0.0322618
-0.241263
0.0563735
-0.403133
0.0390364
-0.349134
-0.346344
-0.257026
-0.33082
-0.271444
-0.265719
0.255847
0.401511
-0.0798077
0.0546505
0.131601
0.319835
0.713096
0.585901
-0.279883
0.0632542
0.324967
0.393252
0.801393
0.18282
0.375202
0.046042
0.502659
-0.448077
0.237763
-0.0510537
0.173693
-0.287891
-0.362674
0.714254
-0.40064
-0.228371
-0.0603863
-0.391998
-0.0970257
-0.33185
0.404876
0.00450739
0.253851
0.171136
-0.101041
0.533066
-0.236661
-0.0779677
0.0330753
0.618675
-0.37528
0.149062
-0.412221
-0.192195
0.607456
0.239044
-0.150804
-0.219376
-0.0699601
0.335698
-0.224661
-0.247182
-0.486436
0.234679
0.0105847
0.0957228
-0.226112
-0.305237
-0.432803
0.013853
-0.152173
-0.0851751
-0.125391
-0.571175
-0.361287
-0.00115523
-0.382117
-0.0145317
-0.0926845
-0.602863
-0.359275
-0.35727
-0.0544804
-0.455677
0.253582
-0.649735
-0.475002
-0.316371
0.0819618
-0.521599
-0.551257
-0.234163
-0.385992
-0.054657
-0.51943
-0.251401
-0.754115
0.0743522
0.0694244
0.396019
-0.211521
0.148932
-0.451004
-0.309845
0.262793
-0.356299
-0.120457
0.155388
-0.568449
-0.234624
-0.00131046
0.365255
-0.742457
0.345738
0.0330875
-0.205267
-0.172602
-1.04916
0.556971
-0.159592
-0.264583
0.309584
0.150185
0.477236
-0.135934
0.778241
0.500765
0.0644954
0.177676
-0.0558858
0.330042
0.317478
-0.634573
-0.761298
-0.129944
0.168153
0.530171
-0.393373
-0.0568781
0.495909
0.0174612
0.236454
0.099211
0.0977321
0.215823
-0.451419
0.193787
-0.0883568
0.0624518
0.0430166
0.430392
0.431672
0.522548
-0.0622342
-0.0924328
0.681224
0.146052
0.0324386
-0.169321
-0.295876
-0.174172
-0.165107
-0.0988393
-0.241609
1.58607
-0.0420594
-0.274462
0.853429
-0.0636391
-0.175208
-1.29053
-0.293688
-0.475925
0.259075
