#input normalization
0.161113 0.272716
48.4139 54.5635
9.76365 36.9305
7.95691 31.3512
0.0109534 0.0431587
0.00883762 0.0337665
0.542988 1.36901
0.823511 1.27769
1.05267 1.47112
1.29982 1.67897
1.57855 1.87949
1.86027 2.06281
2.12999 2.22636
2.39629 2.3791
2.64341 2.50023
2.87854 2.5868
3.10222 2.64749
3.30893 2.68228
3.48879 2.68793
3.62724 2.6498
3.75209 2.59835
3.85097 2.5101
3.92847 2.41397
3.96982 2.29961
3.99558 2.16779
3.98964 2.01953
3.9519 1.86013
3.89687 1.68023
3.79405 1.46746
38.1053 49.985
7187.57 4869.21
1 0
#output normalization
1 0
#neurons weights
-0.261545
0.270845
-0.429536
0.0217359
-0.398791
0.475676
0.282467
0.340555
-0.387875
-0.275731
-0.1542
0.17637
0.0190237
0.327241
0.253877
-0.102269
-0.302969
0.490684
-0.233412
-0.307055
-0.408681
-0.381965
0.356056
-0.274721
0.155053
0.37165
0.133458
-0.435321
0.119945
0.416186
0.053065
0.438856
-0.471976
-0.225114
1.63501
-0.0730585
-0.142931
0.25692
-1.02694
0.208441
-0.646512
0.894109
-0.0740023
0.0620048
-2.0336
-0.00511285
-1.22864
0.187935
-0.315929
-0.359001
0.1193
-0.953836
0.0036831
-0.291405
-0.956361
0.228055
-1.42785
-0.500381
0.0252055
-0.0202276
-0.269761
0.190991
-0.292572
-0.0160626
0.113876
0.770849
0.760439
0.403338
0.40088
-0.149042
0.232723
-0.517975
-0.130524
-0.100601
-0.111409
-0.532703
0.182499
-0.417143
-0.118792
0.51784
0.50773
0.272629
-0.568524
0.00161891
-0.39551
-0.229472
-0.0793121
-0.519719
-0.111192
0.558985
0.379838
-0.10524
0.14755
-0.0765342
0.509038
0.225881
0.352053
0.540926
#synapses weights
-0.0687574
0.221233
-0.309374
0.328399
0.492943
0.405169
0.128507
0.29307
0.0612962
0.367097
-0.114245
-0.314376
0.170806
-0.194208
0.372807
-0.0453806
-0.171909
0.323789
0.180189
-0.489515
-0.392041
0.0544079
-0.231227
0.32408
-0.035769
0.11063
0.0520497
-0.0120338
0.363046
0.45405
-0.452231
0.142085
0.175466
-0.360873
-0.125876
0.0344225
0.239216
-0.359559
-0.846908
-0.128691
0.411471
-0.248103
-0.2216
0.204353
-0.0998864
-0.0651654
0.0385657
0.0626028
-0.254599
0.195613
0.443415
-0.117753
-0.206512
-0.184029
0.451923
0.122831
0.236182
0.315042
-0.306085
-0.348763
-0.163663
-0.545165
-1.08691
-0.0271693
-0.228902
-0.185654
-0.189499
0.0868625
0.072863
0.0121862
2.16931
0.0446614
0.00165378
0.00643795
-0.114345
-0.198327
0.206126
-0.191689
-0.0276087
0.240604
-0.00919455
-0.242305
-0.153374
0.325238
-0.0408428
0.288553
-0.0668974
-0.0824668
0.270503
0.296245
-0.174021
-0.335279
0.331068
0.335066
3.29877
-0.421116
0.265712
0.159081
0.363653
-0.207681
-0.390206
-0.0649705
-0.0610233
-0.237021
0.194731
-0.237347
-0.205952
0.0392806
0.0381872
-0.407693
0.161661
0.283733
-0.45475
-0.150412
0.206254
-0.0365629
-0.292685
-0.516118
0.13146
0.0306618
0.0417605
0.165938
-0.386205
-0.00316794
-0.278512
-0.0775715
-0.0116209
0.0736732
0.0619934
0.172309
0.300599
0.0550543
-0.126747
-0.210866
0.252914
-0.0388427
0.036702
0.0972051
-0.0603041
-0.100225
-0.573206
0.237044
-0.150431
-0.385346
-0.296811
0.188372
0.259452
-0.0779928
-0.116878
-0.00719656
0.184502
0.300194
-0.129842
-0.612975
-0.153061
-0.379579
0.201049
-0.111138
1.25001
0.0641825
-0.0154238
-0.355466
0.0125382
-0.28771
0.146061
0.382685
0.428698
-0.282479
-0.0207017
0.150524
-0.212283
0.0553967
0.458402
-0.0976133
-0.143939
-0.14001
0.156017
0.173718
0.344461
0.178286
0.17272
0.0861052
0.532533
0.283962
0.219145
0.0825671
0.261225
-0.219746
-0.323632
-0.320966
0.631413
-0.164818
-0.0554883
0.0855589
0.308612
-0.0596891
0.19655
-0.368456
0.482402
-0.0759589
0.225375
-0.190479
0.123386
-0.0843042
-0.0645467
-0.0539628
0.152667
-0.115088
-0.09846
-0.399041
0.19256
0.0539642
0.250745
-0.473771
0.172899
-0.0419932
-0.104125
0.067522
-0.0499622
0.0239479
0.134592
-0.286605
-1.36997
-0.158423
0.14503
0.520748
0.528873
-0.212501
-0.201663
0.0784581
0.377293
-0.270098
0.0747302
0.377567
-0.005424
-0.22788
0.453749
0.272938
0.258089
0.573244
0.144001
-0.273435
0.0350563
0.16726
-0.310668
-0.328529
-0.235185
-0.270073
-0.30237
0.240163
0.264207
-0.0209005
0.395242
-0.210053
0.182525
-0.409175
0.0946702
0.302003
0.060827
0.190647
-0.423447
0.0588666
0.584125
0.228254
-0.18626
0.354785
-0.329681
0.311379
0.0741368
-0.229454
-0.409395
0.235015
0.0103201
0.243139
0.0993468
-0.384558
0.381987
0.197458
0.0288173
-0.17145
0.187294
0.197088
-0.388526
-0.512439
0.0967004
0.481461
-1.00966
0.067532
-0.0344453
0.220669
0.21195
0.0553639
0.129282
0.162381
-0.482462
-0.0843069
0.205838
-0.0374684
0.307322
0.0741
-0.0309923
-0.279156
0.0236822
0.0172363
0.315934
-0.105166
0.0959142
-0.302472
0.44544
-0.598166
0.0256983
-0.247941
0.0116089
-0.0838711
0.194898
-0.250899
0.312289
-0.0172225
1.249
-0.413231
-0.236705
0.201411
0.075747
-0.0748943
-0.545327
0.229613
-0.117573
-0.136163
0.095314
-0.361248
0.163992
0.159895
0.142374
-0.104505
-0.366423
0.271017
-0.182492
-0.496319
0.000303239
-0.161562
-0.157969
-0.175657
-0.446425
-0.177537
-0.0347216
0.31295
0.00821149
0.25896
-0.277082
0.228983
1.47404
0.0787182
0.0861684
0.229576
-0.0724203
0.0403185
-0.354679
0.301857
-0.1264
0.470051
-0.169528
0.123844
0.315443
-0.412774
0.179048
0.43434
0.09362
0.125764
0.139422
0.119052
-0.440541
0.175632
0.396974
-0.0911601
-0.534067
-0.270839
0.377674
0.432918
0.346824
0.12727
0.206481
0.273986
0.587347
-0.349683
-0.334334
0.104442
0.170193
-0.0915455
-0.1952
0.110616
-1.78292
-0.661607
-0.313903
-0.153306
-0.0193683
0.106612
-0.0707969
-0.127922
-0.156779
0.178354
0.130484
0.0658161
0.00854376
0.138034
0.192946
0.0352325
-0.223819
0.166253
-0.16887
0.0592019
-0.173871
-0.0966874
0.406487
0.13033
-3.42572
0.418143
0.196524
-0.185955
-0.33195
-0.413648
-0.290225
-0.288557
0.0108235
-0.0956841
-0.148506
-0.168375
-0.0894929
0.331997
-0.141761
0.110552
-0.0709703
-0.158292
0.0451621
0.498771
-0.355037
-0.0538487
0.0434643
0.23746
0.330163
0.326985
-0.227912
0.529083
-0.0377447
-0.203893
-0.257343
-0.803631
0.817693
-0.383503
0.252618
-0.247469
-0.107042
0.118424
-0.193253
0.235112
-1.47781
-0.0133205
-0.030981
-0.0668983
-0.0434326
-0.166149
0.384405
0.232225
-0.181008
0.0160067
0.00492926
-0.352054
0.170066
-0.118055
0.477935
0.432777
-0.304492
-0.256953
0.361985
0.191478
-0.0162108
-0.262629
-0.0717082
-0.547337
-2.77226
-0.365778
0.269715
0.0462364
0.405227
-0.0595837
-0.460575
0.258687
-0.545144
0.0787386
-0.33218
0.33211
-0.0311902
-0.29473
0.344809
-0.312968
-0.0476267
0.108672
0.20694
0.335425
0.345097
-0.444907
-0.0696972
-0.223295
0.296979
-0.147662
0.174455
-0.133073
-0.174345
-0.0186626
-0.203298
-0.17745
1.3431
0.484817
0.221741
0.297894
-0.118977
-0.0667504
0.445828
-0.173099
-0.996565
-0.210532
-0.0741868
0.376608
-0.151739
0.340077
-0.0552726
0.458836
-0.0314982
-0.297754
-0.0293454
-0.128115
-0.447958
0.163528
-0.134146
-0.183116
-0.0777638
0.373637
-0.0410851
-0.268183
0.161459
0.407327
-0.285746
0.118474
-0.989053
-0.129303
0.445506
-0.0081925
-0.120076
0.13501
0.212502
0.257915
-0.482517
-0.401456
0.260485
-0.448372
-0.141104
0.059786
-0.150427
-0.136162
0.286202
0.294826
0.162708
0.222951
-0.481213
0.251745
-0.226767
0.133365
-0.241096
0.142591
-0.320393
-0.390304
0.00904602
-0.203086
-0.213019
-0.376173
-0.222536
-0.162161
0.18375
-0.424
0.138341
-0.353398
0.338876
-0.309953
-0.00942769
-0.0254635
0.217202
-0.150059
0.162545
0.120358
0.490268
0.0536879
0.164752
0.54586
0.366597
-0.177869
0.19791
0.114827
0.0684301
0.325039
0.0861369
0.217701
0.0593349
-0.473867
-0.26573
0.373675
0.354829
-0.403376
0.38697
0.101351
0.254274
-0.0144049
-0.0598541
0.03388
0.0763285
0.2055
0.416751
0.143467
-0.10823
0.138242
0.128678
-0.30679
0.121168
0.0136645
-0.241665
-0.115159
0.224508
0.0136392
-0.243415
0.255817
-0.371857
0.139975
0.00597591
-0.295427
0.143746
-0.130198
0.399833
0.181687
-0.260918
-0.0423151
-2.85439
-0.110685
-0.256626
-0.195169
-0.0456719
0.0590788
0.0775661
0.0178136
-0.853679
0.331362
-0.0367093
-0.0252207
-0.0339269
-0.237186
-0.108003
0.513484
-0.281768
-0.176029
-0.145747
-0.368717
0.257558
-0.42497
0.24803
0.461158
-0.139921
-0.323759
-0.200513
-0.0641467
0.410671
0.394291
-0.136948
0.0863084
0.287961
-0.134165
0.298091
-0.41907
0.052867
-0.00547314
-0.371671
-0.10584
0.406612
-0.103105
0.0030273
-0.502548
0.407977
-0.0984793
-0.224486
-0.0790813
0.00244796
-0.175805
-0.236003
-0.43983
-0.0655255
-0.426374
-0.446156
0.0414341
-0.271953
-0.188375
0.00600804
-0.276285
-0.248024
0.216549
0.37561
-0.250852
-0.106931
0.490513
0.0129626
0.0889984
-0.148676
-0.0856022
0.0783615
0.256036
-1.16573
-0.749238
-0.272195
-0.222059
0.00704374
-0.263163
-0.191678
-0.264718
-0.0337645
-0.00532699
-0.0190285
-0.555325
0.101197
0.135744
-0.45022
-0.176751
0.169814
-0.17704
0.048066
0.345174
-0.336697
0.0793091
0.188906
-0.107576
-2.25257
0.00752515
0.358627
0.347155
0.0782573
0.505822
0.247127
0.173148
0.178776
0.0435967
0.189691
-0.446218
0.234233
0.0159584
-0.229431
-0.352509
0.266601
0.401957
-0.142376
0.278724
0.226765
-0.0772756
0.400365
0.334359
0.110066
0.506621
-0.328728
0.525443
0.017169
-0.298594
0.186995
0.0481906
0.264291
-0.278462
0.482727
0.310049
-0.0588536
0.0810122
0.156846
-0.0139824
-1.39087
-0.344412
0.124517
-0.10175
-0.0955404
-0.233375
0.205306
-0.0450313
-0.0442994
0.0403629
-0.0893667
0.140831
-0.167155
-0.169838
-0.00557723
0.00868331
0.271301
-0.136446
-0.0531139
-0.181147
-0.169719
-0.090917
0.239144
-0.563966
-3.11257
0.484346
0.347823
-0.223844
-0.344672
0.189442
-0.00966619
-0.272259
0.31712
0.00113554
0.386674
-0.00506723
0.272382
-0.259816
0.118856
0.145643
-0.0519641
-0.052483
0.426123
-0.113029
-0.264144
-0.433572
0.210049
-0.283826
-0.0457886
-0.0870121
0.286996
0.228522
0.157969
0.129738
-0.0359655
0.271934
-0.82017
0.451545
0.181167
0.50682
-0.325388
-0.270527
0.358598
0.0861222
-0.17573
0.0491708
0.286398
-0.34002
-0.274089
-0.294771
-0.254219
0.49012
-0.311995
-0.143452
0.438342
0.0829511
0.398712
0.148585
0.275843
-0.362225
-0.0389308
0.252002
-0.241785
-0.180997
0.378051
-0.431699
-0.28438
0.00539497
-0.326814
-0.439654
0.219846
0.109343
0.103895
0.197123
-0.0888205
0.278096
-0.143946
0.241999
-0.442648
-0.0787652
0.0281821
0.160992
-0.142555
0.222496
0.0813513
0.0110543
-0.181583
-0.0777926
0.235283
0.392859
0.0874113
0.149852
0.397903
-0.430188
0.438731
0.485568
0.374146
0.12158
-0.148053
-0.154414
0.285165
-0.218406
-0.158801
-0.0522843
-0.410323
-0.252779
0.403169
-0.555293
0.429751
0.206319
-0.0774385
-0.308994
0.489963
0.235204
0.0357381
-0.359778
0.438603
0.381993
0.291028
-0.198374
0.464358
-0.406483
-0.391326
0.0160857
0.14372
-0.225489
0.189289
-0.317264
-0.190967
0.355571
-0.0222513
0.0836176
0.30065
-0.0773708
0.521733
-0.387681
0.353756
0.512864
-0.0576388
-0.448178
-0.394084
-0.405566
0.263827
0.277363
-0.284961
-0.388709
0.340357
-0.0496713
0.27652
-0.177932
-0.0250005
0.43451
0.265101
-0.0374581
-0.109024
0.269468
-0.137059
0.162531
-0.118078
0.081393
-0.232057
-0.503318
0.313689
0.085058
-0.147957
0.269657
-0.14066
-0.0931502
0.218399
0.298707
-0.0439229
0.376623
0.442824
0.152472
0.24143
-0.0941809
-0.221052
0.202977
0.321669
-0.198031
0.151736
0.405047
-0.310509
0.368256
-0.24648
-0.372466
-0.147081
-0.255748
-0.374711
0.361342
-0.372839
-0.0867087
0.356234
0.0379694
0.150239
0.408846
-0.691502
-0.338931
0.197385
0.398581
-0.399018
-0.0854126
0.241809
-0.255813
-0.600455
0.101957
0.339746
0.0710234
0.171257
-0.106215
0.217297
-0.274301
-0.469284
-0.257682
0.391451
0.3254
-0.398334
0.290744
-0.186731
0.344693
0.141925
-0.0506139
0.238135
0.376563
-0.330236
-0.366449
0.33465
0.467414
0.178632
-0.0695365
-0.205824
-0.0880562
-0.175037
0.362516
0.0502914
0.296466
-0.646989
-0.29263
-0.000878995
0.424036
-0.195879
-0.0488889
0.0731528
0.336624
-0.204937
-0.185506
-0.147491
-0.2896
-0.383904
-0.00872635
-0.235549
-0.362077
-0.316755
0.431117
-0.209558
-0.0891417
-0.201271
-0.407475
0.112407
0.206126
0.810745
0.299565
-0.150822
-0.14503
0.80024
0.257015
0.680651
0.370209
-0.51888
0.429299
0.306199
0.0421854
0.25279
0.405443
-0.305065
0.547378
-0.275375
-0.254911
-0.377393
0.305224
0.283242
-0.278903
0.227944
0.244857
-0.323952
0.374128
-0.513486
-0.24379
0.242272
0.0164975
0.039195
0.17624
0.321272
-0.23055
-0.00786786
-0.237101
-0.353174
2.11988
0.172595
0.46419
0.130063
-0.58154
0.24888
-0.961865
0.878473
0.900176
0.188091
-2.07547
0.563185
-1.09024
0.85427
-0.119769
0.302376
0.294205
-1.35747
0.369795
0.283504
-0.781898
0.361687
-1.21767
-0.629666
-0.170496
0.0098714
-0.291921
0.112725
-0.557215
0.107239
0.443717
0.225128
0.0140284
0.44695
0.493077
0.126667
0.417228
0.0139325
-0.195659
0.488365
0.196573
0.283683
-0.0279679
0.579068
-0.137551
-0.24746
0.124772
-0.272501
0.259061
0.128591
0.354414
-0.18685
0.18275
-0.0100775
-0.410796
0.229545
-0.0282681
-0.397323
0.0706665
0.28014
-0.289038
0.185309
0.528895
-0.0178315
0.303813
-0.44812
-0.0498277
-0.223921
-0.503026
0.114331
0.149711
-0.361961
0.134431
-0.279799
-0.0693503
-0.297614
-0.547099
0.367782
-0.241317
0.448819
-0.215394
0.151622
0.135379
-0.00755641
-0.150834
0.151233
0.466285
-0.0540182
-0.334281
0.385485
-0.406191
0.046551
0.245555
0.111065
-0.217703
0.174544
0.0317472
0.0873289
0.407197
0.114345
-0.316292
0.466294
-0.344069
-0.492732
0.0783446
-0.187492
-0.33195
0.237454
-0.350065
-0.230608
-0.472824
-0.0665395
-0.0886557
-0.443732
-0.195925
-0.0991416
0.253277
-0.499128
0.369892
0.243695
-0.35063
0.22563
-0.517922
0.26065
0.160637
0.010568
-0.317608
-0.349145
-0.174143
-0.289738
0.104119
0.200877
0.0854854
0.498553
-0.409761
0.265689
-0.223526
0.0254098
0.106134
-0.23491
-0.435022
0.388088
-0.478359
0.0457947
0.311555
0.327104
-0.463666
0.0118485
0.48992
-0.0117069
-0.139451
-0.0117687
-0.184731
0.173159
0.0941633
0.0721228
0.387405
0.21591
-0.107488
-0.12554
0.124629
0.452936
-0.149116
-0.291754
-0.292742
-0.351674
-0.115709
-0.162678
-0.0269183
-0.0403481
-0.513293
0.237798
-0.5055
0.174987
0.0100673
0.41123
-0.468574
-0.0838758
-0.477666
-0.464506
-0.39222
0.0464213
0.286477
0.349827
-0.0938297
0.370186
0.0378312
0.497276
-0.0844521
0.123577
0.0936683
0.171294
-0.502758
0.042669
0.134215
-0.376798
0.0185786
0.202979
-0.213978
-0.48785
-0.434257
-0.251502
-0.341063
0.208554
-0.303835
-0.167706
-0.33624
-0.150227
-0.375567
0.287628
-0.142086
-0.13271
-0.470829
0.404132
-0.37571
-0.253903
-0.234796
0.350186
0.279412
0.206055
0.629352
0.255453
-0.150288
0.1608
0.289615
0.131097
-0.323884
0.0749598
-0.53121
-0.47276
0.297685
-0.156522
0.239414
-0.399687
-0.000784447
-0.505782
-0.0304596
-0.362574
0.168533
-0.238534
0.18825
-0.545443
0.0835449
0.0854319
0.0635504
0.0309797
0.513121
0.0948888
-0.531943
0.178095
-0.431913
0.307859
-0.257857
0.564967
-0.482371
0.0577695
-0.310902
-0.268465
-0.379942
-0.556756
0.363822
0.215901
0.323408
-0.123967
-0.456557
0.153095
-0.346521
0.21328
-0.358527
0.0118946
-0.0529889
-0.317923
-0.311156
-0.529367
-0.347376
0.368077
-0.259823
-0.364148
0.0486398
-0.430595
-0.364998
0.334913
0.404752
0.259471
0.197934
0.319895
0.29724
0.0562162
-0.110056
0.140003
0.402567
-0.30666
0.395501
-0.341411
-0.463418
0.264077
0.256322
0.317688
-0.345905
-0.0327324
-0.549671
0.335476
-0.0609342
0.0492735
0.079938
0.119635
-0.00991001
-0.28198
0.306071
-0.519116
0.148392
-0.0575018
0.251732
-0.264378
0.199285
0.176135
0.190945
-0.0899465
0.397454
-0.432563
0.305752
0.306873
-0.513867
0.232039
-0.260022
-0.224481
-0.40988
-0.304817
-0.0765495
-0.434333
-0.0823504
-0.359464
0.435236
-0.10816
0.0432124
-0.219073
0.219816
-0.133118
0.220843
-0.118161
-0.430256
0.0515871
-0.325057
0.0734697
0.306563
0.248726
0.0571977
0.152094
-0.286279
-0.12975
-0.1511
-0.228513
-0.204795
0.0263851
-0.123837
0.336617
0.314802
-0.197455
0.194552
0.16269
0.336463
-0.362803
-0.107225
-0.183707
-0.024814
0.294656
0.0329092
0.0871023
-0.470666
-0.24909
0.0686976
0.0650907
0.304584
0.191358
0.24793
0.148887
-0.453545
0.0514493
-0.388266
-0.315711
0.635653
0.190082
-0.178631
-0.33947
0.305356
0.554232
0.213183
0.362018
-0.462774
-0.0132076
0.0636707
-0.17797
-0.329274
0.48641
0.36143
0.51182
-0.317716
-0.396593
0.0208872
0.0391208
0.00124716
-0.396492
0.0702563
0.0594942
0.415594
-0.280382
0.0100715
0.401812
-0.23892
0.0561625
0.0954293
-0.190763
-0.143903
0.00613944
0.440528
0.254339
-0.193798
-0.311025
-0.51523
-0.388386
-0.0874825
0.425409
-0.0995492
0.216332
-0.366923
-0.215628
0.278567
0.423928
0.414791
0.00902275
0.386965
0.207939
0.434423
0.161606
0.170477
-0.0795713
0.236934
0.348049
-0.0169373
-0.262444
0.250553
-0.466775
-0.0156058
-0.204552
-0.364111
-0.15436
0.0416727
0.505134
0.318789
-0.0800386
-0.224485
-0.04139
0.448155
0.238244
0.0701085
-0.194526
0.00469302
0.23726
-0.00929325
0.570917
0.0350726
0.392536
-0.0623604
-0.38109
0.21388
0.373245
0.43381
0.146882
0.645952
-0.220974
-0.120602
0.219215
0.14055
0.0980776
-0.179508
0.208256
0.134982
-0.3308
0.52706
-0.186002
-0.0482285
0.398096
0.261627
-0.0251013
-0.163038
-0.00932937
0.329619
-0.155247
-0.126334
0.0243945
-0.122459
0.387344
0.268142
-0.219152
0.15535
0.225018
0.40203
-0.0468908
0.558291
-0.370683
-0.0373964
-0.0871035
0.347213
0.16558
0.369369
0.364921
-0.410216
0.324047
-0.0579416
0.140473
0.334867
0.0175009
-0.158546
-0.391985
-0.111204
-0.634652
0.301887
0.402001
0.351673
0.104586
-0.403919
0.393881
-0.240573
-0.387692
0.26254
-0.22679
-0.488716
-0.621297
-0.458123
0.232131
-0.247755
0.213892
0.73033
-0.232279
0.055597
-0.448196
-0.297925
0.0553643
0.557351
0.346364
0.192127
-0.735621
-0.623603
-0.175664
0.234373
0.327442
-0.726206
0.414826
-0.216716
0.326069
0.106716
-0.220241
-0.0258847
0.207569
-0.174854
-0.32641
0.16505
-0.375974
0.113655
-0.422559
0.396824
-0.0137742
-0.101053
0.499448
-0.226948
-0.321396
-0.231663
0.365423
-0.128811
0.362401
0.276467
0.307797
-0.220179
-0.216025
0.105145
0.349052
-0.320379
0.214387
-0.237261
-0.236789
-0.0435407
-0.468018
0.543649
0.252376
0.166361
0.0974814
0.378544
-0.219149
0.608685
0.185247
0.0539788
0.0136698
-0.32101
-0.232658
-0.476135
-0.521495
-0.406366
-0.528898
0.158831
-0.428571
0.453399
-0.0612264
-0.0382485
-0.463952
-0.408211
0.0855978
0.17347
0.0324435
0.0898791
-0.0244051
0.0690688
-0.046706
-0.540878
0.0119245
0.182966
-0.540013
0.430088
0.366868
-0.377026
-0.0707561
0.0408247
0.191029
0.191167
0.0538888
0.292923
0.217516
-0.489666
-0.303046
-0.315156
0.23871
0.329616
0.279576
0.3049
0.615225
-0.92296
-0.0300281
-0.103002
0.307422
-0.0288652
-0.226255
-0.652272
-0.431609
-0.0965656
-0.305428
0.455086
-0.617983
0.420133
0.019344
-0.00838374
-0.364053
-0.0953923
-0.184877
-0.501645
-0.0485427
-0.396509
0.0740804
-0.441308
-0.688191
-0.135273
0.0666087
-0.209365
0.164295
0.165275
-0.364823
-0.000683463
-0.413804
0.0836909
0.292908
0.218126
0.398748
-0.452986
0.197231
0.332784
0.20477
-0.5403
0.0619414
-0.338599
-0.137065
0.0677536
-0.240134
0.159723
0.393962
-0.137353
0.30127
0.460153
-0.101903
-0.227276
0.245636
0.240722
-0.137999
0.429904
0.37369
-0.211764
-0.278577
-0.294139
0.454927
0.244414
0.0734524
0.217675
-0.23996
-0.214032
0.191812
0.269519
0.329484
-0.0715022
0.316764
-0.299369
0.140766
-0.479844
0.041271
-0.139338
0.255621
0.0258685
-0.34766
-0.0765177
0.173894
0.238439
0.28553
0.0681968
0.34123
0.457268
0.335006
0.392198
0.0921264
0.135639
-0.327915
-0.252594
-0.173759
-0.391198
0.113004
-0.0817204
0.0887538
0.0979722
0.161047
0.335364
0.526688
0.602697
0.305368
0.363703
0.308486
-0.0151177
0.336339
-0.0271859
-0.170538
-0.101141
-0.182491
-0.258516
-0.143533
-0.0609937
0.0126051
0.0263391
-0.335656
0.377854
0.0495833
0.437563
-0.0248519
0.0574154
0.0146932
-0.21149
0.0799838
0.0232305
-0.0377818
-0.19026
0.167256
0.18943
-0.0155384
0.50876
0.161521
-0.395742
-0.0321049
-0.0735074
-0.0789729
0.298321
0.181959
0.25784
0.276904
0.190227
-0.378033
0.408546
0.141315
0.517431
0.406251
-0.248243
0.334319
-0.385237
-0.0776909
-0.191648
0.248265
0.283719
-0.311722
-0.128111
-0.216068
0.282177
0.428194
0.101613
0.0772178
0.173581
-0.267852
-0.103621
0.533523
0.114497
-0.300628
-0.392233
-0.23536
-0.312797
0.200255
0.0921157
0.286306
-0.369494
-0.507707
0.14877
0.121647
-0.281168
0.361602
-0.313604
0.138467
-0.012536
0.410077
0.310209
-0.240763
-0.111206
0.354624
0.0402384
0.266769
-0.411934
-0.471075
-0.424247
-0.482859
-0.093388
0.275979
-0.519047
0.263875
0.282129
0.298173
0.0681326
0.0408226
0.371945
0.281507
-0.495522
-0.294177
-0.331693
-0.28345
-0.359791
0.243687
0.120356
0.0128616
0.0733488
-0.261163
-0.464475
0.350946
-0.231025
-0.079993
-0.332592
0.152233
0.140957
-0.0818246
0.0926485
-0.47253
0.258143
-0.111787
-0.293607
-0.300282
-0.20728
-0.443056
-0.299495
-0.305224
-0.533859
0.019419
-0.457744
-0.244888
-0.293589
-0.130687
-0.0366334
-0.0300625
-0.134033
-0.286449
0.360824
-0.0665144
-0.110962
0.0371178
-0.409167
-0.238487
-0.513938
-0.433532
-0.492205
-0.0383071
-0.449487
-0.196976
0.352896
0.125965
0.0254638
0.139892
-0.329779
-0.228115
0.140815
0.0739361
0.257808
-0.223704
-0.0884266
0.246707
-0.312214
-0.158125
-0.363801
0.0456755
0.141257
0.305555
0.0394609
-0.443606
0.290653
0.278379
0.310763
-0.0701401
-0.0722701
0.151057
0.140469
0.350862
0.126494
0.211715
-0.018718
0.0233731
0.33711
-0.0183504
0.24214
-0.443673
0.428353
-0.144787
0.237391
0.205601
0.35208
0.24282
-0.42035
0.338392
0.0720282
0.207225
-0.131156
0.209157
-0.138136
0.21827
-0.221262
-0.138076
-0.301232
-0.500854
0.261417
0.0451256
0.03341
-0.241876
-0.60877
0.0639042
0.358856
-0.178967
0.449376
-0.0634388
-0.00980425
-0.0744029
0.35262
-0.0220701
0.271313
0.237462
-0.0501908
-0.235608
-0.145999
-0.475149
0.162148
-0.396327
0.735813
0.39054
0.42241
0.157333
0.308402
0.318896
0.388624
0.315615
0.170721
-0.316371
-0.115322
0.0245867
0.214372
0.0827366
0.142606
0.213302
-0.166526
0.401778
-0.331352
0.28911
-0.0917416
-0.0476183
-0.0906258
0.319678
-0.163394
0.150594
0.180645
-0.426989
-0.514347
-0.523514
-0.139821
-0.32228
-0.0739724
-0.430691
-0.30199
-0.382383
0.288681
0.19631
-0.34653
-0.440754
0.0224886
-0.374415
0.302139
-0.309452
0.4149
0.0302462
0.157164
-0.383329
0.0774025
-0.339266
0.319767
0.000298248
0.108192
0.152688
0.0871266
-0.617212
-0.521756
0.21359
-1.42267
-0.141375
0.168137
-0.138845
-0.10287
-0.0432611
-0.0560434
0.395823
-0.0415063
0.0963723
-0.0994951
-0.29135
0.129738
0.181979
-0.0438196
-0.0877917
0.327714
0.211944
-0.0133121
0.580331
0.0110831
0.0297783
0.118909
0.117375
0.212745
-0.0339867
0.0561262
0.225318
0.393351
-0.39754
-0.199134
