#input normalization
0.16111 0.272711
70.6754 67.9586
9.59108 38.2061
7.92521 31.8408
0.0111657 0.0442375
0.00880027 0.0338869
0.542988 1.36901
0.823511 1.27769
1.05267 1.47112
1.29982 1.67897
1.57855 1.87949
1.86027 2.06281
2.12999 2.22636
2.39629 2.3791
2.64341 2.50023
2.87854 2.5868
3.10222 2.64749
3.30893 2.68228
3.48879 2.68793
3.62724 2.6498
3.75209 2.59835
3.85097 2.5101
3.92847 2.41397
3.96982 2.29961
3.99558 2.16779
3.98964 2.01953
3.9519 1.86013
3.89572 1.68228
3.7862 1.48252
3.65921 1.28429
3.54363 1.09712
3.41767 0.920599
3.26231 0.743118
3.10185 0.573586
2.93657 0.413281
2.78635 0.266603
2.61822 0.128358
2.47497 0.00581553
2.31182 -0.108566
2.15924 -0.217336
2.01212 -0.320746
38.1053 49.985
7187.57 4869.21
#output normalization
1 0
#neurons weights
-0.493306
-0.234189
0.413318
-0.368475
-0.17963
-0.409846
-0.12061
-0.476563
0.284122
-0.314341
-0.102952
-0.344868
-0.383058
0.00493768
0.489142
-0.0111031
0.0539145
-0.265051
0.194208
0.229936
-0.329839
-0.0286796
-0.398638
0.474651
-0.0805873
-0.344859
0.281977
-0.421255
-0.225597
-0.0843045
0.184739
0.111974
0.387632
-0.344497
-0.25067
-0.375294
-0.0567888
-0.222905
-0.0351084
-0.371508
0.224445
-0.294636
-0.0477244
0.464389
-0.0256472
-1.73598
0.49144
0.0293222
0.253207
0.175173
0.368168
-0.168768
0.560994
-1.06902
0.137295
0.494437
0.584613
0.117934
0.0185999
0.0506448
0.402745
0.458704
0.271976
0.32281
-0.0541507
-0.304398
-0.109296
-0.369938
0.0817189
0.569655
-0.289003
0.115552
0.19957
0.0800251
0.258297
-0.316901
1.11107
-0.357075
-0.0728004
0.199097
0.228691
0.188558
-0.210022
-0.101185
0.237784
-0.201226
-0.873685
0.119598
0.20795
-0.172819
-0.54393
0.0406276
0.188496
-0.30426
0.0876951
0.609146
0.0285074
0.301306
-0.146037
-0.397905
-0.585363
0.257375
0.37118
0.0184532
0.180038
-0.109143
0.527838
0.00748617
-0.0876662
-0.168319
-0.543953
0.429769
-0.183849
0.396055
0.39063
0.137014
-0.234142
0.105324
-0.173105
-0.290448
0.171216
-0.338177
0.0729767
-0.205671
0.094605
-0.296613
-0.312193
0.099404
-0.299533
0.279466
0.0216957
#synapses weights
0.00600334
-0.199727
0.162287
-0.288355
0.0618577
-0.435558
-0.251697
-0.406785
-0.0174738
0.12945
0.0738099
0.0641076
0.112051
-0.320045
0.000963451
-0.356511
-0.266844
-0.374236
-0.00406418
-0.0176857
0.391425
-0.355459
0.0853895
-0.229718
-0.196396
0.234322
-0.432268
-0.271622
0.0271557
0.0324106
0.15223
-0.0759371
-0.405965
-0.305421
0.511972
-0.0628306
0.388416
0.157304
-0.165313
-0.0915584
0.0538895
0.377207
0.777486
0.203777
0.469032
-0.202948
0.139418
-0.156899
-0.0189673
-1.10595
-0.452094
-0.222568
0.119437
0.549689
-0.401011
0.244184
0.348198
-0.0791634
0.468489
-0.175718
0.173316
0.289165
-0.0956238
-0.252994
-0.210489
-0.0126253
-0.366949
-0.311331
-0.169247
-0.127251
-0.0661671
0.18869
0.388106
0.346751
0.26823
-0.110915
0.495469
-0.133092
-0.177927
-0.207864
-0.49212
-0.511368
-0.203205
0.26742
-0.883789
-0.753533
-0.000757566
-0.0694422
-0.140789
-0.0326234
0.231268
-0.017032
-1.97979
-0.192566
0.0970507
-0.0173635
0.0189598
0.0316265
-0.0715552
0.0230442
0.15012
-0.0898396
0.0591415
0.00756492
-0.125823
0.178003
0.0157632
-0.0916448
0.041304
0.0178863
-0.0673143
-0.0605131
0.229416
0.0549302
-0.116883
0.176046
-0.0368329
-0.0740971
-0.0436763
0.0390053
-0.0331077
0.293382
0.198081
-0.18735
-0.223299
0.181645
-0.0806461
-0.154218
-3.77819
-0.00805942
-0.365122
0.203279
-0.262303
0.417273
0.0601384
0.169787
-0.36032
0.220895
0.0679555
0.185844
0.35092
0.237299
0.39263
0.120761
-0.202439
0.235327
-0.168616
-0.211361
-0.32243
-0.0667935
0.127712
-0.344368
0.349635
-0.0379764
-0.266102
-0.208519
-0.0730962
-0.145565
-0.245425
-0.206404
-0.238941
-0.234793
-0.178157
-0.393676
0.0466725
-0.475968
0.0346389
0.0361611
-0.50595
-0.214989
0.194251
0.19942
-0.431136
-0.414848
0.281188
-0.394922
0.440497
0.408851
-0.20315
-0.14461
-0.445019
-0.0331727
0.110649
-0.108465
0.0886504
0.119849
0.209714
0.233802
-0.268358
-0.321082
0.230906
0.291589
0.42879
0.198171
-0.347832
-0.205389
0.13113
-0.363234
0.359634
0.0525714
0.249534
0.481249
-0.31781
0.420856
-0.0871153
0.396597
-0.0857695
0.281441
0.00629958
-0.228681
-0.297878
0.405086
-0.0558559
0.41832
0.532499
0.228715
0.406955
0.268733
0.265832
0.198896
-0.261732
-0.76797
-0.227421
-0.466911
0.275412
-0.147298
0.274389
0.217569
0.126049
-0.170017
-0.363298
-0.250625
0.273348
0.261316
0.0412526
0.160276
0.215983
-0.370778
0.390332
0.0387735
-0.341554
-0.209314
0.129001
-0.0187738
-0.410657
0.4099
-0.345204
-0.204215
-0.351695
-0.384405
-0.10975
-0.0163092
-0.298227
0.34449
0.028071
-0.0932487
-0.559852
0.0806386
0.195395
0.124512
0.259056
-0.416645
0.539185
-0.266898
-0.808875
0.236179
-0.00505045
-0.477334
-0.329152
0.263797
0.0852801
-0.452865
-0.428153
-0.303326
0.460904
0.0527345
-0.471936
0.139362
-0.0508914
0.29001
-0.536703
-0.464566
-0.40935
-0.438232
0.123491
-0.177869
0.00870128
-0.235382
0.111192
-0.0234577
0.0304429
0.275556
0.017152
-0.445028
0.0701991
-0.155197
0.122509
-0.286645
-0.335238
0.421809
-0.550944
-0.390551
-0.33614
0.00124644
-0.155819
0.500015
-0.32108
0.23403
-0.179874
0.384522
0.556441
0.289
-0.0982591
0.00798065
-0.248445
0.32707
0.234146
0.0116546
-0.34432
-0.24465
0.0183386
0.032491
0.313603
-0.446106
-0.259843
-0.252214
0.479887
0.431282
0.0438219
0.0821205
0.0680549
-0.434592
-0.365723
0.109049
-0.430856
0.419233
0.43344
-0.289208
-0.242152
-0.32681
-0.481656
-0.40218
-0.319526
0.134989
0.208981
-0.0750681
0.0729206
0.0348746
-0.391059
-0.195462
0.501941
0.0113747
-0.105774
-0.381774
-0.345603
0.366602
0.110569
0.0278827
-0.363729
0.246311
0.0949101
-0.388656
-0.143425
0.275993
-0.00974983
0.17838
0.117597
0.206696
0.0643063
-0.295914
0.425979
0.155425
-0.392677
-0.0987138
-0.183373
-0.458394
0.19107
0.39113
0.33718
-0.189955
0.252904
-0.507001
-0.395845
-0.25216
-0.316748
0.718145
-0.335224
-0.145066
-0.268064
0.150326
0.268845
-0.0885662
0.162972
0.0274933
0.550472
0.204863
-0.543599
0.188118
0.16945
0.132241
-0.175885
0.0806411
-0.265423
-0.229014
0.24395
0.00447196
-0.215828
0.183324
-0.331535
0.264339
-0.31638
-0.388174
0.284464
-0.425638
0.172381
0.051427
0.040182
0.341865
0.0838799
0.0233779
-0.282036
0.162676
-0.444262
0.324165
0.0298761
0.361693
-0.158309
0.0193993
-0.0698313
0.126102
0.22041
-0.0228596
-0.167857
0.0789523
0.0729384
0.0280758
-1.35615
-0.514131
0.0993462
-0.213484
0.214917
0.219896
-0.236738
-0.157303
0.163642
-0.149449
0.0133471
0.0874787
0.26756
0.224082
-0.221945
-0.232763
-0.155577
-0.235309
-0.188212
0.503404
0.224205
0.277569
-0.302976
0.258117
0.0658172
0.160098
-0.103149
-0.0743541
-0.0883212
-0.0688399
-0.301981
-0.181384
0.15381
0.0641858
0.17791
-0.334366
-2.78231
0.16593
0.0812091
0.0110414
-0.380064
0.173436
0.33149
-0.0832125
0.0156054
0.0771215
0.403693
0.438135
-0.472599
0.0209344
0.0466264
0.0910863
-0.0785936
0.145896
-0.47934
-0.0621134
0.47786
-0.20205
-0.194737
-0.48992
-0.4434
-0.00298598
0.00273437
-0.184153
0.0907374
0.151978
-0.472355
-0.240349
0.101887
0.226705
-0.528557
-0.367142
-0.363845
0.202394
0.243752
-0.464474
-0.101194
-0.305019
0.460736
-0.207986
0.0550787
-0.298774
-0.200097
-0.041405
0.00815111
0.0454113
1.17416
0.0943349
-0.0108464
-0.0891569
0.157823
0.102732
-0.248126
0.088979
0.105016
0.0163853
0.205604
-0.401465
0.292324
0.0434017
-0.095385
0.197312
-0.155812
-0.0994609
0.332779
-0.236004
-0.377929
0.514203
0.217441
0.352432
-0.43204
0.141139
0.142822
0.410342
-0.13448
0.29275
-0.435468
-0.113642
-0.16112
0.411197
-0.136297
0.208419
1.90686
-0.144337
-0.0223833
-0.0347617
-0.103262
0.202998
-0.0597833
0.971889
0.189194
0.107033
-0.286652
0.119992
0.172537
-0.190406
-0.218096
-0.0170372
0.399047
-0.297138
0.0982464
-0.0941904
0.315124
0.140941
-0.110654
0.0178041
-0.150541
-0.0325726
-0.0237727
0.111476
0.300279
-0.357258
0.307019
0.36629
-0.250907
-0.0651748
-0.260401
-0.0297715
-0.0149731
0.352971
-0.113709
-0.088761
0.06592
-0.154081
0.34364
2.62066
-0.273442
-0.1189
-0.131634
-0.296663
-0.454683
0.455607
-0.0814756
-0.129882
0.522388
0.384045
0.328938
0.236926
0.194969
0.387235
0.425357
0.0179765
-0.105468
-0.420724
-0.0923755
-0.351982
-0.379761
0.421658
-0.245791
0.353907
0.182156
0.293624
0.164042
0.284414
0.170596
-0.0963869
-0.0538347
0.252291
-0.305271
-0.169819
-0.323783
0.247194
0.154614
-0.230036
0.44048
0.392378
-0.0175834
0.0979617
0.314036
0.0883816
0.118377
0.393066
0.137456
-0.380753
-0.219451
-0.29859
0.0820414
0.350695
0.332365
0.139254
0.452294
-0.0976586
0.182421
0.297987
0.364249
-0.430325
0.373246
0.0998698
0.422901
0.428932
0.370859
-0.423889
0.229281
0.195091
0.197583
0.499986
-0.427631
-0.0605536
0.290086
0.00459076
0.341282
0.079838
0.0970155
0.223076
-0.317781
-0.447025
-0.294005
-0.423802
-0.184954
-0.0413099
-0.0379625
0.460633
-0.071631
-0.102173
-0.327748
0.409453
-0.293715
0.134709
-0.291608
0.100198
-0.150009
-0.320885
0.293252
-0.0426296
0.0127421
0.255064
-0.241035
0.291459
-0.342569
-0.0488076
-0.152274
0.372428
0.286846
-0.153393
-0.136241
0.344129
-0.384941
0.205029
0.304694
0.316322
0.037926
0.250302
-0.0423344
0.393132
0.152526
0.160964
-0.133924
-0.265818
-0.411729
0.486477
0.252054
-0.321128
0.428516
0.251304
0.820022
0.382205
0.287978
-0.0734461
0.32944
-0.121162
0.122733
-0.255358
-0.074482
0.157418
0.434558
-0.246713
-0.214163
0.230376
0.485454
-0.0910654
0.301926
0.173732
0.319169
0.211854
-0.157109
0.0261075
-0.18144
-0.191816
0.287541
0.479247
-0.184635
-0.422669
-0.449718
-0.280845
0.377541
-0.405468
-0.431394
0.179018
-0.304422
0.449302
-0.370749
-0.0863093
-0.113842
-0.104441
0.0851836
-0.402197
0.513444
-0.00957316
0.355778
0.463355
0.224686
-0.198507
0.213796
-0.0348881
0.378555
-0.164408
0.545744
-0.165559
0.0190915
-0.245309
0.390638
-0.335506
-0.354476
-0.0473758
-0.126322
0.503489
0.442888
-0.398361
-0.138354
0.356251
0.356127
0.0207972
0.493029
0.344708
-0.468547
0.0981247
0.328303
-0.323595
0.0797949
0.210765
-0.442644
0.0359097
-0.149127
0.395281
-0.280509
0.0206152
-0.375514
0.369457
0.346661
-0.0374927
0.452966
0.228573
0.431801
0.0511929
-0.342064
0.0430292
-0.135604
-0.892652
-0.493139
-0.0540389
0.419067
-0.107971
-0.209665
0.386236
-0.237343
-0.085988
-0.322056
-0.374525
-0.284794
-0.20101
-0.164453
0.433508
-0.371483
-0.070131
0.27519
-0.308824
0.422186
-0.254586
0.0750808
-0.0785454
0.12048
0.141234
0.331623
0.0119956
-0.233789
0.364404
-0.153102
-0.12292
-0.308356
-0.220877
-0.00712198
0.110578
0.527568
-0.691574
-0.0729913
0.269938
-0.291563
0.0891412
-0.0363079
0.306928
0.935006
-0.0468448
-0.0477434
0.0617927
0.0665737
-0.0850268
0.127885
0.237064
-0.111037
-0.320881
-0.152032
-0.109125
-0.309977
0.00373817
0.424572
0.123487
-0.263081
0.569027
0.140522
0.0194813
-0.0321648
-0.0934902
0.164996
0.40801
-0.308281
-0.318468
-0.14177
-0.260564
-0.00267793
-0.00492045
0.367171
-0.139881
-0.136202
0.142661
-0.140194
0.181454
1.69783
-0.409305
0.213798
-0.306338
-0.0908359
-0.379867
0.0194446
-0.22355
0.570428
-0.17891
-0.279047
0.375879
-0.0797826
0.136255
-0.408967
-0.0585158
-0.237657
0.254478
0.0076126
-0.449886
-0.420103
-0.338168
-0.300481
-0.364783
-0.161248
-0.200382
0.448481
0.183112
-0.361432
-0.458802
-0.189397
0.232139
0.136289
-0.0124439
0.0719306
0.109156
-0.368524
-0.171763
-0.191432
0.0318791
0.104639
0.289093
0.168119
0.450517
-0.418383
0.314082
0.420071
0.319869
0.0133713
0.215267
0.453167
0.314284
-0.118213
0.402933
0.362387
0.0688912
-0.17211
-0.143748
-0.0339546
-0.137243
-0.466645
0.151088
-0.0250015
0.0622481
0.229091
0.295672
-0.252505
0.2882
-0.0500202
0.296444
0.114894
0.385359
0.0492334
-0.467307
0.440568
-0.0501146
-0.450926
0.171772
0.330733
-0.0394837
0.363583
0.371524
0.24785
0.269255
-0.240098
0.516705
0.428197
0.0662851
-0.108756
-0.434022
-0.336892
0.186927
0.384723
-0.473397
0.267176
-0.0593777
0.0155144
-0.0878522
-0.271367
-0.327556
-0.445241
0.339907
-0.300502
0.501315
-0.297003
-0.187866
0.332751
-0.503309
-0.173405
-0.354579
-0.0260599
-0.430706
-0.354465
-0.117201
0.191605
-0.079709
-0.297918
0.206491
0.0508875
0.445545
-0.356812
0.3331
-0.372492
-0.18069
0.478813
-0.427338
-0.459099
-0.314233
-0.0180709
-0.424032
-0.0536102
-0.278731
0.30073
-0.0349861
0.395247
0.201806
-0.0395846
-0.530711
0.34486
-0.312191
0.000675067
-0.287883
-0.471693
-0.221856
-0.252431
0.258845
-0.0199308
0.407494
-0.18359
0.349718
-0.1327
0.190168
-0.43484
0.416655
-0.125419
0.0347346
0.0920524
0.300045
-0.177287
-0.0525113
-0.0258591
0.305157
-0.0940618
0.509537
-0.0662033
-0.0996914
-0.031226
-0.267066
-0.385256
0.0356351
0.494781
0.398522
-0.234579
-0.212536
-0.188515
0.269313
-0.0273088
0.392903
-0.481916
0.787017
0.184166
-0.340189
0.0921191
-0.268627
0.0490099
0.223267
0.156027
0.363142
0.114706
-0.123773
-0.403285
0.440372
-0.18634
-0.257439
-0.35279
-0.348018
-0.361459
-0.307791
0.210804
-0.295938
0.275616
0.201489
0.456588
0.18939
-0.467099
0.0836419
0.238301
-0.521165
0.19996
-0.200116
-0.322436
0.0134004
-0.254549
0.341827
-0.261542
0.634177
-0.511236
0.0259638
0.282425
-0.320723
0.0901661
0.475245
-0.376764
-0.0356463
0.161789
-0.108711
0.0222315
-0.410291
0.369512
0.210127
-0.341833
-0.357489
-0.107955
-0.374549
0.328004
-0.46608
0.284658
-0.257089
-0.204784
0.439893
-0.361332
0.0703636
-0.347702
-0.231321
0.396784
-0.442205
-0.0974713
-0.280168
-0.188973
-0.179396
0.187372
0.388724
0.154079
0.156728
-0.0479243
-0.0154672
-0.248473
0.524272
0.26308
-0.100787
-0.179026
-0.0622302
0.055178
0.123371
0.136732
-0.889871
-0.514912
-0.424665
0.208684
-0.0459272
-0.152388
0.111236
0.377108
0.273222
0.00568351
0.141812
0.362407
0.256325
0.187503
-0.0365367
0.236848
0.227263
0.107333
0.29747
-0.35072
0.245872
0.276201
-0.215163
0.00329183
0.0592133
-0.0636075
-0.011436
-0.270716
0.306594
0.395674
0.00206585
0.0467384
-0.140768
0.32978
-0.455165
0.495987
0.164894
0.593002
-0.1864
0.359189
-0.271049
0.331565
0.411731
0.214838
-0.144119
0.0873534
-0.269015
0.271151
0.0999976
0.512744
0.0280151
-0.24638
-0.164792
-0.341425
-0.169562
-0.348339
-0.327825
0.223403
0.493357
0.326004
0.33933
-0.174395
0.232531
-0.165909
-0.302454
0.169275
0.136482
0.315546
-0.145614
-0.296634
-0.281862
-0.282707
-0.2483
0.315408
0.252069
0.103094
0.11776
0.425803
-0.314975
-1.17916
-0.544414
0.434877
-0.0198169
0.0654712
0.355894
0.231455
-0.101734
0.0717798
0.0997245
-0.119233
0.404787
0.286208
-0.0804392
-0.362436
0.464976
0.360804
0.0856781
0.466211
-0.319195
0.223524
-0.253972
-0.176316
-0.0988441
0.326431
0.459356
-0.27728
0.310303
-0.12546
-0.255213
-0.300425
0.364378
0.358795
0.237092
-0.00485231
-0.311972
-0.526094
0.213212
-0.116487
-0.0909747
-0.379771
0.293147
0.655941
0.506837
-0.251669
0.0005521
0.0599154
0.105931
-0.118466
0.0698819
-1.18309
0.282654
0.0854903
-0.375284
-0.0266948
0.348741
-0.271569
0.45509
-0.181864
-0.274411
-0.0284425
0.0384266
-0.122366
-0.0291236
0.283436
-0.394535
0.323575
-0.382454
0.228754
0.3357
0.114034
-0.256174
0.269572
0.407375
-0.45217
-0.0196509
-0.273225
0.467667
-0.0772817
0.271687
-0.403706
0.0372625
-0.134171
0.165889
0.322489
0.185955
-0.839376
0.279201
-0.157911
0.462386
-0.127687
0.215733
0.429351
-0.0279169
0.112029
-0.600864
0.057691
-0.162916
-0.272008
-0.282658
0.184308
0.31034
-0.204707
0.0072014
0.0991484
0.0871192
0.484149
0.331545
-0.097775
0.372139
0.351673
0.523986
0.404007
0.355642
0.187832
0.406316
0.158937
0.50979
0.113391
-0.318995
-0.219656
-0.095244
-0.0152832
0.538051
0.0263408
0.086154
0.388494
-0.15491
0.0764118
-0.462612
0.173455
-0.494968
0.208503
-0.165407
-0.0198813
0.112242
-0.167672
-0.104611
0.0739466
0.248037
-0.284897
-0.325973
-0.15237
-0.239233
0.445974
-0.179054
0.338446
-0.0148689
-0.361271
-0.0636636
0.195259
0.275754
0.188426
-0.433926
0.224948
-0.414573
0.279437
-0.0450796
0.265853
-0.0216646
0.083072
-0.63576
-0.0179793
0.290752
0.273011
0.0404981
0.302474
0.23702
-0.324371
0.106417
-0.0673334
-0.180979
1.47262
-0.334293
-0.238786
0.0868826
-0.0423166
-0.130495
0.0902895
-0.257877
0.245378
0.0506436
0.0163155
0.0684512
0.0407856
-0.0682989
0.0221226
0.110841
-0.158206
0.0334857
0.0609025
-0.0493412
0.0600901
0.0299909
-0.0437546
0.0187729
0.218491
-0.164568
0.0466845
0.0694617
-0.0955732
-0.0104685
0.0155259
-0.154181
0.0998299
0.0119821
-0.0902116
-0.0221043
0.136665
0.0393116
0.027372
-0.0558329
-0.0375536
0.0462876
0.194536
4.73043
-0.487471
-0.375533
0.0657766
0.194636
0.098233
-0.337838
0.250787
0.501126
-0.413511
-0.16945
-0.340185
0.228471
0.31973
-0.10021
0.456965
0.280303
-0.32365
0.225186
-0.144596
-0.289938
0.0827893
0.445849
-0.403095
0.380478
-0.382622
0.373598
-0.390286
0.292533
0.499351
0.271878
-0.396937
-0.0676196
0.126656
0.0744567
0.227012
0.290828
-0.429263
0.229891
0.266025
-0.303423
0.216815
0.321368
-0.205865
-0.299897
-0.0869377
0.301867
-0.142843
-0.230817
0.0783193
0.19189
0.0378999
0.0342976
-0.325999
0.320889
0.222201
0.139176
-0.0850239
0.0676909
-0.411598
-0.270087
-0.0880908
0.351681
-0.201715
-0.0163322
0.0967875
-0.307984
0.0370985
-0.198466
0.394192
0.448167
0.44442
-0.0227007
-0.123802
-0.149707
0.489406
0.063162
-0.314292
-0.155886
-0.0347569
-0.115439
0.266166
0.128543
0.245994
0.0795443
0.0599468
-1.09527
0.0121051
-0.542775
-0.362673
0.179575
0.260454
0.376778
0.611989
-0.0538969
0.299694
-0.256666
-0.276586
-0.121692
0.128034
0.234402
-0.0867727
0.129262
-0.546557
0.123056
-0.494709
0.0321759
-0.386689
0.314359
-0.372678
-0.264419
0.30369
-0.616496
0.104075
-0.0305586
-0.214378
-0.530081
-0.506285
-0.1115
-0.0960989
0.002363
-0.144184
-0.232513
-0.060931
0.150544
-0.37564
-0.251296
-0.20786
0.0229325
0.424788
-0.249241
-0.244618
-0.356017
0.267703
0.350558
0.19477
-0.0251405
-0.0793127
0.058515
-0.297397
0.0305143
-0.337501
-0.124808
-0.256726
-0.225666
0.446004
-0.436097
0.0369042
0.31126
-0.309763
0.160751
0.16851
0.0567883
0.206196
0.266002
-0.163019
-0.484202
0.261492
0.275711
-0.321577
0.447403
-0.463226
-0.178649
0.0881971
-0.107095
0.0311765
-0.0736971
0.0888386
0.203125
-0.122313
-0.471988
-0.260515
-0.968923
0.422185
-0.201581
0.0362973
-0.17716
-0.360819
-0.353023
-0.0923438
-0.20874
0.028533
-0.165854
0.104202
0.233384
0.383827
-0.437343
-0.0577841
-0.0732554
-0.12844
-0.240949
0.213292
-0.267977
0.0308214
-0.0055485
-0.325045
-0.441504
0.372157
0.344997
0.471592
0.190853
0.228636
-0.0963302
-0.392355
0.375493
-0.228482
0.369351
0.349793
0.239427
0.128779
0.360474
-0.224044
0.318901
0.35197
-0.233502
-0.0212512
0.32609
0.102689
0.145199
0.0601726
-0.168255
0.0747753
0.756335
-0.0629172
0.400864
0.0673213
0.115537
0.0414796
0.0756324
-0.421029
0.156224
0.0456257
-0.18008
0.321872
-0.219836
0.00256611
-0.113273
-0.443383
0.293593
0.0739515
0.193024
0.100582
0.0617412
0.00975985
0.427037
-0.276416
-0.349789
0.18972
-0.273958
-0.256283
0.318354
-0.526988
-0.122627
0.31207
0.27315
-0.192575
0.0704165
0.12781
1.06879
-0.31287
-0.184112
-0.332461
0.241474
-0.271249
0.0191315
0.205368
-0.27819
-0.00824089
0.299909
0.0620066
-0.460817
0.00126896
0.0389057
0.306617
-0.000591652
-0.461292
-0.485937
0.0807505
-0.155911
-0.515998
0.386909
0.0855513
-0.027084
0.273381
-0.519269
-0.0733753
0.0863336
0.000445854
0.258709
0.421578
-0.394029
-0.211346
-0.233621
-0.355543
-0.376229
0.20632
0.24166
0.270213
0.322064
0.137924
0.25925
0.74937
-0.401454
-0.353892
-0.030013
-0.35068
-0.0432274
-0.375588
-0.724715
-0.262974
0.269377
-0.035696
-0.348964
0.152969
0.21621
0.10939
0.0231813
-0.166725
-0.152258
0.357684
0.123286
-0.261227
0.200213
-0.3047
0.304125
0.300874
0.348045
-0.329419
0.115507
-0.448094
0.270399
0.41034
-0.0734655
-0.0940496
-0.313318
-0.389546
0.266949
0.00321065
-0.245189
-0.281986
-0.187169
-0.136114
-0.276966
0.296564
-0.494939
0.0945977
-0.0663404
0.0257419
-0.315973
-0.11542
-0.196445
-0.218214
-0.541036
-0.210362
0.260142
0.362552
0.068912
0.0247702
0.440247
0.475268
0.382769
-0.179196
0.236422
-0.32569
-0.240661
0.160824
0.0195537
0.376731
-0.478968
0.145032
0.0574881
0.264635
-0.219305
0.152332
0.382817
0.118427
0.364654
0.393678
-0.457037
-0.212483
0.426293
-0.247686
0.355347
0.115029
0.391068
0.0732053
-0.359394
-1.19184
-0.0675324
0.00823022
0.151777
0.113424
-0.22158
0.249984
-0.949472
-0.0268075
-0.134392
0.102624
0.0692582
0.0782751
-0.306831
-0.00438603
-0.246339
0.290638
0.205872
-0.23287
0.0174002
-0.333216
0.404724
0.3989
-0.0526096
-0.16289
-0.459267
0.13215
0.140699
-0.264741
0.478291
-0.075026
-0.102827
0.114369
-0.101888
-0.117875
-0.0589209
0.130067
0.378997
-0.115705
0.0342875
-0.122192
-0.0522689
0.14684
-1.91
0.312153
0.240553
-0.159627
0.0569221
0.370132
0.109947
-0.504805
0.219135
-0.491081
0.394456
0.228341
-0.449379
0.651484
-0.13541
-0.318397
0.378215
0.182819
0.40204
-0.0930914
0.138568
-0.135294
0.0715109
0.336934
0.50028
-0.391859
0.273122
0.380767
-0.252159
0.21986
-0.162328
-0.235522
0.0836731
0.118741
0.174733
0.453575
0.134797
0.090475
0.0410139
0.245206
0.601084
-0.164334
-0.267578
-0.294268
-0.145491
0.0813017
-0.248042
0.133946
0.0551975
-0.390694
-0.0504681
0.37214
-0.479232
-0.236336
-0.100492
-0.53012
0.12505
-0.0832256
0.153482
0.115234
-0.162242
-0.00321576
0.107549
-0.235545
-0.291258
-0.241411
-0.314026
-0.386286
-0.348384
0.135919
-0.137103
-0.00223551
-0.379046
0.309742
-0.107267
-0.362959
0.48708
0.172679
-0.497338
-0.087743
-0.109472
-0.203041
-0.13462
-0.202112
0.136867
0.213425
0.35776
-0.449726
0.056263
0.106719
-0.400585
0.182088
-0.172931
-0.391725
0.267588
-0.402848
0.204115
0.0956788
-0.176412
0.346714
-0.136111
0.428234
0.254592
0.137487
-0.306843
0.402908
-0.321028
-0.478817
-0.208048
0.175486
-0.268268
-0.406898
-0.213855
-0.28203
-0.32877
0.191204
0.316077
-0.378277
0.176186
-0.358686
0.161529
0.179287
-0.117153
0.300508
0.108719
0.417718
-0.301945
0.392416
-0.0877874
-0.490477
-0.467742
-0.434959
-0.473658
0.314416
-0.0257863
0.375662
-0.411756
-0.122071
-0.117438
-0.446886
-0.391265
-0.457293
-0.447405
0.240611
0.345947
-0.482956
-0.210561
0.324492
0.346542
-0.559227
0.0613691
-0.100077
0.325361
-0.495812
-0.271079
-0.123367
0.201774
0.0959092
-0.614519
0.152605
0.108305
-0.290409
-0.349799
0.164836
-0.549328
-0.255937
-0.808369
0.383891
0.382495
0.384783
-0.38253
-0.132658
0.0350579
0.246737
-0.486959
-0.476231
0.168443
0.259247
-0.429387
-0.0611793
-0.0732235
-0.39814
0.342185
0.304424
-0.389481
-0.464848
-0.194189
-0.370313
0.466561
0.209341
-0.11949
0.196426
-0.330016
-0.451864
0.524324
-0.416743
-0.408449
0.36867
0.420781
0.0541374
-0.172377
-0.429951
-0.370151
0.27827
0.419186
-0.156312
-0.0561615
0.482411
0.152636
0.580638
0.516458
0.112739
0.071723
-0.408934
-0.0384805
-0.106711
-0.139722
0.364226
-0.227988
0.0810276
-0.0305663
0.4386
0.578527
0.185351
0.396699
0.166724
-0.142152
0.131103
-0.390041
0.194539
0.438144
-0.0355174
0.492577
-0.322549
-0.419949
0.070002
0.393798
0.0630926
0.212642
0.264958
-0.0935791
-0.235602
0.519761
0.13471
0.312624
0.463541
0.227269
0.405154
0.157147
-0.0424972
-0.0779616
0.42104
0.225748
-0.146206
-0.139937
-0.241225
0.257535
-0.393977
-0.018781
0.163842
-0.258866
-0.220121
0.0428351
0.501388
-0.286072
-0.468478
-0.065805
0.370493
0.0218444
-0.0740308
-0.370087
-0.533808
-0.328102
-0.0102949
0.204684
-0.189773
0.108347
0.198762
-0.514007
-0.157802
-0.314867
0.32951
0.429517
0.285905
-0.0864761
-0.432359
0.214348
-0.223684
-0.0409253
-0.0957654
0.184448
0.256981
-0.407757
0.237972
-0.00473662
-0.403183
-0.000251892
-0.405425
-0.131549
0.447184
-0.0796521
-0.244658
0.264478
-0.47934
0.0624357
-0.0209797
-0.5216
-0.122486
-0.0758303
0.455754
-0.588465
0.293923
0.413345
-0.0423716
0.14668
-0.0888016
-0.340037
0.451877
-0.140435
0.349202
0.133551
-0.193687
-0.286708
0.374137
-0.11913
0.217158
0.374257
0.480796
0.0272959
0.686619
-0.0820502
0.283338
-0.360753
0.564997
0.442637
-0.276018
0.345165
-0.284404
-0.0131292
0.363816
0.0616065
-0.230154
0.0149876
0.536398
-0.243391
0.107927
-0.231963
-0.0043383
0.238613
0.0975417
0.285704
-0.12091
0.0259531
0.500159
-0.363225
-0.337538
-0.0220088
0.285914
-0.393649
0.130706
0.334593
0.435863
-0.154367
-0.553418
-0.544353
0.524836
0.188201
0.603006
0.174877
-0.0651585
0.685225
0.0186667
0.127234
0.109705
-0.363887
0.164948
-0.251024
-0.229349
0.397873
0.466417
-0.116651
-0.113574
0.334744
-0.319034
-0.17642
0.625972
0.338676
0.527413
-0.0521801
0.407623
0.0439654
-0.225032
0.153484
0.436302
-0.154154
-0.00178303
-0.149589
0.158675
-0.0376422
-0.495724
-0.212297
-0.186721
-0.35107
0.193981
-0.476116
-0.486784
-0.202963
0.0768014
0.0807521
-0.358735
-0.071392
-0.381738
-0.30151
0.112079
0.1261
0.317705
0.330855
-0.344371
0.366453
-0.190003
-0.139012
-0.0317556
0.0679204
-0.205078
-0.00959581
-0.0621587
-0.348825
0.447788
-0.0221071
0.313727
0.288383
-0.346867
-0.406185
-0.127574
-0.480359
0.381249
0.108657
-0.309761
0.247798
-0.573199
0.155744
-0.374016
0.0935372
-0.240275
-0.0434502
0.439816
0.515465
-0.275232
0.180365
0.292054
-0.0702763
0.0178068
0.131341
0.36376
-0.26093
-0.33249
0.237837
-0.0248244
-0.245956
0.200543
0.229355
-0.410257
0.352032
0.0982697
0.109843
0.317773
-0.2016
0.326159
-0.474276
0.402562
-0.0729945
-0.0695064
0.155311
0.386962
-0.100077
0.284362
0.077279
0.0697865
-0.351338
0.143359
0.385429
0.520573
-0.263604
0.271768
0.365455
-0.381934
-0.268311
-0.40599
0.101673
-0.404428
0.080712
-0.219529
-0.218719
-0.043881
-0.0366961
-0.0423497
-0.435296
0.11028
-0.312287
0.187549
0.179394
-0.0624763
-0.379958
0.300819
0.244874
-0.3905
0.26412
0.234269
-0.13614
0.330544
-0.432368
-0.422794
-0.377029
-0.0836322
-0.0963702
0.0993475
0.0726783
-0.265334
-0.230286
0.439456
-0.377753
-0.176803
-0.265201
-0.182431
-0.116729
0.160684
0.126084
0.163234
-0.525209
-0.134233
-0.0358709
-0.0501507
0.423863
0.0815183
-0.0611832
0.328076
-0.230353
-0.270583
0.186293
0.314555
0.367337
0.193031
-0.223764
0.206114
-0.107248
0.258367
0.322238
-0.160142
-0.420308
-0.495229
-0.411019
0.207246
0.489952
0.294606
0.474333
0.0947759
-0.330858
0.31407
-0.286819
0.281325
0.29458
-0.107738
0.367634
0.411046
0.281332
0.403431
-0.260339
-0.022489
0.456964
-0.0343176
0.372134
0.342192
0.386131
-0.429174
-0.381759
0.0662852
0.249845
-0.485777
0.167353
-0.077887
0.290688
0.271241
0.107742
0.335437
0.131129
0.202073
-0.601981
-0.0810849
0.178332
-0.575063
0.271335
-0.0937461
-0.259123
-0.486777
-0.0750152
0.133183
-0.192037
0.0582395
0.124029
0.139775
-0.0833708
0.453951
-0.364212
-0.226826
0.216496
-0.210104
-0.357106
-0.195109
0.332761
-0.351551
-0.109735
-0.476882
-0.436941
-0.333246
0.0267268
-0.0970356
0.37705
-0.0735055
-0.264835
-0.287373
-0.263108
0.139991
0.0857367
0.105177
0.158658
-0.288654
0.502961
0.0445293
0.46633
0.89762
0.510268
0.56022
0.616825
-0.105533
0.445557
0.774765
-0.192722
0.587586
-0.125955
0.376415
0.561799
0.397919
-0.306868
0.425317
0.231606
0.508501
-0.213153
-0.190003
-0.112751
0.434324
1.01212
-0.244846
0.40031
0.212918
-0.243148
-0.00596685
-0.0974864
0.585878
-0.29496
-0.214917
0.00144373
0.0653054
-0.105871
-0.190977
0.138708
-0.261866
-0.126648
-0.162401
0.299576
0.18244
0.0494071
0.089821
-0.109164
0.227165
0.266374
0.170174
-0.331398
-0.118001
0.442599
-0.214989
0.0687405
-0.000821746
0.481307
0.516161
0.233561
0.0315171
-0.296259
-0.349342
-0.439998
0.0147638
0.189362
-0.011973
0.0592852
0.104296
-0.231409
0.540782
-0.00939602
0.0587456
0.480998
0.232802
-0.366059
0.428066
-0.346775
0.0188871
0.304639
-0.454156
0.258411
0.396675
-0.539931
0.214113
-0.0272969
0.218032
-0.00756927
0.236857
-0.579543
0.0208628
0.332855
-0.607256
-0.46238
-0.171245
0.211382
-0.564054
-0.543115
-0.517771
0.165305
-0.189919
-0.0883273
-0.393834
-0.454093
-0.201924
-0.466344
0.121158
-0.106533
-0.588159
0.173293
0.236709
-0.378293
0.0841235
-0.489028
0.147159
-0.190126
0.281841
-0.384024
-0.740786
-0.14536
-0.29048
-0.173461
-0.315946
0.409283
0.789462
0.484819
-0.0833321
0.314427
0.451315
0.351204
0.302869
0.299086
-0.385359
-0.0158582
0.417841
-0.118579
-0.493099
-0.41857
0.15513
0.144493
0.730955
0.314993
0.304341
0.148294
-0.400909
-0.0246384
0.180007
0.235303
-0.0636301
-0.17381
0.321759
0.376923
-0.677039
0.698121
0.412325
0.000549289
0.443927
0.426664
-0.254081
-0.240292
-0.0220475
0.013019
-0.0868415
-0.247407
0.668378
0.312066
0.132624
0.0730201
0.47471
-0.525735
0.0926038
0.414352
0.401404
-0.25503
0.0602134
-0.297095
0.0456724
-0.233344
0.0756707
0.00378554
0.133766
0.689634
0.116139
-0.050048
0.356176
0.33347
0.317393
-0.0179295
0.436714
0.395109
0.475341
-0.382085
0.360358
0.025859
0.210228
0.256037
-0.294106
0.487982
-0.354379
-0.117301
0.568149
-0.330477
0.276224
0.0873517
0.139025
-0.355023
0.303974
-0.243064
0.0758912
0.13636
-0.444741
0.194633
0.426633
0.19445
-0.348229
0.0797016
0.40686
0.224912
-0.090843
0.214487
-0.00822572
0.481217
0.360335
-0.0215458
-0.237076
0.397067
0.386298
0.168023
0.00318942
0.313422
-0.410793
0.227258
-0.107937
-0.169326
0.294684
-0.0959153
0.562622
0.350999
0.374125
0.00827729
0.12778
0.0285669
-0.176454
0.134801
-0.354522
-0.494439
0.296674
0.29592
0.290426
-0.188969
0.417355
0.331679
-0.253888
-0.321552
0.484207
0.28071
-0.193351
0.344166
0.379669
-0.31473
-0.411534
-0.320506
0.059575
-0.237055
0.206468
0.357957
0.528408
0.0860373
0.43875
0.374402
-0.413341
0.475866
0.131087
-0.0197323
0.0411031
0.246741
0.319282
-0.140173
0.439421
-0.200746
0.0853613
0.379167
0.473044
-0.249249
0.00807928
0.279126
0.232961
-0.296762
0.420359
0.330289
0.216153
-0.173683
0.358944
-0.149498
-0.0622689
0.380176
0.486127
-0.190427
0.14847
0.316133
0.25763
-0.226575
0.484488
-0.13541
-0.134486
0.658383
-0.326323
0.0928811
-0.213657
0.0947109
-0.211356
-0.30253
0.434229
0.568581
0.550551
-0.217955
0.472059
-0.246641
0.518661
0.108232
0.190347
0.175935
-0.332699
-0.192789
-0.421332
0.270989
0.227513
0.0850996
-0.169571
-0.502053
-0.0668546
-0.0242999
0.12199
0.0966805
0.222737
0.0918372
0.0340589
0.104087
-0.066372
0.38282
0.278639
-0.264308
0.390974
-0.209074
-0.461032
0.12701
1.66909
-0.123733
-0.355181
0.0838525
0.595408
-0.281896
-0.0493376
-0.00471289
0.972339
-0.187822
-0.989454
-1.26072
0.184793
-0.0825742
-0.216617
0.139134
-0.617801
0.487276
-0.887654
-0.00725337
-0.224551
0.256167
0.615872
-0.686575
0.0567996
-0.0146138
0.404855
-0.342326
0.424104
0.344258
-0.599353
-1.86589
0.194349
0.329322
-0.335971
0.147857
-0.0966867
-0.57286
-0.276085
0.323029
0.347329
0.733695
-0.486791
-0.0300009
0.46953
-0.314006
-0.414033
-0.532531
0.328731
0.422061
-0.348705
0.144141
0.289674
0.17244
-0.483436
-0.331617
0.155436
-0.118442
0.270558
0.228295
0.223368
-0.511685
-0.35991
-0.146934
-0.193703
-0.269871
-0.345568
0.381203
-0.00341315
-0.597803
0.181601
0.397457
0.408175
-0.0609018
-0.22459
-0.747002
-0.344612
0.159197
-0.0315246
0.133003
0.0371528
0.184572
0.329804
-0.0281307
-0.155097
0.367311
-0.105114
-0.464834
0.102559
-0.288651
0.173083
-0.459814
0.162168
-0.270821
-0.0747578
0.139115
0.521548
-0.184297
-0.230281
0.00850908
-0.184484
-0.320044
-0.172988
-0.446413
0.0292876
-0.232647
0.166335
-0.0600094
0.312185
-0.338406
-0.129778
-0.086979
-0.0749752
0.33974
0.323712
-0.238684
-0.515912
0.0309373
-0.0104761
0.475208
0.00737754
0.0175169
0.118875
-0.0580536
0.356633
0.214735
0.271245
-0.408285
-0.403791
0.161309
-0.0466983
-0.249265
0.458266
0.314001
0.299305
-0.241103
0.201865
0.0265136
-0.111207
0.103652
-0.0355891
0.120456
-0.0968342
0.207449
-0.0451862
0.222172
0.485675
0.341014
0.438071
-0.260532
0.166218
0.562564
0.474244
0.00742211
-0.0610113
0.248841
0.496617
0.245677
0.266345
0.484298
-0.272412
-0.00407377
0.284808
-0.479163
-0.0360758
0.153009
-0.13893
-0.26106
-0.0588264
0.460784
-0.0618456
-0.0789542
0.317466
-0.0263577
-0.318803
0.327592
-0.440019
0.507689
-0.0500069
0.209509
-0.212082
-0.228726
-0.462936
0.297333
-0.424456
-0.0681408
-0.192643
0.425591
0.174096
0.197311
0.237439
0.0794085
-0.0179385
0.65753
-0.36814
-0.0921251
-0.363755
0.362029
0.450544
0.037298
-0.0435682
-0.106694
-0.0119893
-0.0585996
0.55434
-0.0787738
0.251536
0.957706
-0.0183735
-0.150465
-0.085489
-0.357428
0.597435
-0.074142
-0.149564
0.463316
-0.241228
0.227808
0.283544
0.396419
-0.203054
0.384831
0.110768
0.318929
0.369983
-0.0134785
-0.287933
0.136831
-0.122676
0.209422
-0.0593036
0.386582
-0.200277
0.170896
-0.211087
0.235072
-0.238209
-0.108128
0.241787
0.179143
-0.0738367
-0.090967
-0.0944499
-0.219911
0.41537
0.335791
-0.379889
-0.165658
-0.156116
-0.312671
-0.371434
-0.00912111
0.224344
-0.324543
0.0989955
0.0693898
-0.166335
0.140283
-0.339663
0.418802
-0.137787
0.718257
0.24181
0.380028
-0.219404
-0.317829
0.288728
0.476701
-0.0336096
-0.221539
0.265074
-0.0277113
-0.0771759
0.368984
-0.320553
0.419697
-0.329003
-0.458245
0.405274
-0.0534657
0.175576
-0.32433
-0.109555
0.161157
-0.423746
-0.11363
0.286646
-0.16611
-0.376802
-0.164449
-0.413146
0.13881
0.0172109
0.169859
0.399385
0.60762
0.335431
0.306918
0.457227
-0.0759408
0.130851
0.337196
-0.230302
-0.413596
0.00248116
-0.39335
-0.0337452
-0.0491743
-0.511457
-0.141986
0.172027
0.17539
-0.156284
0.215578
0.21406
-0.0435267
0.16537
0.0227735
-0.227491
-0.0380404
0.279692
0.0068933
-0.106663
0.272416
0.348205
-0.094018
0.042726
-0.0223471
0.0772918
-0.25298
-0.214948
-0.334864
-0.372417
0.251309
-0.133311
-0.254635
-0.281252
-0.464435
-0.255489
0.48117
0.00166236
-0.455818
-0.277074
0.286232
0.00975733
0.102209
-0.350817
0.364267
-0.100423
0.0567038
0.113613
0.416403
-0.0454565
0.518006
-0.130227
-0.290294
0.450104
-0.18827
0.187567
0.292512
-0.428887
0.144067
0.0479362
0.377915
0.440188
0.236872
0.273038
0.443285
-0.399046
-0.457989
-0.201222
-0.256523
-0.0497984
-0.343549
-0.0313378
-0.0674148
-0.275006
0.141752
0.0909624
0.168027
0.449572
0.0335468
0.479751
-0.138206
0.277273
0.102776
-0.165279
-0.295913
0.245817
-0.486529
0.454807
-0.187459
0.018615
-0.331486
-0.203052
-0.35246
0.400354
-0.117558
-0.459084
-0.0281428
0.0740589
0.10153
-0.327614
0.434353
0.26641
0.335662
-0.211791
-0.470798
0.262594
-0.273017
-0.160431
0.344443
-0.566041
-0.255402
0.200094
0.259598
-0.0986623
-0.0914076
0.241171
0.159248
0.193829
-0.534732
0.152677
-0.0820858
-0.125497
-0.325475
0.151227
0.203174
0.349161
-0.571137
-0.231333
-0.0172255
0.303037
-0.523345
0.0783357
-0.226981
-0.227829
-0.16834
0.149966
0.371887
0.424677
0.383937
0.199576
0.188535
0.161939
-0.369716
-0.221372
-0.398441
-0.36675
0.123127
0.245159
0.303839
-0.230725
0.333537
-0.0771227
-0.56685
-0.406325
0.43689
-0.391902
0.409716
0.105505
0.352336
-0.159829
-0.536914
-0.240576
0.392653
-0.211106
-0.0415419
0.369982
-0.426367
0.128081
-0.340697
-0.446451
0.310327
0.121032
0.297889
-0.446488
-0.26731
-0.180604
0.445286
-0.38948
0.239421
0.0737468
0.11056
0.361861
0.418583
0.31369
-0.191334
-0.0216192
0.298451
0.26377
-0.0569223
0.305049
0.125082
0.272889
0.362801
0.028904
-0.0765254
-0.350496
-0.154569
-0.110737
0.376408
0.611426
0.0195042
0.12572
-0.0575998
0.166951
-0.030559
-0.382265
0.222308
-0.270745
0.488614
0.194275
-0.224899
0.257417
-0.180846
-0.109719
0.238911
0.203571
-0.196313
0.0291255
-0.146175
-0.00232283
-0.0925347
-0.172151
-0.414195
-0.0209639
0.278039
0.460038
-0.163135
0.145226
-0.352546
0.172218
-0.454374
-0.453296
0.0860264
0.0515742
-0.133194
0.0991727
0.162677
0.177582
0.140777
-0.516755
-0.507298
-0.375289
-0.0967725
-0.299346
-0.0755619
0.117162
0.271217
-0.406684
0.160868
0.175078
0.305684
-0.0910731
-0.0616972
0.138451
0.378476
0.177093
-0.387793
-0.020907
-0.314202
0.00252264
-0.0870058
0.230184
-0.23338
-0.485642
0.15751
-0.173118
0.0929209
-0.0448562
-0.255673
-0.824416
0.0375769
0.4432
0.199458
0.380589
0.243916
0.0573201
-0.408149
-0.70679
-0.410944
0.456598
0.31966
0.417762
0.0286706
-0.00566654
0.321707
-0.289694
-0.312736
0.0241917
0.355714
0.10372
-0.458054
0.265317
0.259865
0.424352
0.512516
-0.443126
-0.0423007
0.00263136
-0.156213
0.251363
0.618985
0.0650189
-0.246015
0.356622
-0.51058
-0.368968
0.422111
0.328105
-0.202261
-0.475966
-0.608168
0.0365995
0.394827
0.341741
0.33032
-0.00868672
0.532957
-0.241941
0.399493
0.181686
-0.289935
-0.371868
-0.0716044
-0.456853
-0.0862462
-0.213629
-0.0346756
-0.35231
0.301568
0.291788
-0.215347
0.545481
-0.182155
0.441768
0.179458
0.506572
0.422689
0.507683
0.399385
-0.412922
0.31325
0.208212
0.179171
-0.464699
-0.3875
0.318421
-0.237164
0.378033
-0.432024
0.244245
0.27711
0.0595726
0.134034
0.240287
-0.148154
-0.0371006
-0.155777
-0.393391
0.307956
0.45983
0.0690067
-0.0753127
-0.0437078
0.0154705
-0.384289
0.327984
-0.292798
-0.0239138
0.0465958
0.254452
0.150144
-0.144697
-0.0251294
0.302317
0.408539
-0.0487712
0.12913
-0.11778
-0.347717
-0.319818
0.417918
0.149412
0.023266
0.148378
-0.177511
-0.220139
-0.0264203
-0.279665
0.616671
-0.177626
-0.486495
0.0834989
0.0999142
0.0582503
-0.348842
0.258538
0.183545
0.0530063
-0.0400598
0.16884
-0.442407
0.340311
-0.415369
-0.11604
-0.0894698
-0.371784
0.150518
-0.111121
-0.502086
-0.00489886
-0.230117
0.20323
-0.450963
-0.348721
-0.387798
-0.383749
-0.413896
-0.51187
-0.543781
-0.252785
0.00961744
0.32876
0.429762
0.0192751
-0.305905
-0.466085
0.252099
-0.457877
0.0386092
-0.190126
-0.255639
-0.463944
0.0389425
-0.363701
0.300877
0.174061
-0.0767287
0.0578909
0.0946754
0.396573
-0.335472
0.129504
0.0697558
0.0742049
0.331427
-0.123634
-0.230642
-0.0310742
-0.389777
-0.259692
0.223073
-0.454693
0.333998
-0.524443
0.287602
-0.0584371
0.205088
-0.189089
-0.236854
-0.542516
0.359403
-0.0530642
-0.226005
0.323079
-0.449819
-0.0588787
0.201894
-0.0277399
0.244494
-0.300901
0.0516551
0.402067
-0.24157
0.264939
0.117523
-0.251332
-0.470955
0.368911
-0.153414
-0.263846
0.0896648
0.482865
-0.156411
0.254839
-0.281725
-0.0800089
-0.227757
-0.196147
0.295829
0.383605
-0.152531
0.449699
0.331026
-0.402995
-0.0133411
0.142325
-0.235325
0.344604
0.173416
0.282082
0.436174
0.299695
0.265018
0.467109
0.184221
0.0145094
-0.342652
-0.417137
0.403954
-0.255475
0.392974
0.110431
0.216243
0.490934
-0.367308
0.109134
-0.199374
-0.288602
-0.323377
-0.294401
-0.145091
0.240742
-0.0518787
-0.45879
0.0454186
-0.219209
-0.0833848
-0.0748272
-0.0637675
0.201941
0.42124
0.124394
-0.327638
-0.3147
0.41564
0.0244171
-0.311205
0.0708805
-0.0257149
-0.0701833
-0.0698699
0.00571213
-0.480295
-0.246938
-0.0793747
0.351651
-0.470407
-0.205023
-0.188465
-0.476828
0.181827
0.437204
0.348174
-0.25704
0.32288
-0.337718
-0.494654
-0.502264
0.389252
-0.451339
-0.13892
-0.16356
-0.198249
-0.472319
-0.296458
-0.422929
-0.117212
0.243482
-0.0786138
0.0866548
0.386199
0.278954
0.243216
-0.0388844
-0.264617
-0.384764
0.428485
-0.247954
-0.293469
0.269377
-0.179216
0.420878
-0.00467963
-0.448738
-0.138375
0.0508297
0.347199
-0.151318
0.202052
0.092825
-0.235553
0.0707481
-0.240627
0.0109865
-0.152363
0.0870108
-0.29052
-0.140559
-0.134815
-0.176774
-0.111749
0.253798
0.214414
-0.45594
-0.168883
-0.146275
0.157399
0.13658
0.318065
0.121143
0.166142
-0.158614
0.0148653
-0.0358219
-0.0547207
0.042483
0.171716
-0.238778
0.419395
0.168553
0.100977
-0.0837687
0.0151103
0.00620446
-0.0919407
0.068142
-0.0199463
0.0412148
0.191446
0.08047
-0.0312089
-0.334538
-0.0373307
-0.123542
-0.167726
0.270932
-0.861171
0.489102
0.140872
0.127791
0.385158
1.1829
0.275903
-0.235493
0.121946
-0.495324
0.0269965
-0.0241344
-0.0923745
0.0834199
-0.0820198
0.323267
0.158949
0.00880997
0.152393
0.178113
-0.184954
-0.122771
0.326235
-0.0475401
-0.0716975
0.0523885
