#input normalization
0.16111 0.272711
76.7161 70.4846
9.57694 38.3707
7.92497 31.9109
0.011208 0.0443433
0.00879057 0.0338798
0.542988 1.36901
0.823511 1.27769
1.05267 1.47112
1.29982 1.67897
1.57855 1.87949
1.86027 2.06281
2.12999 2.22636
2.39629 2.3791
2.64341 2.50023
2.87854 2.5868
3.10222 2.64749
3.30893 2.68228
3.48879 2.68793
3.62724 2.6498
3.75209 2.59835
3.85097 2.5101
3.92847 2.41397
3.96982 2.29961
3.99558 2.16779
3.98964 2.01953
3.9519 1.86013
3.89572 1.68228
3.7862 1.48252
3.65921 1.28429
3.54363 1.09712
3.41767 0.920599
3.26231 0.743118
3.10185 0.573586
2.93657 0.413281
2.78635 0.266603
2.61822 0.128358
2.47497 0.00581553
2.31182 -0.108566
2.15912 -0.216386
2.01145 -0.313389
1.88168 -0.396232
1.74745 -0.473142
1.6062 -0.546088
1.47361 -0.610379
1.35188 -0.666024
1.24237 -0.713798
1.14713 -0.754866
1.05185 -0.792851
0.964275 -0.824962
0.883273 -0.854466
38.1053 49.985
7187.57 4869.21
#output normalization
1 0
#neurons weights
-0.13683
0.336189
0.390956
0.168902
0.372357
-0.338813
0.047888
-0.246016
-0.19413
0.227583
-0.301997
0.0838387
-0.285951
0.273192
0.286566
-0.248478
0.371108
0.212424
0.0735529
0.397503
-0.402477
-0.239019
0.250266
-0.0406904
-0.487031
0.324367
0.49903
0.354821
-0.182312
-0.384465
0.152373
0.358613
-0.0793617
-0.0670636
0.0133448
0.253422
-0.178823
0.33551
0.20841
-0.00135481
-0.135343
0.0932384
0.389835
0.430518
0.114379
0.426581
-0.400842
-0.337715
0.0189735
-0.0663812
-0.0437142
0.288797
0.0339909
0.127654
0.289673
-0.218854
-0.636221
0.225681
0.863784
0.0468243
0.318582
-0.161418
-1.04802
-0.0906983
0.0423755
-0.69605
0.469157
0.44624
0.476097
0.160921
-1.05432
0.0197557
-0.178878
0.637592
-0.808906
0.583429
-0.31686
0.524862
-0.21634
0.395422
0.639271
0.281626
0.544261
-0.126609
0.103403
0.0926168
-0.389428
-0.170859
-0.801307
0.476774
0.175676
0.4672
0.410059
0.500493
-0.351117
-0.161397
0.270659
0.298445
0.146309
-0.359998
-0.0164458
0.454668
0.55012
0.255301
0.455053
-0.158426
0.527669
0.0698029
-0.0100213
0.194951
-0.327667
0.454645
0.239274
0.00231845
0.258608
-0.0560711
0.380959
-0.376137
-0.0327222
-0.327322
-0.560927
0.201758
0.0625499
0.346449
0.291411
0.164015
0.330868
0.506203
0.104772
0.368744
0.172418
-0.472937
0.280405
0.356814
0.0509469
-0.0822898
-0.237324
0.192881
0.217813
-0.237799
0.29701
-0.358903
0.35212
0.133645
0.349116
0.248141
-0.660099
0.0448086
0.365913
-0.315749
-0.0348836
0.403002
0.155873
-0.00568332
-0.112801
-0.442266
0.14025
0.137964
0.308827
-0.103971
0.0922423
#synapses weights
-0.27594
0.307629
-0.312014
0.461461
-0.336108
0.0574717
0.0685862
-0.379622
-0.156113
0.0355605
0.261415
-0.0753997
-0.196741
0.383079
0.135242
0.410889
0.135697
0.26478
-0.0630666
-0.0757641
0.398087
-0.119072
-0.282744
-0.390059
0.279565
0.429747
0.328608
0.210945
0.0625297
-0.209664
-0.0192245
0.300715
-0.0347698
0.214772
0.0608314
0.32775
-0.228076
-0.268325
0.00254314
-0.104613
0.309109
0.195588
-0.115718
0.0145748
0.0453038
0.298538
-0.0383393
0.148625
0.365533
0.488163
0.360492
0.224357
-0.752804
0.362249
0.516246
0.0378629
-0.298198
0.353252
-0.368139
-0.0248291
0.0996882
0.397633
0.455881
0.471125
0.0801222
-0.372288
0.151003
0.335839
-0.428058
0.110779
-0.191582
0.185703
0.320505
0.108708
0.474978
-0.233027
-0.384549
0.0773571
0.289542
-0.0337693
0.152013
-0.334223
0.497817
-0.35287
0.363751
0.140065
-0.194692
0.222561
-0.207008
-0.476091
0.504685
-0.204975
0.101721
0.0868571
0.109529
-0.284752
0.00839694
0.161073
0.279461
0.482368
-0.255267
-0.0711248
0.0329556
0.022904
-0.331667
-0.154557
0.111543
-0.354562
0.176188
-0.114811
-0.247648
-0.00859005
-0.553493
-0.434801
-0.128743
0.0074557
0.11533
0.336126
-0.139633
-0.0183493
0.125956
0.209415
0.0576913
0.452646
-0.003893
0.0143491
0.00316585
0.48171
-0.457686
0.427495
0.0944986
-0.257676
-0.119398
0.199683
-0.46313
-0.171928
0.23641
0.449643
-0.299758
0.384098
-0.265
-0.342042
-0.202221
-0.241978
0.147919
0.346426
0.345168
0.276121
-0.295583
-0.12348
-0.0818516
0.445542
0.0281346
-0.282796
-0.291922
0.23363
0.130183
0.715264
-0.538748
-0.126099
-0.137628
-0.204738
0.328465
-0.229752
-0.0827377
-0.83483
-0.375202
-0.521552
0.0457816
-0.367027
-0.178455
0.291204
0.305678
0.152906
-0.225474
-0.436075
0.415072
0.313058
0.0140205
0.381524
0.0161858
0.130698
-0.0675114
-0.558972
0.391168
-0.267649
-0.241326
-0.383992
-0.0654068
0.408763
0.0935706
0.0486903
0.397039
0.00298038
-0.438419
0.0845981
-0.39802
0.298383
-0.131347
0.316183
-0.123891
-0.213483
0.36044
-0.0648691
0.357957
0.205237
0.0244026
0.120806
0.30188
0.378893
-0.538865
-1.3105
0.135648
-0.308691
0.186156
0.00637729
-0.37673
0.162131
-0.0319164
-0.283343
0.328704
0.368272
-0.304427
0.326163
-0.262584
0.0393485
0.264284
0.0701019
-0.152757
0.463169
0.213049
0.334817
0.399792
0.15197
0.0559504
-0.207071
0.289196
-0.166957
0.281458
-0.028714
0.140155
0.190318
0.355892
0.414198
0.392827
0.438032
-0.200731
0.157962
-0.425761
-0.247455
-0.0289989
-0.0585161
0.247652
0.0345817
0.255531
0.257446
-0.0261983
-0.475884
0.32301
-0.137134
0.475476
0.133159
-0.376195
-0.349682
0.536458
0.0604725
0.133116
-0.11625
0.191305
-0.0568346
0.169819
0.809316
0.352943
0.175261
-0.0412848
0.300533
0.0126015
-0.269833
0.019218
0.278775
0.121433
-0.0111208
-0.45253
0.375742
-0.300907
-0.0421908
0.261031
0.0605278
0.303912
-0.237964
-0.28827
0.360125
-0.158613
-0.00718889
0.238668
0.132516
-0.299583
-0.269605
0.428561
-0.415984
-0.386274
0.161572
0.236237
-0.0987409
0.180285
0.271006
-0.0862423
-0.0465971
-0.403294
0.0917801
-0.128501
0.0808589
0.211127
0.157275
0.248893
-0.258336
-0.0762582
2.26782
-0.334365
0.0218776
-0.416549
0.427918
0.0913304
-0.217109
0.871955
0.115202
-0.069782
-0.0588432
-0.151688
0.409476
-0.139164
-0.0140728
0.121626
-0.198253
0.317088
0.307217
0.115201
-0.267286
0.28466
0.224426
-0.274719
-0.207013
0.0728837
-0.204162
0.12176
-0.34764
-0.0902037
-0.216164
-0.343426
0.368067
0.437681
-0.285441
0.366851
0.418973
-0.307742
0.0669947
-0.340833
-0.0640397
0.00857509
-0.121124
0.0682724
0.243044
-0.037593
0.130232
-0.381904
0.0834813
0.287565
0.335268
-0.000586008
0.41506
2.13692
0.0222367
-0.278486
0.194759
0.190107
0.264286
-0.284243
0.913657
0.101807
-0.0529982
0.29872
-0.321132
-0.200933
0.0405942
0.192318
-0.0336784
-0.231605
-0.372275
0.200965
-0.0451259
-0.120917
0.275171
0.0158703
0.476465
0.116421
-0.0493523
-0.173075
0.0876601
-0.212476
-0.427435
-0.144075
-0.311879
-0.12795
0.360864
-0.114552
0.552058
-0.315642
0.220858
0.0585209
-0.233776
0.330132
0.273095
0.362289
-0.0633572
0.077533
0.178178
0.237576
-0.323576
0.0351544
0.0753688
-0.445408
-0.275145
0.23682
1.64218
0.19988
-0.227256
0.404453
-0.426698
0.163908
-0.27368
-0.246014
-0.226061
0.371677
-0.339593
0.410829
0.127427
-0.265317
-0.194679
0.0743
-0.144884
-0.197988
0.482037
-0.344859
-0.0717861
-0.241326
-0.0229967
-0.0899189
0.36174
0.0779801
0.262524
0.0586973
0.38853
0.352146
0.247125
0.0312923
0.122567
0.520322
0.00653709
-0.246112
-0.393217
0.213373
-0.35771
0.283555
0.12585
0.212694
-0.321344
0.409679
-0.227353
-0.457425
0.126135
0.112439
0.0380766
0.442567
-0.310671
-0.437629
0.209674
0.885349
-0.0289732
-0.382874
-0.225204
0.105055
-0.00531138
0.426016
-1.05714
-0.0739602
-0.0886317
0.337197
-0.145688
-0.291159
0.205383
-0.224373
0.451688
-0.0479142
-0.0748558
-0.164959
0.20597
-0.168089
0.504845
-0.310893
0.116169
-0.317091
0.107583
-0.0321687
0.00845325
-0.396963
0.4378
0.25908
-0.471395
0.10475
0.327669
0.105488
0.0811493
-0.333066
0.189807
-0.0492895
0.181348
0.344244
-0.211504
-0.364033
-0.195954
-0.170152
0.0544197
0.0931843
0.198778
-0.157306
0.29045
-0.27274
0.132294
-0.155022
-2.14996
0.0975812
-0.0385686
-0.0317207
0.107033
0.207483
-0.342165
0.37102
-0.221496
0.544935
0.151815
0.244023
-0.48268
-0.0477069
-0.291962
-0.283425
-0.118772
-0.416753
-0.291364
-0.4747
-0.289864
0.195722
-0.0319751
-0.436371
-0.0977975
-0.16872
0.10364
-0.140888
-0.0845668
0.0817442
-0.172921
-0.138086
-0.14859
0.0407168
0.162541
-0.192377
0.286576
-0.276192
0.252622
-0.0318105
-0.0723978
-0.0149413
0.339415
-0.00299497
0.116321
-0.121934
-0.10018
-0.415742
-0.246457
-0.445821
0.022528
0.0871723
-0.433633
-0.241267
0.246308
-0.15487
-0.332894
0.186385
-0.250649
-0.289595
0.398385
-0.34309
-0.309524
-0.411002
0.152963
0.21821
0.429667
0.283499
-0.236747
0.486701
-0.191185
0.335329
-0.243763
-0.184849
-0.177318
0.249576
-0.053629
-0.315058
0.230025
-0.0409667
0.381588
-0.0899369
0.236022
-0.165769
0.284204
-0.259917
0.0832952
-0.286196
-0.340625
-0.0532553
-0.214425
0.0920591
0.0179491
0.186218
0.226354
0.346656
0.194601
-0.0607851
0.213929
0.357663
-0.420318
-0.209678
-0.153433
0.258869
0.0558349
0.136666
0.270103
0.334338
0.330739
0.231048
0.090557
-0.248649
0.0351194
0.226523
-0.213422
0.00678461
-0.0261258
-0.095267
-0.0210027
-0.152762
0.186152
0.20426
-0.163595
0.113612
-0.253397
-0.180272
0.187336
-0.198265
0.0226545
-0.360171
-0.0236902
0.311622
-0.122197
0.1789
0.0266632
-0.280015
-0.0434505
0.112485
-0.0645265
-0.239966
0.3626
-0.129666
0.0669886
-0.297886
0.456103
-0.0318069
-0.219756
0.0170516
0.0415506
-0.0434351
-0.00526636
-0.0946938
0.148827
0.319871
-0.185683
0.0646066
0.0790889
-0.0458146
-0.207953
-2.76362
-0.0625569
0.0322575
0.272578
-0.0953563
-0.0310055
0.39185
0.130186
0.0846105
-0.117971
0.151975
0.0786401
0.0809166
0.296007
0.388779
0.329389
0.00991973
0.3952
-0.220226
-0.363309
0.194453
0.509068
0.352918
0.536996
-0.465847
-0.337037
0.447051
0.0784088
0.161477
-0.367553
-0.412405
-0.363087
0.183423
-0.378775
0.300963
0.150497
-0.0710753
0.251172
0.495694
-0.183511
0.412306
-0.188486
-0.0040245
0.375294
0.310047
0.39565
0.0891754
0.504509
-0.411018
-0.310499
0.0951291
-0.488671
0.00361893
0.622205
0.0562354
0.141224
0.277671
0.248663
0.158598
-0.359922
0.679229
0.28556
-0.544955
0.200727
0.245449
0.441012
-0.256741
-0.0763433
-0.125666
-0.111163
0.213945
0.10438
-0.171892
0.268786
0.256874
-0.371335
0.283097
-0.461231
-0.167957
-0.0832942
-0.289555
-0.356857
0.0375676
-0.0684761
-0.118305
-0.101275
-0.0108192
-0.378486
-0.168276
0.237811
-0.124751
-0.0908933
0.0586681
-0.0680193
0.159311
0.241101
-0.677499
0.192232
0.035707
-0.0949515
0.278335
-0.210882
-0.634954
-0.175367
-0.101668
0.0855989
1.70209
-0.444976
0.360034
-0.0214467
-0.374939
-0.148952
0.382693
-0.105862
0.0567718
-0.321689
-0.069606
-0.414465
-0.145019
-0.068805
-0.108803
0.110194
0.0661354
0.546994
-0.014104
-0.173202
0.467096
0.16384
-0.461169
-0.311782
-0.316452
0.464371
0.127365
0.45095
-0.453209
0.426408
0.436339
-0.139543
0.226718
0.180633
0.160209
0.219428
-0.460831
-0.40375
0.291907
0.214795
0.394027
0.369607
-0.423627
0.346437
0.289696
0.308919
0.418648
-0.416728
0.00783848
0.378617
0.425319
-0.206508
-0.409247
0.0717344
-0.00848228
0.454217
-0.173062
-0.299469
0.284675
0.307421
0.442077
0.474895
0.350697
-0.0179469
-0.169453
0.146476
-0.38145
-0.0781249
0.392772
-0.330032
0.0765351
0.182229
0.211064
-0.114544
-0.239437
-0.289227
0.28168
-0.0333092
-0.0845471
-0.0705699
-0.262231
-0.409847
-0.330294
0.238255
0.0714551
-0.0236595
0.266438
-0.238378
-0.401149
-0.0429417
0.468758
-0.0584235
-0.0849226
0.457554
-0.147571
0.564631
-0.105572
-0.0753252
0.290078
0.00698954
-0.296446
-0.355667
-0.167685
0.0101744
-0.265459
0.0451817
0.754703
0.203062
-0.200232
0.0466032
-0.0259602
0.0629968
0.0399843
-1.14981
-0.0441276
0.0568806
-0.181693
0.0479847
0.058783
-0.0805356
0.297122
0.217038
-0.362871
-0.0590638
0.225125
-0.360969
0.123595
0.0131136
-0.323441
0.33391
0.122144
-0.238146
-0.0925956
-0.247272
0.166326
-0.3538
0.0598958
0.266127
0.172134
0.121752
-0.117954
0.202693
0.0497292
-0.161799
-0.192997
0.178275
0.221921
0.136359
-0.208556
0.296459
-0.0202355
-0.294904
0.104283
-0.158186
0.208573
-0.129516
0.267095
-0.329517
-0.392725
-2.61257
-0.23928
-0.344506
0.0973094
-0.200052
-0.383051
-0.00686005
-0.140604
0.291355
-0.228542
0.255244
-0.29567
0.00679209
0.250747
0.245563
0.418291
-0.352655
-0.157729
-0.126834
-0.244761
0.491951
-0.264424
0.489263
-0.199951
0.466587
0.226219
-0.0935926
-0.18201
0.0105626
0.0700199
-0.377195
0.120006
0.04856
0.190869
0.0735282
-0.379877
0.205745
0.110523
0.144101
-0.324913
0.293547
0.140303
-0.263693
0.246064
0.0345843
-0.148653
0.0662941
-0.0902717
-0.315572
0.129048
0.126704
-0.0776553
0.119385
1.94436
0.186045
-0.353327
0.422229
0.121291
0.198681
0.226557
0.404431
0.202167
0.52917
0.0459446
0.532815
0.307624
0.13605
-0.22667
-0.0734124
0.344251
0.0963438
-0.39047
0.32087
0.229249
0.231973
0.278742
0.395277
0.469558
0.0334303
-0.0717181
0.371863
0.320131
-0.258596
-0.0436611
0.028591
-0.290168
0.146007
0.368709
-0.262656
-0.248925
-0.0336921
-0.159476
0.24789
0.427368
0.306252
0.50387
0.132634
0.147666
-0.277395
0.45392
0.238525
0.316896
-0.0143789
-0.166768
0.0526592
0.0287801
0.502451
0.199634
0.116339
-0.341596
0.40595
0.0591259
-0.0741956
0.193255
0.225718
-0.279123
0.253556
-0.0244262
-0.409637
0.0993472
0.000914238
0.484656
-0.370491
0.0560337
-0.027286
-0.0955152
-0.168023
-0.397056
0.410974
-0.365027
0.318354
0.222625
0.138994
0.431581
0.355696
0.0582801
0.335296
0.511495
0.247464
-0.386399
0.439305
-0.103752
-0.405037
0.286621
-0.352476
-0.0621349
-0.326215
0.130322
0.374661
-0.218179
-0.351958
0.400738
-0.155114
0.24785
0.174203
0.32123
-0.144351
-0.126126
-0.0605473
0.53171
-0.282896
0.178501
0.286686
-0.406073
-0.0436715
-0.0121161
0.391502
-0.173768
0.203675
0.000564195
-0.164132
-0.189254
0.266919
0.24235
-0.121508
-0.158049
-0.231653
0.0287836
0.295225
-0.0886114
-0.0264661
0.256488
0.331039
0.00889414
-0.414485
-0.112167
-0.214636
0.263504
0.330165
0.0570417
-0.311331
0.535147
-0.253837
-0.111286
-0.206298
-0.343765
0.168447
-0.101829
0.0329631
0.439519
0.335155
-0.334332
-0.119496
0.286327
0.0392347
-0.171847
0.00244574
-0.355257
-0.463919
0.0788163
-0.411189
-0.0596157
-2.02305
0.103285
0.360492
0.184677
0.00386126
-0.105407
-0.172355
0.278793
-0.270921
0.109861
-0.292441
-0.234448
-0.0910507
0.146512
0.441564
0.290368
-0.483442
-0.220779
-0.147305
0.486518
0.10101
0.116567
0.450887
0.498448
0.313537
-0.040514
0.0826107
-0.360766
-0.0843472
0.17739
0.00498162
0.461995
-0.46767
0.324169
0.0881096
-0.119772
0.0602039
-0.3393
0.498362
0.352389
-0.22953
0.221743
-0.215336
-0.296255
0.195158
-0.0756802
0.0018891
0.290219
0.351969
0.0997193
-0.391019
-0.158826
0.535102
0.172758
-0.27871
-0.195135
0.101115
-0.0663901
0.360615
0.227385
-0.729747
0.23478
0.132751
0.0422684
-0.18924
-0.27437
-0.100323
-0.0260422
-0.194942
0.331307
-0.0256782
0.117177
0.0495882
-0.403739
-0.00414886
0.232266
-0.0843857
0.402831
-0.425186
-0.324857
-0.344177
0.246761
-0.186823
-0.274853
-0.349387
-0.415743
0.576719
-0.43317
0.00937766
-0.226311
0.189293
0.0372125
-0.230105
0.140589
0.207652
0.00428281
0.397671
0.0936751
-0.380922
-0.0614482
0.165617
0.109454
-0.404072
-0.379141
0.0343931
0.227055
0.843141
-0.208581
-0.458481
0.359496
-0.086519
-0.288047
0.527998
0.378718
-0.447552
0.41001
-0.168846
0.193213
0.32613
-0.0873203
0.23066
-0.301252
0.420476
-0.118203
0.416533
-0.146872
-0.299479
0.0104034
0.117671
-0.136394
-0.457464
0.477939
0.0872524
-0.451246
-0.232207
-0.441665
0.28499
0.169855
0.352322
-0.217859
0.0421339
0.15684
-0.271913
-0.0167632
-0.230174
-0.217909
-0.477178
0.0577294
-0.194787
-0.492338
0.176506
-0.518795
0.0353338
-0.0492217
0.159631
0.103801
-0.41742
0.0459357
0.00785745
0.674886
-0.1624
0.220075
0.0705285
0.458909
0.399549
-0.393384
-0.911137
0.121394
0.325709
0.320324
0.0382127
-0.199705
-0.268241
-0.00424209
-0.330539
0.200285
0.354465
0.00843733
0.0840981
0.0596398
-0.0218968
0.0526234
-0.473858
0.338473
0.333469
-0.428044
0.573833
0.148844
-0.159812
0.242452
0.355642
-0.0753754
0.0566165
0.0318348
0.0608377
-0.315083
-0.0369775
0.652973
-0.0539781
0.406332
0.122611
-0.0854731
0.000564289
0.383553
-0.196808
0.248624
0.0702967
0.57495
-0.147921
-0.143407
0.619712
-0.436659
-1.74388
-0.141126
-0.0328691
-0.173088
0.201899
-0.206649
0.533993
-0.215246
-0.013898
-0.471754
-0.114345
0.0745685
0.437651
-0.412545
0.242924
0.216001
0.27987
0.23467
-0.0203079
-0.382089
-0.136109
-0.130298
-0.500831
-0.077555
-0.471266
-0.0792575
-0.0930391
-0.246041
-0.337944
0.046588
-0.181377
-0.146048
-0.134077
0.0287019
0.0704717
-0.451781
0.153027
0.487748
0.333689
0.456673
-0.0128385
-0.261752
-0.150343
-0.434906
0.301484
-0.21237
-0.269149
-0.11351
0.140985
0.204995
0.273462
-0.318907
0.00512674
0.169853
-0.372717
0.304916
0.132519
0.0791463
-0.389185
0.257012
-0.171741
-0.190356
0.0948041
-0.053863
0.355571
-0.430902
0.0591814
0.255928
0.0696927
0.104532
-0.304897
-0.439948
0.290872
0.460229
-0.236511
-0.349263
-0.158115
-0.037612
0.249946
0.255996
-0.132555
0.411465
-0.282374
0.0469779
-0.302699
0.263196
-0.0888129
-0.195669
-0.104564
0.350892
-0.343996
0.0996359
-0.145918
-0.287411
-0.0393602
-0.337454
0.506427
0.276206
0.0629662
-0.0012876
0.445989
0.198394
-0.291409
0.561437
-0.534956
0.302503
1.50655
0.0706372
0.0709636
0.405588
-0.171428
-0.212142
0.0886179
0.550188
0.0504465
-0.0516678
0.24431
0.00290938
-0.119055
-0.101394
0.115184
0.00899933
0.0780184
-0.11306
-0.18005
0.122492
0.141969
0.11168
0.0847468
-0.106392
0.376592
-0.204384
0.150204
-0.0404568
-0.249612
-0.249764
-0.139158
-0.0816429
0.351057
-0.394874
0.248731
0.277842
-0.296728
0.073104
-0.376111
0.51171
-0.201638
0.145388
0.0575915
-0.093788
-0.271592
0.186154
0.137944
-0.0771947
-0.076778
-0.319915
0.0644222
0.188171
-0.467656
2.15361
0.313609
0.330588
0.36273
0.258258
0.422816
-0.35359
-0.591105
-0.0866748
-0.550445
-0.121996
-0.154478
-0.357769
-0.451001
0.00970637
0.343474
-0.00529849
-0.387204
-0.305299
0.222244
0.307805
-0.0277216
0.342421
0.302121
-0.363902
-0.0116956
6.31169e-05
-0.292447
0.400299
0.339161
0.26984
0.427915
-0.365272
-0.00990007
0.0147006
-0.0461578
0.347639
-0.415473
-0.3
-0.339935
0.262566
0.0705225
-0.33789
0.130492
0.00164763
0.000639978
-0.377456
0.230935
0.4195
0.499608
0.244652
-0.298772
-0.284809
0.38567
-0.138128
-0.472602
-0.289794
0.317091
0.199271
0.346158
0.0617331
0.0921239
-0.399159
0.200162
-0.23829
-0.0696444
0.0842527
-0.422702
-0.328311
-0.278813
-0.329604
-0.247104
0.205548
0.100437
-0.419243
-0.326543
-0.0583719
-0.107269
-0.373324
-0.0390433
-0.338894
-0.0441209
-0.291554
0.00138654
0.334059
0.259817
0.295391
-0.00543747
-0.373403
-0.355752
0.458722
-0.266689
0.461658
0.279979
-0.376519
-0.472751
-0.151843
0.197899
-0.27737
-0.448717
-0.421895
-0.157164
0.0768366
-0.163524
0.245092
-0.193978
-0.415135
-0.396584
-0.0279802
-0.427567
-0.0157309
0.0353383
-0.0480621
0.140075
0.384661
-0.372903
0.252075
0.0216259
0.236831
-0.377782
-0.0675034
0.120688
0.228871
0.00416567
-0.099428
-0.216974
-0.144736
0.488612
-0.321924
0.215097
-0.00395707
0.371816
-0.29641
-0.0530568
0.375773
-0.256835
0.382794
0.0304486
0.371073
0.31024
0.404975
-0.297942
-0.118486
0.251058
0.252851
-0.353222
0.49922
0.359958
0.383812
-0.40336
0.409513
-0.257791
-0.217623
-0.277662
-0.0158634
0.41955
0.0899432
0.166541
-0.0185525
-0.267672
0.177089
0.0560117
-0.146121
-0.439734
0.399138
0.211078
0.286766
-0.622736
0.251005
0.0163477
-0.0360982
-0.461573
0.223366
0.283229
0.0327032
0.119234
-0.0215446
-0.50071
-0.079803
-0.0309888
-0.160563
-0.134861
0.353958
-0.417249
-0.245532
0.300776
0.364503
0.467345
0.199229
0.430678
0.371706
-0.0795656
0.143346
-0.365723
-0.391769
0.497179
-0.199643
-0.0356886
-0.121471
-0.365254
-0.239331
0.0828537
-0.33768
0.204807
-0.316662
0.465128
0.402047
-0.331206
-0.232935
0.04866
-0.287674
-0.382136
-0.239656
0.518402
0.460428
-0.251007
-0.216546
-0.39313
-0.408717
0.269531
0.0325257
0.370385
0.401098
-0.2653
-0.148902
-0.156847
-0.489826
0.336529
0.332227
-0.42696
0.328988
0.145893
0.411048
-0.0325266
0.0121721
0.125427
-0.073937
-0.0594151
-0.0238425
0.365772
-0.219965
-0.332735
0.218731
-0.182702
0.237746
-0.142153
0.0273213
-0.238364
-0.307974
0.235857
0.255184
-0.408671
-0.0940203
0.198372
-0.0672292
-0.078579
-0.441755
-0.105023
0.36864
0.180929
-0.418683
0.229531
0.093641
0.0206925
0.197933
0.510806
0.320511
-0.0888526
0.0629573
0.263567
-0.312178
-0.440742
0.507437
-0.0720939
0.393356
0.338837
-0.0294956
0.099552
0.0349159
0.272162
-0.180796
0.398742
0.347463
-0.139823
-0.299456
-0.525127
0.423546
0.402047
-0.160468
-0.0431071
-0.421507
-0.342203
-0.196982
0.384339
0.42628
-0.265112
-0.324027
-0.191565
0.096246
-0.229528
-0.447099
0.32742
-0.0451585
0.309722
-0.158431
-0.257803
0.295601
-0.198669
0.401107
0.118038
-0.156514
-0.181642
0.412245
0.428086
0.262024
0.0230775
0.193928
0.559817
0.786213
-0.0602859
0.533949
-0.244926
0.418492
0.180768
-0.0818641
-1.14656
-0.0266105
0.0585151
0.050545
0.0298757
0.0174495
-0.292015
0.146413
0.012468
0.314048
0.0114335
-0.337007
0.104472
-0.311036
0.318174
0.0124121
-0.0669771
-0.211384
-0.0432476
-0.110846
0.234521
-0.16304
-0.0986404
-0.169816
0.0213502
-0.0468394
0.215074
-0.323914
0.190777
0.365097
0.0212981
-0.236987
-0.280256
-0.176914
0.41417
-0.235189
0.161654
-0.0973756
0.163194
0.0719322
-0.268588
0.274172
-0.259895
0.254106
-0.171668
0.278399
-2.59239
-0.196938
0.481977
0.131166
0.186583
0.452712
0.429682
0.0536662
-0.325794
-0.210527
-0.18205
-0.269672
-0.0462058
0.0369611
0.23118
0.078941
-0.176706
-0.416753
-0.0946213
-0.00586921
0.180172
-0.108216
0.308929
-0.156751
0.36612
0.179782
0.0671006
0.193768
0.486057
0.0394223
0.227889
-0.0460733
-0.0248118
-0.174803
0.398332
0.362681
0.418792
0.175717
0.379594
0.351713
-0.2266
0.373839
0.286445
0.205699
-0.220502
-0.363962
0.0214779
-0.16376
-0.340216
-0.184996
0.211477
0.0259323
-0.246549
-0.54415
0.392903
0.444423
-0.423425
0.289922
-0.280472
0.0019681
0.156264
-0.0133982
0.179149
-0.233768
-0.288682
-0.11619
-0.362763
0.0554733
0.316086
-0.148691
0.208875
-0.0945178
0.181058
-0.209648
0.458162
-0.288938
-0.367453
0.489647
0.0198127
-0.165592
0.310412
0.388051
0.246614
0.246989
0.291053
-0.313375
-0.373842
-0.124818
0.523691
-0.433357
-0.0379674
-0.1415
0.489913
-0.177515
0.358787
-0.00922252
-0.177343
-0.187372
-0.037253
-0.195971
0.302777
0.0280471
0.0694164
-0.104162
0.251719
-0.526644
-0.396431
0.0109594
0.235756
0.0180575
0.193483
0.405754
-0.323989
-0.114805
-0.3852
0.204513
0.0459198
-0.327339
0.212216
0.0375639
0.145352
-0.159895
-0.175478
0.278201
-0.332266
0.0368973
0.227655
-0.41961
-0.375736
-0.423083
-0.33473
0.320629
-0.0411796
-0.0846292
0.161159
0.208187
0.371006
-0.0219155
-0.105329
-0.0233036
0.278052
-0.277719
-0.456101
0.0646104
0.277824
0.377922
0.394109
0.343267
0.296009
-0.11968
-0.196924
-0.303134
0.365258
-0.317303
-0.180518
-0.0592086
0.0754071
0.228546
-0.507406
0.95567
-0.462981
0.398201
0.142855
0.197639
-0.146141
0.0620016
0.0727094
-0.276119
-0.26674
0.00703022
-0.0562793
-0.503469
0.0429213
0.0520839
0.344152
-0.00159069
0.256935
0.219572
0.118278
-0.141388
-0.169344
-0.115576
-0.0438098
0.130397
0.0867155
-0.457106
-0.100884
0.301924
-0.0771031
0.38551
-0.0927856
-0.0370413
0.18743
-0.195112
0.428423
0.338252
0.217476
-0.216308
-0.111104
0.201462
0.286508
-0.431207
0.368606
0.376266
-0.243088
0.184511
-0.391246
0.345771
0.366166
0.412803
0.0366473
-0.605067
0.0913234
0.507214
-0.421588
0.397134
0.0543585
-0.259008
0.257979
0.531762
-0.0220587
0.231795
-0.0918918
0.054547
-0.445152
0.0812369
0.248224
0.300668
-0.284068
-0.0522075
0.066719
-0.0839513
-0.38636
0.234264
-0.375759
0.0787982
0.206885
0.256309
0.211907
-0.468539
0.292625
0.142169
-0.379327
0.357853
-0.115817
0.254629
0.349757
0.384727
-0.134273
-0.201844
-0.478624
-0.304666
0.226399
-0.28033
-0.299922
0.22994
0.103307
0.374858
0.00491662
-0.0668948
0.273537
-0.306012
0.462596
-0.576197
-0.544283
0.522423
0.0874062
0.108493
0.174967
-0.157481
-0.271572
0.0675572
-0.63884
-0.180043
-0.0510539
0.0841625
0.106771
0.035467
0.188497
-0.251086
-0.381944
-0.23029
-0.325579
0.464617
0.42711
0.357032
-0.15498
0.334413
-0.430747
-0.383872
-0.249661
0.347134
-0.0558597
0.264492
-0.163468
0.455327
-0.183043
-0.21714
-0.227297
-0.383873
-0.352934
0.128297
-0.300802
-0.0854771
-0.409884
-0.0915306
-0.31154
-0.2444
0.116255
-0.196416
0.102315
0.0684114
-0.423534
-0.39978
0.359621
-0.0406548
0.189478
0.434743
-0.613659
-0.0874984
0.467685
0.342731
0.0190374
-0.182734
0.209866
0.695235
0.021545
-0.411755
-0.239529
-0.166059
-0.209758
0.396915
-0.288528
0.398559
-0.202993
-0.308551
0.27503
-0.155781
0.332816
-0.0124481
0.122152
0.215391
0.332444
0.377139
-0.21556
0.286692
-0.148244
0.275113
-0.139299
-0.0325233
0.474837
0.185335
-0.312624
0.380558
-0.265744
-0.235708
0.46306
0.0955151
0.491205
-0.031042
0.173971
-0.386972
0.431033
0.429838
0.106984
-0.308766
0.10377
-0.217034
-0.312463
-0.364481
0.0270377
0.411279
0.398081
0.240672
-0.185985
-0.0289893
0.0315329
-0.247898
-0.402959
0.296408
0.131028
0.302143
0.00613854
0.443327
0.302893
0.294012
0.34998
-0.256642
0.361166
0.493076
-0.517372
-0.235229
0.0672373
-0.348503
-0.235473
-0.451402
0.303706
0.392643
-0.123602
0.127672
-0.480271
0.0980985
0.0434782
0.4831
-0.298447
-0.274687
-0.490646
-0.413661
-0.285402
-0.197541
0.36367
-0.322838
-0.0404374
0.204389
-0.191382
0.455788
-0.236847
-0.403032
-0.399142
-0.360464
0.174903
-0.0671971
0.107148
-0.193099
0.54096
-0.36056
-0.105916
0.217372
0.215932
-0.390435
0.242943
-0.13575
-0.0609299
-0.0783001
-0.195332
-0.0286924
0.391637
0.308574
-0.0953411
-0.142237
0.392164
-0.344987
-0.315912
0.208597
-0.087573
0.0677808
-0.330288
-0.148803
0.218106
0.248991
-0.0472131
0.0365129
0.292775
-0.272386
0.461904
-0.366803
0.309328
-0.369069
-0.338413
-0.0938857
0.341343
0.407845
-0.19181
-0.020158
0.196817
-0.0771928
-0.0816097
-0.326407
0.170782
0.0642249
0.125933
-0.256293
-0.0285314
-0.232472
-0.327707
0.272541
0.292722
1.23593
0.0121433
-0.0131091
-0.135287
0.53755
-0.213959
0.118613
-0.633322
-0.164431
0.018245
-0.124184
0.075536
-0.126721
0.224514
-0.01166
-0.113977
0.27272
-0.217027
0.0331547
0.0321418
-0.0627333
0.425154
-0.129993
-0.158185
0.469007
0.429131
-0.00855694
-0.16954
0.369745
-0.298659
0.309986
0.005494
0.342376
0.325941
-0.233682
0.220129
-0.285363
0.073745
-0.0778312
0.138545
0.315211
-0.123
0.124665
0.0759645
-0.150402
0.336848
0.409976
-0.104453
-0.414326
0.287549
-0.158087
-0.298755
-0.475334
0.0275711
0.276952
0.382893
0.0699776
-0.318227
0.358097
-0.166839
-0.669152
-0.306988
0.129958
0.0929821
-0.0698701
0.153117
0.38624
-0.158348
-0.116444
0.278464
-0.327535
-0.398225
0.426925
0.22061
0.167999
0.0504809
0.05517
-0.276411
0.286688
-0.321394
-0.107005
0.0431749
-0.0104071
-0.293664
-0.190844
-0.107508
0.34864
0.0273996
0.137071
-0.447784
0.279029
0.379835
-0.232935
0.145165
0.245703
0.407362
0.160423
-0.234983
-0.129448
-0.157181
0.025905
-0.227627
0.0932315
-0.122264
-0.16178
-0.420841
-1.28408
-0.440951
0.265968
0.372069
-0.239502
0.348793
-0.424294
0.0771954
0.310999
-0.263146
-0.0173063
-0.30028
0.341849
0.151433
0.299439
-0.274565
0.0901766
0.0433701
-0.143113
-0.215123
0.319843
-0.387911
-0.3973
-0.283237
0.416476
-0.0648843
0.274969
-0.14074
0.45993
0.0445191
-0.211569
0.130088
-0.0320344
-0.0811221
-0.299765
-0.435133
0.348161
0.303113
-0.438187
-0.150475
0.297321
-0.330171
-0.137436
0.0489777
0.163835
-0.0250084
-0.461399
0.426975
0.413847
0.20059
-0.433316
0.207635
0.135486
-1.24313
-0.383317
0.0661595
-0.129675
-0.0869688
0.45916
0.345676
-0.154955
-0.347435
0.283336
-0.186236
-0.400941
-0.380149
-0.182077
-0.139874
-0.146738
0.449776
-0.367992
-0.170816
0.066384
0.108818
0.43606
0.048888
-0.0624627
-0.18437
0.360483
-0.216175
0.110079
0.124521
-0.103432
0.0760305
-0.241502
-0.479322
-0.0879851
-0.291458
0.063111
0.384235
-0.0892482
0.0416942
-0.122936
-0.0282472
-0.13479
-0.00898243
0.443035
-0.379383
-0.187229
-0.36577
0.438068
-0.279275
0.0309293
-0.492064
0.121555
-0.0102713
0.622598
0.193085
0.258017
-0.221001
-0.278413
0.453839
0.0913736
-0.095467
-0.342143
-0.0572978
-0.105933
-0.283396
0.478258
0.0368055
0.20157
-0.253756
0.440811
-0.286336
0.131426
-0.189995
0.32107
-0.0171151
-0.409688
-0.249918
-0.356603
-0.0796214
-0.260485
0.165036
-0.422845
0.322755
0.120989
-0.47264
0.247236
0.0506308
0.204658
0.0961456
0.267037
0.404855
-0.235858
-0.103589
-0.019741
0.268385
0.16385
-0.332337
-0.342234
-0.166155
-0.0854391
0.200719
-0.333661
-0.223891
0.00984149
0.422169
-0.231072
1.16514
-0.304959
0.00770557
-0.292464
0.0741144
-0.396741
0.282566
0.126472
-0.395694
0.188502
0.229427
0.18217
0.427309
-0.108234
-0.397289
0.0928928
0.255073
0.227216
0.0589333
-0.30224
0.0927409
-0.0155685
-0.0219682
-0.197468
-0.103714
0.178749
-0.185888
0.411307
0.0408404
0.102404
-0.200679
0.047287
-0.454085
0.209368
-0.266726
-0.40931
0.318441
0.50717
0.308742
0.466629
0.449428
-0.223363
0.0280649
0.243618
-0.381446
0.087666
0.130641
0.191381
0.258487
0.334033
-0.424149
-0.458959
-0.484435
0.244941
-0.0243554
0.163234
0.0788317
-0.108448
0.0226393
0.0705566
0.230031
0.249723
-0.147547
0.24102
-0.170395
-0.378564
0.116595
-0.288962
-0.268859
-0.214709
-0.376551
-0.483087
0.0827176
-0.156887
0.343457
-0.0994929
-0.371014
0.343609
-0.277537
-0.11837
0.295721
-0.330557
-0.46802
-0.238424
-0.0127222
0.0947252
-0.100493
0.00845512
0.202519
0.245468
0.135788
0.289864
-0.0611385
0.174706
-0.117852
-0.521495
0.0642064
0.12561
-0.0697309
0.275818
-0.0632839
0.0828821
0.396938
0.266353
-0.252729
-0.0423581
0.234796
0.00163148
-0.393843
-0.40961
0.144392
0.511803
-0.0598427
0.024415
0.11861
-0.120194
-0.137381
0.391858
-0.0744537
-0.289396
0.19243
0.230344
0.303123
0.107638
-0.185278
0.310185
-0.306103
-0.124613
-0.305411
-0.156975
0.415703
-0.264116
0.325254
0.307447
0.188058
-0.47822
0.135492
-0.115699
-0.343332
-0.226522
-0.0155398
0.159918
0.202538
0.454929
-0.346651
-0.312761
0.308773
-0.0300107
0.326282
0.173517
-0.304722
0.226112
-0.0583531
-0.44699
0.056233
0.0135368
0.152748
0.320086
-0.0251807
-1.55224
-0.575669
-0.0486768
-0.129527
0.345184
-0.200169
-0.320603
-0.421159
0.220973
-0.349155
-0.41684
-0.0216649
0.156559
0.0239839
-0.165337
-0.227094
0.108291
-0.341512
-0.340165
0.0484684
-0.419266
-0.297006
0.286625
-0.0505468
0.226204
-0.418171
-0.0918822
0.340754
0.259895
-0.385186
-0.476759
-0.0344674
-0.217643
-0.405402
-0.406854
0.259266
-0.135317
0.115796
0.123684
0.00952624
-0.164264
0.324821
-0.331927
0.0462515
-0.0237498
0.0198716
0.341031
0.179216
-0.00566547
-0.381061
-0.170364
0.299315
0.229426
0.283027
-0.249131
0.37974
-0.478368
0.253457
-0.399775
-0.011159
0.297777
-0.0304707
0.102259
0.511402
0.343449
-0.61376
0.0982074
-0.0793439
0.0176552
0.250902
-0.424005
-0.357
-0.494787
-0.0515955
0.291699
0.424382
-0.239839
-0.00508994
-0.422182
0.441548
-0.20942
-0.0781545
-0.123532
-0.0256105
0.382101
-0.426477
0.456743
0.289029
0.366815
0.14219
0.0496122
-0.232475
0.0293781
-0.234593
-0.566547
-0.412832
-0.319783
0.136892
0.207142
0.188878
0.232671
-0.000591623
-0.450098
-0.256109
-0.233415
0.142683
-0.156886
-0.288216
-0.272494
-0.0276298
0.0621962
-0.454379
-0.302591
0.25661
0.498964
-0.1423
0.334838
0.248965
-0.22377
-0.0491212
0.00609951
0.411443
0.171625
-0.37002
-0.324669
0.101591
-0.574792
0.0329012
-0.457745
0.153813
0.0626316
-0.059459
-0.0686325
-0.367153
-0.289237
0.311309
-0.44135
-0.0848328
0.0502486
-0.0993214
0.282355
0.42461
-0.0151062
0.306281
0.133507
0.358379
-0.378907
0.245901
-0.177617
-0.323126
0.0283873
0.202893
0.275358
-0.0876125
0.138899
-0.332943
-0.287156
0.216836
0.266552
-0.114356
0.225433
-0.0947004
-0.197656
-0.53824
0.126814
-0.111443
0.202584
0.342625
-0.190472
0.00146033
0.428976
0.234695
-0.436084
-0.390573
-0.120333
0.213002
0.0616546
-0.392881
-0.395941
0.297831
-0.375973
-0.156504
0.196444
0.0253507
0.13996
0.419
0.568532
0.546629
0.170189
-0.593091
-0.214297
-0.543554
-0.4118
0.249089
0.325546
-0.32335
0.310344
-0.128191
0.423468
-0.575197
-0.157034
-0.160726
0.206042
-0.138582
0.189041
-0.0756893
-0.481574
-0.478341
-0.374596
0.381242
-0.378593
-0.37179
0.306181
0.0839562
-0.118974
0.137683
-0.158405
-0.44094
0.368668
-0.10101
0.0880449
0.290785
-0.243852
0.31965
0.430684
-0.428671
-0.00974454
0.0445156
0.0862718
-0.324344
-0.16921
0.0304303
-0.0561575
0.281289
0.149524
-0.0887535
0.157902
0.152128
0.536095
-0.0214261
0.466101
0.427263
-0.0148832
-0.105109
-0.339928
-0.387208
0.13823
0.294903
-0.256008
-0.199993
0.0477312
0.00148735
-0.147634
-0.0703163
-0.249169
0.162796
-0.0229392
-0.256724
-0.0206685
0.441542
0.323834
0.0673992
-0.160822
0.00828754
-0.359422
0.390417
0.4574
-0.0971537
0.331504
0.353689
0.112852
-0.0904717
-0.0832195
-0.128661
0.395632
-0.44568
-0.0943823
-0.594046
0.201279
-0.383857
-0.295209
-0.284467
-0.265198
-0.355841
-0.138688
0.414112
-0.290657
-0.152335
-0.614478
-0.294764
-0.471701
-0.211744
-0.501595
0.337563
0.143246
0.534629
-0.480571
0.239438
-0.17375
0.496315
0.265083
-0.433402
-0.230861
-0.582084
-0.369154
-0.41649
-0.247074
0.352286
-0.126393
0.389923
0.438851
-0.0378789
-0.283806
0.251173
0.204676
0.0742467
-0.137839
-0.236415
-0.384459
-0.56089
-0.386774
-0.322223
0.0682305
-0.408704
-0.425982
-0.190353
-0.383119
-0.00306236
-0.394342
0.457682
0.366421
-0.0425826
-0.185904
-0.562889
-0.399906
-0.339183
-0.566258
-0.343203
-0.496967
-0.135556
-0.299016
0.439177
0.530495
0.300205
0.0478142
-0.449633
0.127621
0.279651
0.0435241
0.255852
-0.122798
-0.0329011
0.435538
-0.36003
-0.174115
0.297389
-0.0376471
-0.274784
0.378354
-0.313371
-0.396036
-0.0288626
0.138717
0.485112
0.0235835
0.202118
0.342241
-0.196052
0.106361
0.52313
-0.0850108
-0.145871
0.291698
0.494709
0.506366
-0.0168295
0.135429
0.335001
0.382332
0.370478
-0.0045081
-0.473835
-0.0810529
-0.0277456
0.199007
-0.0960436
-0.250936
-0.427597
0.25998
-0.364053
-0.333098
0.0598211
-0.335019
0.0379683
0.0946653
0.332858
-0.248684
0.10613
-0.383041
-0.372083
-0.303366
-0.247619
0.334841
-0.0569092
0.242462
-0.168815
0.208711
-0.0629493
-0.353366
-0.216849
0.442141
0.386204
-0.0879504
-0.431574
0.0628418
0.199595
0.434704
0.416787
-0.3585
-0.156326
0.380157
-0.30447
-0.372274
-0.318813
0.275038
-0.110475
0.431471
-0.363063
-0.11729
-0.338868
-0.358498
0.511279
0.312187
-0.466704
0.00641872
-0.349174
0.443059
-0.315526
-0.0695686
0.245637
0.308517
-0.00640049
0.0746977
0.18257
0.322364
0.124184
0.0129734
-0.554895
0.0154571
0.291849
-0.140419
-0.0901628
0.233313
0.254426
-0.484601
0.204368
0.0510536
0.439782
-0.125335
-0.357039
0.499716
-0.347827
-0.0913745
-0.239088
-0.345744
-0.1058
-0.293163
-0.28967
-0.000318159
0.0621489
0.498829
0.300874
-0.499928
0.13191
-0.208164
0.504935
-0.374465
0.021532
0.170633
0.190521
-0.409934
0.206412
-0.212267
0.363298
0.284624
0.126075
0.499752
0.217394
0.166185
0.0940975
-0.210199
0.0187091
0.37432
-0.030789
0.17521
-0.283049
0.322526
-0.460684
0.475204
-0.442933
-0.0190619
0.512959
0.503966
-0.306512
-0.129695
0.282252
-0.191495
0.0911278
-0.255109
0.52458
-0.0826584
0.089199
0.473296
-0.0091659
0.397597
0.179315
-0.190723
-0.179297
-0.215555
0.267779
-0.276344
0.308249
-0.365925
0.0410559
0.561913
0.0595577
-0.501951
0.108411
0.314069
0.198658
-0.260719
0.198375
-0.320807
0.0981889
0.213564
0.0938095
0.159825
0.28274
0.286529
-0.279615
0.453076
-0.07026
-0.205398
0.256825
-0.0790164
0.393289
0.305866
0.223938
-0.0223035
-0.231457
0.462137
0.190026
0.0959176
0.294779
0.232399
0.38067
0.347475
-0.46824
0.447444
-0.58356
0.0155042
0.300956
0.336098
-0.203326
0.51443
-0.235619
-0.117568
0.370681
-0.39343
0.287521
-0.181288
0.467563
0.0125233
-0.276648
-0.331646
-0.089734
-0.172712
-0.398007
-0.225866
-0.274755
-0.388674
-0.304673
-0.502523
0.0179715
0.25303
-0.152323
-0.248871
-0.212577
-0.284462
0.523843
-0.39695
0.175175
-0.230592
0.230536
0.369541
0.0431697
0.119268
-0.206278
-0.768622
-0.882691
-1.17612
-0.666714
-0.447878
-0.28989
0.0379466
-0.603084
0.355824
-0.67569
-0.648374
0.0475321
-0.769877
0.269076
-0.751217
-0.238191
-0.65464
0.100898
-0.784902
-0.190158
-0.666916
0.542586
-0.537446
-0.219278
-1.13775
-0.865995
-0.288921
0.0881239
-0.165938
-0.616834
-0.703223
0.224292
-0.068638
-0.0719526
-0.295083
-0.380999
-0.756708
-0.145188
-0.180158
-0.586722
-0.765294
0.0207832
0.151798
0.087417
-0.483554
-0.181578
-0.196832
-0.204897
0.475459
-0.401299
-0.209009
-0.330971
-0.470885
-0.565342
-0.177506
0.115372
0.309692
0.448009
-0.375032
0.0943223
-0.0387887
-0.466299
0.379768
-0.47646
-0.309811
-0.214012
0.467942
-0.0964065
-0.45767
-0.32345
-0.185218
0.328143
-0.0477445
-0.548156
-0.038012
-0.20111
-0.0725697
0.183596
-0.0243358
-0.559578
-0.307069
0.2594
-0.376367
0.0921729
0.286064
0.107629
0.0614648
0.194668
-0.537302
-0.416918
-0.0210626
-0.204443
0.487433
0.148756
-0.241238
0.0963539
0.236184
0.253853
-0.27888
-0.279227
0.17325
-0.0807609
0.619815
-0.44336
-0.128672
-0.178392
0.311336
-0.393187
0.286186
-0.204186
0.471042
0.443027
-0.339499
0.42476
-0.0972797
-0.0955626
0.0257824
-0.166468
-0.311551
-0.478814
0.0276932
-0.328906
0.0956605
-0.118396
0.396504
-0.429459
-0.499994
-0.0151644
-0.49118
-0.274164
-0.49236
-0.246853
-0.199783
-0.484988
-0.110605
-0.352763
-0.0576325
-0.206574
-0.301351
-0.357023
0.301046
0.333664
-0.370414
-0.248417
0.476377
-0.172119
-0.283427
0.109118
0.00953494
0.0524649
0.354833
0.356809
-0.272892
-0.415052
-0.0171461
-0.362502
-0.176548
-0.287274
0.222222
-0.434752
-0.0772033
-0.510978
0.0310813
-0.278963
-0.439378
0.332682
-0.384815
0.0832113
-0.326439
-0.452452
-0.526467
-0.0252782
-0.629436
-0.31686
-0.171325
0.0664175
-0.146023
-0.0162719
-0.482184
-0.353644
-0.146166
0.201902
-0.325304
-0.329689
-0.098921
0.41992
-0.15506
-0.268017
-0.128159
0.383617
0.221658
0.173721
0.0174633
0.298158
-0.377947
-0.405315
-0.200034
-0.0591355
-0.0168312
-0.00819938
-0.0667888
-0.37662
0.244512
0.344357
-0.10512
0.302288
0.337683
-0.262711
-0.367367
0.00906849
0.402762
-0.128015
-0.275054
0.512377
0.215184
-0.412599
-0.2649
-0.0484808
-0.159153
0.609604
0.319968
0.520508
-0.0693099
0.167139
0.299307
0.30953
0.0023039
0.339124
0.23649
0.308926
0.172494
0.297275
-0.246089
-0.228336
0.517145
-0.435471
-0.150168
-0.130845
-0.242671
0.0268262
-0.244473
0.040421
-0.103745
0.0217816
0.0425683
0.431209
-0.0520526
0.432369
-0.0901424
-0.0704234
-0.0841693
0.0165901
0.226922
-0.181912
0.275147
-0.0829274
-0.432447
0.182611
-0.243423
0.209071
-0.31697
0.325558
-0.522746
0.245529
-0.126382
0.352415
-0.115547
0.17082
0.316822
-0.0775346
0.223518
0.39094
0.36076
0.262251
-0.155025
-0.0696155
0.476987
-0.248698
-0.454324
-0.124648
0.269174
-0.176726
-0.0596185
-0.290111
-0.0567489
-0.207115
0.484323
-0.350567
0.402653
-0.0280302
-0.398567
0.0364076
0.19385
0.122344
0.447366
0.153099
0.490342
-0.0419937
-0.24007
-0.406295
0.0945576
-0.168804
-0.178902
-0.0821038
-0.284282
-0.1403
-0.112418
0.412218
0.240755
0.102732
-0.224328
-0.261643
0.515773
-0.489911
0.325138
0.22387
-0.00739623
-0.33599
0.000916006
0.0048463
-0.1276
-0.448876
0.115315
0.259307
-0.0547352
0.278586
0.422767
-0.357777
0.296963
0.366776
-0.191462
-0.00616327
0.0161733
0.341775
0.240512
0.103657
0.0389465
-0.1811
-0.349351
-0.0366693
-0.0561993
-0.114411
0.129119
0.309188
-0.463324
-0.0458851
0.0203693
0.187176
0.562135
0.283547
-0.119794
0.106157
0.0943341
-0.0690286
-0.037001
0.291077
0.263492
-0.383137
-0.362372
-0.0930797
0.327505
0.315438
-0.356519
-0.0206074
0.45861
0.0135865
-0.312652
0.234653
0.0222662
0.0506733
0.466728
-0.2549
-0.577122
-0.247188
0.218935
0.0919611
-0.260234
0.0714723
-0.0728822
0.435714
-0.301412
-0.414511
-0.455861
-0.252715
-0.142456
0.463579
0.0732703
-0.0459568
0.436188
0.0452201
0.22392
0.126064
0.0268589
0.0781418
0.40166
-0.164851
0.0381945
-0.0338258
-0.248977
0.328399
-0.168922
0.225453
-0.340882
-0.0897814
0.010016
-0.0986111
-0.0178273
-0.0244725
-0.354419
0.458252
-0.230704
-0.138488
0.498901
0.0494829
0.0177672
0.29451
0.107166
0.286375
-0.366047
0.199859
-0.383652
-0.0566358
0.29467
0.211354
-0.347561
0.289785
0.251668
0.374111
0.330778
0.362678
0.134107
0.358596
-0.142783
0.244018
-0.0686221
-0.137482
-0.303534
-0.0385171
0.167567
0.176865
0.524417
-0.0218891
-0.21296
0.189323
-0.285473
-0.0407998
-0.0915193
0.0703189
-0.249851
-0.214444
0.278161
0.208929
0.260232
0.106314
-0.0780797
0.0454595
-0.107563
0.273211
-0.0238149
0.442631
-0.358396
0.213451
-0.211888
0.47252
-0.437132
0.326596
-0.185832
0.259939
-0.188623
0.469099
0.0506798
0.114374
-0.0439309
0.471999
0.398854
0.21358
-0.229504
-0.249099
0.326355
0.275715
-0.373966
0.51257
-0.331485
0.0340609
-0.0745125
-0.426486
0.296689
0.0486756
0.617125
0.0529666
0.438818
-0.113444
-0.221643
-0.071947
-0.172112
0.074184
0.030986
-0.00666634
0.0672853
0.000189992
0.199583
-0.0787862
0.283705
-0.0941735
-0.309419
0.293592
0.32106
-0.639365
-0.328969
0.25735
0.570306
0.281794
0.282955
-0.130896
-0.387756
0.216073
0.0201699
-0.612125
0.0369471
0.392969
0.512078
-0.137111
0.490781
-0.218808
0.175978
-0.115756
0.534967
0.318391
0.0762112
-0.119436
-0.408403
0.191101
0.0914198
0.0153498
-0.470719
0.273023
-0.425371
-0.13148
0.408323
0.00872462
-0.102722
0.131368
0.509766
0.545486
-0.0270463
0.443945
0.42017
0.341069
0.349621
0.00982328
-0.0855346
-0.292563
0.336056
-0.0365537
-0.0635935
-0.21868
0.451584
-0.272406
0.369077
0.050951
0.276765
0.43925
-0.338888
-0.182721
0.174513
0.525991
0.506366
0.447102
0.391933
-0.315914
0.0680761
0.496887
-0.324174
0.378544
0.248975
-0.471662
0.334877
0.0565871
-0.451432
-0.409867
-0.0704355
0.124958
0.585201
-0.284272
0.296207
0.241136
-0.258082
-0.190847
-0.214695
0.0346135
0.00515919
0.531359
-0.276983
-0.277341
-0.147596
-0.217549
-0.224746
-0.149172
0.327878
0.274596
0.440072
0.288483
0.265618
0.291718
-0.238305
-0.227551
-0.264011
0.407933
0.379692
0.32465
0.109274
0.258912
0.359047
-0.0244338
0.243887
-0.321833
-0.0541727
-0.0144917
0.255649
0.459524
0.390768
0.249232
-0.157417
0.467836
0.018004
0.0972518
-0.310935
-0.0415214
-0.0908787
0.0741376
-0.375612
0.456796
0.311223
0.365729
-0.217924
0.4153
-0.402269
-0.433904
0.345516
0.182105
0.286044
0.371975
-0.342086
-0.325499
-0.285249
0.23633
0.163311
-0.192612
0.00417811
-0.128277
0.427901
0.426433
0.277857
-0.482928
0.125375
-0.264603
0.0152087
0.543784
-0.359043
-0.241164
-0.392164
0.0826176
0.317126
-0.397884
-0.1456
0.48357
0.402883
0.480084
0.466112
-0.24774
0.26196
0.196406
0.345892
0.38665
0.465144
0.267601
-0.368219
0.220246
-0.429723
0.0145333
0.120295
0.0437336
0.418172
-0.350583
0.348539
-0.148605
0.114043
0.251671
-0.0403237
-0.311873
-0.0937583
0.0281041
0.431909
-0.10337
0.161976
0.2594
0.385599
0.258152
-0.353198
0.0741203
0.283493
0.404463
0.192181
-0.110552
0.470817
0.391877
-0.0386011
-0.00969587
0.193017
0.207868
0.501719
0.236439
0.580342
0.107694
-0.262949
-0.0108718
0.597063
0.407479
0.0183793
0.507013
0.0158279
0.363864
-0.326419
0.090343
-0.337798
0.0270726
-0.181514
-0.321876
-0.0362648
0.589536
-0.392389
0.0643508
0.0729916
0.0949304
0.0994934
-0.0725055
-0.0821839
0.0398027
0.321854
0.440311
0.352542
0.0275003
0.242129
0.196391
-0.249464
0.492559
0.440711
-0.340079
-0.12942
-0.22785
-0.188042
0.0609323
-0.336439
-0.152483
0.119778
-0.158271
0.351414
-0.200415
0.542356
0.162733
-0.237247
-0.179753
-0.27998
0.0790926
0.107321
0.237488
0.476967
-0.162602
-0.0881363
0.290361
-0.2331
0.15605
-0.405021
0.393996
-0.426973
-0.387617
-0.408167
0.18014
-0.275724
0.17736
0.383782
-0.0867841
0.176946
0.398552
-0.162243
0.241513
-0.142491
-0.264705
0.437536
0.376339
-0.310702
-0.0116068
-0.0892099
-0.154729
0.437283
0.113491
0.418384
0.449486
0.408452
-0.417484
-0.18478
0.465596
-0.148942
0.0313685
-0.0404687
0.454966
0.0226605
0.234921
0.406123
-0.278756
-0.209971
-0.0966581
-0.438782
0.0278986
0.457877
-0.013308
-0.314691
0.464249
-0.0900787
-0.0525222
-0.28085
-0.412955
-0.205192
-0.213715
-0.0316324
0.18544
0.092529
-0.0462483
0.350532
-0.161961
0.554141
-0.250893
0.136754
-0.454294
0.345712
0.245727
0.0869093
0.48417
-0.22303
-0.232871
0.517877
0.436755
0.435203
-0.392181
-0.163755
0.234511
0.327424
0.0368964
-0.0736439
0.215714
0.332593
-0.339943
0.171598
0.256932
0.210984
0.0548701
0.143141
0.508948
-0.291354
-0.0249557
-0.379805
0.22857
-0.530665
-0.589701
0.216699
1.57627
1.10781
0.757453
0.259072
-1.13583
0.296034
0.0428515
-1.46625
0.253161
0.689972
0.0352109
0.397214
-1.6531
1.13829
-0.0377801
0.257916
-0.867716
-0.18673
0.352876
0.394743
-0.698439
0.0964085
1.03216
1.33887
-0.0246901
-0.262691
-0.00674575
0.0480001
0.189879
0.272715
-1.72216
-0.323316
0.0278609
0.665663
0.181164
0.563825
-0.525099
0.108085
0.232356
0.351389
0.261233
-0.900923
-0.462903
0.0117869
0.784901
0.182529
0.0656884
-0.901562
-0.0879365
0.0198223
0.117894
-0.550983
-0.127876
-0.431144
-0.518485
-0.407225
0.0846705
-0.470705
0.28823
-0.0779428
-0.373532
0.217787
-0.0901022
-0.61956
-0.244326
-0.129578
0.35727
-0.476206
0.378328
-0.540235
0.0301397
-0.118118
0.0624809
-0.384434
-0.291118
-0.299253
-0.523626
-0.546956
-0.66241
-0.437075
-0.189231
-0.147943
0.168448
-0.0541121
0.193105
-0.154451
-0.246425
-0.175846
-0.48359
0.0689657
-0.196413
-0.295352
0.0686968
-0.143464
-0.215837
0.154027
-0.115431
-0.110167
0.162698
-0.0116644
-0.0582498
-0.410288
-0.454907
-0.265818
0.181409
0.265133
-0.296006
0.384042
0.303282
0.229992
-0.177159
0.171731
0.625568
0.0898612
0.0435713
0.281747
0.0212249
-0.297569
0.0583482
-0.00333204
0.184004
0.197119
-0.0926979
-0.345111
-0.295299
-0.304755
0.506596
0.419276
0.189747
0.0561441
0.261483
-0.194366
-0.331485
0.147183
0.488683
0.110723
0.182332
-0.354643
0.390923
0.050638
0.321197
-0.103279
0.327286
0.294694
-0.356282
-0.144669
-0.177331
0.533571
-0.352562
0.479055
-0.35769
0.0319033
0.334982
0.425795
0.0267225
-0.0224341
0.333864
0.212506
0.0225502
0.461275
-0.502045
-0.0636481
0.0356786
-0.187188
0.0938625
0.129143
-0.129723
-0.0223207
0.519713
0.199379
0.0657197
0.33423
0.259056
-0.20469
-0.379229
0.274146
-0.0531077
-0.553366
-0.199649
0.100901
-0.0178363
-0.351984
-0.0871002
0.168826
-0.0407742
0.123888
0.206927
-0.2195
0.157202
-0.149568
-0.204723
-0.00975142
-0.382474
-0.0217894
0.448881
-0.0406587
-0.0654883
0.342612
0.0846754
-0.459204
0.124927
0.275959
0.258942
-0.71319
0.222566
-0.223076
0.286998
0.303093
0.385236
0.339898
-0.141128
-0.0371381
-0.308386
-0.0613249
0.249989
0.238455
0.0346205
0.422762
-0.155839
0.00265738
0.453122
0.000537848
0.20666
0.102308
0.0647112
-0.463133
-0.278171
-0.475267
-0.248621
0.297678
0.214556
0.421032
0.131991
0.444477
0.18351
-0.409273
0.0335581
-0.422859
0.142047
-0.0154125
-0.346413
-0.418503
0.256751
-0.100535
0.283482
0.149443
0.168031
-0.32193
0.454462
0.123731
0.326812
0.285314
-0.418173
-0.404719
-0.340515
-0.462885
-0.0311123
0.329523
-0.109707
-0.430805
-0.273081
0.236724
-0.334457
-0.044246
0.374813
0.150685
-0.147659
0.0319149
-0.351949
-0.301733
0.255255
0.749753
0.402133
-0.146101
-0.203089
0.0548368
0.235599
-0.242453
-0.0763053
-0.28259
0.2234
0.503413
-0.311554
0.187194
-0.298421
0.172093
0.0324848
0.558323
0.121491
0.00599298
-0.319339
0.0163558
0.437836
0.226613
-0.323506
-0.0455082
0.266344
-0.401816
-0.245136
-0.123283
0.0388563
0.328453
0.125316
0.00304862
0.449809
0.595717
-0.299457
0.286965
-0.0897743
0.162141
0.333046
0.275956
-0.468373
0.516894
0.426117
0.526417
0.382088
-0.259567
-0.0422345
-0.0312163
-0.373898
-0.287609
-0.196249
0.0656774
-0.341051
0.159609
-0.162324
0.357189
0.236926
0.202482
-0.0675264
0.0733905
0.152914
0.208598
0.315407
-0.311967
0.0624987
-0.461344
-0.423685
-0.538205
-0.54186
-0.501589
-0.295519
0.213275
-0.344057
-0.343329
-0.0693923
-0.522343
0.140863
-0.463551
0.164448
0.26911
0.0649285
0.452371
-0.142496
0.3654
-0.196513
-0.239214
0.0590803
-0.0861887
-0.15692
-0.443657
-0.454423
-0.07817
-0.0831287
-0.109957
-0.0939235
-0.482854
0.384795
0.123249
-0.439863
0.300799
-0.398524
-0.470996
-0.321567
0.188192
-0.0155189
-0.410149
0.176142
-0.178859
-0.33708
0.131085
-0.464342
0.254126
0.0643026
0.289664
0.289208
0.25468
-0.041894
-0.322072
-0.393982
0.12209
0.144361
0.189321
0.00736011
0.104191
0.484389
-0.317473
0.0055777
0.432188
0.316605
-0.305319
0.177129
-0.269608
-0.130904
0.412039
-0.515517
0.441625
-0.150221
0.493423
-0.380168
-0.290827
0.244653
0.268442
-0.150291
0.131929
0.00730572
-0.0299519
0.09138
-0.422875
-0.398054
0.0565632
0.326983
0.127983
-0.35217
-0.481679
-0.240558
-0.485089
0.116859
-0.250431
0.227334
0.191504
-0.128026
0.458865
0.214531
-0.112795
-0.0504971
-0.38322
-0.365787
0.203076
0.00614311
-0.15257
-0.344853
-0.104015
0.30879
0.264131
-0.288544
0.402271
0.262512
-0.145684
0.314894
-0.295915
-0.42463
-0.279982
0.404451
-0.484992
-0.406012
-0.436167
-0.417577
-0.0593304
0.141496
-0.425019
-0.272593
0.402171
0.0329194
-0.363252
-0.264296
-0.0803888
-0.0333615
0.336728
-0.0862723
0.182317
-0.270008
-0.259789
0.131344
0.068084
0.147734
-0.108791
-0.0419912
0.0298491
-0.113079
-0.319727
-0.299441
0.217437
0.392989
0.0583245
0.399594
0.23482
0.23846
0.130546
0.456946
-0.362032
0.112206
-0.219998
0.589085
0.486339
0.44664
-0.129625
0.459748
0.0116121
0.477632
0.284515
-0.0442603
0.23627
-0.12087
0.432937
0.409261
0.476015
-0.173734
0.0317571
0.569302
-0.172172
0.469291
-0.270419
0.426758
-0.244558
-0.0663243
-0.172478
0.334412
-0.100986
0.186466
0.184843
0.367483
0.394443
0.40856
-0.204139
-0.137586
0.279663
-0.456998
-0.346676
-0.0655256
0.289917
0.228589
0.289003
-0.286858
-0.10568
0.462362
-0.341379
0.423989
-0.118644
-0.306538
0.138458
-0.082196
0.514898
0.355166
-0.488831
0.314379
0.524399
-0.00841298
0.0931422
0.39245
0.440056
-0.1913
0.22799
0.250145
-0.424566
0.0785511
0.183449
0.550019
0.0600928
-0.397393
-0.274399
0.457907
0.363158
0.53042
-0.0384914
-0.474698
0.213575
0.118247
0.237002
0.0158477
-0.000971145
0.0303565
0.31359
-0.383986
-0.0810223
0.0724156
0.116838
0.0063018
-0.310343
0.199618
-0.0714101
0.203918
-0.00442044
-0.312182
-0.116958
-0.208675
0.170921
0.236696
0.578898
-0.000184597
-0.21741
0.369553
0.527222
-0.0830315
0.339322
0.13139
-0.0442722
0.311918
-0.141185
0.469721
0.468489
0.47229
0.107043
0.368582
0.699333
0.389719
0.677347
0.68983
0.278415
0.246234
0.244653
-0.165514
0.261902
-0.00615613
-0.122601
-0.0213327
-0.317843
0.331829
-0.267289
-0.172794
-0.0871084
0.0631803
0.475167
0.219659
0.0962761
0.314698
-0.157316
0.31894
0.477037
-0.214523
-0.295183
0.0608637
-0.131895
-0.247632
0.178221
-0.221979
0.486044
-0.114514
0.401901
-0.308363
-0.0169836
0.0805485
0.114461
-0.409038
0.406257
0.146166
0.174125
-0.0301719
-0.0964772
-0.276614
0.153067
0.184454
-0.18111
-0.0504917
-0.519667
0.332599
0.142208
0.132681
0.140072
0.459757
0.444378
0.0919194
-0.350203
0.0412033
0.310669
0.547968
0.363383
0.532722
0.13256
0.751027
-0.419455
0.366909
-0.261524
0.277706
-0.376487
0.311097
0.203813
0.495737
-0.32335
-0.369034
0.477401
0.0608747
-0.486851
0.282724
-0.233276
0.636716
0.371359
0.353692
-0.291845
0.2674
-0.0329837
-0.0165634
-0.184432
-0.00350279
0.0719218
0.431996
0.408537
-0.204277
-0.0574333
-0.272038
-0.199822
-0.138876
0.0562837
-0.473613
-0.28883
0.476162
-0.517601
0.0586452
0.0864875
-0.217694
-0.148016
-0.0841396
-0.421262
0.304122
0.427991
0.337455
0.0152106
0.409871
-0.129375
0.250502
0.0802789
0.512062
0.136114
-0.411004
-0.387899
-0.43324
0.0601943
0.0450747
-0.596313
-0.260238
0.323528
0.0317821
-0.106469
-0.0537171
-0.0493166
-0.420787
-0.0526582
0.150813
-0.455818
0.15508
-0.265564
0.0628847
-0.279089
0.227158
0.167756
-0.637052
0.187057
-0.347583
-0.26321
0.0610506
-0.137203
0.343439
0.131277
0.517683
-0.386007
-0.184755
0.0234039
-0.165794
0.128107
-0.294941
0.0791632
0.402603
0.190209
0.149216
-0.092044
0.492478
0.180312
0.532118
0.367826
0.0143233
-0.174029
0.293509
-0.146858
0.459966
-0.145095
-0.243814
0.0710006
0.608162
-0.19947
0.200591
0.021883
0.212524
-0.352744
-0.112636
-0.069544
0.387091
-0.209359
0.311068
-0.108057
-0.254658
0.0104346
-0.0366389
0.234235
0.393473
-0.035919
0.364121
-0.372604
-0.00589753
-0.0307179
-0.250084
0.317604
0.484009
-0.305371
0.229787
0.272949
-0.00222737
-0.0436211
-0.135578
0.194167
0.449809
0.432884
-0.00380959
0.241471
-0.225513
0.306253
-0.300745
-0.159363
-0.335576
0.0377422
0.39889
0.0479137
-0.0767487
0.380954
-0.401085
-0.226362
-0.039949
-0.446503
0.541846
-0.166423
0.0475923
0.235774
-0.223479
0.426766
0.477233
-0.325143
-0.23212
-0.378584
0.196638
-0.206689
-0.0534497
0.240159
-0.208388
0.524635
0.193624
-0.359036
-0.199082
0.162179
0.121506
-0.203505
0.0188728
0.329252
-0.347125
0.287605
0.350417
0.0110686
0.41404
-0.0768373
0.00374254
0.0593999
0.357238
-0.375967
0.0119441
-0.323452
0.288948
0.355138
0.335909
-0.00296051
0.401447
0.20153
0.374288
-0.524937
0.346471
0.336615
0.23883
-0.318666
0.341855
-0.0903071
0.191316
-0.339143
-0.0647468
-0.0372291
-0.136335
-0.136979
0.400648
-0.160423
0.455298
-0.153626
-0.139029
0.225552
-0.134414
-0.18762
-0.493988
-0.0735652
-0.190984
-0.293954
-0.308432
-0.473251
-0.179842
0.242778
-0.445832
-0.455526
0.0264218
0.411574
-0.301186
-0.00873996
-0.26103
0.303066
-0.0717293
0.0332137
-0.328614
-0.20542
0.276591
0.353762
0.189532
0.388446
0.359399
-0.226849
0.0772111
0.162296
0.365048
0.500034
-0.355627
0.200575
0.347653
0.099327
0.235743
0.0591429
-0.261714
-0.0927009
-0.469292
-0.108517
0.443776
0.346731
0.15549
0.301035
0.260739
-0.0905627
0.261522
-0.113645
0.444609
0.372948
0.196847
-0.0540993
0.189555
0.275011
-0.344462
-0.039341
0.0602359
-0.00503205
0.322525
-0.225763
0.219603
0.434449
0.0165431
0.441417
0.40389
0.335073
0.139445
0.312258
-0.278867
-0.212746
-0.272511
-0.199465
0.0389187
0.400811
0.507944
-0.308421
0.0680757
-0.297271
-0.210292
0.238542
0.664709
0.831424
0.512986
0.597148
0.207173
-0.133973
-0.00752665
0.127306
0.59453
0.632714
-0.0785694
0.679972
-0.170422
-0.0364903
0.451953
0.549849
0.272224
0.0347352
-0.0223851
0.662347
-0.049663
0.151646
-0.000155676
0.75682
0.1502
0.276568
-0.0802334
0.0553695
0.311457
0.611572
-0.560683
-0.0434384
0.479804
0.0590445
0.599836
0.22027
0.482954
0.251624
0.344394
0.346524
0.00119984
-0.521325
-0.197981
0.745222
0.232426
0.423559
0.719485
-0.455912
0.0207906
0.105503
0.533558
0.402471
-0.102204
0.0388632
-0.188462
-0.318038
-0.389812
-0.195844
0.417225
0.481477
0.0746367
0.685721
0.150015
0.110812
-0.349661
-0.209702
-0.228074
-0.149772
-0.263498
0.0428221
0.233575
-0.322645
-0.504661
0.319663
-0.290797
-0.0417106
0.0826088
-0.237953
-0.588975
0.0941808
0.0917536
0.155248
-0.0167276
0.507908
-0.271328
-0.266815
-0.328804
0.240661
0.18937
-0.47197
-0.536128
0.47433
-0.539728
-0.0965043
-0.355206
0.197519
0.263652
-0.232232
-0.676737
0.0359122
-0.37214
0.0671435
-0.231963
0.0814667
-0.0676952
-0.373563
-0.504804
0.141763
-0.193993
-0.333128
0.182248
-0.302954
-0.332184
-0.407485
0.257106
-0.0223072
-0.198653
-0.191355
-0.515047
-0.204933
0.298863
-0.105114
0.443701
-0.270114
-0.450378
-0.152602
-0.340655
-0.196303
-0.365378
-0.292853
-0.502794
0.410112
0.435768
-0.32403
-0.343662
0.392028
-0.329464
0.344512
-0.234396
0.028279
0.277441
-0.503091
-0.0302362
-0.50425
-0.154715
-0.191906
-0.0276011
-0.347888
-0.314723
0.413131
0.141093
-0.335286
-0.473239
0.111462
-0.205121
0.159431
-0.360522
0.130477
-0.225484
-0.507999
0.154493
-0.395129
0.341797
0.0269935
0.125806
-0.415236
-0.454109
0.110803
0.119457
-0.00606818
0.129558
-0.0122681
-0.22867
-0.407137
-0.341478
-0.137312
0.306609
0.00261898
0.423337
0.0105037
0.015001
-0.54289
0.0225999
-0.444217
-0.708272
-0.350837
-0.29421
-0.257629
0.318048
-0.0985764
0.452336
-0.342021
0.0942014
-0.292639
0.325613
-0.37915
-0.0774632
0.19101
0.467231
-0.106654
0.0758225
-0.217641
-0.29104
-0.386715
0.386348
0.147528
-0.0266985
0.308773
-0.492681
-0.253788
-0.190428
-0.341281
-0.512058
-0.274726
0.252493
0.234066
0.380684
-0.0306608
-0.52558
-0.00274649
-0.0770181
-0.384211
-0.13058
-0.0763961
-0.368992
-0.296096
-0.605664
0.108524
-0.458119
0.0661586
-0.288105
0.315032
0.0490486
-0.551496
0.166021
-0.0311549
-0.236333
-0.321651
0.0827533
0.234623
-0.585617
0.392754
-0.124159
-0.136937
0.131563
0.0884911
-0.510693
-0.169008
0.115411
-0.0972927
0.185228
0.000163585
0.0694421
-0.418048
-0.0134328
-0.303373
-0.241239
-0.209384
-0.384346
-0.37466
-0.0347081
0.159892
-0.0933706
-0.30555
0.225822
-0.441205
0.104644
0.293666
-0.490833
-0.275346
0.342398
-0.442789
-0.222862
-0.0596594
0.118221
-0.441027
0.0984264
0.0847778
-0.046597
-0.317318
0.0372739
-0.28465
-0.469326
0.0592902
-0.164969
-0.252422
-0.475269
-0.114561
0.0154884
-0.330489
-0.0820287
0.0217796
-0.264201
-0.0745222
-0.323153
-0.0824469
-0.100475
0.478355
-0.0535616
-0.301953
0.223178
0.0657961
-0.231116
-0.373384
0.502237
-0.0575777
-0.29254
0.464158
0.0442761
0.293592
-0.274596
-0.356017
-0.0316757
-0.205371
-0.0804018
-0.0315739
-0.0671341
-0.0914046
-0.280854
-0.0308994
-0.244004
0.155783
-0.326381
0.158099
-0.170272
0.113971
0.263413
-0.347771
-0.46495
0.296698
-0.167697
0.268744
-0.303008
0.187407
-0.100712
0.151624
0.256298
0.0811013
0.0348916
-0.186926
0.286671
-0.231593
0.0721427
-0.421053
-0.110405
0.297318
0.0224024
-0.183412
-0.149389
-0.181035
-0.110819
-0.330445
0.341641
0.406297
-0.245816
-0.306374
0.193568
0.0201937
0.0583979
0.103495
-0.274616
0.242241
-0.520869
-0.393577
0.0238816
-0.266473
-0.191132
0.504335
0.115654
-0.345165
-0.0237363
-0.20549
0.0196989
0.181222
0.0476836
-0.361763
0.40323
-0.428756
-0.356092
0.129962
-0.234627
0.00793237
-0.284398
0.341696
0.162115
-0.605001
-0.198754
0.0763614
-0.150067
0.453117
0.444996
-0.167469
-0.151501
-0.173233
-0.0637487
0.320635
-0.0490394
-0.402398
-0.577872
-0.13968
-0.161648
-0.300504
-0.303536
-0.280798
-0.425509
0.185569
-0.118385
-0.373709
-0.393551
-0.179374
0.193865
0.21015
-0.264917
0.331831
-0.115619
-0.222624
-0.0216873
-0.490245
0.398329
0.271854
0.288967
-0.529125
-0.13742
0.400789
-0.457222
-0.13312
-0.0254058
0.113652
-0.280813
0.238002
-0.302997
0.18618
0.188182
0.309618
0.0225611
-0.0600289
-0.347105
-0.247864
0.268776
0.183651
-0.270602
-0.221011
-0.182756
0.384673
-0.481216
0.0261199
-0.00314787
-0.289109
-0.330246
-0.0100237
0.0450842
-0.317198
-0.467241
0.388049
0.117872
-0.173155
-0.321047
-0.0582561
-0.0903902
0.397728
-0.0182486
0.123377
-0.214821
0.357744
-0.343301
0.448546
-0.00145802
0.262698
0.300778
-0.0214982
-0.0983415
0.062915
-0.0118027
0.166449
-0.040818
0.0326093
-0.0035788
0.102726
0.157794
0.104276
-0.257108
0.00450212
0.0500511
-0.00216958
0.0313118
-0.0447227
0.0586007
-0.098355
0.105355
0.182836
0.131084
0.691074
0.542803
-0.0712015
-0.0199199
-0.0604431
0.0416288
0.0275921
0.016282
0.227132
0.222577
0.193035
0.0537798
0.0481014
0.00300577
-0.0516174
-0.0405366
-1.18792
-0.00594559
-0.0844596
0.0345522
-0.00875292
0.0592644
0.0950307
0.201816
-0.00756916
0.285286
0.374705
-0.107378
-0.620035
0.0878353
-0.117062
0.0483275
-0.000118182
0.207142
-0.0723217
0.217484
0.00526578
0.293707
0.00573989
-0.211305
-0.0689257
-0.315515
-0.0540322
