#input normalization
0.161125 0.272734
27.9287 37.4648
10.2988 34.3209
8.2407 30.319
0.0110476 0.0402642
0.00901466 0.0329023
0.542988 1.36901
0.823511 1.27769
1.05267 1.47112
1.29982 1.67897
1.57855 1.87949
1.86027 2.06281
2.12999 2.22636
2.39629 2.3791
2.64341 2.50023
2.87854 2.5868
3.10222 2.64749
3.30893 2.68228
3.48879 2.68793
3.62724 2.6498
3.75444 2.5955
3.86786 2.48837
38.1053 49.985
7187.57 4869.21
#output normalization
1 0
#neurons weights
0.0132312
-0.350411
0.41409
-0.112939
-0.216573
-0.100434
0.302072
0.450114
0.250098
-0.486211
0.443472
0.244543
-0.119426
-0.410426
0.0964369
0.149492
0.335752
0.0892496
-0.00213054
-0.28117
-0.0443646
0.274178
0.10977
0.221056
0.0568108
-0.0470099
1.278
0.322526
0.538136
-0.238698
-0.373536
0.441269
1.06092
-1.81055
0.186703
-1.38464
-0.382526
-0.0372184
0.605347
-0.612872
0.462388
-1.09492
1.79129
-0.536421
0.0141935
-0.294923
0.714281
-0.00689741
-0.0443798
0.304518
0.27358
0.518198
-0.355824
-0.437018
-0.512849
-0.306755
0.160354
0.40342
-0.0852053
0.24397
-0.197356
-0.64509
-0.287053
-0.343331
-0.234231
-0.557633
0.191904
-0.366065
-0.306373
0.215589
-0.10982
0.440635
0.367126
0.67383
#synapses weights
-0.0856967
0.115258
-0.339915
0.147254
0.00686452
0.292491
-0.639883
0.258397
0.265612
-0.1864
-0.225941
-0.138217
0.10713
0.0119318
-0.440332
0.0189518
-0.309493
-0.457736
-0.170234
-0.217409
0.230123
0.104517
-0.0969639
-0.00990301
-0.0774834
0.00290188
-0.354234
-0.246306
-0.46455
0.438504
0.145397
-0.361473
-0.209106
0.0161573
-0.276425
-0.346658
-0.327537
0.397377
0.299769
-0.13146
0.414799
-0.463849
-0.463817
0.433641
-0.159896
0.126951
0.0226649
0.208359
-0.330292
-0.116692
0.193103
-0.196811
-0.203841
0.0347702
1.0178
0.169532
0.0153237
-0.0320159
0.317265
-0.222562
0.250446
-0.0114441
0.124047
0.124029
-0.364707
-0.0672785
0.044111
0.305693
0.217155
-0.22653
0.2343
2.91944
0.310421
0.221742
-0.225724
0.356092
-0.236311
0.354699
-0.296647
-0.335019
-0.247215
-0.336295
0.336241
-0.280602
0.0589227
-0.105072
0.294761
0.273146
-0.240441
-0.134584
0.0991674
-0.277468
-0.191295
-0.196987
-0.342226
-0.689014
-0.28399
-0.253792
-0.142653
-0.0739739
-0.376767
-0.301441
-0.492165
0.24215
0.0232332
0.105702
0.275266
0.15591
-0.0511773
-0.157391
-0.0143016
-0.380085
0.325113
0.156481
0.176442
0.267114
0.14436
-0.324143
0.290058
0.34482
0.27701
-0.09047
0.00839934
-0.361708
0.0147714
-0.124368
-0.50247
0.0354433
0.0887818
0.242738
0.271182
-0.479014
0.200187
-0.33596
0.0239936
0.263463
-0.257159
-0.423907
0.333355
-0.314919
-0.189418
0.262172
-0.472543
0.877581
0.245287
-0.221878
0.424747
-0.433844
-0.135951
0.195137
-0.111282
0.120951
0.210131
-0.086645
0.139438
0.161191
-0.367059
0.441725
0.17263
-0.258821
-0.215775
0.314188
-0.112525
-0.0732964
0.338959
-0.330796
-0.326045
0.516716
-0.379517
0.189016
0.371901
-0.128864
0.104921
-0.443877
0.110385
0.129474
0.344544
-0.271968
0.197324
-0.159983
-0.313954
-0.267554
-0.102269
-0.348485
-0.28686
0.384818
-0.239756
-0.066339
-0.140703
-0.205772
0.302558
-0.272424
-0.147503
-0.0051281
0.068387
-0.306627
-0.163673
0.126886
0.898118
0.218322
-0.0380359
-0.103493
0.108632
0.221046
-0.110294
-0.0675845
-0.0851382
-0.122109
-0.179115
-0.0341818
0.180388
-0.187353
0.0801156
0.298678
0.987228
2.75279
0.206762
-0.439228
-0.00694992
-0.11977
0.104584
-0.0381258
-2.10908
-0.267558
-0.0273255
-0.104698
0.0227083
-0.0279074
0.142459
-0.0585161
-0.131202
0.145989
-0.0555078
0.248923
-0.115533
0.0967935
-0.17205
0.173109
-0.283374
-4.1848
-0.221559
-0.421897
0.30027
-0.356001
0.124953
-0.0376419
0.312537
-0.24667
-0.0101581
-0.174299
-0.0231971
-0.443328
0.499992
0.128288
0.00960194
-0.240631
-0.508392
-0.0870589
0.124229
-0.433547
-0.0245565
-0.0880299
-0.317817
-0.26098
0.0832422
-0.117807
-0.178357
0.264579
-0.133995
0.0439112
0.457789
0.0102086
0.119615
0.0605963
-0.183338
0.126592
-0.171668
-0.167043
0.143857
0.0435959
0.119134
-0.0473167
0.0483286
-0.375771
-0.0253624
0.349039
-0.191089
-2.52133
-0.0663594
-0.250438
-0.0128651
-0.390805
0.0921201
-0.149984
0.780338
0.151457
-0.214016
0.439193
0.404977
0.310861
-0.231916
0.280666
-0.166173
0.443029
0.00867882
-0.0753186
-0.0546541
0.111349
-0.0739451
-0.410168
0.276145
0.570902
0.225985
-0.266999
0.346543
0.140799
0.158105
0.437742
0.295798
0.224202
-0.339859
0.168045
0.112261
0.15142
-0.193763
-0.276263
0.191506
-0.312011
-0.35282
-0.379447
-0.264058
-0.489701
-0.278216
0.15564
0.0751275
0.703099
-0.180779
-0.00345464
-0.159951
0.0333402
0.202116
-0.236157
-0.350599
-0.167249
0.0935027
0.113541
-0.371472
0.27813
-0.135737
0.0263881
0.157144
0.172992
-0.291197
0.323626
-0.177192
-0.0735775
-0.0918842
0.0166598
-0.0312561
2.44415
-0.387133
-0.226295
-0.225773
0.046565
0.43978
-0.352157
-0.828574
-0.422048
0.0890152
-0.300655
-0.148001
-0.140277
0.214494
0.200907
-0.215982
0.161282
0.0466658
-0.201556
-0.236971
0.538367
-0.0684157
0.363311
0.166437
-1.91368
-0.440991
0.365812
0.0886465
0.214176
0.0888484
0.350859
0.308662
0.407041
-0.292547
-0.108999
-0.384047
-0.0641277
0.165127
-0.11678
0.300678
-0.165904
0.218403
0.127469
0.241709
0.0595548
-0.137794
0.290247
0.375234
-0.197873
0.190159
-0.159466
-0.1836
0.0889395
-0.173333
0.100229
-0.904504
-0.29019
-0.470292
0.0670063
-0.0670413
0.0566574
0.13704
0.00488299
-0.0119267
-0.111605
-0.0266147
-0.173774
0.388973
0.522992
0.0464662
-0.0337439
-0.373617
-1.93295
-0.0759012
-0.174575
0.0755588
-0.0954974
-0.249163
-0.135478
1.97363
0.110362
0.0135035
-0.000420069
0.0798121
-0.108335
0.21037
-0.210529
-0.0170269
-0.0727133
0.204961
0.0119073
-0.251635
0.417281
-0.349613
0.180783
-0.117267
3.94086
0.20314
0.410254
-0.316976
-0.211584
-0.174617
-0.0857568
0.273864
0.313598
0.370871
0.0636263
0.48266
-0.409318
0.148135
-0.153616
-0.381747
-0.23301
0.157416
-0.263506
-0.46105
0.251049
-0.117449
-0.138277
-0.0524367
-0.31572
-0.139538
0.428365
-0.0932675
0.326649
0.0035279
0.48249
-0.631933
-0.245237
-0.459752
-0.276095
0.25114
0.00267049
0.00381413
-0.166356
-0.096915
0.34238
-0.27674
0.184765
-0.44916
0.0445396
-0.296777
0.422366
0.0693691
-0.169012
0.321985
-0.152014
0.0254249
-0.168053
-0.0188678
-0.0334906
0.0353471
-0.42288
-0.505288
0.0299453
-0.276493
0.212406
-0.392948
0.183287
0.316181
0.234655
-0.171115
-0.0679685
-0.118281
-0.218476
0.582137
0.255663
-0.00909508
-1.98472
-0.136388
-0.364213
0.0440858
0.161107
-0.0151799
0.0798359
-0.647502
0.716124
0.28028
0.285382
-0.0863454
0.441478
-0.0456386
-0.0630168
-0.080715
0.0686277
0.271812
0.0365643
0.249011
-0.28543
-0.377735
0.417737
-0.071665
0.988499
-0.559954
-0.543286
0.0275122
0.334932
0.316568
-0.370459
0.35328
-0.108507
-0.341772
0.119163
-0.51206
0.0678928
-0.0987171
-0.0373506
-0.237223
0.244788
-0.208792
-0.299681
-0.0455638
-0.278416
-0.100645
0.199331
-0.0752997
0.603818
0.224351
0.105875
0.0783086
0.157257
-0.130525
0.402219
0.798423
0.355146
-0.174949
-0.125735
-0.147591
0.120431
0.28768
-0.0126051
-0.266266
-0.145167
0.280829
0.150182
-0.147175
-0.209798
0.363533
-0.182255
0.239334
-0.677421
-0.613707
-0.260621
-0.365167
-0.13179
-0.31775
-0.671271
-0.00725858
-0.112996
0.0441475
1.18864
0.0729022
1.37156
0.466751
-0.279931
-1.0643
0.0483318
0.189978
0.599232
-0.997591
0.161017
-0.720074
0.505539
-0.682216
0.0377073
0.361697
-0.486741
0.401237
0.38983
0.0291035
-0.19054
-0.031902
0.140127
-0.406322
0.181626
-0.317996
0.266103
-0.156462
0.0852014
0.127974
0.150333
0.32803
0.119597
0.175858
0.513011
-0.0903334
-0.101799
0.915665
-0.335499
0.396606
0.358334
0.402701
0.232623
-0.394898
0.0477446
-0.370273
-0.489294
0.282537
0.139784
0.174305
0.641297
-0.135048
-0.242113
0.289817
-0.249591
0.467925
0.561488
0.287141
-0.224803
-0.19894
-0.221143
0.341914
0.35565
0.493491
0.213027
-0.381215
0.0223091
0.000193448
-0.410442
-0.234753
-0.0732757
-0.369021
-0.17674
0.462831
-0.303128
0.238593
0.0742015
0.288217
0.0601971
-0.0367301
-0.0948269
0.373455
0.441792
-0.055748
-0.619574
-0.339952
0.112908
0.218796
0.519377
0.00968428
-0.27061
-0.057016
-0.296446
-0.0486
0.262657
-0.148826
-0.296076
-0.174478
-0.138473
0.47816
-0.571166
-0.13817
0.0532697
0.014701
0.130286
-0.197954
-0.0723405
-0.446466
-0.39878
0.422398
-0.0113474
-0.0351038
0.522129
0.137524
-0.0426426
0.275198
0.0640777
-0.105731
-0.189113
0.256296
0.0335469
-0.673551
-0.528291
0.564597
-0.685158
0.100492
-0.299819
-0.0124386
0.0668098
-0.674004
-0.410552
0.182912
-0.247976
-0.0446589
-0.840521
-0.37963
-0.296556
0.235021
-0.424131
0.202938
-0.183488
0.272266
-0.310288
0.305439
0.140197
0.139007
-0.359969
0.527915
-0.132699
-0.157639
-0.768147
-0.315233
-0.657533
-0.692605
0.178603
0.312053
0.0100507
-0.00761401
-0.359218
0.247608
0.140678
0.0987586
0.024697
0.111712
-0.23708
-0.129374
0.208044
-0.0673321
0.443662
-0.153804
-0.0731558
0.275742
0.494107
0.0754213
0.733616
-0.20225
0.0667605
-0.187216
0.109296
-0.0933609
-0.0434825
-0.0210397
0.276193
-0.202466
-0.0126142
0.210609
0.361246
-0.317469
0.285266
0.547693
-0.513301
-0.17004
0.405757
0.335549
-0.332558
-0.236662
0.333581
-0.237644
0.006522
0.364038
0.388907
0.129411
0.157482
0.134043
0.00862095
-0.054525
0.175496
0.23338
-0.227133
-0.0400403
-0.255886
0.569745
0.291282
0.721884
0.293402
0.290225
-0.265786
0.0720739
0.0600902
-0.113924
-0.193759
-0.239533
-0.0875952
0.363717
-0.667543
0.190692
-0.386128
0.381184
-0.333807
-0.213119
0.0327469
-0.0141955
0.0846336
0.469427
-0.288777
-0.367835
-0.135812
-0.240386
-0.237635
0.284957
0.0188983
-0.0753266
-0.159362
0.172097
-0.041574
-0.451004
-0.0406499
0.358948
0.361484
0.671214
-0.672501
-0.272179
0.265299
0.201698
-0.0511096
-0.565155
-0.520293
0.5877
-0.205335
0.495888
0.221577
-0.333713
0.0405025
0.322094
0.24796
0.368637
-0.350033
0.0522012
-0.86325
0.424167
0.355871
-0.19941
0.127837
0.237357
-0.741202
0.512231
0.234822
-0.0117043
0.196815
-0.43589
-0.147554
0.574229
-0.155056
-0.135941
-0.143814
-0.18924
-0.291041
0.768544
0.0908184
-0.265491
0.411389
-0.0656111
-0.407478
-0.360633
-0.433266
-0.0103871
-0.325869
0.154384
-0.271034
-0.643537
0.267383
-0.410664
0.440639
0.0356371
0.0279662
-0.195507
0.0362523
-0.467166
0.233416
-0.562214
0.249842
-0.445666
-0.537732
0.223464
0.138486
0.363138
0.308166
-0.231755
-1.15408
-0.0640125
0.122351
0.0098392
0.0441943
0.150575
-0.0250377
-0.0789184
-0.07467
0.202336
-0.127382
-0.213945
-0.826095
0.272828
-0.154352
0.607523
-0.224315
0.121123
-0.248241
0.584825
-0.173884
-0.539923
0.0951491
-0.00221558
-0.00994525
0.369901
-0.00330869
-0.0601457
-0.0411134
0.341501
-0.00596508
0.0784602
0.0797421
0.314296
0.25952
-0.175436
-0.0251376
-0.360675
0.395879
-0.0125624
0.478863
0.0685582
0.213886
-0.275038
0.0125084
0.0224369
-0.432356
-0.0335189
0.103016
0.0400914
-0.971573
-0.178064
-0.161593
0.189445
-0.526976
-0.344518
-0.541918
0.0766051
0.566668
0.341522
0.00152872
0.173322
-0.512577
-0.210932
0.0626869
0.213678
-0.229173
0.160877
0.333285
-0.0736515
-0.0409398
-0.0199804
-0.222432
-0.0635951
0.417722
-0.590864
-0.113085
-0.157186
-0.350652
-0.537548
0.26628
-0.324053
0.630218
0.68514
0.463216
0.286141
-0.108224
-0.486075
-0.115595
0.37904
0.367716
-0.360004
0.321036
-0.208533
0.424198
-0.532361
-0.307507
0.701012
-0.309555
-0.491092
-0.163311
0.113848
-0.499953
-0.414975
0.145595
-0.0766063
0.158699
-0.285112
0.262923
-0.457582
-0.541831
-0.320961
-0.596341
0.213049
-0.276516
-0.469317
-0.261099
-0.341742
0.375169
-0.302183
-0.448801
-0.385938
0.20926
0.0667356
-0.0582805
0.0679584
0.507115
-0.0768827
-0.11229
0.526954
0.0447049
0.226047
-0.32419
0.34296
0.420993
-0.00505432
-0.384675
-0.0637445
-0.146058
0.104542
-0.497937
0.207032
-0.412067
0.406242
-0.232507
-0.234709
-0.261679
-0.279191
-0.378483
0.165467
-0.0645041
-0.103921
-0.325732
-0.20077
-0.0367733
-0.0982334
0.355861
0.17489
-0.467253
0.260495
-0.544945
-0.475909
-0.109722
-0.000409635
-0.343466
-0.175051
0.430789
-0.215542
-0.279307
0.106452
-0.613736
0.192645
0.0741845
-0.392124
0.334484
-0.251991
0.308294
-0.255447
-0.189087
0.0257606
-0.426935
-0.0495922
0.268769
0.465718
0.0449226
-0.174773
0.474148
0.355941
-0.211311
0.308978
-0.21538
-0.421093
-0.401227
0.299613
-0.10153
-0.232589
0.445099
-0.205433
0.049616
0.474587
0.233624
-0.141507
-0.31262
0.0857337
-0.166254
-0.0544502
0.131674
0.397649
-0.300498
0.0337489
-0.115709
-0.446258
0.389057
-0.464591
0.149397
0.0821779
-0.010447
-0.3851
0.00321771
0.323476
-0.219607
-0.38206
0.270743
-0.344863
0.424529
0.502402
-0.202521
0.127909
0.509633
0.191827
0.165914
0.36811
-0.578026
-0.690769
-0.921872
-0.0148052
0.427106
0.600613
-0.10181
0.195876
-0.192202
1.19554
-0.0189325
-0.336682
-0.551801
0.150604
0.410322
0.214877
-0.0784411
0.0390483
1.49653
-0.120727
-0.213266
0.0127381
0.214904
-0.671906
1.22838
-1.53329
0.109053
-0.592548
0.104459
0.124188
0.879546
-1.02929
-0.0775432
-0.592489
1.79956
-0.393531
0.0850416
-0.695221
0.241692
0.377213
-0.428505
1.10977
-0.540667
-0.264871
0.0238619
0.182226
-0.145984
0.19581
0.638469
0.508167
-0.199772
-0.569528
-0.552518
0.150896
-0.833018
0.159154
-0.463786
0.447987
-0.391744
0.219704
0.359641
0.066961
0.0369654
0.282478
-1.18835
