#input normalization
0.161369 0.272426
24.2969 34.6203
10.5671 33.6857
8.32618 29.819
0.0108984 0.0399666
0.00895225 0.0324913
0.550545 1.69875
0.876459 1.57571
1.13572 1.76836
1.42851 1.95693
1.7434 2.14751
2.04231 2.30767
2.32259 2.45389
2.606 2.59136
2.85666 2.68386
3.08958 2.74276
3.30867 2.77323
3.50594 2.77151
3.66154 2.732
3.80156 2.65033
#output normalization
1 0
#neurons weights
0.00523824
0.40663
0.355951
0.456868
0.317477
-0.140666
-0.477109
-0.211309
-0.197364
-0.121939
0.271797
-0.414475
-0.170437
-0.489256
0.219696
0.35437
-0.362575
0.498033
-0.229042
-0.454262
0.921368
-2.59726
1.41205
0.95992
-0.607892
-0.494035
0.934494
0.333457
2.83834
-2.1108
-0.191874
0.708639
0.0867119
-0.719168
0.655755
-4.26971
-1.1398
2.2795
-3.55428
-0.964713
2.03478
0.622527
-0.693939
-0.455783
-1.08533
-0.222568
0.0151753
-0.767812
-0.0340243
0.122813
-0.659244
-1.17612
-0.786457
-0.177728
-0.0944179
-0.00931276
0.330845
0.0871044
-0.554587
0.0838243
-0.537717
1.48336
#synapses weights
0.304131
0.262834
0.328732
-0.295652
-0.0327195
-0.243388
-0.419546
0.126728
1.30145
0.0705881
-0.000185205
0.342074
1.20946
0.811197
1.35123
0.798345
0.15458
0.614457
0.311
-0.736889
1.0103
0.434812
0.267599
0.0311214
0.228441
-0.239989
-0.0470023
-0.279439
-0.0526568
0.630689
0.461531
-0.310686
0.475091
-0.258384
0.179449
-0.266453
0.402573
-0.633872
-0.634729
1.04106
-0.812495
1.0767
-0.623894
0.398548
0.310449
0.130987
1.06024
0.391565
-0.217159
0.415395
0.338248
0.242656
0.688493
0.289828
0.622288
1.12528
0.789277
0.901397
0.959797
1.48791
-0.118247
-0.75396
0.303836
0.346424
0.113398
0.254568
-0.667843
-0.642855
0.533858
-0.866305
0.853855
0.233913
-0.437229
0.0899309
8.99925e-05
-0.205565
0.113868
0.613949
-1.14053
-0.30923
0.152326
0.589502
0.129134
0.0293963
-0.022857
0.324793
0.126956
0.0517319
-0.763523
0.739315
-0.356457
0.411842
0.474335
0.717473
0.80685
0.0272866
0.109164
-0.159837
0.267325
0.0307239
0.499721
0.494306
0.0544396
-0.0750939
-0.388825
0.362419
-0.0323504
-0.733594
0.632737
0.530187
0.820199
0.500041
0.297439
-0.130966
-0.333822
-0.403831
0.0315114
-0.0388098
0.0292097
0.775349
0.411816
-0.591812
0.131393
0.289677
0.165684
0.575738
-0.130261
-0.540148
-0.24796
0.713377
-0.343874
-0.62438
-0.261345
0.184683
-0.14541
0.294358
-0.0237379
-0.257304
-1.04281
-0.728734
-0.466883
1.66685
-1.37527
0.259968
0.113722
1.21952
-0.628437
0.257238
0.70905
0.960063
0.918511
1.1634
0.886158
0.884072
1.34539
1.10531
1.23179
1.95322
1.84768
0.87804
-0.154766
-0.166077
2.20126
-1.3608
-0.399739
-0.72533
0.0736839
0.115953
-0.00645154
0.394358
0.141681
0.0186539
-0.082496
-0.151527
-0.873801
0.705972
0.209955
-0.113243
-0.536115
0.135489
0.578171
0.761913
0.570275
-0.0094592
-0.915216
0.0530066
-0.390556
-0.577023
0.00680831
0.151029
0.0913389
0.0346968
-0.122283
0.128198
0.0408366
0.375867
0.350479
0.378346
-0.138238
1.24678
0.398154
1.09616
-0.0265132
-0.203301
0.160084
0.397745
0.357301
0.4165
0.650734
0.14753
0.913675
0.493891
0.348366
0.849308
0.386109
1.33522
0.651204
0.718769
0.800151
1.13127
0.103179
0.823328
0.113602
-0.244863
0.147194
0.143605
-0.188866
-0.42997
0.170319
-0.224532
-0.33548
0.36454
-0.501711
0.0421407
0.443651
0.263056
0.697597
0.63228
1.06064
2.27618
0.377105
0.718008
-0.184269
-0.0341353
-0.548227
0.161278
0.863416
0.333587
0.154957
1.48434
1.44148
1.99665
0.756121
0.706183
0.263551
0.273255
0.578304
1.39691
0.258844
-0.141972
0.499204
-0.393263
-0.0552747
0.678106
-0.682316
0.104778
0.442096
-0.0465112
-1.21271
-0.573765
-0.514976
-1.43356
-0.249241
-0.235619
-0.568888
-1.06665
-0.571013
-0.272284
-0.580747
-0.671563
0.503722
-1.56054
0.723152
0.481023
-0.0537975
0.368209
-0.325447
-0.163395
-0.862309
-0.105817
-1.04157
-0.168417
-0.931331
-0.269605
-0.793075
-0.750933
-1.00213
-1.34112
-1.03746
-1.29444
-0.00891281
0.800328
-1.90593
-0.0986366
-0.871304
0.24373
-0.179739
0.0859191
-0.288951
0.7565
-0.616149
-0.203255
0.694837
-0.12337
-0.279638
0.11307
-0.752464
-0.415583
0.437605
0.177592
0.686868
0.836568
-0.00246689
-0.221367
0.0116059
0.78321
0.140553
0.220144
-0.457851
0.5535
0.56393
0.299285
0.984718
-0.0755333
0.457648
0.0771561
-0.0938589
0.0145863
0.268728
1.01888
-0.776207
-0.211397
0.464071
-0.669179
0.522146
0.490621
-0.388216
0.258199
-0.115347
0.14298
0.255904
-0.190066
1.02042
-0.931259
0.585789
-0.458731
-0.357697
-0.467768
-0.99722
0.974207
0.504395
0.987415
1.30696
-0.266072
-1.79806
0.706774
-0.0989782
0.602004
-0.927324
-0.583239
0.646141
-0.0550568
-0.00533951
0.306912
-0.349424
0.375512
-0.241232
0.332604
-0.282336
-0.0738716
0.232115
1.02911
-0.844481
0.790745
-0.464039
0.656837
0.068263
0.354126
0.447582
-0.0997375
0.098321
-0.188604
-0.391095
0.354596
-0.796372
0.00388427
-0.768545
-0.0350733
-0.0894361
-0.187966
0.0392452
-1.0385
2.20977
-1.12764
0.206604
-0.388726
0.0458705
0.0768292
-0.278448
0.456336
-0.14553
-0.139605
0.193678
1.09318
0.123224
-0.249311
-0.523658
-0.0714529
1.24848
-0.390696
-0.422514
2.01929
-1.26074
-0.253726
0.22059
0.873632
1.05837
0.725887
-1.06565
1.3691
1.33498
1.50196
0.059356
1.24037
0.159831
1.68931
1.60538
0.384906
0.940573
2.07855
-0.505977
-0.794284
1.51637
-0.833737
-1.01477
0.660226
-0.256343
0.392007
-0.293736
-1.28404
0.271941
0.507632
0.538035
-0.953347
0.0443338
-0.666827
1.10268
0.846575
-0.49633
0.612662
0.799127
-1.01604
-0.118839
-0.279954
-0.0960208
0.26487
-0.157498
-0.552606
-0.0631381
-0.710494
-0.398185
-0.391417
0.198539
-0.211698
-0.0686494
-0.283794
0.226568
-0.223842
-0.132704
-0.267081
-0.516875
-0.528933
-0.294896
-0.517829
0.60954
-0.600498
-1.33305
0.112884
-0.384124
-0.973753
-0.188091
-1.53984
0.829693
0.096923
0.127297
-0.0434658
0.283259
-0.151593
1.37849
0.505555
-0.955543
0.96026
1.12848
-1.67459
-1.4182
0.22761
-1.14366
0.17029
-0.876174
-0.658181
0.58569
-0.18108
-1.54358
0.45398
-0.437657
-0.655106
-0.67563
0.505184
0.352918
0.955094
-0.0721905
-0.27349
-0.0893122
0.0052232
-0.602981
-0.327769
-0.0513251
-0.604632
-0.306509
-0.0857643
-0.147738
-0.32195
0.0652651
0.395174
-0.310639
0.107591
0.492753
-0.126044
-0.349206
-0.376767
0.370059
-0.128028
0.111236
-0.512482
-0.0646505
0.198649
-0.682418
1.19422
-0.123582
-1.03089
0.10069
0.33963
-1.30556
-0.651875
-1.39395
1.16104
0.0916569
0.475259
-0.29107
-0.0746173
-0.879471
2.03285
0.245656
-1.37437
0.453329
1.53233
-2.31969
-0.188386
0.221863
0.377858
-0.854041
0.129653
0.133205
-0.238454
-0.96082
-0.432262
0.540424
-0.0941578
0.935433
-0.756963
0.3705
-0.172345
0.935555
0.624211
-0.9679
1.27071
-0.00924805
-1.46868
0.492703
0.442476
-0.327496
0.127921
0.13042
-0.30376
-0.122725
-0.279147
-0.193984
-0.123549
-0.230535
-0.0663283
-0.137001
-0.510449
0.427321
0.0158422
-0.434366
-0.110411
-0.247931
0.335388
-0.467748
-0.13278
1.24408
-1.25663
-0.823668
0.420919
-0.0897128
-0.222349
-0.826963
-0.805624
1.36309
0.3685
1.05349
-1.408
-0.0587026
0.254864
0.776931
0.501981
-0.525396
1.1188
0.456193
-0.634598
-0.848637
1.72923
-1.33909
-1.5082
0.208515
0.198003
-1.25427
-0.304145
-3.6184
1.53008
0.0737997
1.03172
-0.475962
-0.0109658
-1.45635
2.99405
1.30575
-1.90932
1.13891
1.85232
-2.47906
-1.11451
-0.133142
-1.30356
-0.732581
-0.553185
-0.558161
0.521192
-0.430922
-1.16104
0.522281
-0.0134434
0.398806
-1.3318
0.838614
-0.325742
0.328623
-0.291069
-0.709562
-0.312889
0.713208
-0.303446
-0.317402
-0.341973
-1.21279
-0.294598
-0.814184
-0.518803
0.40883
-0.1718
-1.31141
0.129344
0.0825469
-0.563385
-0.673045
0.0760524
0.0196545
0.796797
0.140743
-0.121151
-0.430489
-0.227836
-0.221505
-0.401027
0.595391
-0.667873
-0.423261
0.179406
-0.177661
0.0672732
-0.233509
-1.39417
1.34961
0.882351
1.13327
-0.588859
0.146238
-0.464074
0.847322
0.222899
-0.554572
0.550071
0.821973
-0.75796
0.517195
0.931141
-0.420025
-0.306157
0.422596
0.225538
-0.420266
0.532838
-0.759984
0.829938
0.0249449
0.932013
0.436497
-0.304767
-0.0904964
0.550786
-0.0744945
-0.529476
1.13953
0.234764
-0.751383
-0.0478882
0.993654
-0.589699
-0.604204
0.381529
-0.374365
0.247105
-0.39574
-1.52011
0.271927
0.748727
0.555831
-0.719958
0.728689
-0.894232
0.827073
0.879462
-0.365567
1.01048
0.759688
-0.616852
-0.463111
0.086764
-0.0721979
0.0735685
0.0934616
0.243919
0.443995
0.441398
-1.31923
0.889296
0.00969916
0.282047
-0.354954
0.789979
0.0964894
1.14237
0.534257
-0.595467
0.289608
1.45485
-0.623486
-0.166303
-0.246944
0.590897
0.0447907
-0.032179
0.509763
0.364637
-0.281939
-0.143342
-0.370261
-0.180856
0.371663
-0.212224
-0.463109
-0.306533
-0.588155
-0.244676
-0.17327
-0.431379
-0.651397
-0.170848
-0.0817135
0.995573
0.16444
-0.868993
-0.748333
0.958704
-1.38815
-0.548907
-1.4572
0.453269
0.393451
0.00785678
0.196467
-0.412076
-0.861725
0.772113
0.608333
-0.743926
0.962282
0.757869
-1.24264
-0.568662
1.71289
-1.02479
-0.682018
0.663863
0.341299
0.491148
0.0431753
-2.27919
0.804963
0.581852
0.517612
-0.408129
0.560684
-0.644998
1.41838
1.35277
0.135693
1.43154
1.53488
-1.37675
0.566584
1.08713
-1.39622
2.1995
-3.76357
-0.532133
3.9829
4.64933
0.379561
2.4848
4.49805
-3.15603
-3.30314
1.14092
2.85984
1.56299
2.16776
-0.679613
4.37289
-0.107796
