#input normalization
0.161389 0.272452
13.4216 22.6345
11.4841 30.2853
9.42337 27.905
0.0118235 0.0354542
0.00982474 0.0299957
0.550545 1.69875
0.876459 1.57571
1.13572 1.76836
1.42851 1.95693
1.7434 2.14751
2.04231 2.30767
2.32259 2.45389
2.606 2.59136
2.86271 2.67842
3.12449 2.70913
#output normalization
1 0
#neurons weights
-0.0962844
-0.434529
0.0395202
-0.0781778
0.0976619
-0.210816
-0.360598
0.0880484
-0.442436
0.389835
-0.217787
0.384034
-0.0154363
0.0556491
-0.292345
-0.339356
2.58982
-0.988428
0.805909
1.83019
3.57148
-0.74352
1.28828
-2.35006
-1.51461
0.526811
1.58274
0.857171
2.23562
0.902095
0.605763
-1.59857
2.04602
-0.172903
0.239988
-0.176258
-0.341989
0.449459
0.187097
-0.41068
-0.360979
0.214282
0.597859
0.463539
0.510286
1.384
0.557081
0.887916
-0.253741
1.88928
#synapses weights
0.144781
-0.838081
0.812387
-0.656157
0.4903
-0.172733
0.211966
-1.81682
1.1085
1.29358
0.150292
0.277622
-0.527699
-0.00614849
-0.854704
1.18758
-0.494776
-0.998562
0.132314
0.62509
1.16197
0.46578
0.493396
0.86165
-0.777851
-0.684323
-1.02313
-0.728944
0.172562
-0.420142
-1.58932
-1.1492
0.118563
-0.347951
0.947392
1.27797
-0.207393
-0.498204
0.41734
-0.670119
0.042353
0.421532
-0.0485145
-0.0242027
-0.0012085
-0.182171
-0.736715
-0.812479
-0.141265
-0.844004
1.09175
-0.412036
-0.376814
0.27194
-0.4104
-0.0842885
0.0311466
0.627389
-0.451505
-0.119841
1.66536
-0.552966
0.234374
-0.45961
-0.211629
-0.423244
1.73764
-0.533412
2.01999
-0.938636
-0.0162947
0.109953
-0.075749
-0.367095
0.333822
-0.00280098
-0.414186
0.153026
0.329498
-0.0559203
0.685085
-1.29064
0.379855
-0.174118
0.385093
-0.175704
-0.145618
-0.655708
0.381527
0.147886
-0.221119
-0.00799933
0.0254226
-1.08275
-0.439055
-1.57357
0.0579498
2.60294
-1.2236
-0.15309
-1.08189
0.405726
-0.17321
0.520077
0.995908
0.837612
1.2756
2.14508
2.54499
2.24238
2.98372
2.76315
0.66738
0.498871
0.771857
-0.345607
-0.773419
-0.0663817
-0.260501
0.00490945
-0.373103
0.224141
0.311859
-0.636186
0.28261
-0.25351
-0.279268
1.14605
-0.135577
0.539799
-1.80487
0.492772
1.10894
-0.614779
-0.108215
-0.81469
0.310081
1.07301
0.191949
0.208865
-0.370464
-0.397494
-0.0117237
0.639298
-0.100273
0.343727
0.694618
0.669537
0.263712
0.0727685
0.0684706
0.131979
-0.0854753
-0.0839624
-0.210587
-0.00491989
0.236393
-0.485163
-0.725701
-1.17389
-0.191838
-0.408093
1.67095
-0.373872
-0.176581
-0.351934
-0.62864
-0.393167
0.637345
-0.594189
0.760466
-0.0431771
-0.528893
0.43022
-0.583746
-0.328978
0.570449
-0.697044
1.29555
0.661039
0.988629
0.17217
0.0715339
-0.606326
0.0875329
0.382149
0.282869
-0.0658482
-0.425545
-0.0477999
-0.64188
-1.00516
-0.410764
-0.738802
0.965448
-0.253402
0.265355
0.314987
0.314914
0.413525
-0.85443
1.11077
-0.00680785
-0.210338
-0.456666
0.0941108
-0.252312
-0.041219
-0.632285
-1.01465
0.387892
0.271974
0.36592
-0.522349
0.307341
0.668518
-0.0875252
0.417246
0.419633
-0.1658
-0.36481
-0.284403
-0.687079
-2.20349
-0.339901
-0.728453
1.84834
-1.13157
0.820779
-0.820859
-0.0143672
0.229507
-0.160288
0.0818573
0.206249
0.18427
0.364948
0.100221
-0.0486541
0.154106
0.384661
0.518214
0.369568
0.745259
-0.469376
0.892892
-0.00909075
-0.0921063
-0.0369089
0.162808
0.0453578
0.0664155
0.127439
0.0908999
-0.251831
-0.269339
0.572237
1.33947
0.224429
-0.246447
-0.421202
0.427824
0.0827528
-0.196053
0.438311
0.333416
0.244433
0.292911
0.170136
0.248245
0.325158
0.59486
-1.71093
0.41915
-1.46343
-1.1839
-1.51124
-0.759455
-0.126007
1.18494
1.30606
-0.761587
-0.510216
-0.957852
-1.21152
-0.748456
-1.9019
0.243423
0.104398
-1.70844
-0.610733
-1.21209
-1.18167
-2.09772
-0.795262
-0.276424
1.12175
1.73265
-0.577918
-1.28011
-1.27329
-2.20859
-1.79602
-1.9999
1.08042
-0.44706
-0.171844
-0.853894
0.266759
-0.875165
-0.0505639
0.0385364
-0.0895722
0.866991
-0.190902
0.12799
-0.167767
0.0241231
-0.789183
-0.53668
-0.0964502
1.36148
0.850202
-0.71153
-0.198243
0.390537
-0.786845
-0.39768
-0.643197
-0.879674
1.01264
-0.439183
-0.528429
-0.325539
-0.388417
-0.0242431
-0.104132
-0.758053
1.30038
0.794061
-1.59935
0.31165
-1.5228
-1.05396
-2.01931
-0.961844
-0.041137
0.812526
1.22299
-0.0382399
-1.41859
-1.73184
-1.90921
-0.934065
-2.13639
-0.470446
-0.462137
-0.917111
0.782819
-0.898302
-0.978051
-2.05301
-0.682248
0.0934556
1.18113
1.14355
-0.576917
-1.05265
-1.37888
-0.48707
-0.598519
-1.36511
-0.272285
-0.727121
0.475299
2.03259
0.227702
1.25143
0.330391
0.0888553
-0.457937
0.359885
-0.654861
0.569153
0.411706
-0.159425
0.822139
-1.04813
0.49708
-1.72081
-0.169651
-0.301829
0.117179
0.184705
-0.429824
0.124075
-0.533963
-0.1
-0.365099
0.0819152
-0.232674
-0.532174
-0.368565
0.253349
-0.331692
-0.34206
-0.199158
-0.541673
-1.41434
0.386075
-1.08942
0.252387
-1.38497
-0.159857
0.510641
1.40988
0.854083
0.262057
-0.975855
-0.554711
-0.613164
-0.45546
-1.1628
-0.0458752
0.0512967
-0.649795
0.458974
-0.949582
-0.356207
-1.45175
-0.0640763
-0.466436
0.830198
1.29728
-0.606734
-0.516712
-0.741158
-0.200158
-0.266989
-0.745433
1.19679
-0.346333
-0.86669
-0.0437957
-1.3691
-0.25911
-1.49394
-0.489979
-0.519164
0.65798
1.58165
-0.298882
-0.74826
-1.09194
-0.211818
-0.0199634
-0.638713
1.51205
0.0185201
0.151237
0.115976
0.101625
0.182439
-0.330983
-1.08407
-0.364714
2.17077
0.19542
-0.0105724
-0.352061
-0.474062
-0.0967043
-1.59447
-0.874402
1.08634
0.82358
-0.58538
1.02278
0.242937
-0.516988
-0.962856
0.192666
-0.390542
0.811157
0.971906
1.84552
-0.504497
0.145162
-0.58406
0.200645
-1.25095
-0.137743
0.830548
-0.692303
-0.0056713
-0.939818
-0.239034
-1.51233
-0.068174
0.0729982
0.599013
0.191378
-0.375641
-0.644822
-0.598478
-1.02547
-0.790715
-1.19796
0.74877
0.144531
-0.301739
-0.432102
-0.220452
-0.0592159
0.0558838
-0.947868
0.698511
1.03125
0.479172
0.548134
-0.206067
-0.682114
-0.214772
-0.214272
0.680349
0.0180366
1.48498
-0.615832
0.200843
0.0929695
-0.951731
0.492151
-0.486821
-0.489555
0.106842
-0.221408
0.20996
-0.543721
0.0919348
-0.387839
-0.460801
0.274167
0.091705
0.358411
2.68073
4.05471
3.24893
2.20243
2.30565
1.48293
-3.74395
0.072152
1.26012
2.89645
3.7927
2.94834
2.73587
2.04177
2.0725
1.22992
