#input normalization
0.161352 0.272399
68.118 67.031
9.62994 38.2338
7.89574 31.6864
0.0107782 0.0446432
0.00866317 0.0338074
0.550545 1.69875
0.876459 1.57571
1.13572 1.76836
1.42851 1.95693
1.7434 2.14751
2.04231 2.30767
2.32259 2.45389
2.606 2.59136
2.85666 2.68386
3.08958 2.74276
3.30867 2.77323
3.50594 2.77151
3.65859 2.73534
3.78138 2.67453
3.87485 2.5866
3.95675 2.4747
4.01612 2.35612
4.01637 2.21169
3.99213 2.04759
3.96566 1.88338
3.88333 1.71111
3.80185 1.52207
3.66345 1.31446
3.51088 1.10635
3.36914 0.915381
3.22422 0.742034
3.05232 0.566164
2.89772 0.405023
2.73413 0.25425
2.55988 0.109364
2.40013 -0.0221622
2.24883 -0.143301
#output normalization
1 0
#neurons weights
-0.0560717
0.368623
-0.128338
-0.0566286
-0.44261
0.321839
-0.13777
-0.326092
-0.396146
-0.20098
0.0713717
-0.389918
0.0918172
-0.270286
-0.256743
-0.195379
-0.121138
0.452552
0.193067
-0.0561028
0.430182
-0.150377
0.174035
0.125071
0.104538
-0.0948994
0.397632
0.311763
0.332602
-0.156046
-0.480162
-0.472573
-0.0790283
0.0510989
-0.033752
0.390326
-0.20356
-0.2073
1.82168
-1.50135
-0.0108505
-2.11639
-0.842218
-0.148587
0.0691247
-0.0299479
2.06796
3.70663
-1.02057
-1.08634
-0.388231
-1.82257
-0.104066
-1.78114
0.427729
-0.410467
0.111907
0.682099
-0.454843
-0.949683
-3.26711
-1.56499
-0.321264
1.61309
0.204227
0.868948
0.0692065
3.56668
0.137523
2.65454
0.70675
-0.921488
1.13567
-1.95794
0.65656
3.02245
0.00159745
0.408988
-1.0683
0.168523
-0.043757
-0.37184
-0.0249757
-0.478897
-0.157256
0.0950576
-0.968355
0.0984758
-0.399547
-0.0289929
0.386609
0.689771
0.434315
0.278933
-0.0412343
0.280703
0.391659
-0.418829
0.156916
0.0438904
0.00788382
-0.245347
-0.530453
-0.331577
-0.156921
-0.56867
0.346357
-0.6378
-1.04746
0.627121
0.361007
-0.183424
0.106857
0.183005
-0.890201
0.715324
#synapses weights
-0.303973
-0.548779
0.387673
-0.406846
-0.227014
-0.296835
1.25411
-0.441767
1.50468
-0.286744
0.439771
-0.18588
-0.0264561
-0.439741
-0.261709
0.45425
0.280237
-0.0022595
-0.760999
0.24612
0.3267
0.149301
0.258777
0.417596
-0.402498
-0.475795
-0.00657097
0.380232
-0.0637932
0.00695798
-0.226778
0.340033
-0.434045
-0.354869
0.266486
-0.34398
0.4091
-0.0533653
0.385565
1.04726
0.101191
-0.21965
-0.680071
0.0661975
-0.0674992
0.0537469
-0.338469
0.158578
-0.132306
-0.228637
0.12375
-0.0643575
0.420929
-0.0815897
-0.583052
-0.814815
-0.204292
0.254615
-0.40489
0.109789
0.0822307
0.348666
0.569365
0.420839
0.246515
0.54754
-0.198839
0.578059
0.34753
0.148203
-0.249255
-0.515905
0.421904
0.0564418
-0.172284
0.0723801
-0.131676
1.10799
0.12951
-0.115174
-0.132858
0.339389
0.0773723
0.34193
-0.495333
0.206689
-0.933113
-0.217988
0.141593
0.338802
1.06478
0.481609
0.155844
0.192056
-0.499308
-0.351127
-0.152204
0.996227
0.0964855
-0.0107696
-0.190514
0.158313
-0.305128
-0.349872
0.17172
0.192069
-0.161371
-0.244036
0.0474204
-0.115935
0.134533
0.640591
0.156018
-0.0397443
0.469269
1.42685
0.147623
0.0613671
-0.529658
0.0771327
0.0485139
-0.0753338
-0.367414
0.429966
-0.332793
-0.748883
-0.0306313
0.11817
0.163457
-0.132824
0.196714
0.632016
-0.14017
0.0837233
-0.0904078
-0.145805
0.680658
0.299905
-0.408146
-0.262306
-0.363139
0.257083
-0.613094
-0.179791
-0.468355
0.673743
-0.371649
0.0678829
0.525318
-0.234331
0.148997
-0.132049
0.192197
0.338669
0.585149
0.215262
0.675429
0.62861
-0.0960092
-0.254834
-0.040502
-0.00670537
-0.0851952
-0.138307
0.190784
-0.125613
-0.324949
0.145293
-0.0109046
0.879511
0.279244
-0.595046
-0.70379
-0.153929
-0.67658
0.141452
0.39558
0.63694
-0.354958
-0.0306366
0.2261
-0.283665
0.636664
0.0577405
-0.229801
0.0420074
0.336568
-0.10383
0.195022
0.00312329
-0.23204
0.144458
0.0337992
0.328631
0.361143
-0.318761
0.417399
-0.232782
0.244814
-0.0107339
-0.196334
0.00891895
0.117657
0.0865309
0.0254044
0.201764
-0.265599
-0.230957
0.844572
0.432684
0.658858
0.316388
0.331646
0.24766
0.677429
0.30842
0.287295
0.390099
0.144679
0.290632
0.262322
0.441223
0.385169
-0.264144
0.177267
0.0442224
-0.206991
0.565391
0.402683
0.481732
-0.0844221
-0.255789
-0.231717
0.597609
0.201114
0.216064
0.415678
0.77859
0.91595
0.0184653
0.742704
0.540899
-0.185087
0.181841
0.411365
0.03832
-0.254329
0.577192
0.165212
-0.0304804
0.215213
0.228694
-0.0584411
0.231195
0.356815
0.39208
0.0997509
-0.298843
-0.613486
0.164199
0.0574026
0.315899
-0.395722
0.362102
0.810146
0.957941
-0.781208
0.128567
0.00549728
0.584716
-0.109853
0.351909
0.0947923
0.126427
0.132206
0.232632
-0.542354
-0.0396698
-0.113505
0.00252127
0.29852
0.277458
0.441157
0.649353
-0.022178
0.865114
-0.068652
0.340675
0.0880332
0.382055
-0.174688
-0.0896753
-0.0728426
0.296157
0.545017
0.102881
-0.120676
0.0265127
0.151087
0.128326
-0.069658
-0.153006
0.244867
0.301992
-0.0762041
-2.23352
2.41889
-0.0957152
-0.675358
-0.294987
0.142753
-0.0881496
-0.252094
-0.0435206
0.0666761
0.22792
-0.0166444
0.121222
-0.175799
0.474148
0.0980633
0.152204
0.00133938
0.307122
0.306127
0.0670295
0.114207
0.0590524
0.20462
-0.268703
0.350851
0.773447
-0.170366
-0.222943
0.00148454
0.203717
-0.217607
-0.217442
0.542994
0.500862
-0.421898
0.358147
-1.66635
-0.668738
-1.67959
0.163728
1.14708
-0.195859
0.0660414
-0.0434627
0.0363447
0.122739
-0.310563
-0.190598
-0.0277096
0.105979
-0.276009
0.105868
-0.169489
0.615128
-0.0180781
0.0758163
-0.451986
-0.100559
-0.0996927
-0.352623
0.0955879
-0.690001
0.674256
0.374618
0.387719
0.119136
-0.350142
-0.673376
-0.0471408
0.0954385
0.211625
-0.0347541
-0.0676182
-0.437348
0.285646
0.884111
-0.248474
-0.0447226
-0.162607
0.28275
0.295416
-0.285636
-0.00501661
0.883836
0.618859
0.0171588
-0.43928
-0.410318
0.175187
-0.520056
-0.534068
0.446509
-0.517255
-0.565083
0.124735
0.0553416
0.204
0.468082
0.100721
0.338373
0.487021
0.406319
0.00721859
0.299602
-0.180678
-0.133917
0.491304
-0.25944
0.237887
0.21344
-0.0170819
0.227848
0.492795
0.609146
-0.106537
0.10419
0.614437
-0.31905
-0.567913
-0.566586
-0.124672
0.27108
0.957276
0.598937
-0.00133415
-0.267879
-0.456066
-0.123384
-0.121833
0.41144
-0.176505
-0.156768
-0.36889
0.473991
-0.062577
0.523729
0.050327
-0.253113
0.200625
0.178135
-0.243207
-0.138088
0.395022
0.430261
-0.440589
-0.3505
0.411303
0.00365864
-0.0555275
0.591395
-0.494742
0.124331
0.515955
-0.168714
0.741651
-0.0781035
0.00591608
-0.339111
-0.253182
-0.355502
0.345437
-0.0161433
-0.102717
0.12144
-0.266396
0.724284
-0.0348557
0.0592877
0.0172051
0.482328
0.575061
0.193669
0.753221
-0.0232343
-0.226636
0.557641
0.0838748
0.39213
0.38653
0.287721
0.0563818
-0.239106
-0.197886
0.462645
0.341003
0.497645
0.154197
0.346347
0.220361
1.39528
0.288879
-0.0587152
-1.19266
0.509867
0.0964129
-0.690637
0.082178
0.356106
-0.214941
0.51451
0.463813
0.108019
0.285149
0.25635
-0.266516
-0.0655727
0.297922
-0.00183938
-0.325963
-0.273323
0.461889
-0.44686
-0.0484398
-0.758968
-0.136022
-0.426177
0.834611
-0.361239
-0.00198891
-0.244893
0.625478
-0.142829
0.35174
-0.485816
0.357234
-0.549324
-0.0534192
0.739716
-0.312849
0.0818354
-0.176495
0.243637
-0.157678
0.115094
1.4727
0.242282
0.248588
0.14966
0.318149
0.313874
-0.460412
-0.670938
0.332621
0.0700665
0.456805
-0.245223
0.0735811
0.0359226
0.282145
-0.327788
0.0274274
-0.214801
0.0368991
-0.806331
0.00940271
-0.158821
0.154994
0.187663
-0.0233233
0.0278752
0.285809
0.047734
-0.281991
0.193852
0.653273
0.61013
-0.0151263
0.217498
-0.160291
-0.130091
0.311972
0.070465
0.147202
-0.357878
0.777306
0.0934171
-0.112119
-0.350758
-0.498975
-0.177267
-0.30478
0.633232
-0.265389
0.663084
-0.130873
0.16618
-0.876891
-0.220228
-0.483338
0.211212
0.251914
0.515411
-0.452426
0.562677
-0.268794
-0.122856
0.41327
-0.1262
0.342673
0.276084
0.285011
-0.717488
0.621605
0.423024
-0.744394
0.0731098
-0.216511
-0.256922
0.322367
-0.237623
0.439377
0.628246
-0.311302
0.694575
0.707214
0.349322
0.413148
0.453578
0.62475
0.100336
0.804773
0.195523
0.27166
0.0395183
0.61851
0.698769
0.466466
0.63492
0.998973
0.0176583
0.480272
0.448107
0.35916
0.520577
0.632078
0.924027
0.312564
0.913774
0.513589
0.640611
-0.361757
1.08461
0.389711
-0.248464
0.785884
0.659658
0.563923
0.0715234
0.0119219
0.64387
-0.132669
0.238983
0.190368
0.303828
0.77571
0.817686
0.338304
0.444655
0.416249
0.929514
0.919316
0.650251
0.735936
0.841946
0.970557
0.538822
0.24199
0.348924
0.944447
0.330458
0.26305
0.793076
0.893926
0.301219
0.065485
0.324825
0.415459
0.555179
0.341332
-0.255494
-0.255868
0.198698
-0.772579
-0.43559
-0.289913
0.142758
-0.430478
0.0874877
0.0773758
-0.419612
-0.196336
-0.511218
-0.220922
-0.537232
-0.10834
-0.754624
0.0950388
-0.221287
0.0882855
-0.390057
-0.208737
-0.783313
-0.767595
-0.383406
-0.126734
-0.112848
0.171894
-0.889919
-0.597364
-0.557558
-0.300814
-0.82173
-0.566677
-0.463778
-0.229505
-0.0147553
-0.466003
-0.042534
0.69839
0.386527
0.243796
0.285617
0.186264
0.0290084
0.23592
-0.379532
-0.288448
-0.0417092
0.222164
0.57686
-0.485598
0.363817
-0.0501529
0.221925
0.0459344
0.406155
0.363552
0.29576
-0.268435
-0.0930096
-0.0688783
0.225428
0.683056
-0.0549712
0.656972
0.578497
0.514039
0.808357
0.338693
0.888843
0.937853
0.389449
1.02539
0.17619
0.0790973
0.898567
-0.400831
0.0766179
-0.0598086
0.629551
0.252758
0.626202
0.543479
0.749016
0.464938
-0.0127291
-0.0576636
0.176225
0.205526
0.66997
0.565768
-0.0243972
-0.114814
0.698779
0.766892
0.21211
0.692022
-0.0168683
0.0462089
0.539526
0.0597888
0.532781
0.40619
-0.0965141
0.0344057
0.651035
0.331493
0.360877
0.533252
0.180773
0.418003
0.0716406
0.67536
1.29128
0.143831
0.0594295
0.253233
-0.267693
0.115205
-0.644062
0.280302
0.594059
0.292803
-0.886808
0.566451
-0.117193
-0.466435
0.688324
0.883514
0.0151563
-0.00167929
0.442672
0.180187
0.405492
0.213402
-0.192629
-0.177174
0.181932
0.431969
-0.0544913
-0.0369156
-0.28669
-0.0996165
-0.254401
0.132996
0.245561
-0.266501
0.262306
0.220402
0.108911
0.922176
0.71388
0.820268
0.169268
-0.470059
0.146132
-0.339047
-0.228975
0.294073
0.558288
-0.388313
-0.0388499
0.226589
0.586625
-0.181328
0.247149
-0.301858
-0.562916
0.294533
-0.291656
-0.0745408
0.366477
-0.322439
0.0240528
-0.200254
-0.196181
0.714233
0.877174
-0.426045
0.137837
0.0690566
-0.034355
-0.248526
-0.580634
0.582453
-0.276082
-0.462151
0.88575
0.299742
0.697793
-0.132356
0.0193198
-0.232588
0.151037
-0.0840785
-0.0596511
0.110851
-1.05424
0.574776
-0.21014
-1.17163
0.233478
0.402711
0.913725
0.623945
0.095898
-0.152148
-0.910023
-0.124721
-0.115262
-0.721656
-0.0143118
0.378076
0.657202
0.338701
-0.0590823
-0.166406
-0.462971
0.483264
-0.278284
-0.0515691
-0.399397
-0.153775
0.175897
0.310536
0.0236581
0.381424
0.909888
-0.346387
-0.203011
-0.163715
0.532203
-0.475273
0.594152
-0.529398
0.399857
0.155626
-0.230534
0.482942
-0.181627
0.19763
0.337039
-0.029421
0.88893
0.84618
-0.0277136
0.461423
0.0760732
0.734144
0.657483
0.43603
0.114458
0.591544
0.594363
0.124243
-0.00688503
0.188451
-0.046698
0.544068
0.513444
0.713623
-0.00974926
0.699619
0.461332
0.209304
-0.877006
0.170654
-0.473289
-0.395267
-0.169136
-0.545673
-0.0985673
0.43621
-0.049227
0.125542
-0.621542
0.726671
-0.176293
-0.386636
0.368265
-0.084486
0.11503
0.21286
-0.0391583
-0.543371
0.588916
-0.633668
0.138581
-0.331739
1.02111
-0.084977
-0.16754
-0.0150803
0.143157
0.167965
-0.108845
0.0552862
0.096118
-0.0149388
0.0977536
-0.0853422
-0.147502
0.694487
0.182913
-0.0887019
0.226853
0.179761
0.315046
-0.581407
0.0195849
0.58298
-0.421341
0.219994
0.454242
0.235841
0.870197
0.17418
-0.205695
0.620567
-0.349207
0.485021
0.450173
0.328369
0.47312
0.336254
0.357193
0.369243
0.587985
0.363622
0.202588
-0.051498
0.240035
0.00863008
-0.0531367
0.623203
0.144249
0.0170816
0.0593979
0.364254
0.403003
-0.85433
0.555825
1.28701
0.295981
0.558424
-0.413984
0.185893
0.0409898
-0.497355
0.126333
-0.408942
-0.504642
0.0709255
0.0902837
-0.159216
0.58846
-0.16584
-0.486951
0.0235318
-0.102453
0.286374
-0.248006
0.256742
0.122875
-0.160226
-0.311346
-0.275898
-0.0202258
-0.382994
0.348864
-0.128246
-0.355854
-0.222265
-0.43396
-0.733842
-0.553005
-1.12573
-0.800853
-0.149038
-0.735058
-0.135219
-0.0966256
0.200929
-0.169057
0.0537685
0.238974
-0.102331
0.653401
-0.0124185
-0.610836
-0.427005
0.0373218
-0.17446
0.336394
0.39072
-0.31549
-0.302723
-0.665736
-0.277745
-0.271258
-0.428331
0.153961
-0.659555
0.22316
-0.211849
0.119258
-0.215247
0.183404
-0.183967
0.0584619
0.0612968
-0.106069
0.0975903
-0.0503859
-0.0173234
-0.472633
-1.642
-0.411483
1.51434
-0.104204
0.996996
0.401229
-0.587301
0.101683
-0.0323639
-0.0604346
-0.0842735
-0.372997
-0.189748
0.58214
0.0261588
0.23112
-0.627459
-0.102822
0.674781
-0.538549
-0.187299
0.00668488
0.151279
0.193938
-0.0952773
0.568446
-0.36608
-0.216685
-0.396513
-0.564314
0.761358
-0.1619
0.458273
-0.370909
-0.574584
-0.177464
0.0928681
0.70827
0.0374382
1.07703
-0.210709
0.2546
0.127842
-0.162322
0.3587
0.753468
-0.164305
-0.0790282
-0.376433
0.125365
-0.347717
-0.353865
-0.378247
0.430659
-0.0862877
0.102839
0.30391
0.484889
-0.237714
-0.116553
0.011888
-0.234556
-0.192996
0.366812
-0.536486
0.124566
0.161936
0.406401
-0.174495
-0.0965843
0.0363038
-0.0738117
0.477794
0.0809756
0.0583641
0.205178
-0.621176
-0.338233
1.08375
-0.886838
0.349086
-0.383336
-0.111319
-0.379366
0.0200129
0.376514
0.0541091
0.827185
-0.739788
-0.744858
0.343105
0.190272
-0.0355919
0.187516
-0.404683
-0.513656
0.819065
-0.383721
-0.232581
-0.211823
-0.262688
0.629004
-0.0654859
0.3377
-0.523175
-0.579533
0.232185
0.443681
-0.303068
-0.466384
1.11514
0.0250922
-0.0460675
-0.585067
-0.726286
-0.473279
0.861679
0.0618307
0.241431
-0.400021
0.198907
-0.833058
0.132193
-0.640155
0.0692314
-0.385748
-0.332378
-0.373285
-0.295331
-0.423486
0.0872379
0.222804
-0.223131
-0.188666
-0.414805
-0.0755257
0.0224898
0.18496
-0.177199
0.135737
0.183801
-0.06565
-0.453633
-0.25122
0.0583982
-0.397798
-0.324204
0.161283
-0.265093
-0.401978
0.0409615
-0.448527
0.355005
0.0819723
0.166086
-0.0414065
-0.291943
0.0586958
-0.159612
0.123441
-0.257236
0.291321
0.197926
-0.31032
0.212862
0.275337
0.500096
-0.229872
0.312389
0.0493439
0.895928
0.224047
0.797938
0.742303
0.524779
0.480865
0.858093
0.953329
0.142838
0.568662
0.35982
0.753353
0.52944
0.793533
0.581468
0.635717
-0.0285405
0.434587
0.452243
0.065039
-0.234293
-0.767333
-0.0941222
0.209333
0.889244
-0.0817619
-0.0309109
-0.0287943
-0.52924
0.729532
-0.610886
-1.02074
-0.185351
0.646883
0.269132
0.0225529
-0.276193
0.0462272
0.0111051
-0.217654
-0.486546
-0.144296
0.408641
0.278318
-0.0593592
0.0782109
-0.208851
-0.250267
-0.174583
0.0875052
0.193333
-0.239917
-0.386311
-0.0478057
0.481799
-0.325806
-0.0675679
-0.417256
1.48584
0.628819
0.418155
-0.240651
-0.187554
-0.0343482
-0.666048
0.201542
0.338254
0.201302
-0.412383
0.410071
-0.159768
0.0805004
0.144221
-0.0342013
0.357148
0.160226
-0.0388472
-0.0132793
0.354862
0.286875
-0.0152842
0.409849
0.150823
0.304533
0.0657948
-0.297453
-0.0147719
0.192737
0.0348718
0.0617411
-0.0710368
0.208069
0.379503
0.109114
0.337897
0.240395
-0.922568
0.808922
0.190902
0.372602
0.563406
0.335516
-0.437514
0.315907
0.0091807
0.37528
-0.0344572
0.471079
0.0379021
-0.148489
0.17448
0.571743
0.842901
0.557258
0.757276
-0.0210962
-0.0160696
0.361977
0.923663
0.202314
0.150119
0.740344
0.259132
0.154029
0.331696
0.534818
0.600926
0.86512
0.233059
0.266797
0.31745
0.156036
0.540766
0.058746
0.0756908
-1.3228
2.49051
-1.22313
-0.140691
0.185136
0.140646
-0.0561998
-0.215513
0.0560809
0.00176688
-0.102193
-0.0578339
0.425212
0.422989
-0.352396
0.00828431
0.0265266
0.431841
0.00294808
-0.298816
-0.0460874
0.0304033
0.120588
-0.0431171
-0.0778047
0.0719213
-0.0163253
-0.0629448
0.642459
-0.109046
0.139636
0.389833
0.047416
0.142394
-0.512024
0.371325
-0.463282
0.44287
0.641244
0.0220043
-0.075705
-0.0799331
0.397531
0.0939038
0.146168
-0.44521
0.168462
0.884481
-0.226336
0.568126
0.921504
-0.188741
0.0639105
-0.367164
0.0545235
-0.110305
0.0707496
0.30075
-0.588379
-0.32406
0.016333
0.018176
0.0659031
0.201623
-0.108853
0.263396
-0.00621923
0.657474
-0.0671733
0.145326
0.538842
0.132316
-0.24895
-0.102665
0.226627
0.392112
-0.646703
0.428927
0.348647
0.401095
0.154006
0.35883
0.152211
0.175798
-0.0563046
-0.0031636
0.0976137
0.234292
0.421084
0.248634
0.587107
-0.00507609
0.488646
-0.0266879
-0.0077155
-0.04226
0.0687839
0.127146
0.309229
-0.19792
0.0514472
0.310572
0.0811655
-0.220254
-0.128746
0.210183
-0.601965
-0.109506
0.0964283
-0.262086
0.100615
0.228364
-0.448043
0.468185
-1.81258
0.393253
-0.00202964
0.24259
0.343251
0.126006
-0.0287607
0.293989
-1.74101
-1.17765
0.256204
-0.60777
-0.0194787
-0.0964706
0.36958
0.586259
-1.14796
-0.935938
-0.340211
-0.333527
-0.367684
0.133988
0.837094
0.84702
-0.248061
-1.17179
-0.517331
-1.29477
-0.809206
-1.75447
-0.194347
-1.40999
-0.731558
-0.549265
-0.574933
0.133952
-0.21313
-1.83365
0.0846817
0.275802
0.601428
-0.136793
0.505571
0.169105
-0.0213025
0.149142
0.206221
0.445221
0.657979
0.122444
0.409235
0.198685
0.0893041
0.206746
-0.0314165
-0.28331
0.0218557
0.0970892
-0.0672877
0.377444
0.666889
0.32009
0.251199
0.250271
-0.339196
-0.202753
-0.105338
-0.304102
0.341983
0.474518
0.0212988
-0.422004
0.403162
-0.371012
0.624186
-0.0239369
0.21382
0.429069
-0.0925669
0.26973
0.508408
1.03995
0.466614
0.368354
-0.956337
-0.362771
-0.936218
-0.986993
-0.356827
0.0464655
-0.160458
1.03056
-0.312918
0.829072
-0.578955
-0.733397
0.641797
0.101135
-0.250205
0.519115
1.11747
0.647092
0.35181
-0.210942
0.310626
0.891685
-0.572937
-0.521014
-0.0120029
-0.320312
-0.00195621
0.359253
-0.973099
0.662264
-0.369555
-1.03659
0.750845
-0.602395
-0.331847
-0.0628523
0.569403
-0.136265
-0.397964
0.260379
-0.138224
-0.864121
-0.172494
0.463546
0.515544
0.0640236
-0.299864
0.139705
0.737072
0.0388213
0.439624
0.356918
-0.0923423
0.422353
0.16627
0.0534911
-0.297243
-0.136468
-0.609518
-0.0247042
-0.201145
0.538171
-0.142417
0.0107601
-0.0357143
-0.960062
0.529943
0.0839036
-0.203469
0.17764
-0.739286
0.319145
0.111723
-0.00609604
0.201042
0.396665
0.199836
0.263065
0.36597
0.389161
0.179674
0.439265
0.771302
0.183885
-0.114412
0.501037
0.147033
0.346185
0.354185
0.459387
-0.0617227
-0.582773
-0.121192
-0.199466
-0.112769
0.258774
0.044426
0.519202
0.437931
0.188794
0.435122
0.135268
-0.217297
0.00725802
-0.209919
0.315206
0.413146
0.302314
-0.123336
0.161266
0.211633
-0.512002
-0.193045
0.236118
0.308318
0.371459
0.512886
-0.284401
0.353323
-0.580524
-0.627165
0.0245986
0.752781
0.122906
-0.113655
-0.630033
0.557744
-0.246868
-0.0808989
-0.462097
-0.285536
-0.143541
0.783165
0.93677
-0.0523801
-0.168747
-1.00676
0.418899
0.558971
-0.454456
-0.55253
-0.194043
-0.451356
0.349223
-0.0535544
0.129745
0.717258
0.174238
-0.977162
0.0931597
-0.926422
0.392564
0.0943328
0.428741
0.825676
-0.285753
0.0112803
-0.191811
-1.3173
-0.596356
0.275015
-0.440465
0.572908
-0.151225
-0.179443
0.26257
-0.0253705
-0.616636
-0.30964
-0.0876308
0.309915
0.744735
0.786312
-0.0520957
-0.458127
-0.524008
0.0691955
-0.146995
-0.501494
-1.52383
0.612119
-0.845929
-0.579722
0.260936
-1.00594
0.678082
-0.136841
-1.03834
0.121096
-0.328425
0.634366
0.403306
0.5629
0.245036
0.273584
0.547935
0.643524
0.0418341
0.0892789
0.40028
0.391102
-0.0832729
0.16702
0.019754
0.100647
-0.299344
0.306632
0.509475
-0.0215252
0.0470468
0.098667
-0.304709
0.501576
-0.249341
-0.314996
0.330081
0.427757
0.296911
-0.0829266
0.572148
0.579116
0.00975472
0.413395
0.367898
0.198866
0.286379
0.525974
-0.0148824
-0.954729
0.0259758
-0.215337
0.374397
0.0910197
0.0826085
0.207268
-0.418728
-1.3961
-1.16212
0.272077
0.418811
-0.332522
0.42915
0.39362
0.0587478
-0.0798401
-0.12076
-0.484208
-0.378779
0.143478
0.610456
0.753369
0.138514
0.0522838
0.0358787
-0.210108
-1.12657
-0.805473
-1.1341
0.474455
-1.01853
-0.731197
0.135959
-0.759363
0.323071
-0.411161
-1.13375
-0.371658
-0.280857
0.232462
0.299017
0.214563
0.487791
-0.0268355
0.239027
-0.493017
-0.798323
-0.0443229
0.300696
-0.140706
0.262971
-0.311883
0.327412
-3.10588e-05
0.303067
0.396517
0.431007
0.0375457
0.569258
0.104626
0.384343
0.654859
-0.0949676
-0.73749
-0.123163
-0.0586481
-0.450823
0.239026
0.418702
-0.534457
-0.642202
0.218981
-0.201273
0.684967
0.172561
-1.24374
0.45231
-0.242669
0.423319
0.0762538
0.249457
0.604434
-0.111413
0.507567
0.260449
-0.398819
-0.833956
0.350097
-0.397134
0.359784
0.666887
0.346622
0.0986074
-0.420023
0.293396
0.671728
-0.0274973
0.0593138
0.21839
0.135967
0.693566
-0.255281
-0.919691
0.50479
-0.164574
0.399376
0.0978661
0.82695
-0.617511
-0.397205
0.422102
-0.734548
0.141458
-0.357284
-0.913111
0.716604
0.0767707
0.405358
0.0352749
0.813388
0.367072
0.558909
-0.236118
0.573123
-0.783527
-0.756449
0.452527
-0.104095
0.322427
0.578328
0.0914545
0.0108236
-0.0139322
0.417238
0.229705
-0.272344
0.260506
0.162973
0.233757
0.502019
0.335203
-0.372467
-0.132222
-0.221858
-0.4287
-0.254941
0.0132178
-0.802265
0.27345
-0.310941
-0.00853877
0.110319
-0.104128
-1.52485
0.45012
0.541475
0.00171785
-0.015927
-0.078298
-0.0777064
0.60381
-0.148827
0.298555
0.328619
0.520852
-0.502376
-0.476244
-0.306273
-0.327146
0.404584
0.145136
0.17083
-0.216351
0.180587
0.522974
-0.431528
0.435881
0.0773346
-0.104307
-0.167526
-0.0115534
0.302259
-0.268837
0.244369
-0.129388
0.184003
0.36561
0.233168
0.160309
0.384322
-0.343755
-0.149059
-0.0534574
0.326867
0.251536
0.250679
-0.00754922
0.7634
-0.0959444
0.251237
0.334664
0.579251
0.270874
0.529234
0.310924
0.26122
0.228672
0.0705946
0.362866
-0.0193688
-0.19373
-0.169835
0.491305
0.441633
0.588042
0.395473
0.113684
0.480889
0.372373
0.521628
0.461305
-0.0821802
0.224524
-0.221596
0.0526186
-0.134204
0.696586
-0.132357
0.400258
0.547543
0.505846
-0.000126958
0.0871838
0.0343287
-0.187395
0.398561
0.0512454
-0.575176
0.0489346
0.179212
0.398502
-0.504513
0.277608
0.117553
0.373628
-0.445048
0.444024
0.836155
-0.25713
0.0707155
-0.161581
0.805282
0.0089098
0.323963
0.42806
-0.0258851
-0.32095
0.162772
0.184474
0.397521
0.180461
-0.271092
0.389873
0.432103
0.601952
-0.454675
0.423272
0.0925196
0.371139
0.239796
-0.455779
0.757682
-0.0710346
0.288767
0.772717
-0.326275
0.0338006
0.608613
0.0259463
0.26221
0.786967
0.528046
0.615201
0.301599
0.307961
0.325724
0.909872
-0.515978
-0.166662
0.265592
-0.00519013
0.0525921
-0.00962376
0.641555
0.194066
0.121183
0.548467
-0.367408
0.568958
0.49762
-0.600305
-0.111695
0.725972
0.303342
-0.374603
-0.0792079
-0.471871
0.714718
0.246579
0.263902
0.35982
-0.012253
-0.300178
0.510313
0.283253
0.12002
0.103562
0.111152
0.228613
-0.127327
0.152612
0.365186
0.452561
0.221361
0.377716
-0.081667
-0.00685194
0.433338
0.266922
0.169512
0.528294
0.369787
0.630061
0.200858
0.445124
0.0498671
0.356441
0.22021
0.487407
-0.344593
-0.030446
-0.294991
0.28408
0.290858
0.0394184
0.361849
-0.4088
0.371934
0.62957
0.344507
0.144108
-0.636456
-0.51931
-0.729804
0.178577
0.039386
0.443698
-0.204184
0.718973
0.510901
0.0421126
0.192554
0.0757893
-0.672444
-0.0608375
-0.588821
-0.493054
0.165808
0.33437
-0.26698
0.555262
-0.574958
-0.779301
-0.513122
0.120989
0.0337071
-0.0921237
-0.554349
0.631673
0.0230874
-0.121484
0.31878
-0.462183
0.485018
0.735431
-0.462656
0.214615
0.511218
0.158116
0.120194
0.0208971
0.329228
0.0915135
-0.265547
-0.313194
-0.0833683
-0.207326
-0.311824
0.360757
0.583329
0.605167
-0.0729096
0.154223
0.545695
-0.340828
0.246963
-0.23009
-0.21823
-0.17448
0.341089
0.770208
0.279371
0.114037
-0.131531
-0.158409
0.574969
0.0985939
0.0592981
0.0429291
0.737344
-0.135029
-0.127876
0.58499
0.2
0.314095
-0.385672
0.161844
1.01753
0.171015
0.113856
0.268837
0.0728153
-0.00808671
0.575922
-0.513527
-0.0266994
-0.405605
-0.323597
-0.200345
-0.182101
-0.329994
0.14488
0.795506
0.45615
0.261381
0.108143
0.0711275
-0.0148929
-0.344238
-0.0223991
0.61714
0.396141
-0.338326
0.0321698
0.0908767
-0.253126
0.0952429
-0.140881
-0.0772132
-0.259613
-0.0528229
0.139241
-0.628262
0.0991531
0.369788
-0.61632
-0.119027
-0.140443
0.0588363
0.561972
-0.179484
0.472798
-0.184977
-0.138866
0.344093
0.0875637
-0.0560866
-0.243285
0.32465
-0.25402
-0.316897
0.413599
-0.107156
-0.325728
-0.170981
0.17405
-0.0159483
0.301323
0.214022
0.511546
-0.318649
0.11558
-0.24945
0.538204
0.728011
-0.0991977
0.571826
0.056684
-0.188391
0.169613
0.0106914
-0.241675
0.226703
0.659147
0.588741
0.0140901
0.134261
-0.0134954
0.383246
-0.0555867
-0.218764
-0.207085
-0.515973
-0.215695
-0.0826939
-0.263786
0.236958
0.482017
-0.384893
-0.240855
-9.90417e-05
-0.157242
-0.444299
-0.203684
-0.445214
-0.374461
-0.216021
-0.436063
-0.374583
-0.236148
-0.106878
0.0291969
0.203038
0.0586909
0.145292
-0.322117
0.129801
0.174092
-0.24027
-0.35358
0.134227
-0.368562
-0.601357
-0.463011
0.0351433
-0.48067
-0.433406
0.369296
-0.605828
0.0117062
-0.0310975
-0.491836
-0.322307
-0.44251
-0.569993
0.0495201
-0.234359
0.032081
-0.136227
-0.152168
-0.294753
-0.31156
0.18004
-0.342072
-0.0863094
0.184591
-0.649649
0.132782
-0.00570765
-0.144302
0.0314512
-0.24673
0.1467
0.0695369
-0.384784
-0.176284
0.209972
0.0960987
-0.292982
-0.00585232
-0.419537
-0.773594
-0.149444
-0.137195
-0.551771
-0.210103
0.18991
0.0359985
-0.0781589
-0.763438
0.254656
-0.255449
-0.243802
-0.502706
-0.0857344
0.226942
-0.736895
0.450544
0.550666
0.162222
-0.116252
0.0546629
-0.04431
-0.145998
0.00337904
0.521882
0.152755
-0.154249
-0.027003
-0.845743
0.27765
-0.847861
0.141979
-0.331357
-0.128339
-0.118628
-1.12307
-0.274857
-0.212598
-0.365391
-0.174384
-0.243389
0.575425
0.0575892
-0.282734
-0.445969
-0.0655073
0.157883
-0.181762
0.29905
-0.105896
0.0810984
-0.186972
-0.450273
-0.0668526
0.092986
-0.670875
-0.383602
0.31772
0.298768
-0.195445
0.459667
0.0574088
-0.654103
-0.488452
0.144687
-0.252917
0.170372
-0.400033
-0.0940027
-0.224771
0.273345
-0.656856
-0.123586
0.333755
0.218175
-0.374215
0.81649
-0.193114
-0.254968
-0.357344
-0.76475
0.102797
-0.0899061
0.28072
-0.664577
-0.369975
0.60891
0.291879
-0.446016
0.629797
0.700997
0.210756
-0.214957
0.385961
-0.586317
-0.463934
-0.640087
0.810105
-0.00573627
-0.201021
0.711526
0.338051
-0.122142
-0.62198
-0.467895
-0.0551642
0.486372
-0.580997
-0.37582
-0.00635002
0.0908392
-0.351779
0.414511
0.449408
-0.298635
0.902912
0.149495
-0.120165
0.44736
-0.303801
-0.803281
0.186704
0.375917
-0.0268097
0.267639
-0.424099
-0.15369
0.241195
-0.445058
-0.361883
-0.0156829
0.422215
0.0460733
-0.193643
-0.214121
0.33594
-0.721189
0.0278551
-0.374648
-0.234864
0.339588
-0.316573
-0.0324849
0.431784
-0.167843
-0.607087
-0.457491
-0.477748
-0.671
-0.961269
0.109924
-0.0920863
-0.10777
0.0287574
-0.29862
0.367689
0.177249
-0.308954
0.418146
-1.49118
0.126904
-0.0632538
0.753819
0.189851
0.107686
-0.519015
0.211063
-1.36948
-1.52724
0.0578186
0.133338
0.102601
-0.0251184
-0.45545
0.898505
-0.075272
0.0122567
-0.433347
-0.937657
0.265766
0.142838
0.831258
0.307514
0.0462524
-0.652901
-0.183859
-1.29038
-0.460997
-1.25851
0.0334
-0.91121
-1.14919
-0.26587
-1.0447
0.294059
-0.345244
-1.64682
-0.25712
-0.182431
0.482774
-0.00981488
-0.42572
-0.114999
-0.165294
0.260668
0.0592141
0.00186069
-0.114898
-0.210329
-0.374626
0.13264
0.421384
-0.119015
-0.26244
0.112696
0.267686
-0.262352
0.57542
-0.130573
0.0869007
-0.25289
-0.0310304
0.207145
0.119303
-0.132783
0.131899
0.133133
-0.187145
0.515557
0.157298
0.657683
-0.279988
0.526235
-0.0633017
0.287727
-0.0624779
-0.139489
0.0217891
-0.218823
-0.658556
-0.0142222
0.111877
-0.320465
0.190002
-0.609319
-0.129399
-0.059338
-0.622605
-0.0648091
-0.587675
-0.244438
-0.599697
0.249756
0.244686
-0.0889034
-0.256997
-0.109459
-0.168768
-0.614465
0.0837933
-0.100349
0.0495157
0.144748
-0.370702
-0.00534479
0.457521
-0.34231
-0.176887
0.0818981
-0.214481
0.536867
-0.175708
-0.555794
-0.427265
-0.298869
-0.0116398
-1.58179
0.946824
-0.033691
0.566664
0.419525
-0.0261555
-0.107878
0.577107
-1.34113
-1.20292
0.372686
-0.1518
0.400479
0.0452726
-0.53341
0.727369
-1.05928
-1.18826
-0.301357
0.231601
-0.956086
0.578208
1.04188
0.727524
0.285353
-0.63401
0.446757
-0.93917
-1.07752
-1.25538
0.649495
-1.12562
-0.922251
-0.716943
-1.2067
0.693069
-0.42512
-0.640233
-0.513488
0.595727
-0.210501
0.507485
-0.261887
0.200291
0.148689
0.428918
-0.0981319
0.390699
1.00989
-0.245976
-0.0334132
-0.0698324
-0.36026
-0.433553
0.272538
0.0704603
-0.0908772
0.0932628
0.12425
0.0925877
-0.659567
-0.421553
-0.482376
0.418649
0.170287
0.0968958
0.0157607
0.422335
0.922214
0.294874
0.133561
0.937637
0.0246868
0.410586
-0.541348
0.167748
0.836489
0.200206
0.183392
0.84662
0.628928
0.095156
-0.159879
0.159565
-0.71034
-0.0794465
-0.695917
-0.264134
0.369735
-0.699807
-0.568315
0.845074
-0.23927
0.357825
-0.181239
-0.127233
-0.147483
-0.73856
0.0663445
0.5936
0.820664
0.385443
0.0742681
-0.691154
-0.480472
0.612338
-0.640673
-0.519304
0.0344043
-0.0774514
-0.285572
0.0694048
-0.0970951
-0.17406
-0.103476
-0.675117
0.179342
-0.451894
-0.249099
0.137724
0.64439
0.298646
0.247886
-0.359386
0.282135
-0.987291
-1.06429
0.443013
-0.0628095
-0.0387666
0.0470347
0.448756
-0.193846
-0.244796
-0.194246
0.21122
-0.763125
0.0754714
0.23207
0.0203701
0.352639
-0.121662
-0.191928
-0.428317
-0.507546
0.0179795
-1.17181
0.247576
-0.963497
-1.27071
-0.724169
-0.319626
-0.172271
0.342385
-1.235
-0.0769824
0.862864
0.0409961
0.391247
-0.34761
-0.251832
-0.172823
0.108394
-0.236272
1.49118
-0.279641
0.849367
0.240655
-0.881903
-0.0977378
0.254435
-0.292791
0.0188062
-0.392606
-0.487679
0.529735
0.162147
-0.667281
-0.530912
-0.00484798
-0.343474
0.530311
0.270753
-0.464989
0.541401
0.927253
-0.14983
0.228061
0.425706
-0.499944
0.481932
0.143982
-0.396599
1.55234
-0.101678
-0.132739
-0.345493
0.110722
-0.702834
-0.180898
0.19845
-0.27125
-0.556998
0.729595
0.691039
-0.301435
-0.557307
-0.274551
0.335122
-0.401252
-0.667188
-0.0176285
0.146201
0.217238
0.287501
-0.0548164
-0.128591
-0.148004
0.0391997
0.255982
0.557598
-0.224832
-0.552114
0.47044
0.392066
0.234012
-0.0414531
-0.527722
-0.528808
0.615625
-0.514014
0.113052
1.23571
0.344374
-1.15427
0.239231
0.0427328
0.197231
0.307339
-0.044455
0.323484
0.131092
-1.44881
-1.63593
0.608727
0.411701
0.422358
0.71563
0.359103
0.688899
-0.76479
-0.292552
-0.746849
-0.492201
0.430621
0.45883
0.8701
0.990479
-0.304067
-1.11015
0.260879
-0.368966
-0.443183
-1.65082
-0.296642
-1.23984
-1.32779
0.383841
-0.24117
0.525211
-0.481471
-1.00486
-0.290221
0.0192518
3.70678
1.43384
3.02572
0.851969
0.609109
2.31317
1.47114
1.38348
1.69989
1.24347
1.403
2.24106
-0.0298685
1.24027
1.09557
2.15804
0.752656
-1.75435
1.25128
0.987965
0.452644
-0.0191533
-0.864051
0.179814
-1.55051
-1.13529
1.15639
3.33846
-0.11069
-1.30378
4.24466
-0.489055
2.29207
1.36809
-2.85118
-1.70048
2.04447
