#input normalization
0.161353 0.2724
58.0077 61.3773
9.70156 37.7289
7.90063 31.4836
0.010695 0.0442591
0.00867953 0.0337813
0.550545 1.69875
0.876459 1.57571
1.13572 1.76836
1.42851 1.95693
1.7434 2.14751
2.04231 2.30767
2.32259 2.45389
2.606 2.59136
2.85666 2.68386
3.08958 2.74276
3.30867 2.77323
3.50594 2.77151
3.65859 2.73534
3.78138 2.67453
3.87485 2.5866
3.95675 2.4747
4.01612 2.35612
4.01637 2.21169
3.99213 2.04759
3.96566 1.88338
3.88333 1.71111
3.80185 1.52207
3.66345 1.31446
3.51088 1.10635
3.36991 0.913561
3.22953 0.728165
#output normalization
1 0
#neurons weights
0.421155
-0.0473203
0.305182
0.241899
-0.450596
0.162694
0.16222
0.0316432
0.493012
-0.220979
-0.144788
-0.281653
-0.467848
0.0907302
-0.309968
0.198571
-0.234259
0.0370662
0.466885
0.0464461
-0.475971
0.238457
0.237085
-0.190052
-0.487553
0.0805533
-0.221547
0.454674
0.164976
0.230169
0.217584
-0.414114
-0.629635
-2.21634
0.481503
0.330343
-1.65117
0.428246
-0.996297
-1.01285
-3.6005
0.72079
1.48205
0.293167
2.18226
0.650068
-0.0884392
-0.70199
0.821472
2.20349
-0.0519251
-1.82813
-0.30508
-0.464597
-1.11569
-1.6001
-2.78173
2.39579
1.60402
3.00791
3.46977
0.428891
-0.433598
-1.34012
2.37255
-0.123158
-0.426656
0.442312
-0.882673
0.0200449
-0.617652
0.303665
0.321256
-0.511964
1.04199
-0.099922
-1.13927
-0.311119
-0.147855
0.191395
0.20051
-0.70177
0.011863
-0.0390756
-0.583224
-0.193984
0.187363
0.155235
-0.0553726
-0.128267
0.399304
-0.244072
-0.0365451
0.155124
0.215992
-0.59868
-0.0996409
0.943885
#synapses weights
-0.21653
0.583439
0.0587605
-0.080021
0.286761
0.670296
0.618342
0.114665
0.300171
0.744324
0.835695
0.73653
0.395886
0.681736
0.187111
0.601336
0.848987
0.430637
0.399876
0.738454
0.959117
0.343967
1.15401
0.416651
0.691122
1.12674
0.226304
0.469038
0.293513
0.536091
1.22078
0.801033
0.900139
0.951973
0.0601701
0.722211
0.0759567
-0.173311
-0.145843
-0.0260493
-0.40201
-0.661082
0.225617
-0.154293
-0.384658
0.653473
0.951931
-0.22364
0.432228
-0.0603602
0.0662515
-0.696483
-0.067765
-0.582642
-0.000451718
-0.384802
1.14669
-0.0217293
0.236698
0.497286
-0.532461
-0.127719
0.046108
-0.595811
0.342315
-0.587344
0.140581
-0.121919
-0.07085
-0.7089
0.0699816
-0.185859
0.256998
-0.0858162
-0.0475624
-0.385391
0.00875643
-0.181691
-0.44886
-0.117502
-0.698357
-0.832275
-0.313157
-0.760725
-0.759582
-0.80616
-0.262999
-0.799426
-0.621627
-0.69318
-1.05728
-0.566665
-0.86323
-0.70555
-0.291895
-0.812112
0.793322
0.91518
0.0199521
0.146845
0.0771595
0.664976
-0.327509
-0.0256437
0.276929
-0.30147
0.195037
-0.150576
0.452651
0.963897
0.927297
0.287012
0.508375
0.486218
0.000877928
0.22416
0.356388
0.548117
0.512646
0.16641
0.605933
0.457382
0.472765
-0.0387079
0.565721
0.750992
0.820329
0.50845
-0.126807
1.48376
-0.0615131
0.353909
-0.00852907
0.369433
0.522953
0.0738723
0.294658
-0.113192
-0.458191
0.954152
-0.502937
0.241796
0.0430688
-0.675772
-0.239103
0.192515
0.596962
0.513313
-0.520479
-1.15103
-1.02957
-0.016615
0.539396
-0.434848
0.333075
0.339056
0.573714
0.0756222
0.00788817
0.517056
0.014514
-1.64884
0.476594
0.412872
-0.891499
-0.573295
-0.0587643
0.0317514
-0.649079
-0.680916
-0.324408
-0.196305
-1.23442
-1.03089
-0.908032
-1.22776
-1.00357
-1.28708
-0.678953
-0.884006
-0.690989
-1.68725
-1.15308
-0.928105
-1.21298
-1.20738
-0.756532
-1.10474
-1.13456
-1.28545
-0.937499
-1.01146
0.196379
-0.359522
0.134342
0.0203777
-0.493594
-0.142588
0.147645
-0.0637318
0.0470012
-0.359409
0.431507
-0.120875
-0.883617
-0.583192
-1.30526
-0.836977
-0.630261
-0.0536471
-0.198685
0.360181
0.087694
0.307232
-0.394199
0.0738085
-0.424858
0.236781
-0.00861921
-0.0109866
0.0391397
0.0913122
-0.327298
-0.173385
0.739598
0.233225
0.37992
-0.338518
-0.289965
0.227481
0.0851596
0.200666
0.095271
0.259208
-0.0458498
0.563051
0.79007
0.687109
0.192331
0.0405756
0.342932
0.522836
0.35678
-0.162014
-0.0444541
0.76581
0.328267
0.657436
0.691948
0.376685
0.311928
0.14865
0.645041
-0.0188393
0.424101
0.540782
1.17986
0.846993
1.03392
-0.403327
-1.20563
0.658081
-0.196038
-0.451669
-0.132581
0.424616
-0.0629516
-0.267496
0.495719
0.0749924
-0.0471357
0.363039
-0.236548
-0.289198
0.0606941
0.420601
-0.344321
0.865334
0.305116
0.337496
-0.578466
0.13464
-0.885131
0.0320715
0.244436
-0.593988
0.202818
0.739733
-0.502384
0.871457
-0.0778653
-0.181942
0.0761526
-0.038264
0.120014
0.413438
0.111911
0.351478
0.41656
0.207947
0.93665
0.186021
0.459177
0.815107
0.691124
0.403446
0.417652
0.636961
0.899213
0.970932
0.500031
0.767839
0.402772
0.504447
0.227859
0.290616
0.647779
1.0447
0.592071
0.729456
-0.841095
-0.260916
1.35518
0.106035
0.965951
-0.238191
-0.335706
0.480047
0.0752789
-0.00670375
0.317181
0.477529
-0.183031
-0.439101
-0.235301
0.169317
-0.695623
0.106779
0.622447
-0.0978513
-0.287199
-0.00536127
0.25366
0.0486469
0.214655
0.0466128
-0.534994
-0.334418
-0.301716
0.133003
-0.189342
-0.229919
-0.514893
0.403703
-0.00583704
0.0502531
1.14039
0.957208
0.674525
0.109147
0.583357
0.188624
0.703751
0.822719
0.0119679
1.08126
0.308771
0.450035
0.763631
0.616668
0.424174
0.471077
0.547348
0.677547
1.07762
0.704758
0.431892
0.97728
0.466775
0.613392
0.842334
1.03651
0.104242
0.133106
-1.02765
-0.708201
-0.231479
-0.386623
0.0421036
-0.112357
0.0315142
-0.00721933
0.158518
-0.289463
-0.600249
0.274185
0.0703714
-0.251296
0.145858
0.355556
0.322336
0.42389
0.539381
-0.355644
0.569125
-0.669277
0.0760265
0.0366573
-0.271721
0.115116
-0.615508
-0.385127
-0.0789424
-0.33808
-0.146446
-0.283148
-0.72595
0.923281
-0.0270114
-0.34924
0.731609
0.96927
0.0956905
0.101315
0.594326
0.746764
-0.0433478
0.180955
0.490982
0.53233
0.923119
0.922287
0.762008
0.894664
0.551843
0.731347
0.80719
0.727477
1.07249
1.17566
0.932489
0.76719
1.35859
1.14857
1.0492
1.00506
0.948708
0.520966
0.0128125
0.951268
0.144359
0.125274
0.673202
0.591409
-0.0687785
0.235417
0.313392
0.465319
0.758906
0.701001
0.514727
1.10811
1.10395
0.327575
1.03644
0.641098
0.899893
1.0189
0.354487
0.66415
0.948157
0.967452
0.65583
0.700497
1.35049
0.870498
1.26141
1.0822
0.845129
1.31589
-0.016257
0.20123
0.0613306
-0.295266
-0.0106518
0.770292
0.100882
0.544979
0.0588527
0.298013
-0.199095
0.034471
-0.126155
0.728736
0.579804
0.838014
0.816335
0.465945
0.200165
0.228496
0.555504
0.97136
0.691605
0.522739
0.770812
0.319723
0.729464
0.0101422
0.0887454
0.670255
0.687409
0.726768
-0.249644
-1.27477
0.267712
-0.0498675
0.372774
-0.160704
-0.22897
-0.678251
0.713212
-0.450742
0.771482
0.357214
-0.161199
0.0721989
-0.544581
-0.331438
-0.00834057
0.232526
-0.0719169
0.202482
0.0867958
-0.681444
0.168559
-0.137544
0.420143
-0.268201
0.576679
0.337014
-0.411799
0.0574677
0.0906234
-0.237685
-1.05803
-0.719376
-0.305668
-0.388991
0.0248809
0.0817406
-0.101526
-0.0774874
-0.088172
0.375579
0.408476
-0.566246
0.00609019
0.00984691
0.280448
0.360461
-0.609843
-0.263613
-0.204992
0.120293
-0.0982076
0.782927
-0.338995
0.492768
-0.0463309
0.020316
-0.123248
0.51079
-0.164745
-0.829288
0.0314259
0.0729946
-0.784873
-0.944555
-0.231534
0.287139
0.164862
-0.215849
0.461987
0.0129497
0.529599
-0.339631
0.0329334
-0.744441
-0.233699
-0.528576
-1.00294
-0.486344
-0.157718
-0.454671
-0.0167722
-0.333696
-0.0923981
-0.373213
0.097206
0.150419
-0.151318
0.142353
-0.298997
-0.0991245
0.24806
-0.139044
-0.0939329
-0.482349
0.53567
1.33141
-0.296612
0.273458
-0.706471
0.184767
0.275984
-0.049143
0.517041
-0.0215846
0.425712
-0.249558
-0.401971
0.148148
0.24578
-0.291176
0.146624
0.0954605
-0.24324
-0.0938666
0.0756032
-0.143643
-0.126461
-0.171468
0.436446
0.145774
-0.703807
0.22814
-0.0451252
0.0237977
-1.06935
-0.898598
0.09235
-0.758369
-0.301531
-0.193088
0.475242
0.0119512
-0.487818
-0.210292
0.595207
0.727955
-0.466572
0.056153
0.0451829
-0.324799
-0.00183603
-0.323048
-0.81996
-0.572979
-0.639952
-0.909767
-0.20149
-0.448338
0.119173
-0.404241
-0.205804
-0.177003
-0.38822
0.138105
-0.105739
0.106946
-0.157879
-0.22841
0.247624
0.812453
-0.00964303
0.0438982
0.576739
-0.167123
-0.138119
-0.576431
0.662339
0.152286
0.207917
-0.165311
-0.360194
-0.640712
-0.0534609
0.185036
0.0254853
0.207188
0.633364
0.609182
0.555079
1.04772
0.239515
0.528613
0.113428
0.325642
0.241183
0.125688
0.173066
0.128644
0.10153
0.0992199
0.310697
0.856466
0.188943
0.0603408
-0.93236
0.190326
0.135039
-1.02193
0.473
0.460892
-0.180773
-0.0125119
0.453785
0.103079
-0.00063004
0.339235
0.116519
0.0438199
0.199098
0.407502
0.154979
0.468566
0.339712
-0.36007
0.317653
0.068517
0.284549
0.0689587
-0.301812
0.0873947
0.0990531
0.347069
0.173524
1.08282
-0.179014
0.254748
0.539689
0.0226492
-0.0655404
-0.0740269
-0.08423
0.586378
0.288839
-0.0372688
0.0797933
0.19484
-0.359711
-0.226853
0.185804
0.289317
-0.0454997
-0.221729
0.13547
0.00532074
0.176408
0.0185114
-0.180962
0.0172956
-0.189167
0.255208
-1.04429
-0.281439
0.419448
0.559036
0.474294
0.176275
-0.524582
0.42657
-0.495785
0.0258714
0.0555481
-0.18888
0.228841
0.649433
0.204599
0.956691
0.230861
-0.134294
-0.687638
-0.00431528
-0.622916
0.152166
-0.416152
0.71069
-0.497628
-0.569835
0.105025
-0.119825
-0.70523
0.0183318
0.646554
0.580083
-0.635292
1.02825
-0.0986463
0.0959863
0.320643
-0.629158
2.45071
-0.648968
0.368422
-0.634728
0.435141
0.88383
-0.68368
-0.722193
0.538104
0.0156844
-0.0935368
-0.271883
-0.230874
0.303418
-0.149027
0.0713322
-0.0730558
0.720687
-0.480189
-0.383333
0.421375
0.308513
0.295892
-0.111358
-0.733073
0.0669626
0.430623
-0.0668539
0.0300816
0.063959
-0.0395877
-1.50051
0.151053
0.105002
0.157323
0.294054
0.169136
-0.096356
0.344309
0.146738
0.346599
-0.165675
0.0764384
0.892233
-0.122637
-0.412599
0.164099
0.0673385
0.327663
0.0335819
-0.458026
0.560946
-0.527726
-0.470872
0.0819567
-0.105968
-0.29537
0.12135
0.155612
-0.251488
-0.334045
-0.758699
-1.15788
-0.515082
1.88796
-1.45023
0.552286
0.37352
0.0178963
0.0479193
0.127797
-0.180976
-0.0839711
0.00571871
0.299138
0.754688
-0.552537
-0.0963796
0.21836
0.382339
0.0243386
-0.400181
0.70735
-0.692384
0.0175432
0.0905812
-0.280336
-0.209385
0.589218
0.0410925
-0.232599
0.148494
-0.0903621
-0.443191
-0.229746
-1.07187
2.10915
-0.769765
0.243701
-0.330251
0.589425
-1.20781
1.12296
0.0288519
-0.224125
-0.0106791
-0.103748
-0.0127974
0.0839406
-0.267921
0.241484
-0.0984412
-0.0588243
0.219741
-0.398952
-0.119677
0.465437
0.148195
0.222869
0.305654
-0.252341
-0.00872739
0.510986
0.438073
0.0606322
-0.395585
0.310757
0.423437
0.297828
0.364305
0.37655
0.436769
0.478476
-0.289436
0.285362
0.0200144
0.0519378
0.477785
0.0308289
0.0479117
0.659219
0.534353
0.374298
0.306219
0.0581183
-0.0274617
-0.136027
0.642825
0.257949
0.721628
1.02553
0.365036
0.706058
1.18795
0.911628
-0.0062842
0.739036
0.605884
0.411351
1.07593
-0.0411257
0.248147
-0.102462
0.108505
-0.414576
0.433
0.222436
0.49884
0.218296
0.442206
0.343353
0.595819
0.318643
0.555583
0.982753
0.719468
0.547381
0.352563
0.996856
0.337657
0.0721874
0.711651
1.00382
0.883969
0.153805
0.465383
0.868882
0.166301
0.85857
0.309312
0.412683
0.902562
0.0740764
-0.00878441
-0.541235
0.152887
-0.310135
0.260577
0.497234
-1.19153
0.728146
0.474338
0.443193
0.137861
-0.511465
0.629565
-0.303395
0.258733
0.271949
0.00671099
0.0857623
-0.0673867
-0.0352695
-0.304524
-0.194714
-0.022288
0.293298
-0.102693
0.265004
-0.194812
0.472775
0.109278
0.146191
-0.988843
2.77684
-1.0051
-0.771752
-0.159461
-0.314825
-0.105795
-0.262496
0.566065
-0.421401
0.419744
0.0574876
0.373141
0.369624
-0.277924
0.0295603
0.0715387
0.345109
-0.121127
-0.220175
0.387742
-0.0894874
-0.480315
0.0061175
0.166058
0.289942
0.23956
-0.481081
0.230963
0.191586
0.0516738
-1.00068
0.303297
0.140884
-0.224645
0.321315
0.0843434
-0.199016
-0.219956
0.649113
-0.14343
-0.440443
-0.506325
-0.673843
-0.455518
-0.775688
0.0721641
-0.112535
-0.250567
-0.478954
1.12407
0.195314
0.024105
-0.267132
-0.333145
-0.144139
-0.568366
0.188828
-0.519542
-0.227634
0.356132
0.414333
0.480201
-0.923106
0.114905
0.951292
-0.291452
0.428077
-0.0207983
0.458134
0.0588398
0.529951
0.136301
-0.11136
0.16244
-0.403627
-0.972769
-0.725109
-0.175097
0.713933
-0.79174
-0.784976
-0.704992
0.577935
-0.251109
0.589933
0.744102
0.65832
0.0501731
-0.745712
0.0679801
-0.0906788
-0.585824
0.0379478
0.374648
-0.1805
-0.445781
-0.64785
0.346172
-0.0144247
-0.276958
0.0518034
-0.415926
-0.356268
0.756214
0.328469
-0.435593
-0.635358
0.124715
-0.0457333
0.0714604
0.398992
0.675021
0.49518
-0.275914
-0.712543
0.441189
-0.163375
-0.121341
0.155701
0.028734
0.0433105
0.0871123
0.389197
0.153698
-0.200146
0.247653
0.607791
0.658362
-0.00417705
-0.127123
-0.117104
-0.486368
-0.239484
-1.02793
-0.120918
-0.406439
-0.251545
-0.487022
-0.179273
-0.178439
-0.73111
-0.268431
-0.550526
-0.424952
0.534872
0.434914
0.148492
-0.430798
-0.454517
-0.069678
-0.732955
-0.0124167
-0.0815488
0.0196613
-0.666499
-0.131114
0.173307
-0.455622
-0.00249648
0.352171
0.154069
-0.447897
-0.454465
-0.0723936
0.152227
0.567729
-0.473813
-0.917484
-0.46326
0.864399
0.256752
-0.396621
-0.879758
-0.517704
-0.835224
-0.568213
0.266884
0.894833
-0.275417
-0.67555
-0.612922
0.61176
0.648772
-0.80558
-0.46388
-0.598832
-0.42416
-0.785578
-0.139168
-0.703914
-1.66334
-0.452417
0.448511
-0.24609
-0.599126
-0.778233
-0.0805647
-0.322287
-0.0644249
-0.476178
-0.706235
-0.268039
-0.66116
-1.13507
-0.175419
0.454698
0.240325
0.213573
-0.0417124
-0.126089
0.185248
0.58841
0.223633
-0.259909
-0.738268
-0.0334513
0.0756937
-0.181368
-1.0464
-0.640543
0.893324
0.0894335
-0.27619
0.0123206
0.220158
-0.245457
0.156853
0.0917136
-0.238427
0.374099
-0.433066
0.85768
0.225711
0.197865
0.42885
-0.512906
1.04619
0.190582
0.0514651
-0.266475
-0.508893
0.201884
0.447029
-0.202079
-0.603867
-0.69816
0.0420691
0.185736
0.373537
0.122836
0.21103
0.597672
0.115108
-0.667298
-0.798389
-0.25008
-0.00932908
-0.236409
-0.285856
1.02513
-1.13211
0.0631734
0.474612
-0.387901
-0.094599
-0.102073
0.399033
0.171111
0.337936
0.309622
0.536889
0.375903
0.453261
-0.191623
0.0851551
-0.155689
0.361003
0.0815089
0.421367
-0.273266
0.35307
-0.0580984
0.429506
0.184831
0.285116
0.118468
0.38057
0.106861
-0.350715
-0.0614662
0.269294
0.0195806
0.608051
0.117703
0.0978816
0.743745
-0.619029
0.41113
0.372149
-0.238209
0.399448
0.126778
-0.00774329
0.10743
-1.24027
-0.0913122
-0.984569
-0.456906
0.348128
0.560721
-0.411699
-1.20573
-0.832959
0.29999
-0.315892
0.746197
0.530463
-0.568356
0.895412
-0.838385
-0.567688
-1.52467
-1.47875
0.055315
0.313071
0.502628
-1.06764
0.214325
-0.618737
-0.0786061
0.812762
0.578983
0.588524
-1.20733
-0.121919
0.961378
0.568757
0.748476
0.575889
0.068537
0.49232
-0.253882
0.454024
-0.693701
0.504103
-0.55269
1.19663
-0.974154
0.985636
0.980527
1.25099
0.911671
0.186502
-0.546274
0.773947
-0.130658
0.749951
-0.0711067
1.42123
0.400147
0.252145
0.260491
0.201178
-0.0605225
-0.484253
-0.357549
0.360629
0.436796
0.188386
0.417911
-0.605423
-0.526476
0.186022
0.0877096
0.29577
0.15028
-0.103029
-0.161276
-0.232997
-0.22454
-0.281949
0.441384
-0.227079
0.365209
0.41947
0.234589
-0.0760519
-0.256047
0.0616844
0.489022
0.306932
0.0156207
0.017182
-0.0955678
0.754893
-0.589112
-0.73212
1.02765
-0.515332
-1.14537
-0.0389016
1.19406
-0.945141
-1.91695
-0.231591
-1.47161
-1.08342
-0.56573
-0.4563
-1.62438
-0.775886
-0.313549
1.01597
-0.525147
0.321085
0.274314
0.377589
1.03136
-1.55634
-1.50978
-1.75848
-1.74129
-0.31304
0.0704836
-0.0804016
-1.3976
-0.368015
-0.334537
0.526889
0.160881
-0.65559
0.070344
0.357944
0.552799
-0.0884394
0.438427
-0.321517
-0.780939
-0.176911
-0.0760517
0.253764
-0.300004
0.195772
-0.108179
0.0353755
-0.458361
-0.00534886
0.0745301
-0.346894
-1.04344
-0.833249
0.308915
1.00437
1.24976
1.2463
0.584111
0.0266207
0.237282
1.5958
-0.421679
0.0956828
-0.870722
0.17275
0.545407
-0.290466
-0.293998
0.58022
0.309114
-0.792342
-0.89616
-1.07488
-1.08275
-0.385975
-0.107229
0.152471
-0.269693
-1.1444
-0.98461
0.688663
-0.0730234
-0.226563
0.361488
0.0991919
0.753582
-0.998511
-0.337672
-0.818312
-1.42168
0.237957
-0.453699
-0.372047
-1.54199
0.296314
-0.262843
0.393105
-0.291936
0.756078
0.411025
-0.116691
0.245037
0.573486
0.7677
-0.00279847
0.442117
0.442289
0.432638
0.454327
0.0469411
-0.374547
0.330293
0.483249
-0.314987
0.229989
0.453977
0.699032
0.704137
0.586123
-0.0578187
-0.191196
0.7869
0.48811
-0.130271
0.351878
0.720615
0.592305
-0.0736483
-0.578882
0.164393
-0.170377
-0.133887
0.308475
0.0236999
0.145296
-0.525628
-0.233667
0.0522249
-0.43683
-0.12523
0.397556
0.0682645
-0.394394
0.509973
0.458125
0.317709
-0.0194927
-0.240887
-0.0255589
-0.0234943
-0.523882
0.0923006
0.278454
0.492459
0.0483104
-0.252597
-0.424089
-0.210421
0.0209877
0.692084
-0.753828
0.984442
-1.23221
0.166653
1.29058
-0.0310806
-0.0178158
0.528878
1.2917
-0.17667
-1.78895
0.00885902
-1.80919
-0.33322
-0.312438
0.436284
-1.03095
-1.39712
-0.341683
1.1864
-0.372005
0.470422
0.155608
0.327266
0.493902
-2.24806
-0.825977
-1.83588
-1.88859
-0.22059
-0.326103
0.668113
-1.93759
-0.481109
0.0703453
-0.454969
-0.194073
-0.333226
0.164111
0.0433387
0.498805
-0.35552
-0.541072
-0.229783
0.0219041
-0.181273
-0.101588
0.341765
0.458515
-0.263777
-0.386908
-0.219343
-0.362501
-0.353486
0.284596
-0.404608
0.0553936
-0.533623
-0.333864
0.192834
-0.356002
0.131384
-0.51699
-0.222455
-0.0762247
0.35902
-0.552538
0.520701
0.414418
-0.0447103
-0.0869123
0.155454
-0.43541
0.365024
0.916921
0.0744073
0.2874
-0.110428
-0.169961
-0.929633
-0.318005
-0.331846
0.0517066
-0.661601
-0.768456
1.21145
-0.254484
0.438802
0.202637
0.142973
-0.0272016
0.0244776
-0.185227
-0.264011
-0.500238
0.0236842
-0.00596681
0.432729
-1.07053
-0.167471
0.127277
-0.672631
-0.00170776
1.44537
0.328256
-0.149371
0.233088
0.719237
0.0114949
-0.635193
-0.00690972
-0.645208
0.0150336
-0.573739
0.339453
-0.301453
-0.912786
-0.181797
1.47491
-0.518246
0.369767
0.774948
0.252177
0.782127
-1.55699
0.0348588
-1.06333
-1.12421
-0.290492
-0.0398797
0.794665
-1.20889
0.102508
-0.345479
-0.491255
0.0890276
-0.566738
-0.535708
-0.0645159
-0.15735
0.173604
0.185515
-0.0398968
-0.673934
-0.457451
-0.467967
0.0518489
-0.154743
0.167186
-0.28383
-0.599874
-0.0714908
-0.297728
0.129053
-0.305962
-0.578307
0.255805
-0.465221
0.158191
0.111
-0.328125
-0.608103
-0.108648
-0.178961
-0.136389
0.00821088
0.370924
-0.309165
-0.0202267
-0.359735
-0.0277128
-0.0900953
-0.0674294
0.0680246
0.454555
-0.13822
-0.523429
0.0408426
0.226078
0.633356
-0.0349362
-0.426548
-0.531351
0.0339877
0.803478
0.00665167
0.0775741
-0.461876
-0.345394
-0.338219
-0.157924
-0.348254
-0.397924
-0.617933
0.240039
-0.205664
0.542793
-0.801774
-0.560932
0.288452
0.214564
-0.259321
-0.468061
-0.326749
-0.138642
0.033752
0.970506
-0.63908
-0.0725071
-0.166291
-0.74583
-0.253364
-0.182241
-0.11494
-0.461168
-0.370936
-0.27659
0.294081
0.265862
0.153186
0.321307
-0.694131
0.164996
-0.361414
0.221892
-0.361678
-0.170171
0.394908
0.409283
0.203479
0.0388071
-0.0842566
0.019221
0.0357094
0.363228
-0.246939
-0.349753
0.205188
0.466806
0.782846
-0.410611
-0.430667
-0.403887
-0.726129
-0.454769
-0.033944
0.591381
0.403898
0.019036
-1.02697
0.480919
0.163107
-0.410569
0.314643
-0.0675794
0.305833
-0.994054
0.195306
-0.486625
-1.31005
0.115532
0.282674
-0.13058
-0.231582
-0.209192
1.07547
-1.15835
-0.379944
0.708894
-0.570025
-0.489425
0.960356
0.946158
-0.830735
-1.97086
0.182518
-1.26508
-0.333251
0.0997697
0.856893
-0.7446
-1.30354
-1.38081
1.13501
-0.604639
0.344489
0.399119
0.506436
1.0096
-1.19274
-0.961968
-1.73646
-1.0821
-0.350799
0.128091
0.235171
-1.58805
-0.708417
0.168007
0.550308
-0.122683
-0.552966
0.257854
0.167654
0.70991
0.529439
-0.388259
0.0896095
-0.471743
0.0339572
-0.137009
-0.52773
0.110935
0.230958
0.243507
-0.104419
0.146583
-0.143295
-0.352276
-0.0436742
-0.133361
0.163091
-0.217928
0.580432
0.193932
-0.61804
0.304617
0.0771546
-0.388607
0.38715
-0.127567
-0.427084
-0.278532
-0.0822653
0.551393
-0.390682
-0.160545
-0.196229
-0.0261223
-0.20778
-0.0573227
0.39183
-0.510504
-0.388321
0.530217
0.337926
0.359615
0.511547
0.0199332
0.365595
-0.0660432
-0.0642597
-0.392762
-0.200797
0.671438
0.102676
-0.521444
0.218407
0.0378502
-0.333784
-0.361802
-0.265034
-0.46523
-0.101085
0.489364
-0.0364291
0.159564
0.836423
0.250678
0.275833
0.153105
1.28809
0.202703
0.120864
-0.216716
-0.947825
-0.0885881
-0.0813879
-0.024245
-0.666838
-0.418552
-0.411118
-0.264714
-0.367697
0.637786
0.645242
0.777753
-0.252919
0.265851
-0.389352
0.354403
-0.504684
-0.633501
0.443032
0.745467
-0.702235
-0.0816146
0.257102
-0.0708763
0.178851
1.07382
-0.063481
-0.566935
-0.504791
0.484876
-0.636352
-0.39946
0.671394
-0.561486
-0.568801
-0.329402
0.109403
-0.767475
-0.193465
-0.312767
0.402973
-0.689665
0.0619174
-0.0209863
0.372673
0.646243
-0.79355
-0.746039
-1.20017
-0.670516
-0.524685
-0.603029
-0.237385
-0.61752
-0.0442317
0.51636
-0.205309
0.228324
0.600175
0.243591
0.416572
0.368403
0.367644
0.168216
0.239578
0.00292284
-0.367326
-0.629574
0.0757615
-0.20048
-0.224928
-0.922828
-0.351175
0.397552
-0.52698
-0.0237945
0.0743415
0.175779
-0.299437
-0.886982
-0.060235
-0.78079
-0.837105
-0.13633
0.340285
0.413818
-0.129631
0.0842935
0.582875
-0.59213
0.066191
0.876091
-0.339484
-0.372535
0.101662
0.528038
-0.539765
-1.66069
-0.537486
-0.416991
-0.326617
-0.180139
0.168573
-0.734071
-1.31899
-0.28245
0.907815
-0.349501
0.377478
0.662812
-0.0761618
0.908979
-1.88033
-0.951567
-0.864304
-1.70964
0.191568
0.398009
0.459401
-1.25234
-0.629327
0.327516
-0.176033
0.359393
-0.0380455
0.158182
0.254887
0.0627324
0.949589
-0.683884
-0.573444
-0.493603
-0.0848366
-0.462017
0.136809
0.653346
-0.267455
-0.816268
-0.545714
0.153718
-0.111046
0.250147
0.538048
0.433307
0.286741
-0.0929407
-0.574021
0.142102
-0.34775
0.376479
0.00741373
-0.200116
-0.216914
0.0960904
1.77037
0.298483
-1.26593
-1.37355
-1.7689
3.34619
0.713291
2.85003
3.7802
0.0537538
4.07975
-3.10578
0.605924
2.20833
-1.00351
4.29739
-0.0920846
1.40172
3.05353
-0.475703
0.947011
0.926257
-0.112843
2.09212
-0.711933
0.685894
2.37618
2.40298
0.967651
2.57281
1.04741
