#input normalization
0.16056 0.26946
24.7135 32.9652
11.08 35.5344
8.67438 30.6968
0.0115338 0.0399199
0.00947419 0.0322269
0.52601 1.31785
0.823961 1.14631
1.01646 1.32786
1.23048 1.51654
1.47696 1.68552
1.73 1.83539
1.9743 1.96587
2.21076 2.0781
2.43718 2.17557
2.63908 2.23007
2.83415 2.26984
3.01462 2.27938
3.15896 2.26461
3.28283 2.21551
3.38534 2.14891
3.48469 2.03192
38.6193 50.1293
1 -1
#output normalization
1 0
#neurons weights
0.360996
-0.168531
0.0691536
0.34111
0.336814
0.116697
-0.359056
0.190992
0.320404
-0.33076
0.172326
0.0456233
-0.487394
0.267432
-0.477859
0.314791
-0.244608
0.124554
-0.0353993
-0.27515
0.152029
-0.449248
-0.113833
-0.00414311
-1.0614
-0.413446
1.72846
-0.270507
-0.600695
0.300674
-0.0910125
0.296245
0.309401
-0.0358346
0.0396271
0.961685
-0.53549
1.09137
-0.189204
-0.154468
0.429532
-2.71807
0.295579
-0.0885921
0.244565
-0.121934
-0.316697
-0.137013
-0.184043
0.556676
0.332921
-0.00317778
0.845933
0.0536909
0.294808
0.331724
-0.210639
0.135619
0.254485
-0.596094
0.614146
-0.182027
-0.257149
-0.237705
0.599551
-0.672278
0.0111255
-0.704374
0.294749
0.251488
-0.291232
0.131325
-0.277511
0.0688818
#synapses weights
0.265098
-0.561054
-0.301608
0.0752416
0.324734
-0.0435164
-1.82361
-1.06598
-1.69027
-0.411987
-0.578414
-0.185473
-0.137915
0.183419
-0.19198
-0.109296
0.0788085
0.348375
0.11765
0.0809652
0.208839
-0.0220595
-1.05226
-0.283989
0.323291
-0.255782
0.164481
-0.0784057
-0.12226
0.180553
-1.10648
-0.848196
-0.323502
0.219007
0.201666
-0.144247
0.293131
-0.0181646
0.096512
0.389525
0.301817
0.0170156
0.576148
0.437717
-0.386431
0.307799
-1.42856
-0.27483
-2.56392
0.162741
-0.153958
0.176761
-0.162521
0.187969
3.38655
-0.190465
0.0362389
-0.0802233
0.0518823
0.0415185
-0.00958599
-0.165761
0.0316986
-0.0324695
-0.0278406
0.00151155
-0.147248
0.0550841
0.0253285
-0.124383
4.46399
-0.498553
0.127808
-0.518625
-0.569485
-0.240071
0.20087
0.44035
-1.81552
-0.79071
-0.406808
-0.357126
-0.183854
0.598816
-0.396584
-0.0922037
-0.270086
0.132738
0.167784
0.0543647
0.337989
-0.166866
0.332504
-0.325711
-0.671756
-0.0626384
-0.0917577
-0.37924
0.115395
-0.361721
0.262789
0.0502034
-1.13733
-0.429375
-0.308441
0.359641
-0.365447
0.376843
-0.0485146
0.132629
-0.157003
0.0368042
-0.0307036
-0.377336
-0.133533
0.364788
-0.102991
0.246011
-0.922102
0.22576
-0.997715
-0.221785
0.0219031
0.0519368
-0.14593
0.345679
0.563739
-0.205908
0.0542112
-0.115996
-0.0440191
0.0426111
0.433856
-0.0940299
0.356529
-0.000804074
-0.140046
0.194664
-0.414618
0.385147
-0.0714515
-0.219416
1.31348
-0.0979692
-0.708136
-0.00722607
0.448566
-0.122292
-0.525691
0.0393327
0.860179
-0.0152064
-0.0586693
0.517376
0.314578
0.289194
-0.255986
0.465513
0.0254299
0.196798
0.522167
-0.343847
0.273446
0.240111
0.112714
-0.245965
0.146988
0.127504
0.620459
-0.312446
0.193518
0.190912
0.392231
0.138335
0.613775
0.195828
0.0769706
-0.455988
-0.0349162
0.160953
0.00564968
0.436135
0.470929
-0.0931784
-0.361013
0.188211
0.30874
-0.00109083
0.290954
-0.0968479
-0.140552
0.0157143
0.422432
-0.0359754
0.213455
-0.614937
0.364755
-0.179562
-0.371718
-0.188652
-0.304225
-0.202282
-0.089444
0.252816
0.401494
0.385212
0.0377679
-0.0267127
-0.21977
-0.225811
0.0135229
0.452952
-0.32316
-0.153447
-0.207805
0.488967
0.667756
-0.182026
0.168026
-0.590197
0.197879
-0.0768977
0.591295
0.31792
-0.0109093
0.00895778
-0.170648
0.0659578
-0.294934
-0.171329
0.0549367
0.14302
0.116729
0.160329
0.334606
-0.0447682
-0.160501
-0.242056
-1.62679
0.438219
-0.123641
-0.168144
0.317001
-0.0640918
0.064714
-0.231587
-0.688525
0.370479
0.126033
0.0246327
0.0583128
-0.225082
-0.0399702
0.0892083
-0.0282264
0.170742
0.288325
0.213013
-0.493252
0.269463
0.2998
-0.462426
-0.681593
-0.3318
-1.63727
0.0149926
-0.133583
0.128983
0.146071
-0.129373
3.39197
-0.483359
-0.078124
0.127536
0.011219
0.0455872
-0.0278078
-0.010683
0.0872332
-0.180933
0.149981
0.143369
-0.1603
0.0297237
0.0133436
-0.279729
3.06256
0.205053
0.705996
-0.0147187
-0.019965
0.018619
0.0997826
0.0584089
-0.506097
0.643388
0.0523093
-0.199556
-0.200621
0.192459
0.0162069
0.289205
-0.127044
-0.162402
0.107636
0.334868
-0.455139
-0.0341844
0.120236
0.0735939
-1.55142
0.0388711
-1.07034
0.123245
0.502889
0.0151187
0.0201184
-0.193248
2.29829
1.26955
0.644838
0.348203
0.000210054
-0.123016
0.126772
0.0753458
-0.335605
-0.262676
0.212048
-0.0787458
-0.338574
0.15039
0.320313
-0.0645378
1.98251
0.324425
-0.434164
-0.146617
0.248126
-0.155798
0.164539
-0.157096
0.649686
-0.274982
0.0967215
0.397565
-0.348687
0.298725
0.248382
-0.0330009
-0.0163058
0.245138
0.408092
-0.0227052
0.126684
-0.265522
0.520958
0.147018
0.255257
0.159316
0.438989
0.131506
0.216203
-0.421838
0.215695
0.00663792
0.533463
-0.0650401
0.0161336
0.0611189
0.332559
0.267612
-0.617235
-0.367963
-0.38344
-0.251975
-0.345878
-0.305759
-0.0285107
0.291031
0.260465
0.348066
-0.071524
-0.0316223
-0.377243
0.337024
-0.416032
-0.265617
0.286508
0.308132
0.306871
0.223657
-0.3058
-0.197995
0.103637
0.0948061
0.195477
0.312896
-0.205533
0.346758
0.153353
0.0851615
0.0498409
0.199038
-0.281083
0.153488
0.0720917
0.0632065
1.95445
-0.366978
-0.227373
0.0359805
-0.0485128
-0.0928682
-4.58019
-4.69133
-0.315003
-0.0916695
0.189691
-0.021686
0.0487092
0.0975825
0.0621657
0.271819
0.0530769
-0.115338
0.256583
-0.332585
0.0666805
-0.00770503
-3.71793
-0.493863
0.194202
-0.00647463
-0.155586
-0.248978
0.431701
-0.206003
1.70305
0.652863
0.179032
-0.0409457
0.332155
0.208148
-0.00796735
0.117685
0.131436
0.0574121
0.0819826
-0.336109
-0.540305
0.388771
-0.287388
0.316019
1.18266
0.179293
0.218746
-0.058336
-0.0383592
-0.372307
0.389586
0.044825
-1.3644
-0.543317
0.081072
-0.21411
-0.252952
0.175338
-0.181369
0.213024
0.29153
0.231973
0.23262
0.0184361
-0.0487737
0.403162
0.35889
0.0150946
-1.13289
0.211143
-0.679057
-0.433826
0.0130929
-0.481198
0.505759
0.120213
-0.0687181
0.40153
-0.240928
-0.0688404
-0.337204
0.316208
-0.365225
-0.270104
0.0189881
0.263906
-0.112381
-0.0441872
0.0552826
0.383122
-0.00674512
0.0374056
0.980604
-0.4298
-0.108414
-0.0929864
-0.173759
0.333398
-0.147332
0.0531306
1.20859
1.00714
0.741988
0.732168
-0.00311198
-0.0246567
-0.173437
-0.168946
-0.512358
-0.0358436
0.192558
-0.0909263
-0.186868
-0.537891
0.00167842
0.104965
-0.0290642
-0.179575
-0.811048
-0.262689
-0.287926
0.0160467
0.0147613
0.102138
-0.988467
-0.528468
-0.533432
-0.123408
-0.369573
0.0559123
-0.113047
0.297622
-0.0756861
-0.201053
0.369229
0.312508
0.335313
-0.249313
-0.202781
0.121296
0.690735
0.310487
-0.271091
-0.445453
-0.184948
0.0607003
-0.16846
0.137775
0.805312
0.296498
-0.197836
-0.0725915
-0.0256776
-0.559115
0.0449877
0.0619381
-0.120856
-0.00185597
-0.360352
0.241176
-0.190342
-0.142778
0.604115
0.267928
0.396797
0.201822
-0.0202635
0.321379
0.269862
-0.432079
0.289292
0.644347
-0.907118
0.00788407
0.282853
0.00212518
-0.366709
-0.110186
-0.12237
-0.234793
0.129401
0.335566
-0.274733
0.217977
-0.33462
0.398293
0.454987
-0.28134
-0.665929
-0.0844668
-0.530558
-0.290146
-0.52785
-0.0914704
-0.581435
1.12964
0.842165
0.385156
0.230647
-0.594847
0.114056
0.322234
-0.689118
1.47048
0.0814896
0.169489
0.0208184
-0.271827
0.828241
-0.390231
1.44633
-0.284794
0.536922
0.334731
-0.465391
-0.331552
0.247816
1.11092
-0.305138
-0.230104
0.387947
0.132567
-0.111466
0.33726
-0.482106
-0.215861
1.19168
-0.247442
-0.162919
0.219741
0.306364
0.267497
-0.944353
0.160486
0.264275
0.291957
-0.119988
-0.210559
-0.192613
-0.39053
0.406048
-0.533417
-0.627724
0.247831
-0.000414495
0.412553
-0.345399
-0.522872
-0.199784
0.0678219
-0.405631
-0.644118
-0.224499
0.0385929
-0.100137
-0.179978
0.00257855
0.031244
0.014456
0.0222819
0.351983
-0.472397
-0.367537
-0.479501
0.296352
-0.381349
-0.484665
1.87583
-0.622865
0.0721891
-0.45625
0.314342
0.786162
0.673516
0.986405
0.24027
1.26366
0.339455
0.437618
0.0530176
0.0866013
0.227325
-2.20535
0.176341
-0.0179835
0.201861
0.351221
-0.491086
0.425178
-0.101977
0.601269
-0.330735
-0.0722176
0.151991
0.0288964
-0.0519741
0.034957
-0.0359828
0.351953
0.0521157
0.0173897
-0.341165
-0.194372
0.0560317
0.365456
0.545821
0.312167
0.807752
-0.0456906
0.374321
-0.422996
0.34667
-0.0683632
0.14048
0.0720099
0.29082
0.0206424
0.0567145
-0.223754
-0.119199
-0.214132
-0.0102928
-0.50596
-0.136807
-0.170623
-0.0443281
-0.225978
0.320115
-0.555976
0.325702
-0.518748
-0.541027
0.152542
-0.565948
-0.318185
0.194778
-0.603592
0.0274767
0.328301
0.278579
-0.505764
0.22852
-0.606093
0.135822
0.102583
0.198219
-0.370568
-0.114957
0.289343
-0.172448
-0.255136
-0.257056
-0.503534
0.0230483
0.158184
-0.601594
0.170815
-0.542243
-0.00259161
-0.0685469
0.0779063
0.0489399
-0.323831
-0.373514
-0.162387
-0.0605784
0.109678
0.8685
-0.36341
-0.238701
0.117881
0.493405
-0.0955218
-0.212929
-1.0096
0.0987868
0.229062
-0.694927
0.228076
-0.28967
-0.480095
0.0356947
-0.753923
-0.112606
0.288704
0.56489
-0.120144
0.425049
-0.36948
0.0808288
0.0681387
-0.418179
-0.0656066
0.145912
-0.436548
-0.203601
-0.124342
-0.0454047
0.0318576
0.454054
-0.0518912
-0.332895
0.235554
-0.294876
-0.438254
0.308017
0.147827
0.529291
-0.220811
-0.0932955
-0.341156
-0.278987
-0.30545
-0.254843
0.0323874
-0.249464
-0.0119043
1.12673
0.0422891
-0.159258
0.0231263
0.419138
0.328753
0.248512
0.488294
-0.0808847
0.657119
-0.0182598
-0.463629
0.165632
-0.137016
0.657552
0.187542
0.231186
0.18649
-0.445607
0.368708
-0.547303
0.468619
-0.265542
0.240112
0.288826
0.315538
-0.533371
0.0786388
-0.336686
0.0954346
-0.108202
0.118083
-0.401477
0.0635674
-0.453208
-0.174148
-0.08027
-0.421536
0.296554
0.238863
-0.00862019
0.077426
0.00648515
0.285977
0.135291
-0.410233
-0.0647203
-0.313981
0.0676325
-0.682337
0.351948
0.343956
-0.261913
0.396517
0.132973
-0.191385
-0.427754
-0.024406
-0.398347
0.537002
-0.336766
1.04151
0.424619
-0.115314
0.264489
-0.383182
0.0695806
0.189826
0.303753
0.427381
0.837588
0.497008
0.181139
0.251656
0.407467
-0.19282
0.572598
-0.0660185
-0.656138
-0.204969
-0.114478
0.025551
-0.268981
0.0542364
-0.770355
0.310757
-0.722847
-0.29441
-0.121733
-0.537203
0.388909
-0.311287
-0.231936
-0.603511
0.0418899
-0.105829
-0.604737
0.236269
0.407606
-0.4868
-0.0190922
0.255272
-0.272305
-0.112968
-0.295708
-0.139181
-0.186899
-0.413487
-0.125684
-0.0191804
-0.068032
0.13774
-0.360352
-0.418122
0.361569
0.0261192
-0.64724
-0.0553061
-0.163244
-0.400402
-0.0280016
-0.515766
-0.317085
0.21944
0.198042
-0.286136
-0.293926
-0.436896
0.646102
0.43181
-0.429593
-0.298748
0.211173
0.137436
-0.184117
-0.6185
0.154516
0.343062
-0.326264
-0.109984
0.0670122
0.287053
0.299301
0.541731
0.177242
0.0770866
0.434503
-0.46901
0.174694
0.25682
0.159355
0.11217
0.046875
0.0996598
-0.121273
-0.0710247
0.319795
-0.280168
-0.0179033
0.291307
0.115624
0.468498
0.264026
0.342007
0.450374
0.385195
-0.0795606
0.274299
-0.0591078
0.01157
0.562308
0.0548031
-0.0227073
-0.0637439
-0.147058
-0.1733
0.190719
-0.0828331
-0.577238
0.051729
0.236001
-0.101273
-0.282436
-0.0829085
-0.524168
0.0196607
-0.527735
-0.0162887
0.292523
-0.0895063
-0.1465
0.154593
0.174338
0.000959227
0.252176
-0.238261
-0.397887
-0.407457
0.292091
-0.525654
-0.395402
0.530359
-0.248145
0.419625
0.165832
0.00447736
0.0172409
-0.58241
0.000900663
-0.34229
-0.450406
-0.0434888
-0.437371
-0.312315
0.128454
0.111732
-0.608389
-0.149606
-0.448387
-0.044578
0.63366
-0.22443
-0.551109
0.30661
0.540254
-1.15413
0.467355
0.130633
-0.332665
-0.235451
-0.549151
-0.348864
-0.215578
0.160483
-1.31171
0.314003
-0.458735
-0.96894
0.126453
-0.28216
1.7246
-0.0923044
0.508799
0.202077
0.12867
0.0627584
-0.312021
0.289502
0.558272
0.266579
-0.977709
-0.313823
-0.48668
-0.433242
0.0696107
0.715256
-0.17056
0.892407
0.126863
-0.675386
0.201448
0.31454
0.33039
0.258238
0.1303
1.00347
0.329337
0.000410685
-0.486121
0.23818
-0.406885
-0.273512
0.161521
-0.345477
-0.507251
0.299608
0.188619
-0.281823
-0.261832
-0.430687
-0.442299
-0.538435
-0.304291
-0.408516
-0.257989
0.0910956
-0.267406
0.241176
-0.2555
-0.0557242
-0.04272
-0.190762
0.0127836
-0.28424
-0.336101
-0.393823
-0.441732
0.151808
0.307663
0.365665
-0.0108217
-0.0612005
0.399451
-0.0083323
0.0214346
0.080471
-0.201505
-0.0650438
0.326978
-0.208548
-0.153561
0.278489
0.249183
-0.100314
0.520378
0.599406
0.221571
-0.367258
0.215513
0.227852
-0.458927
0.198345
-0.0672073
-0.0615346
-0.130556
0.203426
0.529399
0.260841
-0.15332
-0.24906
-0.146178
-0.0624365
0.0833016
0.465264
0.314233
0.0367669
-0.128676
0.0784537
-0.282756
-0.203501
0.557884
-0.21746
0.000556494
-0.0880689
0.469928
0.463885
0.250933
0.352875
0.583923
0.47833
-0.207037
-0.172973
0.365774
-0.218884
0.284254
-0.447024
-0.522707
0.668089
-0.263701
-0.149278
0.608727
-0.490307
-0.558696
0.0417266
-0.107464
0.452709
-0.11975
-0.353828
-0.257511
-0.446476
-0.328182
-0.533852
0.162337
1.76994
-0.388606
0.324089
-1.07022
0.0345812
-0.283142
-0.0313228
-0.698253
-0.265074
-0.894131
-0.382914
0.674866
-0.462878
0.286218
0.65822
0.138371
-0.0715423
0.513982
0.893075
0.512774
0.0258091
-0.236922
-0.438701
-0.577451
