#input normalization
0.160576 0.269481
15.0525 22.9773
11.8324 32.7535
9.45218 29.2876
0.0121633 0.0363109
0.0101018 0.0304087
0.52601 1.31785
0.823961 1.14631
1.01646 1.32786
1.23048 1.51654
1.47696 1.68552
1.73 1.83539
1.9743 1.96587
2.21076 2.0781
2.43718 2.17557
2.63908 2.23007
2.84039 2.26344
3.05348 2.23663
38.6193 50.1293
1 -1
#output normalization
1 0
#neurons weights
0.102663
-0.141718
-0.41629
0.373968
0.331093
0.47317
0.109698
-0.175547
0.0666828
0.21927
-0.369056
-0.0755798
-0.197926
-0.0264222
-0.0145904
0.392965
-0.480223
0.498769
0.354326
-0.370698
-0.236138
0.485382
-0.36781
-0.121581
-0.493906
0.0130832
1.96733
0.215774
-0.155458
-0.217101
2.06117
-1.07778
0.225667
0.0771064
-0.117072
0.142605
-0.577617
-0.5325
0.406416
-0.563563
-0.781064
0.0364544
0.204002
0.28396
0.527153
-0.359365
0.102291
-0.356212
-0.289363
0.479726
0.414023
0.492807
0.0215809
0.27649
-0.359382
-0.333087
0.146966
-0.0286871
0.529023
-0.610982
-0.365567
0.00335438
#synapses weights
0.344481
-0.260475
-0.440227
0.0268121
0.255517
0.741481
-1.35606
0.0252429
0.219916
0.728307
0.102463
-0.24815
0.0523837
-0.101905
-0.0680305
-0.134738
0.16119
0.143554
-1.40022
0.398581
0.0212424
-0.0690139
-0.496788
0.244748
-0.172502
-0.0345389
-1.53603
-1.4284
-0.68108
-0.408345
-0.147346
-0.0218434
-0.66258
-0.0909833
0.0742464
-0.466529
-0.109753
-0.307736
-0.342315
-0.112501
-0.149494
-0.801041
-0.247312
-0.232906
-0.109208
-0.312289
-0.531687
-0.334479
-0.207866
-0.146546
-0.60187
-0.713272
-0.206557
-0.103753
-0.0383045
-0.210009
-0.299918
-0.469747
-0.780688
-0.48441
0.238745
0.087685
-0.356926
0.261291
0.457707
0.233544
-0.309855
0.410977
0.375397
0.469266
0.415968
0.245533
0.161225
-0.142503
0.0452022
-0.0571432
-0.202095
-0.407148
-0.396948
0.421457
-0.126187
0.359051
0.268452
-0.443184
0.552925
-0.0879851
-0.0887398
0.406746
0.488947
-0.029102
0.159251
-0.104395
0.27229
-0.389372
-0.293977
-0.20948
-0.131854
-0.169591
-0.351649
0.171907
0.190544
-6.63843e-05
0.142033
-0.0150859
-0.134792
-0.165555
-0.778314
-0.269667
0.280677
0.0676352
0.192383
-0.0073292
0.298316
0.581091
-0.295235
0.561122
0.249066
-0.0152146
-0.0271733
0.390606
-2.81732
0.339664
-0.169529
0.204815
-0.143629
0.128955
3.87977
-0.177327
0.119095
0.0167268
0.00689385
-0.0952939
-0.0983173
-0.0419565
-0.131776
0.00904499
-0.0678524
0.0557842
5.31406
0.0192703
0.335967
0.152486
-0.301778
-0.0293592
0.0459114
0.397633
-0.595078
-0.280986
0.00180376
-0.201376
-0.559694
-0.271552
-0.194073
0.351383
-0.345719
-0.281328
-0.356501
-0.110104
-0.143057
0.0890934
-0.763329
-0.238705
0.13044
-0.0540473
-0.180016
0.00784309
0.754149
0.20477
-0.140038
0.0436024
-0.214697
-0.0388169
0.219628
-0.170248
0.02773
0.193939
0.166961
0.36921
1.65241
-0.211463
-0.438683
-0.167821
0.296612
0.411007
-0.0387388
-0.325554
0.692076
1.30232
0.862079
0.606784
-0.0380627
-0.0970197
-0.0255471
0.421307
0.3002
-0.378112
0.0825211
0.0908365
1.07336
0.217369
-2.69673
0.453926
-0.111273
0.00805581
-0.320356
0.302554
3.88057
0.942371
-0.114566
0.0350518
-0.216047
0.140377
-0.0563985
0.205953
-0.409826
-0.128881
0.10834
-0.172088
4.68643
-0.135548
-0.95521
-0.388817
-0.488423
0.0820374
-0.279165
0.320507
-1.4809
-0.778943
-0.880607
-0.0158126
0.142871
0.0582361
0.151855
0.0900294
0.301954
-0.0155763
0.231952
0.0729335
0.335331
-0.45434
0.426003
0.131512
0.24678
-0.189025
0.384194
-0.268526
-0.760145
0.0435007
0.0748781
-0.0547308
-0.178102
-0.00457966
0.0222543
-0.229521
-0.0301612
-0.252556
-0.143511
-0.164459
-0.929047
-0.269463
-0.20285
0.502946
0.122017
-0.0263571
0.185995
0.0187118
1.07894
0.535492
0.611508
-0.00402132
-0.143791
-0.290567
0.460149
0.26214
-0.443698
0.00197827
-0.26044
0.322032
0.980396
0.243881
0.24106
-0.324717
0.0975892
-0.252317
0.219427
0.876623
-0.218628
-0.0216705
0.482525
0.489674
0.160999
-0.0692904
0.0733229
0.475806
0.0705104
0.340166
0.299623
0.297072
-0.667621
-0.37392
0.434612
0.214718
-0.158971
-0.102315
0.196866
0.157017
0.744288
-0.143792
-0.106888
0.0987502
-0.323311
-0.196399
-0.0779695
0.0813314
-0.0223926
0.169764
0.00928696
0.276934
-1.57739
0.333132
0.0483494
-0.0951669
-0.12467
-0.104313
-0.390302
0.175311
-0.661996
0.400686
0.348743
0.289312
0.411839
0.0887069
0.402752
-0.420667
0.127886
0.173605
0.0776708
-0.120441
-0.43353
0.196988
-0.00908155
-0.85674
-0.288593
-0.041458
0.0653479
0.114556
-3.2353
-3.47715
-0.385307
-0.0993769
0.142302
0.161386
-0.0029379
-0.0401151
-0.0282434
0.0607105
0.345655
0.0155053
-0.228646
-0.495731
-0.0528301
-0.33684
0.0103829
-0.18456
0.261955
-0.349718
1.15459
-0.141152
0.0927136
0.074129
0.53023
0.340617
0.0440337
0.431219
0.275768
0.162341
-0.345029
-0.0669055
0.987169
0.464328
-0.142973
-0.348855
0.214261
-0.105568
0.0518073
0.286729
-0.149561
-0.423216
0.0825044
-0.277376
0.0329898
0.0879407
-0.366461
0.281964
0.305312
-0.103598
0.204664
-0.222906
0.42352
0.0603446
1.44349
0.119515
0.249553
0.0414052
-0.206444
-0.216837
0.793585
-0.285201
-0.0515141
-0.0364694
0.319819
0.118956
0.0245112
-0.0266055
0.314071
-0.181914
-0.0494244
-0.305752
-2.01228
0.166246
0.676736
0.0451879
0.111056
0.315734
-0.40363
0.0901701
0.379833
-0.0882966
0.201743
0.834521
-0.484339
1.00433
0.0189609
-0.0497909
0.337676
-0.453311
0.583105
0.31258
0.197502
-0.402153
0.0671406
-0.114417
0.129516
0.500946
0.186377
-0.294532
0.0897286
0.778583
-0.0420291
-0.154517
0.138481
0.970927
-0.744427
-0.346617
-0.0466037
0.411067
-0.0398385
-0.228759
-0.131038
0.0453761
0.0825394
-0.232731
0.388701
-0.218201
-0.0616757
-0.410001
-0.11878
-0.280745
-0.624101
0.362756
0.18949
0.0551029
-0.314403
-0.146203
-0.231014
0.0401969
-0.29342
0.256097
0.391341
0.382482
0.0939544
-0.109463
0.413112
0.131317
0.0934172
0.0691257
0.412319
0.303698
0.331221
0.0670974
0.165175
0.18048
-0.258623
-0.0218663
-0.110822
-0.25987
0.582627
0.553644
0.419669
0.536877
0.131041
0.226023
0.440965
0.286408
0.519442
-0.479657
0.0691176
-0.484612
-0.112516
-0.421109
0.0156823
0.200518
-0.160257
-0.360611
-0.768276
0.186927
-0.217348
-0.415459
0.352589
-0.341551
-0.136147
0.534588
-0.234739
-0.145692
-0.139603
-0.407525
0.289282
0.377425
-0.290387
-0.282982
-0.281061
-0.3531
0.263351
-0.339202
0.00468375
0.367691
0.162061
-0.21872
0.0340552
-0.278118
-0.313002
-0.373377
-0.324698
-0.534755
0.0465615
-0.263289
0.0506228
0.0291981
-0.178637
-0.227163
-0.194615
0.17094
-2.16103
0.225872
0.293166
-0.187118
-2.20177
1.03271
-0.649586
-0.200981
0.0127877
-1.16439
0.0070976
1.28924
0.475393
0.0447354
-1.44276
-0.6456
-0.241288
0.0768708
0.352668
0.169021
-0.08705
-1.29795
-0.335277
0.0416586
0.239033
0.100482
-0.0283002
-0.670417
0.0535531
0.0954638
0.401347
-0.16554
0.257295
0.366333
-0.306263
0.182362
-0.526256
-0.24268
-0.156281
0.0363774
0.382595
-0.000718283
1.41365
0.00170332
0.513632
0.0673083
1.04745
-0.948978
-0.199109
0.434226
0.252293
-0.170868
-0.23596
-0.280059
0.471548
0.426799
-0.227733
-0.500356
0.234246
-0.448777
-0.0254646
0.231364
0.528301
1.79235
0.101366
0.0425453
-0.560736
0.77028
0.289992
0.170952
-0.0536492
-0.0331177
0.307203
-0.249379
-0.580153
0.321909
0.111219
0.502393
-0.49509
0.260761
0.315304
-0.200174
0.123835
-0.524539
0.374489
0.197834
-0.33233
-0.123026
0.102065
0.0221075
0.0220063
0.196318
-0.157204
-0.252606
0.0104618
-0.635061
0.453404
0.109753
-0.0211524
0.542888
0.0363224
-0.458822
0.0996088
0.370197
0.0729035
-1.18271
0.509719
-0.331599
0.289563
-1.15744
0.218436
0.0139086
0.254869
-0.398618
-0.979189
0.103973
0.318296
-0.320418
-0.0252466
-0.933554
0.0744572
-0.00878085
0.11716
0.246865
0.0571784
-0.451707
-0.733998
0.109552
-0.567166
0.380396
-0.526696
0.247897
0.599212
0.28282
0.421523
0.478809
0.0945177
0.480579
0.0418932
-0.652561
1.01018
0.161809
-0.328864
0.0675545
0.0546286
0.181174
0.183916
0.176759
0.175498
-0.0688326
-0.219244
-0.323507
0.0829795
-0.35401
-0.373365
-0.176808
0.235209
0.508447
0.226869
-0.173016
0.0103091
-0.297977
0.657509
-0.563699
-0.177703
-0.225118
0.0275794
0.145008
-1.03816
0.375429
-1.50931
-0.771854
-1.46965
0.013889
-0.0570622
-0.170461
0.149681
0.414814
0.0619763
-0.387292
-0.435421
-0.521571
0.806542
0.0637919
0.177172
0.233688
0.187194
-0.0862756
0.203243
0.214436
-0.264645
-0.552013
0.560895
-0.133129
0.434315
0.188556
-0.173186
0.0597617
-0.252844
0.472473
-0.0319601
-0.11191
-0.198457
-0.135825
0.16525
-0.271915
0.0935465
-0.363648
-0.319338
0.397721
-0.523181
0.0456649
-0.144521
-0.00387553
-0.708077
0.759046
-0.0277993
-0.364256
-0.31196
-0.154497
0.372188
0.169926
0.35595
-0.565883
0.595497
0.13038
0.108209
0.111138
-0.06012
0.305371
-0.0346771
0.31772
-0.268997
0.491374
0.149134
0.953287
-0.255896
-0.491298
0.314757
0.29144
-0.290997
-0.24941
0.0881203
0.305262
0.298509
-0.325221
0.162375
0.163696
0.22229
-0.230157
-0.201447
0.0197622
-0.228474
0.261069
0.19794
0.213771
-0.652812
0.455132
-0.276594
0.10261
-0.289663
-0.35937
-0.393347
0.157925
-0.0965259
-0.122619
0.00381078
-0.274376
0.635235
-0.0863327
-0.380522
-0.148821
-0.133625
-0.768492
-0.691064
0.360878
-0.247641
0.166812
-0.123464
-0.700645
-0.286919
0.438583
-0.0365728
-0.0278122
-0.483247
-0.262886
0.200909
0.290001
-0.49324
0.347365
0.19179
-0.0931026
0.0639278
0.257284
1.95315
0.617271
0.0894537
-1.12312
-0.0204871
0.997303
0.58107
-0.155995
-1.4579
-0.0438868
-0.109177
0.607021
-0.223592
0.687082
