#input normalization
0.160549 0.269443
42.3994 47.3081
10.5883 38.0507
8.4137 31.7024
0.011521 0.0426486
0.00932653 0.0330789
0.52601 1.31785
0.823961 1.14631
1.01646 1.32786
1.23048 1.51654
1.47696 1.68552
1.73 1.83539
1.9743 1.96587
2.21076 2.0781
2.43718 2.17557
2.63908 2.23007
2.83415 2.26984
3.01462 2.27938
3.15896 2.26461
3.28283 2.21551
3.38211 2.15303
3.46272 2.06189
3.51676 1.96916
3.54752 1.85503
3.5578 1.72878
3.54351 1.58884
3.49301 1.43749
3.43884 1.27514
3.3546 1.08322
38.6193 50.1293
1 -1
1 0
#output normalization
1 0
#neurons weights
-0.115046
-0.29141
0.292572
0.214448
0.328077
0.367997
-0.0146354
0.0282728
-0.40561
0.27309
0.0737819
0.162963
0.379539
0.182259
-0.172157
0.416532
-0.306505
-0.0512021
0.420992
-0.0971576
-0.0717716
-0.0645023
0.0960807
0.119403
-0.108287
-0.365748
-0.329619
-0.267029
-0.0772457
-0.486673
0.0986398
-0.156326
-0.490465
-0.392399
0.0019027
0.752566
-0.318209
0.364796
-0.432622
-0.322631
-0.194225
0.473202
-0.460978
-0.14327
0.217369
-0.0742905
-0.292775
-0.194821
-0.630565
1.14685
0.201695
-0.480569
0.179782
-0.252428
0.143002
-0.751284
0.278018
0.126502
0.109263
-0.00163721
-0.193159
1.58662
0.722482
-0.0720588
0.329722
0.643921
0.0281048
-0.335922
0.523307
-0.275334
-0.0993615
0.454888
-0.469813
-0.485283
0.187758
0.528536
0.00205226
-0.439114
-0.231164
0.39124
0.287603
0.561628
-0.292614
-0.289773
0.284094
-0.0274695
0.302012
0.28162
0.444803
-0.0564244
-0.0137022
-0.1568
0.551856
0.33211
0.410987
0.27716
-0.383706
0.707491
#synapses weights
1.38952
0.168981
-0.189616
0.0377099
0.394404
-0.17668
-1.53238
-1.73624
-0.482606
-0.0221563
-0.291763
0.0153363
0.157481
-0.339293
-0.0409239
0.0643704
-0.183506
-0.123412
0.233963
-0.354409
0.0594903
-0.16557
0.185901
0.15518
0.130202
0.186748
-0.134403
-0.21449
0.00953161
-2.42151
0.0836396
0.0780159
-0.800901
0.385614
-0.173152
-0.116176
-0.409265
-0.289109
0.0910978
0.580465
0.211252
0.173651
0.11511
0.41807
0.27952
-0.131081
0.189579
-0.18864
-0.482222
-0.47444
0.177841
0.358235
0.365553
0.305285
-0.267819
0.0586518
-0.0414751
0.208364
-0.156896
0.00848775
0.38306
0.746009
0.0713961
0.367627
-0.480485
-0.316076
-0.321709
-0.238676
-0.22545
0.35747
0.723975
-0.253839
0.440007
0.0480839
0.177738
-0.262016
0.210242
-0.0840905
0.0681968
0.290894
0.132418
-0.264232
0.0738265
-0.0505586
0.0775425
-0.102803
-0.472857
0.261869
0.337376
-0.179927
-0.0566297
0.37884
-0.0388174
0.368681
0.441033
0.174026
-1.92935
-0.0665066
0.0301318
-0.0851654
-0.162253
0.182321
3.28783
-0.280654
-0.0718122
0.0845684
-0.102218
0.169674
-0.12127
-0.109262
0.0918041
-0.0662943
0.0707185
0.215554
-0.101261
-0.0327985
0.00629095
-0.274424
0.224303
0.0158729
0.237716
-0.28803
0.0242387
-0.101217
0.2346
3.04677
0.249818
-0.489947
0.198553
0.0700299
-0.0396355
-0.394003
0.114707
0.0954107
-0.29291
-0.143893
-0.163034
0.127211
0.295031
-0.0561693
-0.439437
-0.0203877
-0.278072
-0.404266
0.369643
-0.220289
-0.190264
-0.216076
-0.299067
-0.455697
-0.272128
0.233087
0.242946
-0.264682
0.3719
-0.0241715
0.043951
-0.216613
0.178095
-0.221315
-0.37788
-0.17773
-0.129184
0.352819
-0.181439
-0.139318
-0.412362
-0.416316
0.106592
0.128033
0.07022
-0.128525
-0.30861
0.490471
-0.233897
-0.274543
0.360374
0.152947
0.125343
-0.177346
-0.293419
-0.202469
0.174761
0.288136
0.152365
-0.0795526
0.00519595
-0.0891613
-0.095066
0.871234
-0.0182526
0.304517
0.11613
-0.10858
-0.253295
-0.107028
0.324506
-0.0841652
-1.0371
-0.221424
-0.0395174
0.0104324
-0.469187
0.438639
-0.364439
0.139519
-0.0820036
-0.121566
-0.0289703
0.0254437
-0.0639353
0.0757575
0.0276314
0.202577
-0.108586
0.294265
0.308864
0.187826
-0.0529318
-0.310339
-0.00230354
-0.907012
-0.195257
-0.210952
-0.307876
-0.21022
0.228049
-0.0840778
-0.247105
0.0319645
-1.05087
-0.860851
-0.639438
0.14533
0.00310037
0.0327017
0.122806
0.253969
0.176822
-0.0331618
0.0682966
-0.149689
-0.0738433
0.106564
-0.233513
-0.0966911
0.460217
-0.0942858
-0.147925
0.371605
0.45522
0.349214
0.304887
-0.250893
-0.220847
-0.163683
0.616804
-0.14135
-0.190373
0.25203
0.292279
-0.372391
-0.719334
0.359285
-0.193486
-0.0790636
-0.395736
0.0231226
-0.4813
-0.25066
0.12669
0.342948
0.0691771
-0.0492485
-0.274721
0.397086
-0.340117
0.229227
-0.190657
0.314539
-0.238422
-0.303156
0.326652
0.493919
-0.10475
0.222746
0.051082
0.403606
0.0785255
0.140146
-0.295919
-0.474299
0.34301
0.192736
0.302455
-0.318243
0.0567282
-0.145649
-0.218178
-0.383668
-0.464929
-0.4158
0.133774
0.141345
-0.271921
0.0810423
0.217708
0.0893917
0.330376
0.311771
-0.0220799
0.305543
0.390501
-0.402948
-0.221958
0.185917
-0.0571777
0.322712
0.0738563
-0.0229914
1.0052
-0.145347
0.275803
-0.0183234
-0.4538
0.0915128
0.642326
0.132788
-0.127292
0.201317
-0.0422065
0.383667
-0.0806807
0.334125
-0.238983
0.271138
0.0803361
-0.0484577
-0.36485
-0.360899
-0.0088889
0.514987
-0.281566
0.217147
-0.223695
0.368451
-0.0254902
0.469628
-0.281004
-0.567623
0.126329
0.160932
0.661487
-0.262816
-0.41525
0.124117
0.108143
0.22681
-0.355808
-0.394727
0.0986808
0.206524
0.470018
0.303291
0.257084
-0.184397
0.208799
0.309124
-0.450323
0.347302
-0.315566
0.212787
0.149232
-0.235674
-0.298956
0.316255
0.0208591
-0.201683
0.326533
0.152431
-0.212625
-0.74971
0.419402
0.276085
-0.330826
-0.286277
-0.030603
-0.037055
0.386293
-0.327018
0.940255
0.121901
-0.399549
-0.174294
-0.36063
0.25624
0.315307
-0.179346
-0.248931
0.369123
0.197318
-0.344823
0.173714
0.111741
0.378524
-0.144676
0.0361231
0.274092
0.0347538
0.0935958
-0.40105
0.110674
-0.148381
1.34474
0.141732
-0.424038
0.605902
0.160846
0.10887
0.00483636
-0.0174492
-0.318012
0.423003
-0.0662935
0.372456
-0.186885
0.00675781
-0.137398
0.236955
-0.0615123
-0.217412
0.0165349
0.366339
-0.205042
0.00542394
0.165396
-0.455203
-0.0297716
0.233289
0.0999459
-0.0726839
-0.444653
0.292884
0.174201
-0.322751
-1.00625
0.494456
-0.315173
0.255101
0.177702
0.23061
-0.182283
0.233852
0.262643
-0.519978
-0.518317
0.369783
-0.254126
-0.168183
-0.340712
-0.12262
-0.320419
-0.266603
0.291726
-0.160036
0.339654
-0.346153
-0.40806
0.23896
0.284738
-0.176997
-0.589819
0.387742
0.267346
-0.0446708
0.00231707
-0.0444758
-0.635247
0.194499
-0.162093
-0.0280533
-0.462424
-0.281815
-0.236509
-0.171228
-0.00197651
-0.58698
0.49166
-0.0452026
-0.0637279
0.0191798
0.25598
0.460598
-0.102854
0.124381
0.203622
-0.201519
0.463815
-0.364095
0.344352
-0.0331499
0.0282842
-0.156121
-0.333488
-0.378182
-0.271593
-0.110045
0.0627243
0.310361
0.232609
-0.494104
-0.00770572
0.74508
-0.204716
-0.338292
0.155657
-0.372547
0.320385
-0.915644
-0.12688
0.0113507
0.0166469
0.175542
-0.0858742
0.240081
-0.0288152
0.0730075
0.138038
-0.231727
-0.0286159
0.32679
-0.223672
0.262252
-0.0806517
0.100495
-0.120181
-0.281082
0.27766
-0.239502
-0.123539
0.330949
-1.25191
0.0293539
0.0509671
-0.554967
-0.300497
0.319271
-0.380126
-0.206527
-0.0185666
2.55638
1.04024
0.218837
0.2612
-0.171723
0.40186
-0.0621319
-0.167007
0.279168
0.128314
-0.321267
0.23184
0.0456294
0.0394534
-0.272029
-0.155012
-0.108132
0.209692
-0.192551
0.232003
-0.0958776
-0.205664
0.126209
1.29213
0.427454
-0.318059
0.70618
-0.189786
0.0277958
0.163793
0.202576
0.275566
0.0972302
0.0482117
0.353182
0.376305
-0.200703
-0.0399358
-0.500745
-0.00777203
0.260027
0.274773
0.278123
0.169667
-0.348204
0.191772
-0.0405627
0.368952
-0.10945
-0.101358
0.408369
0.299244
-0.454039
0.197095
0.273537
-0.610501
-0.36644
0.118771
1.20916
0.00531507
0.0177812
0.133761
-0.0435629
-0.199547
-2.45261
0.212586
0.243189
0.133264
0.242447
-0.435379
0.231872
0.160723
0.105131
-0.0928728
-0.114763
0.340681
0.0425369
-0.0443456
-0.253727
0.258325
-0.00157319
-0.0993053
0.387707
-0.383798
0.0669941
-0.144728
0.225484
-2.04292
-0.441356
0.280685
-0.113089
0.086129
0.0161829
0.373611
-0.0775297
0.0960782
-0.757073
-0.298562
0.336983
-0.250806
0.171006
0.339969
-0.213562
-0.00955102
0.159974
0.30557
0.11289
-0.378268
-0.420876
-0.224765
-0.314125
0.386763
-0.23641
0.109021
-0.317577
-0.18124
0.361981
-0.172092
0.185941
0.343561
-0.051239
0.114112
0.450309
0.504973
-0.0753755
-0.178648
-0.274714
-0.293033
0.0014616
-0.19169
0.164707
-0.317827
-0.317304
0.0684187
-0.447356
0.0570082
0.550215
-0.324417
-0.308329
-0.396614
-0.260037
0.253596
-0.242323
0.257033
0.258862
-0.127909
-0.121041
0.226984
0.220957
-0.158211
-0.0234529
0.0587688
0.443852
0.294867
-0.228565
0.0629136
-0.393329
0.123481
-0.247895
0.0583781
0.969889
-0.00685568
0.421503
0.442192
-0.0389263
0.33235
0.274873
-0.302568
-0.0960589
-0.335122
0.339911
-0.0102768
0.136027
0.0351031
-0.260148
0.232622
-0.152617
0.0145332
0.0317381
-0.0776268
-0.419304
-0.0519163
0.348169
0.622733
-0.121955
-0.167509
0.39852
-0.051987
-0.0363084
-0.134259
0.0217402
0.119032
-1.12087
-0.40687
-0.468879
0.131079
-0.335435
-0.172922
0.424448
0.0303529
0.412549
-0.267229
0.37184
0.202067
0.026124
0.0651237
0.250321
-0.297247
-0.152243
0.0100089
0.398239
-0.203268
-0.255797
0.279427
-0.44456
-1.54922
0.00184354
-0.0923857
1.58276
-0.479318
-0.269394
0.0714994
0.419831
-0.425392
0.451543
0.237493
0.053064
-0.000225336
0.210524
0.0240294
-0.275873
0.150698
0.14076
-0.0766486
-0.20236
0.2564
-0.29557
0.0271733
0.241095
0.0908274
-0.205262
0.181394
0.0361097
-0.0644827
0.0711266
-0.408849
0.420426
-2.18182
-0.234083
0.237933
-0.649549
0.0220453
0.0323049
0.212448
-0.207568
0.36867
1.20285
0.151587
0.00696455
-0.37746
-0.238719
-0.185714
0.0710267
-0.0831298
0.217434
-0.285816
-0.399167
-0.0218491
0.467399
-0.107959
0.0594698
0.00632753
0.117303
0.178214
-0.344753
-0.364883
0.329687
0.0114413
0.0673676
1.21959
0.031374
0.177685
-0.511563
-0.0710319
0.295406
-0.0779802
-0.433486
0.215577
1.35919
0.651731
-0.202996
-0.23868
0.323562
-0.0794989
0.136848
-0.10372
0.219101
0.231458
0.292199
0.465447
-0.463506
-0.00826458
-0.274562
-0.0174977
0.0768199
-0.0713948
0.350035
-0.0639618
0.263462
-0.379942
0.0355838
0.718488
-0.0965618
-0.0416453
0.0757663
-0.403437
-0.415105
-0.0712841
0.104573
0.122425
0.208323
0.740295
-0.225545
-0.132497
0.343518
-0.0250572
0.181218
0.0815687
0.0256416
-0.455313
0.111089
-0.101077
0.227564
-0.224408
0.161093
0.066097
0.211645
-0.384739
0.161968
-0.141792
0.281784
0.152461
-0.308472
0.973434
0.467668
-0.300531
-0.0748958
-0.156424
-0.339527
-0.0607873
-0.0143986
0.316101
1.10177
1.18739
0.457299
0.388228
0.107092
-0.104537
0.376022
0.210933
0.109518
0.170264
-0.410624
0.265179
-0.357172
0.401416
0.178395
-0.251853
-0.287644
-0.191882
-0.300646
-0.220215
0.350821
0.0602923
0.0711157
0.0527564
-0.172649
-0.118653
-2.44205
-0.247144
-0.0264687
0.14713
-0.0281911
0.074653
3.35918
-0.185501
0.0645671
0.0298712
0.0328538
0.00475038
-0.0737972
0.0525107
-0.0132174
0.0525035
-0.0586803
-0.052155
0.150733
0.0300367
-0.0951181
0.0125722
-0.0200084
0.0795684
0.151687
-0.0500941
0.0781632
0.00780169
-0.0643809
4.30741
0.376278
0.178686
0.217618
0.485545
0.235208
-0.231042
0.00270599
-0.00549489
1.70868
2.21518
0.579432
0.128334
0.0155851
0.0128359
-0.203003
-0.089574
0.0770396
0.150421
-0.339964
-0.079969
0.116285
0.0127062
-0.252409
-0.0324695
-0.173341
0.337218
-0.00949756
0.106309
-0.085787
-0.296958
0.0954215
0.0589163
-0.12613
-0.448096
-0.678349
0.216377
0.145812
-0.0755826
0.237188
-0.246167
1.6439
0.572381
0.237661
0.237445
-0.283083
-0.131278
-0.179038
0.383462
0.0433347
-0.0294586
-0.232282
0.170347
-0.532192
0.387898
-0.169323
-0.36628
0.0164657
-0.193325
0.200791
0.113478
0.322263
-0.331391
0.150044
0.490807
0.478082
0.062157
0.531042
-0.10937
0.395758
-0.207009
-0.210309
-0.611048
1.05345
1.10753
0.267112
0.405194
0.156141
0.20713
0.0887422
-0.0611216
-0.121907
-0.0777391
0.174498
-0.0639484
0.326413
-0.600343
-0.137016
-0.146664
-0.025257
-0.223222
-0.169778
0.0643569
-0.0435601
-0.472756
0.0928083
-0.154735
-0.15094
-0.4758
-0.0960894
0.468836
0.442696
0.43437
-0.308999
0.183894
-0.0663428
0.203164
0.0373998
-0.268043
-0.0662184
-0.252547
0.496121
0.41534
0.597826
0.567856
-0.254909
-0.438812
-0.236599
0.221572
-0.395309
-0.0628127
0.19382
0.457937
-0.147353
0.500829
-0.0678617
0.0440809
0.337626
0.232758
0.136378
0.477814
0.441899
-0.409628
0.165439
-0.421866
-0.52015
-0.361576
0.163823
0.21846
-0.564695
0.00358343
-0.271195
0.0173094
0.263512
-0.0310686
-0.00809811
-0.060769
0.205959
0.270119
-0.662398
-0.291261
0.298396
0.0280958
0.342655
0.282333
0.243666
0.523386
-0.298306
0.121249
-0.0865221
-0.517881
-0.42481
-0.480536
-0.409147
-0.29289
-0.0024696
0.222669
0.0226673
-0.117243
-0.166285
0.104776
-0.00499009
-0.13339
0.0229825
-0.432682
0.261559
0.0856592
-0.53267
-0.136641
-0.117578
-0.0577359
0.549892
-0.724948
-0.0265859
-0.175871
-0.428601
0.118077
0.118303
0.596087
0.567666
-0.208278
-0.551838
0.0158051
0.196572
-0.241395
-0.442001
-0.115508
-0.260366
-0.753981
-0.590173
-0.222426
0.485377
0.156368
0.15416
-0.365242
-0.0667073
0.0980366
0.195546
0.222767
0.336301
0.146569
0.257724
0.174986
0.00287799
-0.363204
0.280139
-0.279475
0.414401
-0.210082
0.188995
-0.289719
-0.478275
0.35393
0.0812655
0.177036
0.321034
0.533909
0.393256
0.81939
0.170705
0.730778
0.540946
0.0055555
0.338423
0.250355
-0.28865
0.109301
0.308741
-0.177975
-0.211897
0.0358892
0.457432
0.130579
-0.336161
0.0191455
-0.277204
-0.326751
-0.0852737
-0.110096
-0.0438203
0.509894
0.196827
0.11923
-0.273186
0.469578
-0.121598
-0.242552
0.0738465
0.424535
-0.111826
0.578923
0.146953
0.173594
-0.367001
-0.362733
-0.414927
-0.0521424
-0.140427
-0.40479
-0.29345
-0.411868
-0.162857
0.0106791
-0.00364352
-0.171732
-0.0382499
0.358272
0.0711368
-0.423517
0.120264
0.314328
0.0857184
0.352756
0.0405801
-0.322041
-0.237874
-0.372203
-0.0808897
0.416477
0.176684
0.220905
-0.0948099
-0.171893
0.338452
-0.486254
-0.116235
0.435235
0.232251
0.190569
-0.101007
0.282555
-0.258791
0.361337
-0.282217
-0.021599
0.116081
0.180062
-0.136292
0.107264
-0.0312387
0.379797
0.448227
-0.0553957
-0.0681776
-0.10968
0.061188
-0.284227
0.418736
0.0519349
-0.125501
-0.11445
-0.0766207
-0.408538
0.441438
-0.315843
-0.0903492
0.766881
0.421261
0.00348336
0.0935991
0.175912
-0.102845
-0.299047
-0.639007
-0.0428787
0.31527
-0.29664
-0.0514898
0.046561
-0.281563
-0.229035
-0.0873649
0.220465
-0.131742
-0.503337
0.0723405
-0.313986
0.241906
-0.117301
0.435777
-0.155843
0.159231
-0.647281
-0.444201
-0.030155
-0.516052
-0.299363
0.414573
-0.230717
-0.842084
-0.146548
0.0308232
-0.38016
-0.197342
-0.00673225
-0.403508
0.552303
-0.144596
0.285271
0.247634
-0.155299
-0.504256
0.191211
-0.0201807
-0.250204
-0.139412
-0.46803
-0.337115
0.217599
0.418129
-0.279461
-0.178147
0.292271
-0.229116
-0.398623
-0.062434
-0.383846
-0.417214
0.202026
-0.164963
0.502092
-0.19294
0.264798
0.282645
-0.0540582
0.291054
0.499731
0.0183494
0.301568
-0.686273
0.366542
0.370562
-0.278521
0.149455
0.288313
-0.146366
-0.176176
0.0833779
-0.21201
-0.498413
-0.137736
-0.197405
-0.590077
-0.33689
0.085502
-0.217583
-0.481922
-0.372399
-0.164425
-0.20109
0.307208
0.35613
-0.240241
-0.400789
-0.223469
-0.471886
0.0892095
-0.225626
-0.540672
0.450332
-0.0313965
-0.306812
-0.404711
0.15613
-0.112045
-0.186571
0.60483
-0.25705
-0.126237
0.541346
0.404473
0.255549
-0.0899068
0.449199
0.309768
-0.186043
0.289243
0.414349
0.402438
-0.158773
0.235673
0.328593
-0.0229754
0.711467
0.0252972
0.139769
0.198598
0.0292517
-0.458309
-0.0766789
-0.525706
0.146739
0.342641
-0.0783082
0.327396
0.438114
-0.240562
0.224465
-0.332868
0.264938
0.113052
-0.425856
-0.411258
0.25209
-0.439314
0.231081
-0.175063
0.275427
0.234214
0.111486
0.209043
0.100548
-0.000156694
-0.215099
0.489307
-0.0817212
-0.464605
-0.378371
0.216678
0.168211
0.427791
0.0176952
0.213343
0.0902866
0.322821
-0.193044
0.234926
-0.254256
0.127977
-0.0226241
-0.463424
-0.177383
0.0764328
-0.318417
-0.128014
-0.150129
0.217632
-0.460303
0.106756
0.467382
-0.125499
-0.473627
0.162443
-0.0685636
0.124425
-0.330508
-0.215713
-0.425037
0.0408852
-0.259612
0.345882
-0.577151
0.21973
-0.138624
-0.155696
-0.0247069
-0.468154
0.0653636
-0.220579
0.257855
-0.463154
-0.267555
-0.135157
-0.0669007
-0.336418
0.307598
0.21011
0.127685
-0.00601653
-0.285269
-0.296013
-0.0699439
0.373634
-0.314047
0.136638
-0.0921539
-0.0303173
-0.545757
0.548741
-0.35677
0.132119
-0.481039
-0.20156
-0.271238
0.285193
-0.32787
-0.304307
0.637033
0.0367973
-0.521536
-0.221701
0.153744
0.217701
0.220431
0.587943
-0.28072
0.868363
-0.27602
0.121495
0.149163
0.364823
-0.0799083
0.0553414
0.499383
-0.435233
-0.0279384
0.0487837
-0.360279
0.818305
0.146473
-0.758553
0.528158
0.336045
0.311455
-0.216575
-0.919919
0.324911
0.499582
0.562299
0.522135
0.201696
-0.305052
0.578174
-0.326064
0.302607
0.35128
0.375663
0.365118
0.2331
0.159877
0.280114
0.0887911
-0.102759
-0.087389
0.0686115
0.211959
0.171314
-0.252685
0.284431
0.477556
-0.569411
0.246252
0.387777
0.356427
0.49952
0.0791977
0.456017
0.451944
-0.107939
0.532609
-0.259118
0.421435
-0.11674
0.420047
-0.307736
0.221772
0.292006
-0.61884
0.233282
0.176534
0.308121
-0.258349
0.570375
0.0792878
-0.0249261
-0.421436
-0.127785
-0.272068
0.377768
0.554541
-0.224319
0.111578
0.342267
0.301395
0.952934
-0.172911
-0.507038
0.287338
0.195771
0.41485
-0.2222
-0.268601
0.186649
0.502662
0.435673
-0.365994
0.776442
0.199348
-0.165571
-0.187466
-0.429338
-0.569078
0.361035
0.585037
-0.00939007
-0.322095
-0.0739515
0.0407344
0.0938736
-0.0246496
0.209554
-0.0785769
0.170421
0.419164
-0.356585
-0.103873
0.219236
0.280291
0.592826
-0.56703
-0.369746
0.158469
0.0523219
-0.0976528
0.696244
0.288976
0.10728
-0.252484
0.30041
1.11113
0.600771
-0.230771
0.494695
0.255254
-0.100493
-0.17867
-0.66096
0.430031
-0.538208
0.518786
-0.149865
-0.243181
-0.562863
-0.189858
0.426083
-0.168985
0.435946
0.195176
-0.129388
0.584156
-0.689872
0.0733088
0.414151
-0.131689
0.0790599
-0.394383
0.0119022
0.229045
-0.0653012
-0.0280858
-0.469384
0.148332
-0.193941
-0.399274
-0.519806
-0.485561
-0.11157
-0.311053
0.353368
-0.825028
-0.338731
0.0683418
-0.145118
-0.356811
-0.0544182
0.259693
-0.205417
-0.463675
0.327172
0.0382724
-0.472927
-0.292301
-0.334989
-0.269489
-0.00359939
0.0557956
-0.0340073
-0.45237
-0.390103
-0.652361
0.401988
0.556386
0.298495
0.168959
-0.204047
-1.44485
-0.623287
0.274908
0.148564
0.372774
0.239179
-0.35369
0.0474129
-0.400104
0.0694575
0.240885
0.151473
0.285847
0.193307
-0.157495
0.282045
0.0408525
0.0874862
0.43975
-0.146987
0.290501
0.461318
0.181345
0.212393
-0.0732067
0.373667
0.23599
0.389235
0.267411
-0.0389642
0.057489
0.0786477
0.281741
0.049956
-0.0776396
-0.337112
0.42545
0.450462
0.0580937
-0.104016
-0.515912
-0.426614
-0.151959
0.0912128
-0.371026
0.479356
-0.114936
-0.404894
-0.296575
-0.533366
-0.915894
-0.290388
0.538524
0.0979716
-0.263701
-0.289444
0.251424
-0.318348
0.229473
-0.0377924
0.0697975
-0.430003
-0.0985824
-0.0172764
-0.00508238
-0.341085
-1.02308
-0.826578
-0.497547
-0.246662
-0.673099
0.0348212
0.199311
0.287607
0.180293
0.19764
-0.400209
0.188474
0.221565
-0.312303
-0.676635
-0.069268
-0.261319
0.00913634
-0.420373
0.123707
-0.0642893
0.317033
0.105229
-0.113016
-0.353482
-0.229719
-0.0584477
-0.559732
-0.392769
0.00339054
-0.52702
-0.197424
-0.560554
0.745057
-0.383586
-0.195151
-0.26371
-0.969673
0.072786
-0.222148
1.8815
-0.0735606
-0.368005
-0.226919
0.0891806
-0.258041
0.348465
0.286136
-0.407398
0.480472
-0.14545
-0.48204
0.0971973
-0.536206
0.993178
-0.0889721
-1.31367
-0.338548
0.28475
0.0581222
-0.194377
-0.455252
0.421694
0.853852
0.6295
0.169005
2.63465
0.565054
0.412035
0.257297
-0.220129
0.180544
0.00447923
-0.154768
0.295031
-0.0820594
0.188922
0.779535
-0.182105
0.240051
0.333575
0.307661
0.280335
0.463247
0.210689
-0.215353
0.226806
0.385978
-0.285313
-0.289363
0.16731
-0.105338
-0.0333724
-0.42048
-0.225615
-0.145609
0.226452
-0.347199
-0.227473
-0.184804
-0.17325
-0.63474
-0.0303955
-0.183321
-0.354729
0.284605
0.236506
-0.325694
-0.0501985
0.111261
-0.265975
-0.63626
-0.193256
-0.317184
-0.292249
-0.457277
0.169214
-0.0838384
-0.406098
-0.463242
0.25007
-0.185879
0.329614
0.381481
0.169518
-0.0485891
-0.100483
-0.285021
-0.497845
-0.478924
-0.39989
0.212744
-0.622032
-0.349735
0.196504
0.00939367
0.154862
-0.255369
-0.0739991
-0.21939
0.129269
-0.132036
-0.230461
0.0442556
-0.280485
0.12376
0.349632
0.335456
0.356182
0.0270136
-0.0292739
0.00488806
0.213318
-0.422231
0.134528
0.571952
0.175999
-0.360973
-0.240432
-0.22618
0.0364724
-0.235429
-0.372623
-0.180218
-0.185515
-0.77865
-0.464554
0.0538145
-0.3483
0.320128
-0.224066
0.355946
-0.258111
0.0683063
-0.247759
-0.657193
-0.482172
0.146077
-0.231992
0.376924
0.334562
0.0650462
-0.0242499
-0.546653
0.150337
0.355357
0.287931
0.310584
0.27735
-0.469601
0.161525
0.0510217
0.0993987
0.302323
-0.0158176
0.204873
0.196316
0.618743
-0.0138653
-0.0859619
0.586428
0.471076
0.352947
-0.165348
-0.346716
-0.0781452
-0.335764
-0.0486163
-0.333758
-0.0085822
-0.379394
0.476757
-0.197127
-0.162768
0.132036
0.418296
-0.295673
-0.266339
0.375505
-0.107245
0.281381
-0.367346
0.311188
-0.219824
-0.451043
-0.0796919
0.176784
0.413719
0.00328729
-0.196035
0.282747
0.0340375
0.0509896
-0.284372
-0.190949
-0.0157956
-0.107303
-0.260392
-0.00437588
-7.34167e-05
0.0531053
-0.0181779
-0.425379
-0.253
-0.575489
-0.215277
-0.0578128
-0.340231
-0.403543
-0.0522421
-0.451625
-0.197578
-0.402402
0.383005
-0.251342
-0.0459857
0.0978887
-0.418752
0.350034
0.18419
-0.595879
-0.380897
-0.0920996
-0.242076
0.132664
-0.22431
0.272764
-0.243527
0.652474
-0.29336
-0.161832
0.487723
-0.13635
-0.324092
-0.166962
0.144074
0.236334
0.291218
0.59052
0.486193
0.425428
0.39936
0.216839
-0.268221
-0.113918
0.0019607
0.360187
-0.212105
-0.290231
0.525478
-0.160859
-0.116458
0.0147281
0.402615
0.499835
0.339652
-0.13145
0.130927
0.134059
0.0581411
-0.358673
0.541786
-0.0401953
0.299952
0.625912
0.335974
0.511415
0.0578614
0.444157
0.57922
0.00652523
-0.558646
-0.0108886
0.22253
-0.427642
0.1941
0.541218
0.513943
0.187175
-0.0773067
0.318263
0.676673
-0.148187
-0.224601
0.27006
-0.60799
-0.209248
-0.163228
0.53548
-0.242292
0.415066
0.0251709
-0.172922
0.416946
-0.288026
-0.476883
-0.453019
-0.120749
-0.447174
0.177933
-0.322258
1.04044
-0.321115
0.602254
0.41874
-0.244712
0.678632
-0.0729486
1.65817
0.47976
0.823302
-0.984344
-1.06108
0.982174
0.218291
0.681437
-0.539879
-1.32053
0.156357
0.545579
0.086582
0.34952
-0.232239
-0.130276
-0.515645
-0.520035
