#input normalization
0.160552 0.269448
35.0609 41.8634
10.7251 37.2395
8.46317 31.3927
0.011456 0.0418426
0.00934716 0.0328865
0.52601 1.31785
0.823961 1.14631
1.01646 1.32786
1.23048 1.51654
1.47696 1.68552
1.73 1.83539
1.9743 1.96587
2.21076 2.0781
2.43718 2.17557
2.63908 2.23007
2.83415 2.26984
3.01462 2.27938
3.15896 2.26461
3.28283 2.21551
3.38211 2.15303
3.46272 2.06189
3.51676 1.96916
3.54752 1.85503
3.56008 1.72513
3.55784 1.56433
38.6193 50.1293
1 -1
#output normalization
1 0
#neurons weights
0.194296
0.338407
0.290784
0.325858
0.447621
0.496379
0.394446
-0.479156
0.48777
0.142632
0.429451
-0.244029
0.0607261
0.45217
-0.146871
-0.425358
-0.0159419
0.222993
0.0146807
0.100709
-0.320759
-0.393094
0.103539
0.276779
0.141583
0.0810531
-0.334742
0.0101527
0.0976352
-0.281603
-0.307812
0.529753
-0.190808
0.146534
1.15008
-0.503953
0.22843
0.383568
-0.177587
-0.32483
0.330687
0.322789
1.82659
-1.34607
0.797268
-0.122487
0.270903
0.0631252
0.0839937
-0.271181
-0.507249
-0.283702
-0.529551
0.470894
-0.054191
-0.299571
0.0768104
0.383058
-0.439826
0.275042
-0.282995
-0.0218004
0.286643
0.533974
-0.245739
0.186831
-0.319287
0.260513
0.212829
0.165738
0.239462
0.526812
0.0144786
0.158077
0.595606
-0.322458
-0.294425
0.503123
-0.192549
-0.326036
-0.198446
-0.232238
-0.417185
0.143514
0.0171132
0.217081
#synapses weights
0.0190062
-0.345143
-0.131098
-0.036133
0.440259
-0.14761
-0.803623
0.304511
-0.23313
0.142995
0.334017
0.15111
0.027219
0.147951
0.561186
0.212533
0.361699
0.34377
-0.14651
-0.306086
0.158737
-0.326313
0.109872
0.420607
0.109634
-0.19209
-0.544155
-0.208892
-0.0269435
0.3205
0.213964
0.0411354
-0.344297
0.226703
-0.505552
-0.410734
0.0145187
-0.0931337
0.122968
-0.14095
0.242972
0.150182
-0.0272383
-0.151511
0.371101
-0.0687625
0.338465
-0.22083
0.322058
0.383609
0.393467
0.333132
0.248612
0.160279
-0.413971
-0.372963
-0.0375937
-0.210882
-0.335558
-0.434265
0.291437
0.0755567
-0.757993
-0.414765
-0.138312
0.367469
-0.291207
-0.246635
-0.258147
-0.376855
0.421778
-0.152907
-0.128739
0.040388
-0.515612
0.352946
0.545303
0.182855
-0.00107514
-0.12792
-0.000443476
-0.41721
-0.527449
-0.32843
-0.0156992
-0.0594894
0.225414
0.149559
0.180784
0.362994
-0.132879
0.100944
0.293903
-0.101577
0.169897
0.268892
0.428147
-0.181819
-0.16168
-0.0183476
0.164076
0.542382
-0.0919239
0.199826
-0.471399
-0.245198
0.142076
-0.460447
0.341526
0.386331
-0.253376
-0.149108
0.48176
-0.133542
0.320829
-0.279044
-0.0332913
-0.242655
-0.293106
0.223054
0.723112
-0.0559865
0.408772
0.30567
-0.389621
0.145093
0.266688
0.0604567
0.477812
0.224504
-0.0922395
-0.389837
-0.159316
0.492009
0.421409
-0.43458
0.464031
-0.337004
0.134373
-0.0118814
-0.121145
-0.238327
0.433183
-0.091535
0.341896
-0.166905
0.0446473
0.22684
0.0184488
0.124557
-0.216764
-0.306043
-0.423302
-0.413496
0.0945582
0.230084
-0.224709
0.106114
0.19529
-0.589341
0.0428478
-0.391075
0.159809
-0.433684
-0.352876
-0.114425
0.095451
-0.0797783
-0.853486
0.308272
0.370768
-0.130289
0.0643289
-0.320134
2.70865
1.32609
0.415051
-0.130748
-0.0813793
0.197197
0.0548783
-0.355611
0.098671
0.21562
0.0127403
-0.165215
-0.0535953
-0.00866865
-0.0449923
0.122197
-0.277304
0.274206
-0.163126
0.0336572
1.84741
-0.173133
0.262874
0.426317
0.0102816
-0.34868
0.145004
-0.416729
0.731896
-0.0875539
0.270376
-0.0788654
-0.0604161
-0.0488712
-0.0302966
0.0421392
0.620432
-0.280658
-0.178111
0.38035
0.147756
-0.133425
0.00747265
0.0965137
-0.150341
-0.370053
0.0496717
-0.345396
0.465324
-0.328962
0.404562
-0.432351
0.214364
0.282256
0.116477
0.159473
-0.848706
-0.12466
0.380484
-0.30251
-0.197532
-0.15366
-0.123775
-0.203014
0.26579
0.287393
-0.237922
-0.0315563
0.520388
0.0220712
-0.0198428
-0.120866
0.191826
0.340618
-0.0224726
0.184183
-0.169216
0.176597
-0.700303
0.156132
0.0633011
0.308833
0.0795346
0.149674
0.100209
0.562176
-0.0697516
-0.0926694
0.349604
-0.112695
-0.161886
0.212558
-0.315563
0.302062
-0.520945
-0.316096
-0.0223841
0.3891
0.383241
0.173894
0.209431
0.184135
-0.180752
0.0938888
0.0240943
-0.0713489
2.16871
0.280237
-0.00936503
-0.0160975
0.163774
-0.281626
-1.22042
0.227492
-0.0574733
0.0775814
-0.0229725
-0.110447
0.0807473
0.137235
-0.125513
-0.098244
-0.0102987
0.0329278
-0.0326348
0.0260339
-0.0523554
0.0377757
-0.166626
0.256687
-0.303177
0.0800736
-3.55456
-0.0920316
-0.565236
-0.245477
0.0850982
0.316618
0.277607
0.033986
1.74294
0.521601
0.118265
0.379496
0.133833
0.538477
0.319288
-0.263155
-0.30323
0.173444
-0.209865
-0.0940653
-0.00197016
-0.436894
-0.322318
-0.513154
0.351075
0.417827
0.273793
0.155324
1.41204
-0.482197
-0.097201
0.196906
0.0225511
-0.343029
-0.0759426
0.167038
1.23385
0.0778845
0.154003
0.122262
-0.0114696
-0.0165348
0.0587259
0.0559766
0.0577575
0.00170881
0.278695
-0.266525
0.272041
0.25081
0.152441
0.0200776
-0.443955
-0.0783814
0.10284
-0.562557
0.542767
0.00930122
-0.90116
0.269391
0.315875
-0.256885
-0.248626
0.0134829
0.641018
0.528605
0.00800891
0.13646
0.0816056
0.0678584
-0.32048
-0.22604
0.152738
0.143225
0.118224
-0.0950408
0.173194
0.105411
0.212569
-0.427103
-0.398557
-0.0859927
-0.269685
0.448296
1.39502
0.337941
-2.20744
0.281594
-0.00598582
0.0316904
-0.218724
0.229362
3.46146
-0.204905
0.0719938
-0.0289273
0.00121328
-0.0889499
0.0301717
-0.0635748
-0.11082
-0.0637556
-0.0741458
0.0118383
-0.00900763
0.0435982
-0.171056
0.0853196
-0.0874224
0.108004
-0.0192116
-0.0765733
3.90511
0.183632
0.448073
0.0987993
-0.271679
0.116241
0.0589836
-0.00411186
-2.61072
-3.58324
-0.184105
0.0176421
0.122089
-0.0858701
-0.0283504
0.138302
-0.0357354
-0.10208
-0.038928
-0.101774
-0.039587
0.0433831
-0.0370931
0.0918522
0.010406
-0.160822
0.146306
-0.0580444
-0.932341
0.478749
-0.727964
-0.100631
0.277763
-0.062522
-0.209389
0.0152542
1.71302
0.254789
0.0286483
0.310995
-0.00197785
-0.108401
-0.243606
0.171448
0.0764874
-0.0146217
0.31722
0.118553
0.0711004
-0.368421
0.0696308
0.432049
-0.14573
-0.276984
-0.0322299
0.361647
1.59891
0.486495
-0.0740383
-0.0713202
-0.397258
-0.0446541
0.00560203
0.561115
-1.52613
-0.578163
-0.0942446
-0.213321
-0.370428
0.21588
-0.354289
0.371059
-0.270902
-0.0604198
0.328106
0.458668
0.0327063
-0.112191
-0.228758
0.181962
-0.351446
0.00214188
-0.323075
0.393488
-1.0706
0.00738195
-0.628124
0.367014
0.0100433
-0.0398082
-0.00569953
0.229463
1.09983
-0.305247
0.158717
-0.2033
0.198171
-0.00848818
-0.242366
0.112362
0.105883
-0.182237
-0.0368488
-0.125939
-0.264568
-0.0339413
-0.0478752
-0.124689
0.492519
-0.125903
-0.0722437
-0.0571549
1.79783
0.158233
0.34755
0.0576774
-0.432817
0.192548
0.138209
0.169658
-0.378471
0.227673
0.574804
0.200528
0.0816848
0.620069
0.51193
-0.292002
0.322866
0.202626
0.125961
-0.419879
0.265911
-0.258386
0.499546
-0.0982094
0.313061
0.290406
0.000571379
-0.269302
-0.352543
-0.0356894
-0.737186
-0.227189
-0.173977
-0.179556
-0.0745531
-0.367995
0.87556
-0.0960556
-0.190938
-0.133914
0.185885
0.562962
-0.177798
-0.225976
0.0802521
-0.214292
-0.156104
-0.35557
-0.357105
0.135338
0.354168
0.208009
0.000854645
-0.271681
0.203179
-0.158653
0.723774
-0.340748
0.00880217
0.235828
-0.0594379
0.0699575
0.203209
0.193484
0.635236
-0.293783
-0.316323
0.273152
-0.192107
-0.0192913
-0.132245
0.223142
-0.0542258
0.303874
0.114143
0.177739
-0.133295
-0.0926825
-0.291357
0.097679
-0.272144
0.427934
-0.242499
0.354758
-0.552437
-0.043862
1.22518
-0.196523
0.274699
-0.307288
0.24014
-0.255853
-0.149942
0.608986
0.0257493
0.154081
0.380308
0.142216
-0.307126
-0.123288
0.152027
-0.0153748
-0.0655209
0.134732
-0.0675809
0.119811
0.298014
-0.256182
0.0605056
-0.0519755
-0.152162
0.161057
-1.75738
0.237874
0.536807
0.182449
0.476365
-0.0677086
-0.25287
-0.132977
0.394489
-0.297752
0.255169
0.218574
-0.33321
-0.294655
0.368333
0.194895
-0.221268
-0.189681
0.137536
-0.460232
-0.0347922
0.173842
0.0513057
-0.43795
0.0541557
0.141053
0.036958
0.321864
-0.575409
0.235961
0.698585
0.135771
0.19401
-0.140925
-0.166998
0.127902
-2.03914
-0.241869
0.250915
-0.106059
0.082101
0.0529268
-0.313285
-0.0778448
-0.141762
0.0645716
0.106879
-0.405174
0.464275
-0.377114
-0.351746
0.207171
0.34837
-0.445705
0.241438
0.222029
-1.55584
-0.140796
-0.852583
0.00893583
0.158367
-0.321745
0.0993618
0.0286095
0.223217
-0.363374
-0.135779
-0.0585308
-0.0220775
-0.0855629
-0.0430604
0.276177
0.208211
-0.184237
-0.108266
0.0483782
0.194443
0.0299803
-0.0228911
-0.297021
0.272336
0.240584
0.237634
-0.494466
1.05291
-0.10195
-0.0198884
0.17286
0.294192
-0.0837915
-0.146222
0.0380154
-1.48182
-0.665024
0.114831
0.14155
-0.0809592
0.278287
-0.191382
-0.256855
0.0518548
0.077161
-0.338753
0.225993
-0.0792702
-0.0610151
0.0704466
-0.105119
0.227809
0.115876
0.157401
-0.0351068
-1.46056
0.178601
-0.369705
-0.19162
0.0708408
0.281342
0.126421
-0.541081
1.04205
0.930708
0.272374
0.101552
-0.0876127
-0.159669
-0.113942
-0.0387084
-0.307846
0.294929
0.145855
0.316713
-0.255029
-0.0208775
0.0183027
-0.244049
-0.0859845
0.00301588
0.439742
0.0589111
1.65732
0.0491834
0.147713
-0.295603
0.219682
-0.204654
-0.201197
0.366363
-0.545109
0.106806
0.248591
0.209275
-0.0142532
0.119654
0.401906
-0.408691
-0.179601
-0.0906725
-0.193649
0.211008
0.0290261
0.0561559
-0.138844
-0.412931
-0.00370409
-0.116869
0.269991
-0.34185
0.750038
0.379918
-0.198047
-0.345064
0.395033
0.072601
0.478401
-0.515839
0.188697
-0.261326
-0.22309
-0.117176
-0.347517
0.358012
0.0531106
0.3768
0.718636
0.234234
0.372407
-0.138928
0.221603
-0.0838996
-0.301004
0.0932484
0.0548972
0.0944154
-0.0971609
0.54501
-0.316778
-0.439736
-0.285167
0.250701
-0.177666
0.307207
0.461314
-0.0928676
0.0790208
-0.173974
-0.33194
0.381025
-0.389878
-0.165768
-0.346222
-0.191918
-0.597856
-0.558308
-0.202646
-0.46423
-0.51776
-0.52601
-0.00822392
-0.161955
0.219903
0.809992
-0.152735
0.60311
-0.403583
0.569339
-0.501251
-0.331243
-0.350491
0.102771
0.0826374
-0.0307304
-0.0259137
-0.284917
-0.0194526
0.129363
-0.201407
-0.250545
0.408581
-0.17152
0.429786
0.287465
-0.170967
-0.0759287
-0.39748
0.376962
-0.289616
0.144081
0.421577
-0.159124
0.39826
0.282125
-0.0578925
0.14296
0.372951
0.153239
-0.270211
-0.408918
-0.186634
-0.298085
-0.214333
-0.128734
0.42234
-0.525965
0.0592972
0.265516
-0.0569199
-0.0750093
-0.0891694
0.379934
-0.326505
-0.211768
-0.193317
-0.449474
-0.465463
0.277439
-0.322839
0.284322
-0.210553
0.349422
-0.293627
0.160182
0.0201456
0.301502
-0.42931
-0.145184
-0.0968952
0.299296
0.425889
-0.448691
-0.23948
0.565305
-0.431021
-0.683758
0.491895
0.0773481
1.12783
-0.121378
-0.756245
0.148099
-1.46821
0.844591
-0.977329
0.07477
-0.605784
-0.310813
-0.259317
-0.432694
0.239449
-0.154062
0.224979
-0.102236
0.292049
0.341657
0.142499
0.138228
-0.0996901
0.361212
0.54674
0.447379
-0.228283
0.0889794
0.00787002
-0.3148
-0.219934
0.55855
0.00311323
0.48755
0.577199
0.52605
0.142022
-0.218004
0.0134651
0.425495
0.426314
-0.185566
-0.288115
0.518564
0.0649813
0.223065
0.202811
-0.26777
0.133066
0.461756
0.392525
-0.323818
0.50576
0.280431
0.557737
0.642105
0.122026
-0.0490253
0.387126
0.548165
-0.0982853
0.0524803
0.111504
0.124225
-0.189799
-0.219565
0.164953
0.0891063
0.17294
0.40844
0.231721
-0.21038
-0.0939989
0.2198
0.227342
0.354982
0.213391
0.294252
0.0504156
-0.122898
0.245679
0.193169
0.345043
0.252517
-0.171557
0.0545473
-0.0610392
-0.213486
0.0218417
-0.468956
0.10658
0.0818124
0.0455791
0.326631
0.24818
-0.458855
0.412418
-0.247087
0.152729
-0.499482
-0.118654
-0.0714994
-0.440604
-0.383347
-0.317963
-0.00353674
0.409762
-0.102968
0.568566
-0.513392
0.0642703
-0.0646658
-0.188853
-0.365472
-0.170889
0.0853566
-0.331887
-0.00360192
0.784793
0.022184
-0.630102
0.0818603
-1.05824
0.565603
-0.0957804
-0.520568
-0.643589
0.0545899
-0.0322669
-0.571492
0.276176
0.350644
0.501975
-0.238763
-0.0493972
-0.233334
-0.0875527
0.0371585
-0.167633
0.318103
-0.0647661
-0.510081
-0.219559
0.686964
0.265484
0.252002
0.3304
-0.134695
-0.209957
-0.289145
-0.00547356
-0.0776725
-0.512237
0.692512
0.112034
0.373485
-0.0583877
0.35661
0.622746
-0.249202
-0.242976
0.0671986
0.14499
-0.174821
0.392598
0.419766
0.0779655
0.473068
0.225766
-0.44881
-0.460112
0.168741
0.56735
0.305092
-0.588198
-0.498455
-0.674923
0.196468
0.403884
0.322484
0.475705
-0.00843097
0.645465
-0.367459
0.398131
0.0801353
0.218537
0.483722
-0.1607
-0.202065
-0.163874
-0.318915
-0.458737
0.121539
-0.532373
-0.286951
0.384316
0.115333
0.369105
-0.306171
0.256652
0.216326
-0.150439
-0.380801
0.369396
-0.171243
0.26582
0.260508
0.371285
0.469831
0.278445
0.325513
-0.185368
0.325434
0.188355
-0.236754
0.212356
0.64309
0.40624
0.426033
-0.124198
-0.374176
-0.197303
0.36328
0.176883
0.0639065
0.204
-0.266388
0.175146
0.432538
0.339096
0.0833659
0.359746
0.348357
-0.0465188
-0.0434986
0.279095
0.491897
0.148887
0.414737
0.0843728
0.162923
0.63533
-0.105725
0.490344
0.317428
0.361021
-0.355904
0.096273
0.313413
0.365739
0.329275
-0.0699904
-0.0716572
0.0674472
0.233493
0.133716
-0.405551
-0.00953442
0.34339
0.118669
0.269015
-0.0803707
-0.49747
-0.130603
0.321434
0.619833
0.367687
-0.439994
0.321794
0.0633434
0.656848
-0.178201
0.651525
0.233465
-0.803593
-0.359271
0.08956
0.748389
0.0012562
0.358054
-0.0291337
-0.509211
0.157149
0.0928878
0.423256
-0.0882005
0.44968
0.122703
0.215332
0.134946
-0.41467
0.131677
-0.0370681
0.26466
-0.126512
-0.170074
-0.437636
0.349744
0.055726
0.652284
0.167229
-0.0122637
-0.27995
0.18057
-0.2782
-0.786792
0.317825
-0.0514935
-0.289296
-0.426054
-0.119436
-0.0124608
0.236788
-0.368608
0.333827
-0.456545
0.139457
-0.273721
-0.538484
0.0632097
0.0111342
-0.213573
0.251203
0.523861
-0.441164
-0.165014
-0.233513
0.0618399
0.242128
0.124797
-0.547063
0.354083
-0.0268816
0.0365312
-0.215657
0.254841
0.102962
0.325058
0.127538
0.0751872
0.230001
0.0572276
-0.648071
0.0879631
-0.386504
0.398296
-0.447278
-0.104766
-0.057779
-0.00204689
0.0825463
-0.355509
0.24956
0.840047
-0.580692
0.268879
0.351733
-0.156691
-0.651106
0.278928
0.0219374
-0.992755
0.27676
-0.94014
0.00394372
-0.194503
0.0886787
0.192411
0.385469
0.444263
0.00838692
-0.123895
0.4161
-0.447164
-0.199846
0.324086
0.0134836
0.0612753
0.339384
0.327318
-0.122221
0.207035
0.601793
0.250912
0.0605224
0.467251
-0.00742625
-0.049397
-0.0710001
-0.106946
0.0651067
0.144158
-0.461461
0.0446498
-0.328387
-0.497737
0.240342
0.130292
0.0212142
-0.120931
-0.343146
0.453349
-0.517745
-0.780447
-0.390958
0.476019
-0.309961
-0.162322
-0.0236266
-0.533103
-0.433191
-0.502005
0.0557425
-0.46549
0.251593
-0.344734
0.109886
0.0884581
-0.25811
0.423439
-0.359864
0.345239
0.021104
0.314639
-0.413841
-0.16364
0.613909
0.373693
0.49202
0.0192749
-0.13782
-0.16529
-1.05712
-0.359052
0.151375
-0.483446
1.01725
-0.122153
-0.581021
-0.356083
-1.08856
1.10983
-0.68852
0.163157
-0.783999
0.00496294
-0.560698
-0.321934
-0.132291
-0.696847
0.654238
0.188719
0.121467
-0.30734
0.372258
-0.277511
0.0234703
-0.351355
0.0838394
-0.01433
-0.13162
0.929048
-0.252776
-0.205514
0.104795
-0.117233
0.525736
0.322951
0.78347
-0.50609
0.589778
1.29891
-0.573358
1.19815
-0.0924713
0.386293
-0.213988
-0.940627
-0.251506
-0.574398
0.814648
-0.258077
0.637166
0.25121
-0.00486411
-0.36779
-0.0820598
-0.202858
-0.319009
-0.305801
0.2728
-0.156665
0.100419
0.0672047
-0.800474
-0.02776
-0.0487553
0.303177
0.510372
-0.245535
0.498747
0.20138
-0.0508068
-0.103651
-0.234194
-0.270643
-0.987079
-0.875011
-0.426962
0.410663
0.153157
0.0311744
0.0600298
0.479734
0.373145
-0.480873
-0.378459
0.0302215
-0.223089
-0.506789
-0.0237474
-0.294564
-0.193859
-0.264652
-0.30455
-0.000895808
-0.121486
-0.4275
0.0161733
-0.46781
-0.0130526
-0.254115
-0.366526
-0.145122
-0.0158121
0.489291
-0.476878
0.27686
-0.0949258
0.337066
0.460411
-0.472654
-0.0808676
0.261487
-0.0249757
-0.178022
0.159636
-0.469159
-0.187506
0.356797
-0.141291
-0.377633
-0.138727
0.0737209
0.319408
0.405206
0.150152
-0.0201558
0.238522
0.0764266
-0.190544
0.228447
-0.0777695
0.257336
-0.418262
0.440281
0.200596
-0.199014
0.238995
0.0346614
0.211024
0.340376
-0.280066
0.152813
0.301873
-0.151946
0.0610632
0.368502
0.414888
-0.242975
0.387909
-0.0782281
0.35536
-0.42429
0.332365
0.113023
0.298474
0.517416
0.257844
0.650429
0.386722
0.157836
0.568559
-0.779988
-0.051942
-0.263325
0.0120291
-0.235656
0.450847
0.12726
-0.156797
0.189017
0.227936
-0.140795
0.0609419
0.0491438
-0.72251
-0.413483
-0.293561
-0.0831159
0.200422
-0.22052
-0.212469
-0.337736
0.489627
-0.216845
0.0982484
-0.173999
-0.297894
0.050551
-0.345988
-0.293117
0.132226
0.328817
0.162417
0.0979254
0.275925
0.114866
0.246709
0.636183
0.135761
0.496115
0.459334
-0.24551
-0.148269
0.0125012
0.421897
0.50948
0.410439
0.68429
0.0630424
0.653106
0.159305
0.456886
0.365278
0.21437
0.311468
-0.463957
-0.20547
0.519548
0.0935256
-0.0772372
0.324069
0.402339
0.634115
-0.213524
-0.0108096
0.0658756
-0.121715
0.099314
-0.136206
-0.413744
-0.059794
0.505357
0.242849
0.270636
-0.0994098
0.0998186
-1.31863
0.43982
0.433435
0.558435
1.73881
-0.768637
0.751434
-0.0715471
0.791113
-0.247737
0.926005
0.707824
-0.491849
0.51018
-1.13316
0.632929
-0.412031
0.476052
0.234383
0.0322904
-1.0243
0.107316
-0.192885
0.920636
-0.560937
-0.673678
-0.0533093
0.14919
0.367996
-0.000997413
-0.320517
0.240527
0.997717
0.251441
0.217246
-0.282435
-0.290077
-0.452255
0.708829
1.74963
-0.789015
-0.26431
-0.0627684
0.491605
-0.280576
-0.486066
-1.36336
