#input normalization
0.160547 0.269438
64.3766 59.5316
10.4336 39.3512
8.39625 32.2047
0.0117703 0.0437018
0.00928977 0.0331949
0.52601 1.31785
0.823961 1.14631
1.01646 1.32786
1.23048 1.51654
1.47696 1.68552
1.73 1.83539
1.9743 1.96587
2.21076 2.0781
2.43718 2.17557
2.63908 2.23007
2.83415 2.26984
3.01462 2.27938
3.15896 2.26461
3.28283 2.21551
3.38211 2.15303
3.46272 2.06189
3.51676 1.96916
3.54752 1.85503
3.5578 1.72878
3.54351 1.58884
3.49301 1.43749
3.43716 1.27838
3.34482 1.10378
3.22632 0.928516
3.11153 0.763094
2.98535 0.603665
2.85542 0.455468
2.7088 0.310791
2.56201 0.17409
2.42284 0.0454989
2.26875 -0.0723995
2.13826 -0.178038
1.99733 -0.27396
1.8622 -0.364877
1.72921 -0.445283
1.62029 -0.512972
1.49571 -0.578128
1.37986 -0.637372
1.26643 -0.689392
1.15266 -0.739653
38.6193 50.1293
1 -1
#output normalization
1 0
#neurons weights
-0.00853876
-0.00743604
-0.267078
-0.21866
0.320421
0.133681
-0.231171
0.313035
-0.0244457
-0.212651
-0.260415
-0.0817454
-0.281603
0.240463
0.378748
0.0637905
0.0415195
-0.133546
-0.0718629
0.199145
0.493702
0.373162
-0.151045
0.358699
-0.377815
-0.39388
-0.348767
-0.327289
-0.260996
-0.283989
0.0933578
-0.139699
0.126893
0.436135
0.208206
0.251839
0.45833
0.120676
-0.17404
-0.305722
-0.19252
0.381875
0.0927514
0.0750276
-0.231742
-0.122187
-0.0396317
0.249658
0.0209623
0.039077
0.207969
-0.0498412
0.532956
-0.120402
-0.11967
0.0335446
-0.109406
-0.196022
-0.246765
-0.403991
-0.42383
0.0101152
0.170439
-0.217013
-0.0911107
0.129227
0.0195697
0.136311
-0.846112
-0.30258
-0.207377
-0.670773
0.621352
-0.0488346
0.104938
-0.675677
0.18562
0.317549
-0.169068
1.12486
-0.41003
0.209713
0.445717
0.0356064
-0.167057
-0.0270754
0.4169
-0.557286
0.191186
0.000186301
-0.132063
0.136962
0.236638
0.0607305
-0.111047
-0.219875
-0.323067
-0.319709
0.214746
-0.0410272
0.233995
-0.452095
-0.440818
0.2291
-0.358494
0.0408275
0.231309
0.500162
0.519858
0.335618
0.514757
-0.535016
0.0800699
-0.418228
0.0821589
-0.43969
0.129048
0.306129
0.156568
-0.0588657
-0.495611
0.0819772
-0.276369
0.280741
-0.156942
-0.107236
0.45117
0.143284
-0.277306
-0.502613
-0.160556
-0.157342
0.0790867
0.276986
0.213741
0.510837
0.0183038
0.454698
0.445599
-0.352673
-0.0528478
0.49973
-0.0766933
-0.271439
0.0826585
0.198344
#synapses weights
-0.234325
0.385455
0.445357
0.266599
-0.21508
0.397294
0.184822
0.423802
0.278191
0.220717
-0.0306152
-0.125098
-0.157175
0.14958
-0.534593
-0.103353
0.275282
0.156297
-0.113145
-0.148029
-0.469915
0.0579666
-0.206825
-0.27119
0.178796
-0.406226
0.382431
-0.541568
0.286337
0.191587
0.477139
-0.483339
-0.166163
0.0165031
-0.0711358
0.523835
0.101771
-0.0783883
0.306793
0.396769
0.499193
0.351266
0.245545
0.153816
-0.0153172
-0.292631
0.289984
0.227584
-0.328883
0.222675
0.406003
0.364495
-0.372701
-0.0868213
-0.12515
0.243571
-0.285294
0.319701
-0.0935848
-0.379471
0.357385
-0.226196
0.244406
0.0492117
-0.00874461
-0.398945
-0.432204
-0.199928
0.234179
-0.095122
-0.550464
0.239998
0.256249
0.499134
0.260452
-0.465167
0.411215
-0.017285
-0.519181
0.180346
0.25758
-0.373332
-0.144539
-0.338622
-0.413575
0.328501
-0.391381
0.352967
0.431372
-0.238901
-0.147609
0.240543
-0.19365
-0.142319
0.439357
0.22955
-0.0174913
-0.0410979
0.143632
-0.246796
0.0472554
0.227789
-0.29323
0.0144757
-0.391288
-0.123094
0.178532
-0.10195
-0.0874935
0.15482
-0.454935
0.381083
0.425364
0.235375
0.170842
-0.187951
0.121733
-0.131674
-0.364673
-0.0194255
0.486249
0.3719
-0.0233636
0.240831
0.120064
0.0856213
0.130852
-0.37228
-0.31719
-0.390093
0.443938
0.279011
0.147904
-0.263228
-0.129085
-0.378907
0.412833
0.219408
-0.329207
0.280367
0.17531
0.241223
0.526628
0.412348
0.166041
0.0200261
-0.179049
0.041399
0.396341
-0.239569
0.208244
0.395114
0.533969
0.134995
0.0738459
-0.0223431
-0.228611
-0.0238762
0.429956
0.450543
0.220067
-0.163202
0.305795
0.00660622
0.111098
-0.304142
0.22315
-0.10198
0.4149
0.259161
0.108454
0.46868
-0.0942618
-0.284982
0.290513
0.47182
-0.368448
-0.40136
-0.0387517
0.42889
-0.468113
0.210145
0.0777624
-0.225394
0.317216
-0.446605
0.368623
0.368384
-0.278338
0.378693
0.493281
-0.467274
-0.339163
-0.0397099
-0.0865122
0.341414
-0.382107
0.173589
1.21397
0.866321
-0.0217124
0.351329
0.456673
0.223576
0.16129
-0.216162
0.290272
0.33186
0.352104
-0.027217
-0.151009
-0.239197
-0.12012
0.202536
0.331054
0.0702237
-0.0780085
0.0608509
-0.152275
0.12356
-0.298842
0.32509
0.228626
0.0631652
0.0179522
-0.183106
0.196824
-0.253313
-0.198556
-0.00523408
-0.284701
0.0838043
0.413195
0.0600733
-0.11387
0.219169
0.183803
-0.235522
0.582911
-0.178012
-1.16823
-0.0283363
0.130305
-0.198238
-0.362057
0.19102
1.1853
-0.525465
-0.278559
0.0553533
-0.0212193
0.126237
-0.0844364
-0.117698
0.00336407
0.336861
-0.109546
0.03444
-0.620737
0.193329
-0.114913
-0.0527537
-0.388386
-0.221205
0.304673
-0.284706
0.0477408
0.207319
0.240556
-0.336337
0.235194
0.230458
-0.0584314
-0.434993
-0.11727
0.165122
-0.0916241
-0.140281
0.0538678
-0.421035
-0.0160207
0.390458
-0.113396
0.0138352
-0.147362
-0.0914328
2.44485
-0.189332
-0.488593
-0.0664404
-0.291174
-0.246201
0.269334
-0.154981
0.144025
-0.493479
-0.0915563
-0.57929
-0.066992
-0.209442
0.318054
0.173453
0.0302366
-0.431876
0.0359127
0.241627
0.393103
0.179606
0.384166
0.0380085
-0.313774
0.0392244
-0.239573
0.315738
-0.0373502
-0.1652
0.115427
-0.289857
-0.235341
0.026798
-0.0027217
-0.0664981
-0.0798728
-0.010717
-0.350592
0.331786
-0.429866
0.373955
0.101944
-0.0602257
-0.179191
0.319624
0.186187
-0.405498
0.119097
0.429382
-0.248112
0.119419
0.0236361
0.198568
0.263766
-0.0800906
0.168603
-0.299317
-0.265968
0.201899
0.394367
-0.208804
-0.406877
-0.0381007
0.124438
0.327929
-0.0859632
0.343792
-0.228445
0.425828
0.117299
0.262589
-0.415283
0.313719
-0.0441262
-0.403971
-0.136626
-0.276882
-0.0978561
0.359934
-0.308585
0.287711
-0.0957629
-0.18832
0.261106
0.507401
-0.121994
0.0857341
-0.260984
0.362077
-0.0335393
0.270564
-0.522013
0.292701
0.378907
0.162881
-0.326629
-0.251725
0.20588
-0.351093
0.14612
0.109985
0.0965466
-0.297859
-1.0572
-0.8147
0.249019
-0.171219
-0.254294
0.46708
-0.398923
-0.108654
0.0226592
-0.0371335
0.156823
-0.0176792
0.209159
-0.174288
-0.0950665
-0.480467
0.222918
-0.238454
-0.0246254
0.579516
0.0913965
-0.118387
-0.268093
0.368426
0.251632
-0.259398
0.273288
-0.0465732
0.238187
0.538386
-0.311519
0.411833
-0.301913
-0.148158
0.00118291
-0.20776
-0.207282
0.424741
0.172065
-0.427769
-1.1596
-0.333141
0.194866
0.435658
0.190306
0.421415
0.116289
0.481239
-0.671196
-0.181609
0.539556
-0.19654
0.170002
0.259665
-0.220561
0.266978
0.345081
-0.254291
-0.190527
0.322037
-0.492794
0.0860523
0.0118246
-0.193294
0.301914
-0.461226
-0.149311
0.204705
0.176779
0.0641927
-0.0438071
0.157072
-0.53964
0.444156
0.299012
0.347832
0.134095
-0.304136
0.336534
0.0103345
0.30084
-0.0574355
0.447687
0.103715
0.127592
-0.408676
-0.215879
0.284763
-0.502772
0.382847
-0.284603
0.42103
0.0506316
-0.0342185
0.391421
0.0751911
-0.373821
0.403531
0.20147
-0.308386
-0.307222
-0.189202
-0.160633
0.422739
0.252218
0.220003
-0.0545422
0.282709
0.073624
0.0668112
0.0634436
-0.382906
0.0784732
-0.151076
-0.392135
-0.393005
0.293163
0.436935
-0.44706
0.443634
0.203442
0.459515
-0.106176
0.256553
0.341181
0.295633
-0.11688
0.309503
0.277014
0.30361
0.0449607
-0.0513065
-0.0703813
-0.166814
0.0251919
-0.0178614
-0.091951
0.485668
-0.356038
0.101995
0.461886
0.313274
-0.18456
0.138364
0.371256
0.183551
0.410999
0.000637688
0.3057
0.352462
-0.294243
-0.375571
0.153966
0.368118
0.466574
0.136556
-0.348371
0.183653
-0.0108897
-0.280276
0.314885
0.259823
-0.0256608
0.27094
-0.481545
0.461549
-0.332485
0.0471993
-0.0901831
-0.341296
-0.000771199
-0.0882507
-0.337443
-0.435932
-0.499374
-0.508772
-0.44051
-0.1092
-0.0515396
-0.379598
0.376451
-0.0259968
-0.174657
-0.219195
-0.172675
0.114897
-0.130274
-0.0912381
-0.690237
-0.325769
0.169278
-0.0626786
-0.376885
-0.178487
-0.37404
-0.18905
-0.579488
-0.545642
-0.259547
-0.28668
0.187023
0.163307
0.285626
0.0936655
0.149138
0.0740609
-0.0728901
-0.355646
-0.538857
0.00724982
-0.296604
0.228997
-0.490455
-0.588877
0.16928
0.26919
-0.0929858
0.29687
-0.371137
0.177049
-0.0371829
-0.242604
0.159213
-0.255631
-0.342194
-0.332472
-0.440797
0.210228
-0.174203
0.0931097
-0.0121557
-0.0122943
-0.279504
0.351705
0.604134
0.191818
-0.408386
0.0134616
-0.248438
0.283595
-1.73932
0.21607
-0.370619
-0.325306
-0.189824
0.0245187
0.0908557
-0.298728
0.289393
-0.135074
-0.149537
-0.405972
0.293397
0.059781
0.168847
-0.399708
-0.327127
0.0647711
-0.287825
0.212866
-0.372341
0.267716
0.29459
0.272774
0.156874
-0.080702
0.360516
-0.608929
0.145381
0.0566661
-0.420774
-0.0675587
0.09382
-0.31515
-0.087709
0.266648
-0.0706182
0.411111
0.267337
-0.168546
-0.953323
0.346467
-0.268328
-0.506337
-0.122913
-0.355802
0.45119
0.300352
0.391201
0.634263
0.301239
-0.220999
0.532517
-0.178166
-0.315347
0.112342
0.190768
-0.154229
-0.164712
0.442089
-0.36301
0.376902
-0.327583
0.0787391
0.0877013
0.383457
-0.0479774
-0.121997
0.103715
-0.163069
-0.357532
-0.0310992
-0.106069
-0.426297
0.0339915
-0.171518
0.41146
0.205697
-0.164862
0.0705075
0.305857
-0.0423041
0.461165
0.255716
-0.465662
0.0354975
-0.270215
-0.344294
0.543393
0.065119
-0.0485443
-0.14971
0.250585
-0.365985
-0.27192
-0.523081
0.646993
0.138621
-0.0739743
-0.134422
0.414531
0.3113
0.0978032
0.38772
-0.0697558
-0.135172
0.0840686
-0.0396235
-0.435865
0.0153428
-0.179571
-0.407716
0.309975
-0.444428
-0.418395
-0.519316
-0.237626
-0.0972397
-0.300113
-0.1187
-0.217432
-0.262772
-0.11178
-0.285417
-0.016672
0.241877
-0.426872
-0.133387
0.189782
0.228037
-0.0649215
0.194791
-0.0321643
-0.0330512
-0.193468
0.0143635
0.104697
0.286115
0.279706
-0.0288785
-0.454931
-0.337156
0.370356
0.358989
-0.432761
-0.391994
0.0522706
-0.0884441
0.456405
0.215773
-0.541418
-0.0923194
0.0139886
0.196064
0.230144
0.032158
0.0815912
-0.284651
-0.296068
0.0193049
-0.390046
0.114703
-0.0334885
-0.395649
-0.0961743
-0.494505
-0.200692
-0.0139785
0.282681
-0.0990501
0.33704
-0.230014
-0.417218
-0.520504
0.106281
-0.419856
0.486791
0.291453
0.171425
-0.495714
0.298369
0.153048
0.0982939
-0.352519
-0.379435
0.295044
-0.861381
0.382316
0.157212
-0.129229
-0.18646
-0.305378
0.649706
0.475193
-0.0649995
0.256488
-0.135856
0.0632537
-0.252627
0.0826387
0.448798
0.0806249
0.14244
0.102334
-0.344625
0.247346
-0.128147
-0.198922
-0.152572
-0.411547
-0.227964
0.165863
0.134586
-0.372303
0.0557707
0.317655
-0.114244
0.412976
-0.220381
0.528303
0.0302671
0.0620169
-0.455975
-0.408415
-0.0551239
0.0800225
-0.116181
-0.271985
0.0860428
-0.220157
0.0854185
0.0658642
0.953289
-0.283805
0.0134494
0.427095
-0.4911
0.260797
-0.414333
-0.309478
0.00353124
0.12456
0.395186
-0.297719
0.284116
0.0239139
0.26724
0.261166
0.240223
-0.139596
-0.390682
0.354458
-0.136918
-0.00671798
0.419715
0.245946
-0.130684
0.0772045
0.353248
0.25085
0.108617
0.125879
-0.483038
0.260201
0.432743
0.155064
-0.113268
-0.373929
-0.270237
0.459024
-0.29935
0.27436
-0.17665
-0.137303
-0.00722891
0.252734
0.195978
0.171445
-0.242089
-0.190254
-0.309419
-0.204704
-0.209974
-0.625335
0.172483
-0.0716209
-0.0212717
-0.0755592
1.2338
1.45913
1.11135
0.27745
0.522086
0.0794331
0.418974
-0.177431
0.284865
0.0913231
-0.0453145
0.237375
-0.0794673
-0.21723
0.188327
-0.131523
0.121414
0.0757949
0.0124197
-0.302642
-0.515727
0.201999
0.15526
0.226358
0.0853707
-0.253719
-0.0503809
-0.165276
-0.249436
-0.301235
0.0898558
-0.578735
-0.691088
-0.427649
-0.221749
-0.344933
0.0960699
-0.0608836
-0.122139
-0.126022
0.442357
-0.267563
0.210909
-0.0406279
0.0433935
-0.171897
0.392729
0.0832649
0.568364
0.332459
0.0587497
-0.27443
0.297759
0.240273
0.412406
-0.202009
-0.143761
-0.0395174
0.200814
0.141152
-0.109899
-0.41566
0.124762
0.0798305
0.0290808
0.197469
0.114976
0.181494
0.210021
-0.0176055
-0.215484
0.143686
0.109466
-0.0997623
-0.100197
0.0160566
0.342416
-0.0366554
-0.284301
0.143843
-0.0544083
-0.0513118
-0.406105
-0.175508
0.469024
0.530177
0.456099
0.367295
-0.352399
0.06333
0.352187
-0.314307
0.368236
-0.296786
-0.0675765
-0.404442
0.173081
-0.0606776
-0.146118
0.352572
-0.305981
0.510168
-0.0611546
0.386878
0.225395
-0.297949
-0.0251783
0.284957
-0.087312
-0.430684
-0.349364
-0.299482
0.228245
0.410999
0.382984
0.00327041
0.453113
-0.232738
-0.0931625
-0.341129
0.382365
-0.011388
0.180822
-0.145459
-0.455321
0.440659
0.275851
0.277334
-0.152516
0.152249
0.152246
0.37162
-0.0011897
-0.357422
0.178827
0.418463
-0.706087
-0.45751
0.137622
-0.436388
0.288258
0.281152
-0.0194985
0.109594
-0.289824
0.348027
0.464573
0.307654
0.17621
-0.428326
-0.166805
0.0635772
0.156087
0.337512
-0.268109
-0.249885
-0.0856584
-0.482896
-0.455807
-0.130381
0.0962384
-0.155665
-0.375347
-0.118398
-0.541927
-0.462471
-0.291885
0.208862
0.32262
0.0683835
0.168218
-0.134755
0.312539
0.00501636
-0.283184
-0.134345
-0.504659
0.206243
-0.264639
0.073221
0.0348709
-0.480014
-0.078699
0.310545
0.0767772
0.400239
0.889266
-0.367974
0.0288294
0.0321808
0.109838
-0.130779
-1.25292
0.143985
-0.41244
-0.330146
0.0499207
0.207619
0.0494009
-0.163933
0.258393
0.0331106
0.33577
-0.341539
0.268528
0.155661
0.0074073
0.143032
-0.375476
0.0718057
0.481264
-0.136022
-0.371215
0.425682
0.295222
0.236926
0.0300897
-0.242536
-0.0648638
0.346448
0.204743
-0.461915
-0.25977
-0.322122
0.299914
0.549158
-0.110849
0.116435
0.273822
0.148631
0.0412652
-0.397581
-1.94586
0.0028555
-0.806166
0.381135
-0.254368
0.062531
0.291937
0.00524369
0.945845
0.668523
0.388993
-0.0901042
-0.188413
0.0246873
0.238127
-0.0605781
-0.000883712
-0.333082
0.0346863
-0.0879155
-0.0321244
-0.124173
0.0828143
-0.0196746
0.275064
0.308343
-0.0677461
-0.17799
0.395244
-0.270752
-0.414114
0.33477
-0.287404
0.281785
-0.34571
-0.0892799
-0.160125
-0.405608
-0.0580543
0.484344
-0.353823
0.120803
0.316038
0.208943
0.0461012
-0.179884
-0.401008
0.333491
0.856822
0.446056
0.371529
0.124128
0.00639494
0.00284884
-0.080284
-0.126773
0.665589
-0.0582904
0.088668
0.39095
0.0578282
0.282465
-0.215951
0.0498957
-0.0538266
-0.0806144
0.0742926
-0.262022
0.413456
0.220079
-0.474755
0.0216291
0.182762
0.314332
-0.439539
0.443872
-0.429704
0.497763
-0.168142
-0.284415
-0.382784
-0.0752018
-0.0699136
0.102648
0.210409
0.103897
0.139531
0.449875
0.156325
0.463795
-0.240833
0.416567
0.500586
0.0537858
-0.0344649
0.469383
0.301656
-0.0601607
0.522974
0.352791
0.0680567
0.41577
0.458517
-0.107798
-0.675824
-0.412866
-0.0967701
0.116551
0.29142
-0.0268303
0.138895
-0.263137
0.188705
-0.260938
-0.272513
0.115796
-0.129061
-0.364554
-0.334447
0.149975
-0.151832
0.0211331
-0.226108
-0.059009
0.56697
-0.0695204
-0.00561166
0.149698
0.276584
-0.0527482
0.113068
-0.498794
-0.0917996
0.299599
-0.366683
-0.233252
0.0150316
-0.307851
-0.108582
0.0462303
-0.227127
-0.00313998
-0.117217
0.340868
-0.161593
0.443831
0.432821
-0.331086
-0.279735
-0.273723
0.0910388
0.204091
-0.975156
-0.540069
0.103703
0.15539
-0.223205
-0.185702
0.0882003
0.206009
0.412905
-0.0112106
0.286749
0.23123
-0.188653
0.380151
-0.0211644
-0.165919
0.309767
-0.124214
-0.240254
-0.356632
0.415913
0.015107
0.421673
0.297055
0.017278
0.327746
-0.0601783
-0.408024
0.21951
0.460487
0.19641
-0.334874
-0.301338
-0.276902
-0.007842
0.111145
0.194118
0.288486
-0.0332932
0.0888834
-1.06549
0.473445
-0.0484725
-0.24624
-0.0864926
0.411922
-0.00875235
0.0367124
0.302491
-0.0805679
0.0686722
0.484143
0.222577
0.28454
-0.0406637
-0.281592
-0.314887
-0.199245
0.132226
-0.0315175
-0.192028
-0.224238
-0.131866
0.0248913
-0.1282
-0.454953
0.0736556
-0.1814
0.282086
0.0532183
-0.129284
0.0722952
0.124361
0.205718
-0.291233
-0.170003
-0.049981
0.258724
0.428783
0.114795
-0.125286
0.336585
0.204734
0.250268
-0.429179
-0.456687
0.0597859
-0.308785
-0.407124
-0.294945
-0.388519
0.426038
-0.201042
0.0173849
0.202399
0.139279
1.47362
0.99255
-0.281311
0.300891
-0.0257393
-0.116227
0.0356952
0.0338793
0.0458052
-0.0967343
-0.048265
0.29693
0.176735
0.157474
-0.32416
-0.210016
-0.0295711
0.113467
0.299602
0.0818562
-0.342527
-0.397215
-0.238148
0.0692146
0.569889
-0.155876
-0.0729847
-0.279098
0.279689
-0.156884
-0.443282
-0.250118
0.295131
0.354487
0.405853
-0.137237
-0.156626
-0.00171753
-0.0655266
-0.287381
1.31602
0.328265
0.325238
-0.0694828
0.0890302
0.317387
-0.278346
-0.365335
-1.21126
0.498969
0.0719873
-0.0610109
0.06969
-0.201425
0.0714449
0.104087
0.270759
-0.0962478
0.319984
-0.243017
-0.286682
0.066918
-0.47759
0.281494
0.37027
0.111732
0.441698
0.0548629
-0.112943
0.258516
0.162942
-0.396155
0.455161
-0.382774
-0.0729699
0.0452844
-0.256301
-0.135715
-0.281514
-0.392487
0.185756
-0.226047
0.250317
0.177895
0.438531
-0.433198
-0.3586
-0.336345
-1.26285
-0.196577
-0.646716
0.418118
0.0480841
-0.0713163
0.206556
0.0952019
1.83359
2.55725
0.206277
-0.143078
-0.208338
0.120636
-0.0528771
-0.155561
0.0224786
-0.0179553
-0.171773
-0.207454
0.110563
0.207993
-0.0923097
-0.163102
0.0376055
0.203696
-0.250733
-0.186425
-0.23143
0.268103
0.320203
-0.368709
-0.214914
0.248309
0.143987
-0.00414953
0.156093
-0.523303
0.207528
0.0642375
-0.259099
0.0150108
0.185917
0.297712
-0.165647
0.0829253
-0.137154
-0.0140317
1.13021
0.308603
-0.070342
0.279653
0.0411278
-0.0349467
-0.0180375
0.0294942
0.391268
-0.279871
-0.0245864
-0.138534
0.427909
-0.355323
-0.271622
0.393796
0.443864
-0.028262
-0.198073
0.150431
0.334027
0.412348
-0.415749
-0.21535
0.138354
0.139795
-0.430277
0.175437
0.518937
0.511486
0.380724
-0.0182288
0.494018
-0.0279365
0.463872
0.497118
0.138714
0.3317
-0.0263462
-0.277888
-0.199271
-0.196959
-0.385732
-0.329483
0.583368
0.32721
0.0097123
-0.0519152
-0.0927411
0.306903
0.104522
-0.0540814
-0.420455
-0.0720828
-0.242107
-0.138125
0.204988
0.335382
0.200769
-0.316238
0.0462339
-0.323398
-0.42555
0.495954
0.0454333
-0.25342
0.417317
0.22881
-0.0347666
0.13232
0.0214385
0.544269
-0.406815
0.40765
-0.239201
0.100227
0.333616
-0.502258
0.13923
-0.336209
-0.0195695
-0.414131
0.128388
0.045207
0.172642
-0.0741344
0.370501
0.212946
-0.453113
-0.0948913
-0.45039
0.34099
0.250282
-0.337195
-0.338411
-0.358227
-0.120222
0.102484
0.255425
-0.0169947
-0.132572
-0.168354
0.0554756
0.233418
0.48348
-0.322066
0.417946
0.414425
-0.292513
0.12676
-0.0937807
-0.0122045
0.368388
0.234486
0.262649
-0.181458
-0.122047
0.450341
-0.104166
-0.191476
0.178126
-0.492465
0.471707
-0.366834
-0.38216
-0.285885
-0.412945
0.13877
0.342502
-0.240752
0.238322
0.094784
-0.0984711
-0.415498
-0.488981
-0.450353
0.151815
0.339315
0.205665
0.364539
0.0358642
-0.25408
0.447987
-0.479224
-0.524498
0.485577
-0.53515
0.246633
-0.146779
0.101765
-0.331687
0.110627
1.56795
-0.138739
-0.49501
-0.0759305
-0.0922333
0.32575
0.197732
-0.424644
0.134565
-0.169018
-0.309337
0.227978
-0.30136
-0.349666
-0.339247
0.534272
-0.319686
-0.0699897
0.145214
0.321
-0.304092
0.0510463
0.082784
0.00259155
0.50416
-0.100296
-0.306606
0.0649151
-0.255892
0.287101
-0.0806952
0.163735
-0.13801
0.116618
-0.264221
-0.206147
-0.0724369
-0.142059
0.0189685
-0.0139786
0.98646
-0.239349
0.24804
0.346344
-0.00434099
0.123259
0.171395
-0.344821
-1.2727
-1.46554
-0.0217799
-0.0611337
-0.377751
0.227708
0.00438045
-0.0896492
-0.282516
-0.320354
-0.466817
-0.321119
0.00909788
-0.0305876
-0.477775
0.300099
-0.0600465
-0.226505
-0.15371
-0.289504
0.283524
-0.0531677
0.351998
-0.438409
-0.0129962
0.00166744
0.359734
0.391077
-0.281523
-0.246442
0.196857
-0.0990588
-0.119811
-0.170221
0.0240769
0.153268
-0.059028
0.102032
-0.284661
0.0663415
-0.723211
-0.392808
-0.399402
0.460232
0.156624
0.349637
-0.312256
0.19875
-0.453034
-0.0462653
0.23274
0.124284
-0.465872
0.372818
-0.355655
0.111184
0.460104
-0.354976
0.0898004
-0.167928
-0.149449
-0.552596
-0.0190351
-0.199004
0.372453
0.212158
0.0631082
0.0793884
-0.174285
-0.188294
0.409002
-0.421003
-0.168515
-0.183444
0.209611
0.48969
0.413496
0.224705
0.0104209
0.43491
0.0804379
-0.133309
0.131357
0.189805
-0.0946833
-0.068298
-0.367337
0.240631
0.13968
0.411831
-0.119587
-0.403419
-0.37534
0.420473
0.494692
-0.0851355
0.254043
0.0533764
-0.37325
0.106345
0.192846
0.286603
-0.0355606
-0.29386
0.470722
0.145012
-0.149757
-0.0323311
-0.268464
-0.333972
-0.367386
0.348263
-0.254393
0.537606
0.358356
0.10322
0.247048
0.449713
-0.123537
0.203168
0.122448
0.405673
-0.375448
-0.305119
-0.189063
0.399988
0.0708462
0.0864362
0.193405
0.0333836
-0.223504
0.321507
-0.329542
0.0436434
-0.134965
0.0895848
-0.660147
-0.279581
-0.154136
0.337942
0.409976
0.221233
-0.0256447
-0.0410251
0.324548
0.205947
0.400165
0.377719
-0.377615
0.323383
0.529329
0.113645
0.117231
-0.495483
-0.421872
-0.263247
0.549721
-0.467805
-0.325206
0.391169
0.250085
0.275974
0.162051
0.310319
0.0998182
-0.271476
-0.136846
-0.0666317
-0.190551
-0.286506
0.174881
0.248238
-0.236604
-0.0848188
-0.328026
0.229996
0.46478
0.149196
-0.142771
-0.332988
-0.233773
-0.457736
-0.443639
-0.240588
-0.172611
0.480931
0.690383
-0.0455777
-0.185163
0.0717526
0.139411
0.403388
-0.25458
0.034323
-0.15801
0.0299737
0.151768
-0.376987
0.0981341
-0.29283
-0.284402
0.0294477
-0.0246514
0.229284
-0.417023
-0.28164
-0.061488
0.338829
-0.0659815
0.0654551
0.615377
-0.236073
-0.0169805
-0.199273
0.30982
-0.233244
-0.0661575
-0.306525
0.0588421
0.376802
-0.253513
-0.307466
0.319188
0.461829
0.244013
-0.0256072
0.0435291
0.252271
0.347356
-0.433882
-0.183315
0.147649
-1.17094
-0.164459
-1.22981
-0.462001
-0.210409
0.313315
-0.271038
0.096595
1.19245
-0.434327
-0.138662
-0.0228531
-0.225676
-0.113071
-0.0518637
0.0822206
-0.0165568
0.0326853
-0.255779
0.267028
-0.326957
0.230955
-0.18602
0.172957
0.449319
-0.45214
-0.350681
0.40191
0.258725
-0.176072
0.382561
0.330952
-0.200221
-0.101335
0.0346314
0.372872
0.126122
-0.182642
-0.0107861
0.0153713
0.13245
0.113233
-0.412317
0.00778367
0.231244
-0.07846
0.210994
-0.00953313
1.94394
0.0785495
-0.256827
-0.251697
-0.0880264
0.395029
0.0354595
-0.266858
0.292809
-0.513651
-0.0424589
-0.259572
0.165614
-0.103003
0.338327
-0.506409
0.291405
0.0194413
-0.0586745
0.275264
0.31797
0.347833
0.123731
0.448376
-0.232381
0.143515
0.144068
-0.389549
-0.0737348
0.275343
-0.258709
0.444665
-0.385648
0.117364
0.00929453
-0.352004
-0.281657
-0.0997693
-0.213861
-0.396072
-0.330427
-0.283418
-0.176472
-0.231648
0.202675
0.391731
0.116941
0.101074
0.223124
-0.354952
-0.117366
-0.488551
0.19469
0.320814
-0.554287
0.260511
0.495149
1.4948
1.24664
0.843513
0.0320869
0.236241
0.468249
-0.133538
0.00837482
-0.0754899
0.227641
-0.0960373
-0.0603294
-0.00993297
0.283713
0.105723
-0.557006
0.13847
0.332375
-0.0292152
0.478964
-0.458368
0.170856
0.235279
-0.00136334
-0.332341
0.297203
-0.286974
-0.252139
0.355398
-0.245926
-0.158429
0.232282
-0.47711
0.241061
0.388382
0.349079
-0.108702
-0.312832
0.123051
0.056802
-0.158707
-1.99329
-0.368005
0.00127719
0.206551
-0.00713522
0.233315
1.93369
-1.19679
-0.123518
-0.202511
-0.0779273
0.048675
-0.248304
-0.0179468
0.144344
-0.273961
-0.0710537
0.26774
0.0816664
-0.21533
-0.0317967
-0.17355
0.122292
0.180105
-0.354964
0.345652
-0.236336
0.007863
0.00655067
0.246679
0.0344808
0.0107487
0.0140586
0.044889
0.131872
0.174294
-0.072857
0.0295965
-0.265614
0.014591
0.326872
-0.237388
-0.140792
-0.0765011
0.238356
-0.192178
3.25936
-0.310797
-1.23884
-0.149532
0.150474
-0.074016
-0.196885
-0.1478
1.53739
-0.40674
-0.0268722
-0.115033
-0.264712
0.0672597
-0.0937733
0.370759
-0.0898537
0.236202
-0.239024
-0.276941
0.210784
0.0689411
-0.187191
0.180093
-0.35935
-0.0937981
-0.134401
-0.440745
0.290914
0.120762
0.0844537
-0.0782182
-0.255666
0.317561
-0.0666855
0.413194
-0.313449
-0.487643
-0.47927
0.449712
0.19225
0.162829
-0.373398
-0.137764
0.120233
0.290048
-0.272236
-0.17816
2.02646
0.413034
-0.252143
0.391775
0.0496695
-0.158228
0.389606
-0.239013
-0.39056
0.16724
-0.333116
0.26056
0.334897
0.294809
0.491068
-0.0243751
0.262532
0.355895
0.473719
0.28752
0.0176215
-0.148083
0.432364
0.217901
-0.353864
0.464718
0.517699
0.176584
-0.109918
0.423865
0.444408
0.0785862
0.463898
0.318698
0.318429
-0.156863
-0.00772217
-0.126553
-0.398491
-0.0945213
-0.124051
-0.0474264
-0.163033
-0.0109865
-0.00839225
0.0174053
0.479292
-0.244463
0.0077845
0.427703
-0.222176
0.0990964
0.246053
-0.0414058
-0.170996
-0.26631
-0.734033
0.290206
0.0706363
-0.405809
0.345245
0.180089
0.330566
-0.00849137
-0.263276
-0.173503
-0.109112
0.136084
-0.192833
-0.155382
-0.264993
0.364364
-0.305819
-0.32325
0.198657
0.0231645
-0.460554
0.105399
-0.198449
-0.0594845
-0.189584
0.109526
-0.0153209
-0.279273
0.205761
-0.398407
-0.0588629
-0.509236
-0.322257
-0.141558
-0.174552
-0.358916
-0.266023
-0.497878
-0.30332
-0.136121
-0.477364
-0.0567612
-0.587656
-0.366641
-0.340951
0.0390742
0.111146
0.252155
-0.0613944
-0.270499
0.0893462
-0.13024
-0.508808
0.158422
-0.450408
0.407655
0.0989968
-0.501984
-0.0256703
-0.494113
0.146548
0.288528
0.295444
-0.0216272
-0.322994
0.050518
-0.0929118
0.0530131
-0.196917
0.178052
-0.283306
0.381824
0.0195216
0.25744
0.270731
0.300379
0.337907
-0.237951
0.510976
-0.165642
-0.101312
0.343659
-0.0199093
0.285575
-0.256778
0.567246
-0.224503
-0.174184
1.16866
0.426714
0.0562035
0.0839468
0.134525
-0.082622
0.144939
-0.0471423
0.0138911
-0.121438
0.0194554
0.176906
0.466412
0.269603
0.22409
-0.420341
0.158561
0.227243
0.378555
0.42133
-0.146209
0.654875
0.0445625
-0.404071
-0.0839455
0.331508
0.00696557
0.438955
0.203275
0.349411
-0.228409
0.541408
0.233685
-0.253719
-0.332456
0.264849
0.251458
0.471325
0.26428
-0.38726
0.284919
0.501419
-0.0132963
0.347995
-0.160735
-0.454057
-0.0108928
-0.210935
-0.452359
0.112894
0.35524
0.331464
-0.200063
-0.121743
0.45994
-0.253364
-0.387975
-0.152502
-0.499617
0.529769
0.492454
0.0017994
0.215688
0.471829
0.784074
-0.290008
-0.0336163
0.140969
0.123454
0.462419
-0.202764
-0.101497
-0.213155
0.407794
1.03941
-0.213114
-0.495915
0.20941
0.236401
-0.203638
-0.567866
0.626224
-0.387502
-0.289378
0.300171
-0.552254
-0.753354
0.606216
0.288051
-0.327305
0.133805
0.562346
-0.989331
-0.40376
-0.0703537
-1.16684
-1.00853
0.0738056
0.0441619
-0.136941
-0.0246977
0.039506
0.168247
0.334815
-0.273123
-0.412831
0.392943
0.0311265
-0.490653
0.0459903
0.146691
0.0483047
-0.0835603
0.304916
-0.368746
0.474501
0.0569737
0.462091
0.32081
0.27293
-0.155227
-0.380168
-0.296749
0.19509
-0.13926
0.253248
0.189567
0.38216
0.4606
0.537346
-0.277942
0.0681895
0.452168
0.309516
0.185696
0.20849
-0.513658
-0.293619
-0.0874661
0.223377
0.242491
0.137151
0.273744
0.106629
-0.292475
0.453426
0.291272
-0.25133
-0.199859
-0.0445295
-0.0336746
0.213816
-0.0539004
-0.574397
-0.0868383
0.312665
-0.159216
-0.453185
-0.166052
0.0702136
0.176483
-0.10851
-0.353337
-0.459351
-0.352636
-0.26544
0.241977
-0.356588
-0.456146
-0.359702
0.151787
-0.393923
-0.370912
-0.198832
-0.0376943
-0.224979
0.13508
0.121128
-0.225622
0.276253
-0.268272
0.0899767
0.00329064
-0.185608
0.0025782
-0.427275
-0.115086
0.25087
-0.220687
0.042051
-0.362002
-0.42121
0.0171317
-0.225135
-0.490483
0.147563
0.411291
0.229899
0.081388
0.448748
0.0699577
0.144496
0.0256139
-0.512801
0.0284587
-0.254259
-0.0446304
-0.361113
0.157927
-0.0477414
-0.465968
-0.311501
-0.0796111
-0.292439
-0.222916
0.221602
0.661326
-0.348467
7.79217e-07
-0.0151326
0.178913
0.23111
-0.561517
0.0140704
0.426129
-0.0631173
-0.291622
-0.410447
0.378703
0.32958
-0.0256941
-0.396653
0.264941
-0.21366
0.0757426
0.317128
0.0309865
-0.0818065
0.311317
-0.554141
0.259893
-0.21727
0.266413
0.386822
0.235365
-0.031945
-0.0120717
-0.426368
0.137223
-0.357041
-0.343106
-0.0279766
0.273886
0.182523
-0.231712
0.41029
0.502326
0.0221314
0.111289
-0.54998
-0.483636
0.130912
0.0398668
0.0933149
-0.110652
-0.420599
-0.0575716
-0.388022
-0.0947608
-0.469829
-0.0401389
0.0574437
0.117082
0.121905
0.1824
0.323308
-0.226539
0.201711
0.180671
0.251524
-0.293007
-0.365762
-0.313262
0.492204
-0.18052
0.0653287
-0.089409
-0.246178
0.284756
-0.122718
-0.0764209
-0.435877
-0.349243
-0.289999
0.137725
-0.452267
-0.376449
-0.0419402
-0.117858
-0.0797069
0.227316
-0.193223
-0.333121
0.257715
-0.287241
0.191697
-0.290958
-0.41328
-0.401779
0.11217
-0.316166
0.537624
-0.36811
-0.379311
0.151947
-0.265116
-0.348176
-0.307135
-0.233789
0.00902713
0.0315981
-0.252989
0.161545
0.427627
-0.186624
0.296463
-0.119073
0.313918
-0.117652
0.4046
-0.3087
-0.310923
-0.0802675
-0.279919
-0.0983055
0.0297072
-0.115545
-0.546746
0.372617
0.296991
0.159865
0.405902
-0.471317
-0.205504
0.36283
0.353717
-0.169857
-0.514518
-0.519269
0.0380837
-0.420416
-0.155949
0.222571
-0.327246
-0.0303409
0.31138
0.378671
-0.14176
-0.223335
0.447572
-0.066095
-0.0151847
-0.0986862
-0.253834
-0.257984
0.330221
-0.086157
-0.539563
-0.284199
0.328876
-0.479681
-0.369704
-0.60553
0.274638
0.306171
-0.468507
0.411821
-0.364878
0.318792
-0.0759965
-0.566132
0.256988
0.196114
-0.196919
-0.117982
0.190162
-0.213201
-0.205458
-0.0569043
-0.0135373
-0.622529
-0.273618
0.203067
-0.15433
0.245345
-0.0958311
-0.419096
0.0129774
-0.0188088
-0.20225
-0.0447992
0.156118
-0.0748466
0.224499
-0.237792
-0.148309
0.359983
-0.0502146
0.219403
-0.0485887
-0.0961841
-0.11016
0.00148377
0.203831
-0.423598
0.310997
0.314967
-0.232638
-0.153724
-0.106461
0.249965
0.0602559
0.0938596
0.124005
0.29612
0.279632
-0.203825
0.303616
0.414131
-0.137494
-0.254389
-0.296401
0.0859152
0.202862
0.19433
0.234946
0.40247
-0.495941
-0.284926
0.333867
0.108417
0.346952
0.192872
0.439329
-0.0468596
0.285903
-0.38137
-0.00609922
-0.353252
0.268428
-0.248385
-0.279709
0.00186598
0.143398
0.0707884
-0.0333097
0.255343
0.313571
0.215594
-0.382925
0.388877
0.323526
-0.12835
-0.118251
0.341686
0.0775388
0.386114
0.385675
0.283511
-0.0807377
0.182542
-0.165534
0.0879878
0.061571
-0.134236
0.146339
0.22869
0.441131
-0.0928195
-0.151755
0.366609
0.48629
0.303818
0.109716
-0.322895
0.356983
-0.350465
-0.0390566
0.505562
0.104102
-0.222231
0.0729629
-0.197539
0.421448
0.254416
0.134283
0.259282
0.284114
0.142385
0.410826
-0.40647
-0.437354
-0.0852228
0.329536
-0.131052
0.114032
0.258634
0.197226
-0.34072
0.318223
0.255946
0.320035
0.176286
-0.273606
-0.431746
-0.188797
0.708995
-0.168191
-0.412089
-0.229299
-0.369352
0.412643
-0.31936
0.0614259
0.0616452
0.242453
-0.514386
0.179589
0.159154
0.122938
0.359873
0.11532
-0.414746
0.201216
0.434288
-0.405097
0.455239
-0.157587
-0.208368
0.0113738
0.761812
0.0208607
-0.242486
-0.0342622
-0.246096
0.358852
-0.265734
0.00813203
-0.0298074
0.374859
0.092762
0.490845
0.32977
-0.508268
0.343435
-0.330017
-0.269
0.0572608
0.400437
-0.110512
0.269861
-0.361045
-0.241243
-0.295903
0.463259
-0.0733699
-0.22204
0.403426
-0.428986
0.143618
0.0715959
0.188935
0.397759
0.152346
0.239028
-0.0560408
0.150688
0.237852
-0.0223696
0.0580269
0.256287
0.235302
-0.344676
0.450613
-0.091952
0.307112
0.417997
-0.101446
0.344666
-0.0567142
-0.285146
0.30376
-0.222822
0.196548
0.0261145
-0.391836
-0.180373
-0.252312
0.250431
-0.29215
-0.0122755
-0.401102
-0.434961
0.0411296
-0.483346
-0.150113
0.0794232
-0.307996
0.0328708
-0.201838
-0.353595
-0.269837
-0.323823
0.258801
-0.397935
-0.369918
0.0482084
0.18867
0.200424
0.0522489
0.252353
0.300269
0.0678584
-0.0628171
0.129823
-0.034975
-0.377393
-0.0961698
-0.378095
-0.471343
-0.482564
0.35174
0.136788
-0.170194
-0.274804
0.265911
-0.194922
0.291076
-0.333939
0.295049
0.0899423
0.250976
-0.298258
-0.337731
-0.0466071
0.235669
-0.0304363
-0.0232563
-0.119166
0.212786
0.19771
0.321867
-0.159884
0.581992
-0.286436
-0.307085
-0.0805241
-0.0363374
0.0201117
0.138822
0.307233
0.358216
0.255103
-0.0851655
0.296883
0.363724
0.384384
0.340322
0.15661
0.281613
-0.150475
0.110768
-0.266624
-0.312184
0.0608937
-0.128104
0.120499
0.033805
0.363023
0.329295
0.346709
0.341901
0.48207
0.562013
-0.0857029
-0.39121
0.0434326
-0.164659
-0.132377
0.27584
0.128764
0.250407
-0.342338
0.222336
-0.0443183
-0.255155
-0.511627
-0.432508
0.147122
0.185936
0.108797
-0.572991
0.312823
-0.438969
0.275122
-0.366344
-0.199822
0.142093
0.4623
-0.345842
-0.0241242
0.114786
0.0158171
0.136236
0.321142
0.120009
-0.259344
-0.398496
-0.0170965
0.0530405
-0.0177108
-0.132325
0.41503
-0.181482
-0.294673
-0.476902
0.1308
-0.26781
-0.0687273
-0.213167
-0.540987
0.224223
-0.20222
0.161277
-0.565251
-0.0517584
0.189701
0.409117
-0.325704
0.0640762
0.129164
0.341142
-0.505253
-0.326218
0.175267
-0.0355702
0.43017
-0.363385
0.516743
0.324242
-0.0859003
-0.0992497
0.308304
0.27487
-0.107018
-0.122082
-0.0204354
-0.322669
0.349027
0.210914
-0.233131
0.267279
0.117291
-0.378249
-0.447583
-0.164534
0.0930295
-0.227222
0.0260976
0.274217
-0.349886
0.342412
0.138262
0.0418065
-0.419383
0.0194639
0.212494
0.144277
-0.455204
0.347711
0.278406
0.0512133
-0.434066
-0.399394
0.400789
-0.365358
0.162187
-0.507447
-0.152
0.216359
-0.170626
-0.255601
0.0245241
0.214569
0.105752
0.190681
-0.0408875
0.0296933
-0.430753
0.248201
0.305072
0.293819
0.237494
-0.565704
0.0463583
0.0784801
-0.305896
0.143551
-0.378127
-0.332222
-0.445362
-0.382591
-0.179476
0.205643
-0.320508
-0.455309
-0.445329
0.000122008
0.147381
-0.46773
0.0548804
-0.548506
-0.448089
-0.0411814
-0.174845
0.37873
0.309353
-0.437112
0.206706
0.0836405
0.255189
0.0464576
0.0864736
-0.0930144
-0.318403
-0.223586
0.324994
0.194086
-0.0575315
0.167286
0.403064
0.448491
-0.0912377
-0.367646
-0.379962
-0.232482
0.0251796
0.221839
-0.180882
-0.296772
-0.0715854
0.192846
-0.16473
0.398614
0.450933
-0.0946732
0.093665
-0.175665
0.329734
-0.308052
-0.0599791
-0.148622
-0.355127
-0.216826
0.19019
0.101175
-0.0427635
-0.3443
-0.439823
0.416294
0.463301
-0.0929544
0.197774
0.429111
-0.0307107
-0.361255
0.235995
-0.110687
0.234422
0.405303
0.0932388
0.333101
0.242777
0.489014
-0.107433
-0.463552
-0.557042
-0.512497
-0.477432
0.0629969
-0.232579
-0.370938
0.45904
0.129889
-0.181797
-0.114481
-0.296541
-0.462372
-0.119228
0.264457
-0.0800902
-0.466276
-0.0276113
-0.203124
-0.149461
-0.0635549
-0.386683
-0.424495
0.310856
-0.394271
0.425757
0.263924
0.226167
-0.429697
-0.221451
0.212065
-0.253503
0.245244
-0.352311
-0.287666
0.0724292
-0.438915
-5.7039e-05
-0.204907
0.439516
0.359194
0.346194
-0.301308
-0.0449643
-0.154758
-0.0952321
-0.474868
-0.187755
-0.250365
-0.287616
-0.248905
-0.288255
-0.372078
0.377339
-0.35193
0.365081
-0.428058
0.24751
-0.48913
-0.128072
0.0230235
-0.457635
-0.234021
0.36765
0.228948
0.00336325
0.396898
-0.34632
-0.0953982
-0.528327
0.417629
-0.139966
-0.182538
-0.25863
0.221975
0.198117
0.267089
-0.193503
0.0698415
-0.258133
-0.534544
-0.446846
0.20775
0.0722043
-0.246671
0.0824178
-0.0645063
0.140398
-0.354377
0.200889
-0.461784
-0.0958451
0.391205
0.357285
0.0509241
0.093563
0.292062
0.0183229
0.4886
-0.127698
-0.141405
-0.192016
-0.471415
0.39389
-0.475649
0.0842203
-0.287306
0.226168
0.261341
-0.152087
0.281083
-0.0921512
-0.266256
0.444254
-0.0123164
-0.164241
0.195714
-0.110019
0.158616
-0.388638
0.326708
0.128697
-0.226796
-0.307646
-0.198323
0.0697551
-0.0359466
0.0759571
-0.332758
-0.216298
0.25914
0.315167
-0.444545
-0.171714
-0.504025
0.357354
-0.0263054
-0.195179
0.385495
0.105538
0.288757
-0.014727
0.446917
0.263424
0.185184
-0.374648
-0.0844023
0.190942
0.280708
-0.29537
0.159675
-0.143182
-0.0172768
-0.00579732
0.287717
-0.0386577
-0.162971
0.0993151
0.223127
0.0681743
0.00674171
0.324874
0.0336166
0.0708789
0.439331
0.572645
0.374421
-0.336802
-0.126694
0.404592
-0.328244
0.455374
0.127506
0.426019
-0.0544744
0.360893
-0.293068
-0.0416355
-0.0961467
-0.0084729
-0.0176297
-0.369119
0.198988
-0.00409142
0.200306
0.298113
0.557842
-0.118278
0.0522021
-0.186274
-0.566417
-0.254308
0.463868
-0.0990428
-0.194958
0.0758489
-0.382075
0.283219
-0.354608
-0.199704
0.404799
0.433174
-0.256226
0.453145
0.141278
0.31618
0.0132592
0.324675
0.316313
-0.0476079
-0.113092
-0.184465
-0.112481
0.165595
-0.0106505
0.519583
0.201054
-0.412797
0.209466
0.185736
-0.036305
0.0230403
-0.361046
-0.169293
0.412846
0.164204
0.550736
0.23916
0.478244
-0.191432
-0.314372
0.375065
-0.231568
-0.28107
-0.151247
-0.280112
0.248758
-0.0046446
0.393896
-0.0523869
0.134492
0.102445
0.383797
0.340386
-0.389614
-0.142658
-0.537156
0.0671537
-0.0963683
-0.209893
0.447096
-0.0306566
-0.136916
-0.0970192
-0.596709
-0.291625
0.159375
0.246906
-0.0944903
-0.0680774
0.269759
-0.414425
0.0532206
-0.411747
0.352355
0.169427
-0.0522283
-0.0103867
-0.0832642
0.161355
-0.398444
-0.207827
0.160139
-0.0830647
-0.256088
-0.537663
0.175694
-0.222003
-0.131202
0.303205
-0.293741
0.207994
0.276579
0.281201
0.171827
0.452589
-0.181351
-0.0412083
0.137895
0.187049
-0.0267555
-0.54692
-0.465155
-0.135752
0.344158
0.232196
-0.0838987
-0.0881763
0.173474
-0.268896
0.147946
0.213386
0.436319
-0.0715155
0.314478
-0.174612
0.0933773
0.150995
-0.430222
-0.063935
-0.0691405
-0.345202
-0.455456
-0.562359
0.341808
0.0982054
0.082495
-0.505917
-0.528483
-0.30793
-0.070758
0.460873
-0.528255
0.548831
-0.589305
0.0912264
-0.314102
-0.5968
-0.44666
-0.185186
-0.348384
-0.107654
-0.132848
0.00453833
0.0848724
-0.134662
0.181203
-0.0164931
-0.222032
-0.0508539
-0.162281
-0.239124
-0.428588
0.326581
-0.0529742
0.00685017
-0.0377129
-0.128206
-0.221835
-0.000557051
0.199664
0.288615
0.36685
0.203182
0.38696
0.236134
-0.315581
-0.204665
-0.125423
-0.0161686
-0.0146527
-0.504219
0.0197359
0.0433127
-0.259887
0.0316292
0.175378
0.530383
-0.0272325
-0.280949
-0.49774
0.33747
0.318078
0.606546
0.459723
0.160677
0.025753
0.392825
-0.109166
-0.0850007
0.367067
0.191004
-0.40354
0.119044
0.23221
-0.144466
0.470533
0.314631
0.400249
-0.130302
-0.298281
-0.153704
-0.392396
-0.35559
-0.316303
-0.558374
-0.849182
-0.394916
-0.014866
0.536243
0.364528
-0.189112
-0.434842
0.343433
0.203994
-0.363654
0.0539777
-0.149446
-0.548994
-0.180004
-0.564909
-0.0471846
0.284322
0.194238
0.664889
-0.422954
0.210957
0.215385
0.00115673
-0.0702449
0.00160955
0.362935
-0.269635
-0.221694
-0.0357856
-0.394632
-0.0564854
0.129674
-0.171495
0.424603
0.202853
-0.314892
-0.115997
-0.028354
0.225948
-0.599148
-0.659374
0.13158
-0.372293
0.0428776
0.42876
-0.0161103
-0.187602
0.569633
-0.144398
-0.139101
-0.183563
0.121616
0.14249
0.0853208
0.102329
0.358615
-0.221357
0.136255
0.497953
0.589207
0.351936
0.188589
0.234912
0.470311
0.478166
0.452407
-0.118018
-0.227181
0.281421
0.111646
-0.381818
0.273009
-0.017076
0.645903
0.39194
0.507992
0.178129
-0.224213
-0.204129
-0.168816
-0.0147068
0.273336
-0.160453
-0.1391
0.0305533
0.38373
0.142161
0.689603
-0.197776
0.0303692
0.455767
0.284032
-0.071355
0.405839
-0.278784
-0.0348567
0.101218
-0.544463
-0.274774
-0.118736
-0.135586
-0.152962
0.143361
0.0635677
-0.403435
-0.133253
0.380661
0.270787
-0.46856
0.000361814
0.223692
-0.616689
0.0444705
-0.288075
0.327276
-0.350399
-0.0461593
-0.469623
-0.365816
-0.210885
-0.453768
-0.592781
-0.287043
0.0911856
0.0405478
0.22267
-0.202737
0.233097
0.198918
-0.0125948
-0.263448
-0.621971
-0.632573
0.205055
0.210093
0.167115
0.112111
-0.0401953
0.287151
-0.261456
0.0680369
-0.190732
0.151474
0.506905
-0.122124
0.145151
-0.366146
0.00473035
-0.368737
-0.30228
0.216211
-0.388717
-0.256954
0.435974
0.314311
-0.20314
0.492495
0.530674
-0.395424
0.0217329
0.578269
-0.151166
-0.360174
0.0130805
-0.199715
0.218958
0.125002
-0.448001
0.154544
0.0843676
-0.19579
0.0397506
0.331883
0.156761
-0.429036
-0.0850388
0.375561
-0.179966
-0.084085
0.144475
-0.197225
-0.228818
0.222771
0.162198
-0.376263
0.0900139
0.0429445
0.36628
-0.299788
0.129619
-0.0395108
0.0226491
0.232765
-0.423183
0.345772
-0.0912786
-0.115009
-0.384566
-0.209563
-0.448701
-0.391522
-0.00925217
0.273157
-0.368106
0.258503
0.298875
-0.195263
-0.0712115
-0.187411
0.241836
0.406251
0.452515
-0.328229
-0.0470809
0.404176
-0.404536
0.257649
0.0182265
-0.562327
-0.344969
0.331204
-0.133884
-0.245255
-0.387888
-0.180501
-0.201181
0.0210554
0.363848
0.416753
0.326944
0.0500175
0.193281
0.00855889
-0.245743
-0.403993
0.396851
-0.028747
0.267543
-0.423208
0.157627
-0.000440596
0.0652351
-0.184678
-0.0483295
1.03101
1.84212
0.100001
-0.00463459
-0.929349
-0.209389
-0.0520047
0.0430813
0.123398
-0.834802
0.460294
-0.00513997
-0.549241
0.653939
-0.0990229
0.693398
0.495042
-0.196735
-0.298493
-0.993355
0.898443
-0.0634376
-0.55769
-0.930455
-0.291063
0.702762
-0.833128
1.85171
0.102977
-0.014188
-0.196662
0.600288
-0.774607
-0.418212
-0.214862
-0.234742
-0.641404
1.41268
-0.020998
0.760883
2.72001
1.61056
0.218357
-0.270242
0.231018
-0.136043
0.10651
-0.0227564
-0.263282
0.392172
0.058817
-0.214244
-0.0994859
0.367365
0.232952
-0.543978
0.359695
-0.358663
0.321687
0.00626169
0.11823
0.265868
-0.419147
-0.321934
0.295549
-0.071983
-0.211825
0.514729
0.32793
0.365597
-0.372446
-0.157547
-0.292074
-0.374739
-0.327796
-0.138567
-0.333484
-0.397004
0.595765
-0.264837
0.422966
0.416392
0.253895
0.468137
-0.11829
-0.0739806
-0.00378237
-0.408375
-0.210919
0.245573
-0.270933
0.370343
0.345601
-0.345871
-0.253157
0.480305
0.0710733
0.376818
-0.0266934
0.234548
0.333154
-0.323648
0.402873
0.148198
0.299761
-0.193859
0.189449
0.325162
0.267872
-0.0839839
-0.0343517
-0.157445
-0.152474
0.0141569
-0.302353
-0.381433
0.510282
0.450261
-0.088906
0.189027
-0.405236
-0.0451724
0.375733
-0.199664
-0.269376
-0.275845
-0.358292
0.0200701
-0.16669
-0.165035
0.25051
-0.387143
-0.163949
0.0816877
0.362706
-0.298551
0.0883104
-0.417914
0.289819
0.108366
0.0289496
-0.55182
0.156508
0.190946
0.03908
-0.682213
0.0922932
-0.401085
-0.64434
-0.341471
-0.103101
0.144813
0.305072
-0.135274
-0.0873931
0.0250026
0.212253
0.11779
-0.348047
0.0797746
-0.210492
-0.194135
-0.0936744
0.311747
0.116234
-0.178638
0.53621
-0.595129
0.273884
-0.0490638
0.251362
0.0443909
-0.547866
0.368493
-0.332107
0.15287
0.177508
0.161565
0.0353308
-0.461692
-0.396126
-0.291118
0.424842
-0.302757
-0.634245
-0.578235
0.103109
-0.406494
-0.237668
0.201976
-0.154808
-0.875319
-0.226227
-0.238164
0.449987
-0.226938
-0.262179
0.270235
-0.286762
0.541005
0.31479
-0.368721
0.303033
0.18857
0.520306
-0.181986
-0.125266
-0.0367964
0.510714
-0.507934
0.139253
-0.483138
-0.274289
0.0753298
-0.513472
0.526514
-0.268397
0.0952497
0.0563368
0.0567081
-0.163596
0.0615941
0.584056
0.088358
0.0527854
-0.177755
-0.316938
0.187374
0.462274
0.275833
0.0922775
0.121521
0.382429
0.0363318
-0.303746
0.214189
0.350893
0.388745
0.166482
0.384663
0.363743
0.304134
-0.361858
-0.183919
0.224197
-0.225142
0.264728
-0.27173
0.393166
0.314529
-0.307066
-0.113692
-0.346692
-0.428357
-0.22975
-0.14558
0.0591731
0.280181
-0.154387
0.338654
-0.338347
-0.314934
0.503135
-0.192425
0.198528
0.0509932
0.308773
-0.0647786
-0.404946
-0.193185
0.191393
0.0279155
-0.406895
-0.141949
-0.342521
0.330035
0.381567
0.50601
-0.430576
-0.315132
0.312834
0.128641
-0.283282
0.0777163
-0.396157
0.0805346
0.188054
0.313908
-0.482523
-0.320767
-0.0987605
0.382825
0.379084
0.0979634
0.474529
-0.101462
0.599068
-0.109947
-0.496154
0.121466
-0.278338
0.0495259
-0.0757215
-0.322596
0.468197
0.331302
0.0233249
-0.25082
-0.387314
0.352106
0.366162
-0.0761835
0.189241
-0.143164
-0.241366
-0.016596
0.18866
-0.411624
0.188374
0.396727
-0.0224271
0.5435
-0.337674
-0.381448
0.251853
0.220649
-0.458817
-0.390824
0.286873
-0.230051
-0.242828
0.598114
0.0221661
0.109531
-0.212094
-0.0725581
-0.246645
0.12532
0.317814
-0.00484299
0.154105
0.0103094
-0.256192
0.591734
0.518095
0.176436
-0.159903
-0.199434
-0.19835
-0.0627575
-0.111309
-0.189165
0.0518556
0.0905322
0.281944
-0.471501
0.467956
0.192635
0.0456604
-0.269554
-0.508516
0.0817921
-0.450922
0.226404
0.430491
-0.098226
-0.0493928
0.138468
0.600532
-0.469322
0.212841
0.563566
-0.393126
-0.319807
0.589791
-0.306279
0.262397
-0.430429
0.38385
-0.435653
0.840106
0.576265
0.268994
0.740146
0.23782
0.291514
-0.310884
0.611361
0.337484
0.34744
0.451227
0.397007
-0.0649975
0.719449
0.656373
0.19053
-0.0727142
-0.437865
0.0636812
0.0311781
-0.0873804
-0.0774302
0.346282
0.226903
0.272308
0.500921
-0.0527011
-0.195646
0.0385743
-0.277672
-0.0892411
0.148233
0.351812
0.450352
-0.0416268
-0.177675
-0.133064
0.167777
-0.68518
-0.0832797
-0.183208
-0.0049493
-0.407058
0.305653
-0.371652
0.614775
-0.0913132
0.111979
-0.345333
0.602172
-0.11669
0.37453
-0.143994
0.780379
0.455566
-0.416197
-0.0120843
0.0866383
0.166489
0.504928
0.31231
0.492239
-0.349891
0.553361
0.0391946
0.23145
0.195749
-0.235699
-0.0305766
0.255703
-0.0486694
0.304198
-0.184327
0.0324468
-0.312317
0.00899678
0.379104
-0.299082
-0.437721
0.458843
0.0396211
-0.374675
-0.131679
0.00444789
0.329723
-0.104378
-0.419551
0.18861
0.271714
-0.366741
0.13825
-0.197964
0.000737802
-0.174304
0.436327
0.213408
-0.297814
-0.253559
0.200622
0.198656
-0.0702932
0.240598
0.0363439
0.195792
0.498029
0.0950815
0.183355
-0.0363164
-0.234713
-0.171091
0.0798417
-0.0639227
-0.455207
-0.354328
-0.344778
-0.484852
-0.220016
0.447507
-0.0299126
0.0891371
-0.353709
0.387186
-0.0605737
0.060729
-0.115468
-0.368789
0.00464333
0.428458
0.10814
-0.258756
0.143808
0.0711538
-0.320954
0.0850969
-0.126858
0.341548
0.0437962
0.205522
-0.176646
0.49041
-0.493191
-0.257504
0.0124232
0.0225845
0.0279696
-0.0440972
-0.35055
0.366305
0.212559
-0.4535
-0.1897
0.466061
0.279366
0.0875938
-0.486898
0.242168
-0.457451
-0.156912
0.0041404
0.0242221
-0.22249
0.00933284
-0.249927
-0.446796
-0.156595
-0.172689
-0.354565
-0.112339
0.0982125
0.294137
-0.275663
-0.499229
-0.146362
-0.433554
0.42638
0.148872
0.413492
-0.386285
-0.576056
-0.143165
0.268383
-0.123962
0.302379
-0.459464
-0.287508
0.0119213
0.0389036
-0.371454
0.0961451
0.214154
-0.386521
-0.519339
0.454701
-0.0217668
0.324366
-0.242026
-0.466936
-0.406971
0.127778
0.311133
-0.0626599
-0.121911
0.368883
-0.375058
-0.482468
0.0906771
0.232989
-0.0515291
0.27792
-0.262576
-0.381106
-0.352586
0.420564
-0.371991
0.441779
0.440913
0.0755655
0.0530146
0.0747035
-0.460799
-0.384867
0.16711
-0.182306
-0.119983
-0.508779
0.443547
-0.17473
-0.492714
0.439595
0.0117483
-0.484049
-0.350335
-0.289567
0.161076
-0.545565
0.0973436
-0.459604
-0.480472
-0.503088
0.347537
-0.419584
-0.277591
-0.0398908
-0.343895
-0.43604
0.227921
-0.501934
0.144722
-0.403269
0.149038
-0.437046
0.16718
-0.282884
0.404774
-0.288571
0.302168
-0.0601413
-0.302424
0.249511
0.0643389
0.0455698
0.239932
0.21932
0.00261384
-0.389362
0.168904
-0.444066
0.22295
-0.312325
0.398601
0.467786
-0.00176543
0.138891
-0.160252
-0.414583
0.439901
0.0752497
0.171765
0.189722
-0.295293
0.248992
0.466137
0.483437
-0.234191
-0.126275
0.400009
-0.328495
-0.2812
0.0961538
0.142925
0.302164
0.325639
-0.463621
0.0282453
-0.350403
-0.430085
-0.317347
0.0928475
0.259685
0.327803
0.197537
-0.430619
0.152615
0.379043
-0.298211
-0.369902
-0.0251037
-0.00751112
0.344289
0.326754
-0.176118
0.182467
-0.116739
-0.195528
-0.346191
-0.38343
-0.416051
0.343832
-0.0604471
0.308037
0.264005
-0.43637
0.178448
-0.309386
-0.276531
0.0862808
-0.537968
0.2964
-0.324623
-0.222017
-0.0230365
-0.20109
0.178161
0.0242424
0.0687901
-0.0592802
-0.171744
-0.218575
0.453604
0.31063
0.163635
-0.265324
0.443323
-0.118736
-0.284061
0.29122
-0.367569
-0.525629
0.0827965
0.429481
-0.538289
-0.297738
-0.0367965
0.37906
-0.0821683
0.522261
-0.403719
-0.226077
-0.219031
-0.108631
0.400955
-0.0767001
0.433498
-0.484618
-0.155075
-0.0697592
-0.0641837
0.121529
-0.539088
-0.352981
-0.262857
0.048835
-0.0319915
-0.112214
0.518029
0.208224
0.187952
0.389118
-0.284631
-0.140152
-0.163998
-0.00497958
0.0167283
-0.393421
-0.265888
0.0441064
0.0271802
-0.362387
0.00704505
-0.183912
0.309963
-0.274548
-0.309751
0.0420785
-0.00175733
0.243108
-0.321966
0.16666
0.357155
-0.136714
0.0958773
-0.50647
-0.165695
-0.369992
-0.0152919
-0.305208
0.367385
-0.347834
-0.14155
0.274573
-0.0860336
-0.540924
0.418111
-0.348962
-0.418915
-0.631827
-0.200354
0.055481
-0.133929
-0.301325
-0.0562578
-0.27007
-0.0394596
0.101692
0.0389737
-0.453012
0.0318399
-0.377157
-0.0484343
-0.63236
0.231226
0.253592
0.160475
0.170301
-0.26689
-0.0209993
-0.0926337
-0.264722
0.167456
-0.120946
0.29523
0.0866579
-0.379525
-0.215136
-0.525717
0.285185
0.107694
-0.122593
-0.257765
0.161358
1.07548
-0.561219
0.484238
-0.168091
0.185557
-0.0968052
0.47426
0.0873735
0.131226
0.193843
0.0222366
-0.00424363
0.0801234
0.155195
0.102706
-0.194086
0.0495386
0.168217
-0.0564214
-0.142993
0.428991
-0.134729
0.556308
0.0628129
0.140338
-1.04776
-0.564926
0.453424
-0.175526
-0.0282018
-1.18713
-0.00286112
-0.239812
-0.937655
-0.254686
0.265254
0.105556
0.90725
0.734611
-0.407244
0.112222
-0.0384774
-0.232796
0.0345906
-0.378795
-0.0661891
0.350385
