#input normalization
0.160547 0.269438
61.128 58.1686
10.441 39.2449
8.39557 32.1605
0.0117429 0.0436342
0.00929544 0.0331978
0.52601 1.31785
0.823961 1.14631
1.01646 1.32786
1.23048 1.51654
1.47696 1.68552
1.73 1.83539
1.9743 1.96587
2.21076 2.0781
2.43718 2.17557
2.63908 2.23007
2.83415 2.26984
3.01462 2.27938
3.15896 2.26461
3.28283 2.21551
3.38211 2.15303
3.46272 2.06189
3.51676 1.96916
3.54752 1.85503
3.5578 1.72878
3.54351 1.58884
3.49301 1.43749
3.43716 1.27838
3.34482 1.10378
3.22632 0.928516
3.11153 0.763094
2.98535 0.603665
2.85542 0.455468
2.7088 0.310791
2.56201 0.17409
2.42284 0.0454989
2.26875 -0.0723995
2.13826 -0.178038
1.99733 -0.27396
1.86229 -0.366118
1.72947 -0.454308
38.6193 50.1293
1 -1
#output normalization
1 0
#neurons weights
-0.241354
0.428363
-0.00807158
-0.0839724
-0.304402
-0.228472
0.0889597
0.38635
0.155152
-0.293729
-0.265285
-0.172028
-0.40608
0.355251
-0.154279
0.31014
-0.0540476
0.339733
-0.0984804
0.403786
-0.38882
-0.00799304
0.42529
-0.477762
-0.231872
0.164433
0.261896
-0.233623
0.387279
-0.116254
0.00612834
0.244738
-0.378259
0.314506
-0.485109
-0.0726159
-0.336153
0.402004
-0.467889
0.220296
0.0759851
-0.323287
-0.157296
-0.289126
-0.104754
0.0895701
0.0864064
0.0491342
-0.235156
-0.146176
-0.175176
-1.58436
-0.113135
-0.0214905
0.200623
-0.49703
-0.0803812
-0.0237123
0.176475
0.109821
0.481291
0.191979
-0.248469
-0.442079
-0.0774731
-0.194372
-0.308547
-0.259425
-0.232531
0.19381
0.135729
-0.142404
-0.348483
0.46964
-0.404314
0.387487
0.628738
-0.213334
-0.261024
0.292781
0.14985
-0.430296
-0.293943
-0.371949
0.467264
0.0755956
-0.244629
0.460303
-0.455349
-0.464646
-0.309461
0.128619
-0.167825
0.145812
-0.398378
0.056956
-0.193127
0.482702
-0.467343
0.36961
0.228967
-0.334704
-0.0358807
0.333419
-0.480823
0.440107
0.57117
-0.328104
0.0172028
-0.376906
-0.0513756
-0.262156
0.0247543
0.000283818
-0.151712
0.522102
0.512466
-0.169557
0.329326
0.121794
-0.678775
0.239513
0.153008
-0.487366
0.187624
-0.259068
0.567539
0.0401891
0.0165429
-0.0505042
0.485121
#synapses weights
-0.131376
-0.291144
0.00155367
0.109017
0.246161
0.313086
0.866988
0.433446
0.182577
-0.167115
-0.173151
-0.300696
-0.219285
0.053585
-0.188762
-0.00910403
0.270085
0.0180843
-0.0641598
-0.331725
-0.108296
-0.0603796
-0.343542
0.385192
-0.474343
0.393495
-0.0451552
0.0943913
-0.0358363
-0.500679
0.0283875
0.14658
0.0342672
0.279701
0.0883417
-0.388428
0.427076
0.143304
0.39978
0.1736
-0.191507
0.907142
0.348502
0.262423
0.500368
-0.347697
-0.319161
0.49862
0.00629713
0.159924
0.294815
0.268388
0.210955
0.0158194
0.300112
0.331709
0.361462
-0.363727
-0.432972
-0.309596
0.539691
0.399159
-0.357496
0.203432
-0.278611
-0.211815
-0.319811
0.135163
-0.313617
0.182295
-0.138069
-0.188059
0.0267552
-0.14658
0.496237
-0.236992
-0.185094
-0.188717
-0.321036
-0.336173
0.331338
-0.3532
-0.131748
-0.0865374
0.313771
-0.453533
-0.257636
-0.152136
0.370091
-0.401594
0.286312
0.111653
0.150374
-0.667243
0.311068
0.287186
-0.136508
-0.495613
0.340058
-0.213743
-0.218633
0.153384
0.0840129
0.259865
-0.244358
-0.128996
0.0149246
-0.414251
0.0371434
0.0468793
0.485569
-0.240804
0.525966
-0.182941
0.427399
0.395516
0.364766
-0.273999
-0.250641
-0.0617688
-0.462207
-0.141273
0.379022
0.310853
-0.0928562
0.423218
0.342924
-0.206705
0.0750306
0.296149
-0.0855588
-0.292367
0.228329
-0.299013
0.437551
0.682948
-0.412482
-0.0731821
0.126477
-0.0349474
0.396501
-0.175832
-0.0909872
0.551058
-0.0855545
-0.249257
0.353741
-0.0820678
-0.286617
-0.439081
-0.162144
0.0771441
0.0768991
-0.428092
0.293703
0.23114
-0.0796875
0.238568
-0.148218
0.185728
-0.0799976
0.299093
-0.0933269
-0.369179
-0.251988
0.283004
0.0141912
0.247383
0.0629321
-0.143705
-0.0997863
0.228162
0.340164
-0.39731
0.362898
0.354779
0.312127
-0.341381
0.38312
-0.356297
-0.336382
0.317877
-0.0347849
-0.367527
0.301563
0.010942
-0.317191
-0.391596
-0.191265
0.203668
-0.404143
-0.406577
0.116822
-0.408108
-0.213021
0.302263
-0.234949
-0.00963871
0.280309
0.247683
0.36074
0.03026
-0.434969
0.0419723
-0.173719
-0.233277
-0.135218
-0.450276
0.322387
0.227956
-0.359047
0.326375
-0.493586
-0.0940875
0.0408995
-0.125892
0.448514
-0.0214105
0.475171
-0.348462
-0.127126
-0.124106
-0.00529749
-0.247562
0.14101
0.135275
0.248757
-0.0739787
0.18184
0.612116
0.114012
0.000212035
-0.406243
-0.29464
-0.174258
0.220054
-0.140935
-0.321604
0.316059
-0.0540176
-0.147945
-0.20936
0.412463
0.135166
0.4287
-0.355687
0.298668
0.118131
0.0782718
0.456172
-0.261699
0.0582881
-0.30063
0.351008
-0.132835
-0.39574
-0.141607
0.115866
0.558985
0.404292
-0.190632
-0.189609
0.130678
0.180254
0.373928
0.0522712
-0.0729645
0.398843
0.254691
-0.424523
0.104254
0.481422
0.0546084
0.281038
-0.14379
-0.264026
-0.00506494
-0.111854
0.117451
0.426414
0.25774
-0.272186
0.238414
-0.425402
0.213671
0.20298
-0.376496
0.0376722
0.482186
0.200144
-0.20272
-0.00303992
-0.108033
0.117153
0.326158
-0.241875
0.498165
-0.147515
0.00367299
-0.25712
0.119073
-0.122175
-0.499027
-0.125324
-0.321624
0.26844
-0.212478
0.447602
-0.235629
-0.150378
-4.92579e-05
-0.312997
-0.170177
0.322632
-0.279025
0.192468
0.105585
-0.460568
-0.317225
-0.166689
-0.260874
-0.335506
0.274554
-0.469688
-0.23502
0.119833
-0.496532
0.0461513
-0.431125
0.341984
0.0372275
0.158464
0.333469
0.0656473
0.454457
0.472442
-0.208456
-0.337391
-0.404155
-0.105754
-0.190777
-0.257687
-0.415552
-0.0243037
3.27225
-0.354007
0.10934
-0.189539
0.253317
-0.360613
-4.22817
0.023374
-0.139862
0.0660999
-0.0091107
-0.00261643
0.0546674
0.0325926
0.17857
0.0221723
-0.116237
-0.135521
0.0667494
-0.0538651
0.172446
-0.0478928
0.0879515
0.0237059
0.104662
-0.184324
0.23164
0.000161016
-0.00446951
0.0979655
0.0781922
-0.071947
0.0796318
-0.0484792
0.0617779
-0.019767
-0.0153614
0.00528902
-0.0797784
0.212813
0.011932
-5.676
0.305956
0.24987
-0.0562198
0.51481
-0.0663537
-0.0264547
-0.0889997
0.656796
0.313876
0.00161875
-0.443091
0.243363
-0.0724158
-0.310788
0.187364
0.072397
-0.254572
0.303705
0.311575
-0.417042
-0.344973
-0.251432
-0.380641
0.493425
0.306708
-0.183103
0.283962
-0.261902
0.256464
-0.349222
0.111989
-0.405573
-0.133133
-0.168724
-0.15359
0.332183
-0.360125
-0.112222
-0.0813062
0.0590023
0.368591
-0.332795
-0.632147
-0.328131
-0.286559
-0.223339
0.0328139
0.400027
-0.223083
-0.0342423
0.42041
-0.102056
0.0788063
0.231009
-0.104831
0.159489
0.196491
-0.163523
-0.185778
0.355335
0.413478
-0.378974
0.227872
0.308263
-0.238289
0.442502
-0.184915
-0.283682
0.238749
0.221865
0.23984
-0.0686488
-0.0930727
0.239042
0.0894541
0.133937
0.244173
0.255516
-0.00681116
0.484706
-0.270081
-0.437169
0.485247
0.487716
-0.425787
-0.182619
-0.393049
0.139739
0.39321
-0.266654
0.154269
-0.445543
-0.177422
-0.08594
-0.395721
-0.195826
-0.522175
-0.0795642
0.0864607
0.25982
0.479935
0.116639
0.147883
-0.0846702
-0.178158
-0.368846
-0.318864
-0.0717322
0.0411446
-0.126171
-0.012355
-0.208682
0.50117
0.0191738
-0.119869
-0.299502
-0.343482
0.07635
-0.298614
0.349174
0.358478
-0.467126
0.370826
0.385542
-0.125413
-0.467895
-0.320959
0.040048
0.414787
-0.307228
-0.402849
-0.170678
0.00766156
-0.176885
-0.222174
-0.388111
0.809995
-0.382899
0.144547
-0.00447148
-0.0666243
0.174974
0.350595
-0.0610978
0.0935822
-0.10239
-0.247494
0.302748
-0.186935
0.269026
0.452414
0.140374
-0.254631
-0.492321
-0.0421955
0.272392
-0.0493296
0.160365
0.265837
0.150381
0.246562
-0.144396
-0.399351
-0.0348491
0.144643
0.10164
0.036362
0.392254
-0.0280955
-0.322611
-0.219577
-0.193022
-0.165246
-0.925542
0.00735167
-0.0297159
0.23667
-0.173097
-0.483686
-0.171326
0.469278
-0.314801
0.244917
0.0736069
0.198174
0.075351
-0.0640894
-0.195871
0.340248
-0.0935897
-0.0176363
0.403818
-0.297896
-0.0492484
-0.206425
0.148424
0.196783
-0.225251
0.285124
-0.150623
-0.304959
-0.135176
-0.125451
0.435542
-0.475977
0.152308
-0.158361
-0.0914056
-0.114921
-0.312628
-0.0226739
-0.429954
-0.398756
-0.0460614
1.03756
-0.0441831
0.198166
-0.289048
-0.168867
0.19504
0.0813585
0.034601
-0.882161
-0.71255
-0.122548
-0.261115
0.27422
0.0321853
0.10891
-0.067525
-0.176639
-0.398662
0.491581
-0.0202134
-0.281912
0.186054
0.44761
-0.290209
0.194036
0.165999
0.281488
-0.422811
0.116051
0.0871665
-0.160916
-0.162369
-0.154569
0.314795
-0.292959
-0.182935
0.386247
-0.435389
0.0777132
0.60462
0.210417
-0.130535
-0.301537
-0.854807
0.0463851
0.380073
0.0318474
0.279513
-0.0145064
-0.11042
-0.300973
-0.125162
0.443621
0.373857
0.347183
0.0965253
0.053745
-0.478812
0.525471
-0.0908194
0.0921401
-0.324781
0.0765155
0.0193662
-0.500082
0.286585
0.399516
0.0858864
-0.169643
0.123025
0.3089
-0.104062
0.166654
0.263409
-0.537713
0.0331428
0.21616
0.098415
-0.120487
-0.185988
-0.0790432
-0.204839
0.262282
0.24594
0.367316
-0.0708568
-1.12206
-0.310177
0.741154
0.436918
0.177731
0.246522
0.0087498
-0.305318
0.357896
0.415486
0.00872346
0.240687
0.0578997
-0.027297
0.210796
-0.186801
0.0429726
0.117347
0.139629
0.252208
0.35517
0.323386
-0.0691243
-0.19113
-0.370955
-0.139863
-0.293281
-0.385651
-0.279816
-0.35085
0.475799
0.419966
0.139041
-0.0886688
0.00483158
0.339267
0.425462
-0.0248963
-0.229885
0.498332
0.00549836
-0.459556
-0.163281
-1.01248
-0.459432
0.257587
0.0883053
0.21572
-0.264582
-0.390692
-0.299157
1.16733
-0.228888
0.0587136
0.252833
-0.176144
0.225154
0.365969
-0.182432
0.477478
-0.16367
-0.408037
-0.171888
0.0694751
0.420822
-0.106546
-0.0813904
0.313419
-0.0706217
-0.181514
0.114411
0.27122
-0.306533
-0.0114746
0.0319709
-0.392985
-0.357147
0.502728
-0.471801
0.184289
0.265212
0.424453
-0.146988
-0.157376
-0.307714
0.507554
0.226431
-0.430965
0.455934
0.238039
-0.260553
0.353692
-0.442741
-0.448786
-0.383531
0.0203824
-0.0804438
0.326548
-0.264797
-0.435087
0.30255
0.233175
0.225798
0.192663
-0.0582709
-0.318636
0.517103
0.271337
0.32419
0.0156721
-0.40925
-0.211489
-0.184563
0.0637189
-0.239773
0.200111
0.125726
-0.167394
0.340879
-0.254698
0.0267945
-0.537606
-0.193892
0.154776
-0.445062
0.0569793
-0.391012
-0.446774
0.338707
-0.412935
0.190601
-0.381122
-0.489956
0.428698
0.0501275
-0.328829
-0.414197
0.938184
-0.602522
-0.369814
-0.0981861
-0.263356
0.0909241
-0.133522
0.445765
-0.140332
0.270347
-0.0315761
-0.143753
-0.251122
-0.0995409
0.111288
0.0181831
0.217471
0.20394
0.179172
0.379285
0.257277
0.115814
-0.20997
0.267476
-0.540412
0.235044
0.307651
-0.371455
-0.203934
-0.45083
0.253271
-0.574508
0.196712
0.176538
0.226736
0.318993
0.494969
-0.12025
0.104972
-0.0471993
0.094909
-0.364289
-0.448348
0.43193
-0.318437
0.454103
0.10231
-0.123581
0.297689
0.303291
0.33105
0.360509
-0.144827
0.193973
-0.381719
-0.0710867
0.193556
0.264706
0.0537226
-0.084141
0.184622
0.216923
0.066427
-0.185363
-0.191475
0.0951302
0.282593
-0.300689
0.328457
0.0571323
0.172062
-0.106743
0.405916
-0.00173683
0.0850211
-0.331836
-0.246669
0.215989
0.475652
0.260879
-0.00750757
-0.181417
-0.281569
-0.358151
-0.100396
-0.047053
-0.134124
0.427637
-0.328109
-0.335132
0.158981
0.407331
0.471633
0.45522
0.319188
-0.476219
0.0356578
-0.17613
0.495004
0.236874
-0.426986
-0.122337
0.487336
0.49409
0.451834
0.27439
0.153131
0.0188065
0.473828
0.232393
0.351998
-0.360955
0.415479
0.47904
-0.0628563
-0.397256
0.00914763
-0.27513
0.449863
0.153345
-0.283794
-0.175413
0.317518
0.0131406
-0.249686
-0.0136808
-0.172805
0.0562965
-0.14956
-0.727291
-0.588055
-0.577016
-0.193065
0.250751
-0.0947962
-0.208636
-0.391214
-0.0649454
-0.352599
-0.0593247
0.130781
0.166974
-0.0215316
0.310067
0.100389
-0.384786
-0.240894
0.488544
-0.144875
0.273963
-0.225145
0.194029
-0.329572
0.158009
0.294644
-0.329782
-0.337346
0.0534317
0.211833
-0.361235
-0.525336
-0.119842
0.43345
0.367282
-0.307543
-0.111214
-0.016284
-0.168056
0.205192
0.409605
0.0247427
0.348127
0.583455
0.302994
0.0677515
0.146112
-0.410208
-0.271947
-0.444457
-0.498053
-0.12601
0.163832
-0.268064
0.112858
-0.308455
0.0847419
0.291202
0.1106
-0.2313
-0.316164
-0.00143473
0.220199
-0.303801
0.403694
-0.255239
-0.332511
-0.187101
0.340878
-0.0911907
0.000960523
-0.147501
0.0587054
0.243045
-0.285509
0.104836
-0.0329706
0.0753039
0.465149
-0.391729
0.313585
0.349268
0.242505
-0.0339667
0.151593
-0.14583
-1.07186
-2.24459
-0.581779
-0.323371
-0.211434
-0.180499
-0.155748
0.187401
0.195566
-0.271677
-0.131106
-0.143227
0.258023
-0.150737
-0.285347
0.0827428
-0.0807741
0.105956
-0.252618
0.00307559
-0.389695
0.368916
0.434299
-0.344581
-0.300178
-0.127003
-0.094022
-0.17227
0.261244
-0.0772286
0.23164
-0.402357
-0.053591
-0.0147857
0.314096
-0.272258
-0.0235183
0.173252
0.151672
-0.113605
-0.075938
-0.316073
-0.0563509
-0.193974
0.413735
-0.0196678
0.0869772
0.295332
-0.0870425
0.293167
-0.326179
-0.519812
-0.201089
-0.457503
0.238279
-0.0679716
-0.444686
-0.267671
0.229034
-0.328491
0.167106
-0.430086
0.329341
0.188675
0.329271
0.0303593
0.168438
-0.492763
-0.487757
-0.181808
-0.1291
0.243618
-0.268179
-0.381136
0.196078
-0.222744
0.102872
-0.155059
0.44843
-0.390257
0.26818
0.0691878
0.169605
-0.162234
0.0973202
0.366773
-0.202255
-0.341264
0.168817
0.327844
-0.0209718
-0.180293
0.117345
0.0915769
-0.229486
0.328753
-0.0270957
0.0379826
-0.46251
0.0656606
-0.482516
0.123132
0.374742
-0.172594
-0.191485
0.300054
-0.549757
0.142119
-0.294753
0.153296
-0.386125
-0.574688
-0.251219
0.086893
-0.0266214
-0.272617
-0.1463
-0.423738
0.0177398
-0.0723639
-0.436171
0.082984
0.140354
-0.740171
-0.00484161
0.408675
-0.397617
0.000933316
-0.0997774
-0.619099
0.455793
0.259004
0.222227
0.124885
-0.301329
-0.285849
0.401505
0.0585642
-0.277145
0.0117087
-0.290074
-0.173053
-0.138493
0.484856
0.357357
-0.481812
0.149924
0.207969
0.248516
-0.0609524
-0.0661959
0.329575
-0.366861
0.120324
-0.292928
-0.312289
0.00155555
0.13731
-0.498621
-0.127305
0.351472
0.149114
0.0334269
-0.418434
1.07183
-0.42733
-0.680817
-0.458146
0.125583
-0.314931
0.0588177
-0.105864
1.66496
-0.33397
-0.126604
-0.167816
0.0634626
0.231129
-0.54029
0.268265
0.0336158
0.0490465
0.179773
0.165084
0.0567892
-0.0720575
0.262059
0.387833
0.310015
-0.285519
-0.294095
-0.192662
-0.0502526
0.0486427
0.20095
-0.351085
0.312004
-0.0294983
0.193302
-0.00639842
0.30837
0.0143927
-0.492771
0.355015
0.495983
-0.089716
-0.346779
1.19792
-0.0210977
0.226917
0.288982
0.278999
0.10096
-0.0194248
0.399834
0.308854
-0.29608
-0.20921
-0.121331
0.104989
-0.29804
-0.159435
-0.0114207
-0.216264
0.360403
-0.127428
0.197372
0.352659
0.0601149
-0.185084
-0.56457
0.0670798
0.270872
0.369365
0.166601
-0.346763
-0.357091
0.110958
-0.0324209
0.173233
0.419889
0.258088
-0.343245
0.0324157
-0.274118
0.131253
0.229328
0.0615304
-0.108814
-0.388042
0.0451063
0.189932
-0.373756
-0.196436
-0.352727
0.314765
-0.16738
-0.251788
-0.648594
-0.465864
0.340951
-0.0977553
0.296002
0.306665
0.259897
0.15652
-0.398383
-0.18471
0.0142451
0.266818
-0.243515
-0.462262
-0.220624
0.159046
0.307856
0.361654
-0.169081
0.283596
0.385011
-0.0529735
0.391441
0.241854
-0.403618
0.400101
-0.414446
-0.457912
0.205111
-0.0658604
0.165202
0.0481264
-0.229764
0.300642
-0.369683
0.555876
0.0341745
0.234842
0.376358
-0.18301
0.454708
-0.173106
0.41878
0.549404
0.341537
-0.134235
0.0454899
0.218821
0.0767945
0.171427
-0.295194
-0.454442
-0.132366
0.217658
-0.224822
-0.237121
-0.283503
0.2387
-0.256233
-0.365108
0.342768
0.288235
-0.0492411
0.397815
0.346068
0.170694
0.295727
0.381467
0.391267
0.443069
0.154964
0.196785
-0.337337
-0.143627
0.148732
0.320323
0.325065
0.164321
-0.473002
-0.33912
0.0120913
0.472168
-0.267839
0.161432
-0.403937
0.431342
0.818937
0.119795
-0.446589
0.0685
0.285864
0.475659
0.254605
0.0780199
0.311486
-0.187834
-0.174281
0.0151321
0.0526091
0.0659946
-0.0441651
0.243553
0.00795902
0.203343
0.222772
0.335711
0.0622652
0.359135
0.00673745
0.181705
-0.0292772
0.390416
-0.161298
-0.38035
-0.1423
0.459374
-0.482534
-0.361755
0.299284
-0.0217436
0.156975
0.107806
0.184729
-0.391773
0.335339
0.129325
0.259734
0.0552166
-0.237898
1.92743
0.685965
-0.0288433
0.116108
0.11966
-0.166411
-0.0518703
0.166234
-0.298403
0.149793
-0.100189
0.365041
-0.015594
0.221034
-0.126578
-0.0355664
0.259684
-0.321232
-0.00413672
-0.32951
-0.183624
0.0312194
0.121545
0.043045
-0.34144
0.387233
0.371776
-0.30698
-0.335254
0.258188
0.210716
0.0934622
-0.214069
0.152508
0.106772
1.18877
0.0784214
0.141201
0.0231164
0.0287452
-0.0327359
0.266767
-0.423871
-0.0208307
0.448036
0.319891
0.253517
-0.105012
0.461914
-0.404519
-0.000397467
-0.157628
-0.127471
0.145966
-0.255905
-0.166649
0.198946
0.146959
0.199896
0.319231
0.338115
-0.246031
-0.0296824
-0.299083
-0.441757
-0.498435
-0.00854186
-0.0469424
-0.0203813
-0.486454
-0.0330064
0.13043
0.0863161
-0.0360198
-0.285649
0.34109
-0.170295
0.399415
-0.553201
-0.119677
0.398415
-0.0737494
-0.298536
0.0838227
-0.0865987
-0.112107
-2.35298
-3.73387
-0.0733246
-0.0712912
0.129275
-0.00543567
-0.0664065
-0.140085
-0.0314029
0.165018
-0.0611399
-0.0626269
-0.165594
0.102706
0.15346
-0.0969823
-0.0179664
-0.105502
-0.0487477
0.0853196
-0.154606
-0.00713273
0.0362297
0.17134
-0.199711
0.280365
0.0476418
-0.0491139
-0.244354
0.126461
0.0325849
0.142059
0.0240983
-0.122384
0.0766421
-0.718216
0.477657
0.0187355
0.399851
-0.271448
-0.335036
-0.364138
-0.26605
-0.581357
-0.411567
-0.256802
-0.0624286
-0.269375
-0.161298
0.382291
0.343908
-0.39395
0.238437
-0.184685
-0.419649
-0.101833
-0.237278
-0.0845219
0.302709
-0.424308
0.109208
-0.248777
-0.381981
-0.228172
-0.170414
-0.245914
0.390072
0.0482002
-0.299466
0.0192228
-0.0796545
-0.293884
0.153673
0.00336351
0.245233
0.158035
-0.380784
-0.311157
0.121602
-0.250028
0.0635321
0.228175
0.0602601
-0.409386
0.41905
-0.458046
0.157245
0.0332127
0.0320609
-0.17237
0.41677
0.237559
0.165623
-0.036445
0.0254877
0.0342024
-0.0888146
0.144303
-0.241734
0.0571863
0.447646
-0.279953
-0.162012
-0.122098
-0.126582
-0.0670948
0.1098
-0.0104747
0.0680337
-0.13819
-0.0372419
-0.362392
-0.00509629
0.157981
-0.0658226
-0.477098
-0.31888
0.391992
-0.43829
-0.301323
0.05974
-1.04023
-0.123403
-0.805939
0.558135
0.192099
-0.368406
-0.0464132
0.185405
1.84473
0.120299
-0.254961
0.199126
0.12394
-0.328542
0.124599
0.126262
-0.0257857
-0.067071
-0.000907698
-0.266699
0.210505
0.182021
0.154483
0.0980593
-0.103106
-0.249456
0.049773
0.294878
-0.206854
-0.391108
0.399091
-0.156264
-0.308689
0.00887756
-0.277912
-0.200574
-0.0526622
-0.0811206
0.436594
-0.157177
-0.216519
0.190627
-0.0480441
1.61559
-0.247297
-0.382462
-0.169739
0.182183
-0.290926
-0.497542
0.384785
-0.553445
-0.366759
-0.0211765
-0.0275758
-0.284854
0.517518
-0.379942
0.0667827
-0.337091
0.251599
0.216188
-0.138543
0.339755
-0.219072
0.122266
0.222341
-0.21631
-0.315573
-0.448388
0.358137
0.360183
-0.0307792
-0.485196
0.367105
0.0925015
0.249427
0.317818
-0.180569
0.249207
-0.340393
-0.351663
0.207335
-0.258911
-0.269555
0.0968365
0.154951
0.415206
0.433708
0.351227
0.352567
0.00606934
0.121691
-0.358725
-0.34687
-0.877074
-0.445984
-0.0779586
0.0103617
-0.116746
0.215799
0.159107
0.330384
0.170657
-0.186016
-0.476968
0.254614
0.282898
-0.243624
0.343752
-0.214585
-0.456643
-0.251489
-0.41912
-0.426463
0.42031
-0.291585
0.0331597
-0.417118
0.00642045
0.205049
-0.140121
0.277254
0.118871
0.145327
0.141231
-0.407875
-0.179665
-0.0263452
-0.188943
0.0687986
0.310342
-0.275195
-0.379888
-0.104656
-0.358308
-0.323512
0.603029
0.852131
-0.125448
-0.115114
-0.0234986
0.247268
0.42761
-0.0354146
0.442866
-0.0474959
0.366861
-0.188962
0.376639
-0.183147
0.0371715
0.0882521
-0.146506
-0.269099
-0.00299475
0.060127
-0.185466
0.0771073
-0.227299
-0.0852988
0.48912
-0.183248
-0.336876
0.0894153
0.188755
-0.277066
-0.401493
0.224217
-0.438031
-0.251853
0.181078
-0.0933123
-0.457081
0.554973
-0.151602
-0.381613
-0.326586
-0.0231586
0.110776
0.463513
0.000391633
0.387846
0.0151773
0.420733
0.356657
0.105302
-0.097864
-0.21336
-0.37902
-0.0521742
-0.446904
-0.368555
-0.0908979
-0.0116451
-0.110929
0.537093
-0.055384
0.295094
0.249657
0.392903
0.291424
-0.149683
0.181849
0.32282
-0.0121124
-0.194126
0.165772
0.021016
0.237038
-0.0271615
-0.208432
-0.362395
-0.136838
-0.0769562
-0.364161
-0.221595
-0.297517
0.23559
0.355837
0.368019
-0.346461
0.0185573
-0.738206
-0.396515
-0.351142
-0.0485068
0.00195709
-0.0785988
-0.217901
0.221341
0.0379089
-0.199906
-0.321009
0.0492697
0.389759
0.18866
-0.450672
-0.176263
0.272703
0.0666161
0.344792
-0.0642096
-0.148979
0.374291
-0.310911
-0.298509
0.211648
-0.0970345
-0.251464
0.149736
0.192591
0.123913
-0.095958
-0.186196
0.206526
-0.509498
0.258612
0.785368
0.0139065
0.379928
0.238388
0.126635
0.403765
0.0662918
-0.133723
0.200591
-0.189378
-0.0684181
-0.165169
-0.0825006
-0.30861
0.316206
-0.112413
0.393283
-0.381635
0.088945
0.40135
-0.337337
0.386579
0.271245
-0.0946341
0.018919
0.450532
0.292254
0.30395
-0.0992593
-0.193828
-0.198182
0.146443
-0.149783
-0.219412
0.325999
-0.0411661
-0.0333726
0.273009
0.120035
-0.066095
-0.0824846
-0.0377123
0.164968
0.333403
-0.471996
0.295826
-0.148571
0.160803
0.321881
0.198808
-0.450984
0.129042
0.293855
-0.343285
-0.541633
-0.364533
0.275865
0.0969216
-0.0846794
0.226993
-0.383191
0.344123
-0.320902
-0.369477
0.33517
0.0113135
-0.363332
-0.216443
-0.226437
-0.109529
-0.00210107
0.386892
-0.144035
-0.263699
0.346205
-0.40058
-0.246877
-0.479745
-0.318018
-0.15512
-0.0409154
-0.0363845
-0.373772
-0.372973
-0.235525
-0.216236
0.196085
-0.549116
-0.439462
0.433994
-0.0178996
-0.25041
0.00766119
-0.468292
-0.200222
0.177499
0.496308
0.209424
-0.0169534
0.20217
-0.308556
-0.332097
0.461503
0.165693
-0.00294832
0.0500871
-0.231943
-0.21205
0.407888
-0.36497
-0.0866556
0.251292
0.347795
0.497849
-0.151623
-0.220943
-0.418011
-0.181845
-0.0455373
0.218818
0.19677
0.416861
0.07489
0.118201
0.157317
-0.125949
0.407961
-0.00670449
-0.51258
-0.117059
-0.333922
0.478716
0.42352
0.281692
0.0321483
0.385154
0.0247417
0.47185
-0.484451
0.257834
0.171128
0.0746117
-0.0236903
-0.119504
0.337234
0.345992
-0.205524
-0.182772
0.216105
-0.143307
-0.167414
-0.129747
-0.318931
0.212698
0.0954356
-0.0469046
-0.337053
0.217968
-0.264925
0.122453
0.360184
0.385104
-0.502326
-0.465975
0.0624147
-0.00787324
0.141154
-0.440028
0.369685
-0.472857
0.143053
-0.0482257
0.175935
0.241673
-0.0998664
-0.306577
-0.139092
-0.00122253
0.40682
-0.0579669
0.0276397
0.101039
-0.00646223
0.0163488
-0.497769
0.108842
0.277473
0.389544
-0.415821
-0.474837
-0.485838
-0.468371
-0.0553676
0.179866
-0.467074
-0.444093
0.00535651
0.243624
-0.0431864
-0.0649094
0.405249
0.195183
-0.00773864
-0.239633
-0.477651
0.084464
0.0318587
-0.467416
-0.287023
-0.00771668
0.360421
-0.222041
-0.42216
-0.356182
-0.354063
0.272719
-0.0231484
0.197074
0.0886155
-0.182168
-0.43652
0.0139914
-0.319366
-0.266989
0.351866
0.139226
-0.195997
0.296943
-0.411853
-0.377319
-0.308341
0.239114
0.360761
-0.135283
-0.522185
-0.334526
-0.0862185
0.097342
0.412641
-0.45834
0.193362
0.361551
-0.0299666
-0.314595
0.081135
-0.157276
-0.354222
0.109859
0.427366
-0.424778
0.191623
-0.317419
-0.489633
-0.488302
-0.206725
-0.243275
-0.215035
0.0427917
-0.268191
-0.41516
-0.309718
-0.0131559
-0.192944
0.332909
-0.259128
-0.515753
0.185229
-0.353645
-0.401881
0.465509
-0.106051
-0.303476
-0.269628
-0.0351693
0.0154121
0.376191
0.174894
0.246214
-0.0201936
-0.296507
-0.34646
-0.535588
-0.135108
-0.274701
-0.373278
-0.110046
-0.165903
-0.381969
0.156193
0.132299
0.00681259
0.279743
0.124257
-0.235005
0.257142
-0.104938
-0.380778
0.202653
-0.0268795
0.0348527
-0.341504
-0.404749
-0.159637
0.4256
-0.106547
0.207795
0.00933434
-0.0380384
-0.507255
-0.204782
-0.486621
-0.401946
0.197166
-0.261906
0.0265074
0.0435726
0.258303
-0.114872
-0.323692
0.0785549
0.118341
-0.0617596
-0.0755699
-0.382241
-0.0974653
0.00498001
0.47366
-0.0263742
0.189784
0.208286
-0.258617
0.014733
0.421178
-0.0269997
0.0487021
0.0313188
0.0659923
-0.493932
-0.435451
-0.0613423
-0.0516165
-0.174169
0.227451
-0.862836
-0.136141
-0.0836634
-0.115711
0.519639
-0.711561
0.373481
0.00682468
-0.262723
-0.19365
-0.0108691
-0.0537204
-0.478898
0.0782118
0.244305
-0.272186
0.0918102
0.106489
-0.00932002
0.833989
-0.219502
0.0775178
-0.477352
-0.183658
-0.122188
-0.0783187
0.179863
-0.0920222
-0.0952389
0.305944
-0.24828
-0.00964115
0.429187
0.000703934
0.00952593
0.321879
-0.00828122
0.201661
-0.213131
-0.169295
-0.553443
-0.119366
0.221528
-0.440897
-0.431627
0.0392937
0.362219
-0.378967
0.00770779
0.155551
-0.330729
-0.0648765
-0.142583
0.111726
-0.413368
0.310594
0.0171385
-0.0799302
0.0722886
-0.211854
-0.242912
0.263306
0.48224
0.410144
-0.364732
0.584885
0.130944
0.513314
0.200311
-0.402389
-0.0351958
-0.283266
0.501532
-0.674591
0.296108
0.338602
0.354765
-0.388486
0.465713
0.171043
0.149107
0.0577273
0.520891
0.325723
0.330821
0.457332
-0.182471
-0.159377
0.404663
-0.0900511
-0.260512
-0.0866076
0.0170486
0.68923
-0.31
0.270775
0.21736
-0.0793635
-0.00654293
-0.284696
-0.161329
-0.191025
0.131579
-0.475568
-0.266362
0.517416
0.435502
0.499709
0.470163
-0.394756
0.282926
-0.381508
0.453001
-0.303357
0.46147
-0.21295
0.446104
-0.0546848
0.122413
-0.0497121
-0.231326
0.193207
-0.28076
-0.403876
0.545467
-0.0981045
-0.0267249
0.220039
-0.0352027
0.150608
0.190028
-0.065342
0.0360691
0.0765877
-0.357909
0.438475
-0.0160043
-0.388476
0.221502
-0.170879
0.326692
0.24394
0.068271
0.514969
0.0430986
0.372498
-0.0481972
0.384597
0.471361
-0.296313
0.176089
0.479299
0.152336
0.425964
-0.456767
-0.40521
-0.223846
0.129165
0.365477
0.481819
-0.054892
-0.229466
0.13145
0.183116
0.146937
0.267694
-0.275184
0.164583
-0.362106
-0.371627
-0.281504
-0.350979
0.0231252
0.210678
-0.105567
-0.220345
0.204046
0.0798877
0.533292
-0.125473
0.41063
0.46209
-0.288885
0.0283993
0.594864
0.358844
0.157135
-0.0841386
0.404162
-0.054753
0.478687
0.333791
0.277317
0.31875
-0.474855
0.401881
0.192831
-0.371383
0.217251
-0.142991
-0.0738995
-0.234102
-0.432734
0.301469
0.281129
0.360709
0.306325
-0.215956
0.393542
0.263715
0.497288
0.488101
-0.315358
-0.28266
0.472857
0.326494
0.299462
0.474302
-0.467403
-0.153749
0.0555993
0.0204435
0.147902
0.432609
-0.186069
-0.448492
0.403379
-0.230238
0.179436
0.150947
0.122026
0.444269
0.392568
-0.254586
0.0656541
-0.320645
0.215728
0.204096
0.255572
0.663377
-0.0569353
0.267476
0.0333982
0.396381
0.231757
-0.482409
0.225769
0.328466
0.0532623
0.241693
0.108262
-0.227741
0.460033
-0.277861
0.196792
0.157707
-0.0237948
0.337605
-0.443487
-0.0763316
-0.385408
0.0529146
0.275016
-0.321374
0.483741
0.436841
0.0577883
-0.403185
-0.214245
0.276385
-0.151712
-0.302346
0.495952
0.360812
0.100922
0.182984
0.423214
-0.119402
0.338371
0.308851
0.084366
0.329626
-0.123843
0.571228
0.393207
0.168445
-0.295497
0.173065
0.61579
-0.243481
-0.529026
0.00840392
0.293258
0.410334
0.104862
0.372819
-0.0477403
-0.153548
0.428698
-0.353799
0.287887
-0.0137045
0.186619
0.633357
0.331779
-0.127724
-0.19114
0.299709
0.820991
0.0444682
-0.375973
0.14319
-0.267874
-0.0576228
0.279831
-0.138813
-0.228415
-0.038026
-0.100844
0.443881
0.0662925
0.313929
-0.521814
0.500036
0.442716
0.0685821
-0.128953
-0.280846
0.477354
-0.242174
0.0843965
0.118228
-0.525854
0.0931701
-0.140203
-0.378491
-0.465301
-0.474983
0.253485
-0.0795608
-0.102982
-0.527674
-0.152244
-0.380792
0.44434
-0.240644
0.186322
-0.348956
0.272225
-0.524478
0.214464
-0.136984
-0.204936
-0.400102
-0.324719
-0.141463
-0.274729
0.122012
-0.350962
-0.393151
0.238317
-0.430729
0.168635
0.000578369
0.452591
-0.225754
-0.187425
0.217527
0.142796
-0.249074
0.45293
0.305027
-0.0296624
0.457147
0.0995774
0.103734
0.0889203
-0.0714125
0.269637
0.554389
0.435185
0.358395
-0.408551
-0.249545
0.0260575
0.332136
0.407722
0.126586
0.289673
-0.0562888
0.0158504
0.572874
-0.166398
-0.000683208
0.24654
0.554196
0.278364
0.340413
0.240506
-0.151691
-0.187551
-0.254684
-0.179997
0.372197
0.26608
-0.116037
-0.533141
0.0638574
-0.185893
0.114476
0.0493613
0.158039
0.189405
0.179593
0.162906
-0.128194
-0.240073
0.0375105
-0.445431
-0.0814121
-0.31444
-0.358817
-0.144196
-0.0502452
-0.454865
-0.159156
0.0770852
-0.155782
-0.491029
0.267608
-0.158863
-0.0593896
-0.141025
0.191538
-0.25441
0.215121
-0.421364
-0.265539
0.0291946
0.0751288
-0.180487
-0.259995
-0.477421
0.372172
-0.283197
-0.412691
0.232419
-0.444224
-0.350429
0.0851326
-0.331796
0.527986
0.154172
-0.335556
0.362667
0.301545
-0.157303
0.352749
-0.0298311
-2.59275
0.679629
0.102262
0.026024
0.374027
-0.355936
-0.0134141
0.9612
0.330094
0.494769
0.524738
0.514123
0.175358
0.294637
-0.0160674
0.131972
-0.337161
-0.0152221
0.295034
-0.377808
0.159163
0.603239
-0.212089
-0.0240363
-0.0831061
0.286576
0.618061
-1.29233
0.256541
0.428622
0.389533
-0.322861
0.0416503
0.314165
0.604807
-0.252532
-0.366875
-0.295841
-0.000191633
0.548255
0.227472
-0.301738
0.626323
0.42876
-1.06122
0.428663
0.433492
-0.128316
-0.256434
0.414827
-0.172058
0.293657
0.630966
-0.035616
-0.0983215
-0.0355605
-0.194295
-0.160673
0.443526
-0.0366443
0.219987
0.0924728
-0.290852
-0.353679
-0.201808
0.197647
-0.268356
0.619978
0.342533
0.609033
-0.251914
-0.504101
-0.137312
0.211012
0.689178
-0.23889
-0.205518
0.202941
0.543204
-0.0795976
0.316424
0.085133
-0.122457
-0.259311
-0.466455
-0.337417
-0.145248
-0.507589
-0.598545
-0.162817
-0.0313274
0.57617
-0.301132
0.666066
-0.125805
0.137561
-0.69085
-0.305297
-0.518054
-0.296564
0.386886
0.0266792
0.00881447
0.371265
-0.59962
0.147969
0.155464
0.593011
0.29639
0.396238
0.537396
-0.321415
0.388789
0.411272
-0.420054
-0.619976
-0.410683
-0.441014
0.0480641
0.634643
-0.275467
0.288104
-0.333549
0.421736
-0.355407
0.114465
0.104222
0.189855
-0.169394
0.194121
-0.321138
0.202979
-0.353082
-0.246817
0.263891
-0.322858
-0.531713
-0.215964
0.395816
-0.093812
0.299387
0.439358
0.246456
-0.514408
-0.037536
0.126344
-0.188024
-0.08698
0.399064
0.242482
-0.272727
0.121613
-0.44183
-0.097176
0.0371321
0.00926469
-0.395149
-0.199061
-0.218254
-0.0305627
0.0970338
0.220363
-0.663524
0.198437
0.314649
-0.260269
-0.195206
-0.360718
0.412955
0.330367
0.447715
0.51934
-0.139093
-0.143387
0.416521
0.342595
0.172711
0.333454
0.437311
-0.271187
0.293299
-0.381837
0.349827
0.310651
0.257224
-0.369623
0.475554
0.0658989
-0.360876
-0.270269
0.217221
-0.336798
-0.342473
0.166045
-0.313456
0.0179729
0.344144
-0.0163204
-0.285497
0.36876
0.189739
0.0497468
0.29029
-0.0607233
0.140906
-0.17821
0.459056
-0.313855
-0.295429
-0.01338
0.136618
-0.013223
-0.362143
0.356891
0.387169
-0.493327
-0.243477
-0.382073
-0.407999
-0.128431
0.000268614
0.23975
0.321035
-0.463877
-0.336672
0.32501
-0.470944
-0.503614
0.233984
-0.130483
-0.394238
-0.244604
0.316141
0.159017
-0.254796
0.268257
0.0377517
-0.0160236
-0.520907
0.0898626
0.158385
-0.43228
-0.0634201
0.0351627
-0.520254
-0.134248
0.282809
-0.358545
-0.26923
0.421867
-0.0392042
-0.175339
0.0212713
-0.405085
0.20673
-0.486621
-0.465447
-0.294776
0.139283
-0.105046
0.257527
0.394012
-0.265775
-0.211283
-0.224226
-0.33984
-0.192196
0.0164091
-0.446644
0.469149
-0.431579
-0.221989
0.229637
0.120217
0.00209793
0.450775
-0.324783
0.232128
0.114145
-0.319143
0.497723
-0.0230986
0.560199
-0.0122528
-0.00102822
0.279787
0.251309
0.391804
0.199852
0.567572
-0.164191
0.229277
0.300895
-0.103159
-0.264787
-0.275136
0.0481864
0.0651698
0.119462
-0.364545
0.197007
-0.520514
-0.23716
-0.0929241
-0.317494
0.179606
-0.343787
-0.180149
-0.213912
0.10382
-0.170631
-0.0925121
-0.38548
-0.0164086
-0.361492
-0.142551
-0.558969
0.0602065
0.131161
0.143819
0.120351
-0.0651555
-0.403016
-0.256474
-0.0432144
0.0246198
-0.363916
0.0663052
-0.0341297
-0.387407
0.172006
0.114058
-0.0259203
-0.146276
0.203157
-0.0922332
0.132299
-0.267717
0.443202
0.397263
0.415189
-0.316644
0.487564
-0.207526
-0.158837
-0.260594
0.219387
0.353648
-0.0270969
-0.0658747
0.275755
-0.301893
0.411119
0.226168
-0.170502
0.290658
0.227379
0.161277
0.0418347
0.321888
0.367124
-0.235446
0.021138
0.29768
-0.0853081
0.00619401
-0.326521
-0.148976
0.466455
0.231166
-0.163651
-0.124718
0.316426
0.0705161
-0.142695
0.235563
0.53148
0.0706856
0.427312
-0.384914
0.386773
0.432398
-0.517216
-0.110846
-0.209577
0.0545412
0.134582
0.175382
-0.0346338
-0.341598
0.431025
0.270286
0.235168
0.365173
0.23454
0.180049
-0.233426
0.341316
0.0639084
0.376023
0.414885
-0.204778
0.122808
0.430859
0.0832978
0.25641
-0.157451
0.0329251
-0.218612
0.256137
-0.386133
-0.180259
-0.237193
-0.167035
0.321505
0.413728
0.0154775
0.440367
-0.486068
-0.20685
0.406628
0.454048
0.369103
0.208775
-0.251578
0.396234
0.264847
0.136043
0.0313077
-0.3728
0.298015
0.472622
-0.451696
0.0250346
-0.267253
0.656389
0.206916
0.310561
0.0194052
0.180225
-0.606157
-0.168041
0.400067
0.0260052
0.406132
0.0191967
-0.218474
-0.191614
-0.19032
0.57321
0.366469
0.408381
-0.258671
0.318704
-0.195179
-0.241473
0.0047332
0.198547
0.134078
-0.349438
0.399131
0.0218818
-0.670404
0.0589896
0.426343
0.17749
0.29813
0.105725
0.258234
0.381155
-0.0110214
0.205717
0.454104
0.213181
-0.351856
-0.112635
0.00719164
0.460817
0.328503
0.315275
-0.216423
0.0594113
0.164723
-0.0287721
0.50137
-0.257895
-0.222446
0.453105
0.424385
0.336185
0.225452
0.113932
0.210324
-0.199461
0.357406
-0.257261
0.0456052
0.403161
-0.087141
-0.107778
-0.0614678
-0.14362
0.409404
-0.208558
0.422115
0.0283
-0.482858
-0.0342552
0.235007
0.0572893
0.433391
0.291334
0.0403682
0.203424
0.39536
-0.00680304
0.367265
-0.411619
-0.389716
0.0869065
0.231363
0.0557896
0.10432
-0.178216
0.313567
0.0469971
-0.5383
-0.403952
-0.528782
-0.278687
-0.358467
0.0811257
-0.384785
0.35848
-0.209664
0.299844
-0.156419
0.0332093
0.431084
0.360089
-0.126158
-0.0965429
-0.0480689
0.363137
-0.318213
0.163527
-0.287166
-0.108982
-0.35723
-0.203268
-0.324908
-0.421021
-0.37473
-0.0374043
0.336136
-0.40391
0.35985
-0.118723
-0.304406
-0.33991
-0.246598
-0.539975
-0.0494401
-0.239809
0.265467
-0.20933
-0.515088
-0.0250007
0.11564
-0.210101
0.25821
-0.247319
1.14266
-0.195594
-0.331821
-0.557207
-0.424836
0.533147
-0.35317
0.125365
-0.227387
-0.735924
0.362827
-0.895931
0.0161118
0.1841
-0.210277
-0.157401
0.424006
0.494366
0.106798
0.713718
-0.580513
-0.380953
-0.157384
-0.290505
0.13007
-0.569677
0.0148395
0.951496
0.230701
-0.0698497
-0.76411
0.194761
-0.483906
-0.0519513
0.0514411
0.0731736
0.291658
0.301724
0.327905
0.0448968
0.429597
-0.154502
-0.188861
0.284676
0.0950852
0.425306
-0.376245
-0.0600887
-0.438586
0.337724
0.0917287
0.349936
0.0674619
-0.398113
0.18344
-0.374343
-0.180979
0.220807
-0.0718504
-0.0826493
0.442166
0.285255
0.294449
0.623892
-0.486652
0.364176
0.429432
-0.262722
0.0540903
0.346811
0.226863
-0.262796
0.223176
-0.034332
-0.493038
0.0152181
0.184124
-0.0691718
0.111281
0.237225
0.367905
-0.078987
-0.541648
-0.417239
-0.321433
-0.312582
-0.113293
0.136526
-0.324065
-0.417645
-0.519978
-0.0283514
0.229628
-0.00588669
-0.517753
-0.297428
-0.262922
-0.519845
-0.0143231
-0.166866
0.35676
-0.0018874
-0.266756
-0.336885
0.0735704
0.267365
-0.244911
-0.0723005
0.0274467
0.369519
0.25745
-0.280873
-0.241493
-0.127763
0.176682
-0.437172
0.148287
0.157688
-0.260201
-0.0888479
0.321081
-0.571213
0.373112
-0.167127
0.231961
0.208396
-0.115964
-0.197826
0.0295408
0.0628143
0.567167
0.359854
-0.358544
0.284792
-0.334404
0.0498487
-0.294452
0.325118
0.422473
-0.169939
0.0848021
0.250375
0.391703
0.0571317
-0.175754
-0.146799
0.115972
0.397204
-0.191233
-0.177572
0.16144
-0.425072
0.0924469
0.171965
-0.407372
0.397077
-0.493162
-0.171335
0.26718
-0.358845
-0.480806
-0.145413
0.0678816
0.148635
-0.0634845
-0.0516024
0.101484
0.449375
0.533376
0.220788
0.183392
0.606444
-0.0258281
0.221905
-0.080487
-0.450689
-0.644283
0.170672
0.283741
-0.307725
0.164769
0.268528
-0.526925
0.239068
-0.23341
0.725522
0.103819
0.414281
-0.0336789
-0.0332724
0.0183145
0.20867
0.300306
0.253497
0.214818
-0.191828
0.338006
-0.282649
-0.340055
0.444863
0.504335
0.843459
0.225114
-0.1865
-0.339467
0.387116
0.482891
0.0244928
0.0855143
0.3551
-0.109865
0.314345
-0.0753292
0.0348137
-0.0739165
0.223921
-0.305921
-0.336269
0.0277692
-0.309374
-0.0562604
0.457943
0.194297
0.326665
0.516798
-0.211223
-0.0922634
-0.151816
-0.00889763
0.281931
-0.106537
0.243643
-0.173536
-0.0233234
-0.420685
-0.21469
-0.10657
0.239473
0.306941
0.430395
0.37834
-0.00801434
0.10943
-0.266222
-0.25032
-0.0526813
-0.264076
0.0482198
0.404361
-0.312977
-0.0513191
-0.305672
0.266793
-0.131016
0.0421731
-0.364974
0.326386
-0.137566
0.200105
0.322605
-0.134136
0.187538
0.0116587
-0.119439
0.333829
0.277271
-0.0466285
-0.426022
-0.402444
0.235825
-0.564193
0.327543
0.391002
0.323038
0.543776
0.306562
0.13688
-0.201084
-0.105593
0.371991
-0.150717
-0.334423
0.202743
0.357816
-0.00249905
0.24433
-0.200286
-0.296891
0.376249
0.0831764
-0.0206017
-0.47743
0.224
-0.166195
0.0711788
-0.0665836
-0.232792
0.157834
0.414467
0.213701
0.140894
0.30106
-0.395886
-0.433418
-0.0203168
0.067336
0.505903
-0.359404
0.00967066
0.3661
0.260876
-0.392029
-0.000876864
-0.126649
0.280268
-0.488721
-0.121609
-0.16707
0.115143
0.262419
-0.434933
0.0526551
-0.228033
-0.0220836
-0.546412
0.267545
-0.244892
-0.503211
-0.375868
0.218626
-0.513445
-0.532411
0.122451
-0.491138
-0.00987583
-0.192382
0.227209
-0.428356
0.299918
-0.137086
-0.455255
-0.489969
0.00351919
0.20582
0.233894
0.142656
0.435617
0.314734
0.0620556
-0.214489
0.449965
0.140424
-1.07883
0.320627
-0.379162
-0.316696
0.0344584
-0.220113
-0.377962
0.781888
0.577325
-0.386816
-0.111142
-0.199847
0.613203
-0.0963086
-0.153487
0.391511
0.0657485
-0.121446
0.509442
0.0625529
0.123468
-0.269023
-0.342233
0.256306
0.539571
-0.339173
0.384796
-0.392879
0.187568
-0.224553
0.555127
-0.0710868
-0.261841
0.156087
0.332915
-0.260199
0.216901
0.0073538
-0.177069
0.12035
-0.318237
-0.484069
0.39997
-0.0917363
0.3019
-0.374422
0.131272
-0.275754
-0.38253
-0.0431176
-0.563928
0.0549644
0.433007
0.295167
-0.139731
-0.315228
-0.0576662
0.196145
-0.261646
0.115443
0.309274
-0.233897
0.117573
-0.23876
0.433265
0.357123
-0.27797
0.47714
0.0814487
-0.0134758
-0.282101
-0.0789468
-0.397788
0.313316
0.294737
0.260989
-0.459968
-0.391463
-0.345753
0.350828
-0.133109
0.0480516
-0.093411
-0.234657
-0.212288
0.458776
0.364524
-0.360717
0.523715
0.52201
0.197784
-0.428336
0.137635
0.229146
0.234409
0.220167
-0.210559
-0.00738742
-0.178038
0.176964
-0.296565
0.407165
-0.000579237
-0.248396
-0.415092
-0.125431
0.0193159
-0.0992492
-0.0308961
-0.429994
0.525744
-0.359893
0.550451
0.555781
-0.115738
0.00950289
0.14793
0.0739663
-0.110968
-0.0829959
-0.158805
-0.210816
0.274895
0.104727
-0.154048
0.468242
-0.212682
-0.543643
-0.379548
0.475821
-0.37431
0.244649
0.696318
0.0297977
0.0587038
-0.428869
-0.522814
-0.440943
0.302193
0.462502
0.413379
-0.555583
0.00697547
-0.168119
-0.234337
-0.389801
0.345751
0.239001
0.159395
0.335042
0.331947
-0.103584
-0.524041
-0.286808
0.238626
0.36433
0.144659
-0.224698
0.366014
0.523845
-0.359145
0.253249
-0.178129
-0.511954
-0.0118466
-0.198176
-0.317741
0.273847
-0.0650005
-0.249221
-0.0535917
-0.0685521
0.16521
-0.141801
0.267036
-0.749993
-0.352025
0.762565
0.206352
0.195997
-0.297919
0.504208
0.654205
0.121595
0.227139
0.00137453
-1.79238
-0.653415
-0.521572
-0.381116
0.00152581
0.238248
0.179894
-0.18052
0.194888
-0.103574
-0.454162
0.0445948
0.0780736
0.502925
-0.181372
0.0243691
-0.0115989
0.337962
0.113838
0.297613
-0.132216
-0.308981
0.165652
0.386477
-0.182315
