#input normalization
0.160589 0.269496
10.882 17.9622
12.4773 30.703
10.3841 27.8963
0.0127932 0.0334656
0.0108986 0.0284936
0.52601 1.31785
0.823961 1.14631
1.01646 1.32786
1.23048 1.51654
1.47696 1.68552
1.73 1.83539
1.9743 1.96587
2.21076 2.0781
2.44645 2.16709
2.69244 2.17746
38.6193 50.1293
1 -1
#output normalization
1 0
#neurons weights
0.221829
0.314729
-0.398248
-0.322822
-0.184082
0.348605
-0.499848
0.412266
-0.38731
-0.307036
-0.471323
0.264171
0.433068
0.4666
-0.0649706
-0.170539
-0.179312
-0.012052
0.621825
-1.92136
0.0748269
-0.535256
-0.498792
-0.200382
0.144791
0.147846
0.326859
-1.85702
0.902411
0.166599
-0.293089
-0.0446013
1.22952
-0.172817
-0.208612
1.06247
0.183386
-0.253641
0.590367
-0.286232
0.227589
-0.384445
0.325625
0.494186
-0.385681
-0.616516
0.598323
0.530246
0.793783
0.326225
0.0294596
-0.0950089
-0.0530652
-0.294148
-0.461242
-0.0889818
#synapses weights
0.483182
0.126487
0.143609
-0.167575
0.423204
-0.333272
0.508553
-0.0166778
0.124051
0.178884
0.154062
-0.299735
0.148594
0.167163
-0.353178
-0.0105428
0.701699
0.429119
1.82636
0.0746174
0.268435
-0.0406332
-0.0167796
0.235985
-2.76095
0.114971
0.0883149
0.0198631
-0.106921
0.0382607
-0.0870212
0.166114
-0.10706
0.00170829
-3.57718
-0.24559
0.151028
-0.300255
-0.329317
0.233083
-0.403827
-0.0643821
-1.47939
-1.06943
-0.88541
-0.30556
-0.28423
-0.0720984
0.165227
0.0183245
0.574478
-0.0677097
-1.65598
-0.393769
0.326087
-0.724528
0.185239
-0.0573238
-0.045136
-0.0321898
-1.80977
-2.348
-0.48092
0.219757
-0.122749
0.112861
0.0948014
-0.0631311
0.217869
0.142053
-1.32792
0.0595331
1.06032
-0.401516
-0.256918
0.182069
0.486713
-0.0959355
-0.15984
0.925935
0.611874
0.279263
-0.0358836
0.0320751
-0.04905
0.043245
-0.0156976
0.26972
-1.60961
-0.256918
-0.474023
0.405183
-0.29255
0.0349377
0.080178
0.241356
0.861256
0.265533
-0.163686
0.181631
-0.198817
-0.309229
0.044332
0.0696783
0.169057
-0.268689
1.46023
-0.328996
-1.0553
-0.233532
-0.410549
0.112734
0.0920978
0.15412
-0.381048
0.290831
-0.225414
-0.0718846
0.0742965
-0.0269461
-0.0297343
0.296844
0.101282
0.228851
1.79182
0.450904
-0.513763
0.536419
0.179961
-0.0335764
0.204734
-0.199742
0.823557
2.62119
0.142329
0.15957
-0.172669
0.00896224
0.0243973
-0.316487
-0.0186131
-0.0990688
1.06492
-0.0939272
-0.122122
0.260721
-0.087815
0.0541995
0.161377
0.312353
-0.805371
-0.678907
-0.0639863
0.354707
-0.140679
0.124044
-0.134933
0.103619
-0.302881
-0.175912
-1.72048
0.363753
1.97952
-0.0608636
-0.148219
0.134899
0.346408
-0.382443
-3.34553
0.261551
0.104681
-0.0417685
-0.0207218
-0.0677225
0.106135
-0.161882
0.0697408
0.0066268
-3.37913
0.413544
-1.47064
0.257708
0.0481452
0.0435229
-0.296545
-0.0449082
0.964421
-0.329273
0.113008
0.0261571
-0.118705
0.100471
0.0377259
0.0245648
-0.136887
0.263539
2.27194
-0.0157189
-0.655821
-0.174391
-0.231471
-0.202348
0.273826
0.0727831
0.287725
0.152156
-0.472028
0.096229
-0.324406
0.021192
-0.0129878
-0.357582
0.51584
-0.0622994
0.112672
0.429388
-0.235788
0.10261
-0.032033
-0.179322
-0.436625
-0.345255
0.463716
0.253996
0.158436
0.179052
-0.182645
0.0409225
0.128216
0.204074
0.349672
0.642608
-0.463332
-0.388616
-1.12059
0.320628
0.114367
0.152064
0.245462
-0.232379
1.19564
0.215826
-0.21127
-0.150287
-0.0266056
-0.082092
-0.161627
-0.013483
-0.117597
-0.342968
1.33326
-0.0989223
-1.57847
0.233244
0.102344
0.130498
0.154321
0.0199787
2.47927
-0.178373
0.0513216
-0.00372693
0.0420161
-0.0313018
0.0149132
0.176769
-0.0472516
0.109893
2.65403
-0.0401613
0.202048
0.628036
-0.0529327
0.362737
0.287196
-0.36174
-0.0555758
-0.0219621
0.497183
0.444907
-0.044259
0.416397
0.306805
0.0439875
0.293448
0.429583
-0.00829888
-0.1123
0.0810501
0.59099
0.322693
0.315803
-0.192221
-0.0623278
0.751947
0.251521
-0.127418
0.358092
0.166024
0.0607152
0.128047
0.169173
-0.306725
0.290166
0.735795
-0.44624
-1.21378
-0.331718
0.355217
-0.0358697
-0.146517
0.108275
2.11856
0.494712
0.329348
0.148226
-0.325356
0.10754
0.301204
0.0721792
0.0993128
-0.270258
2.16879
0.109171
-0.652874
-0.0306733
-0.179089
0.177265
-0.0401389
-0.0890137
0.326163
0.605475
0.339705
0.0794882
0.261352
0.183092
-0.300399
-0.272812
-0.00482106
-0.112175
1.0271
-0.190019
-0.325195
-0.250428
0.0916881
-0.117901
-0.077504
-0.0642016
-0.107329
0.601287
-0.285861
0.4202
-0.610305
-0.0229969
-0.262981
-0.66853
-0.146202
-0.321432
0.107584
-0.812881
0.0234612
0.144319
0.30782
0.278549
-0.0966462
-0.345036
-0.409287
0.766861
-0.372392
0.483398
0.493576
0.218181
0.417565
0.135783
-0.301991
0.0129785
-0.0796291
-0.277373
0.151328
0.46954
0.408581
-0.360958
-0.161208
-0.52013
-0.0758144
-0.394942
0.431499
-0.0568608
-0.436875
-0.414597
-0.341836
-0.404624
0.314847
-0.0976625
-0.135872
-0.12561
-0.502645
-0.0261562
0.153815
-0.0265811
-1.21509
-0.214771
-0.0769515
0.117037
0.751297
0.242741
0.56025
-0.238824
-1.54608
0.754135
0.23768
-0.158142
0.929392
0.733599
-0.151534
0.0355199
0.903629
0.213047
-0.108088
0.732484
0.580784
-0.173444
0.716869
-0.137574
-0.949609
-0.0531839
0.459661
0.437677
-1.00418
-0.258364
0.159348
-0.473677
-1.06856
0.0676852
0.146866
-0.990227
-0.614182
0.630165
-1.74183
-0.122339
-0.434798
-0.473266
0.185032
-0.162033
0.781935
-0.0908932
-1.63709
0.679449
0.0246483
0.326637
0.169524
1.67934
-0.322066
0.214796
0.881804
0.402594
0.531595
-0.380393
-0.347676
0.0340463
-0.492236
0.818911
0.751551
0.0780295
-0.315706
-0.232729
1.11614
0.0822824
-0.0426434
0.67989
0.47674
-0.577574
0.0155146
0.495656
0.31495
-0.677412
1.11363
0.418279
0.392591
0.254768
-0.219608
0.233785
-0.440786
-0.0939424
1.33383
-1.18862
-0.353348
0.498886
-0.745244
-0.676287
-0.0877855
0.183849
-0.501541
0.289055
-0.168948
0.242228
0.0056836
0.35331
0.0795909
0.0912711
-0.499687
0.127344
0.220809
0.765304
-0.149487
-0.379815
0.505253
0.0910059
-0.531147
0.24773
1.0111
-0.30315
0.176504
0.0396608
-0.66702
0.0665839
0.351401
-0.403837
0.287336
0.515126
0.377611
-0.297152
-0.03242
1.16193
0.323235
-0.314483
0.30174
0.787494
-0.176587
0.2047
0.177298
0.465421
-0.0516014
0.366436
0.240547
0.33282
0.407135
0.151958
0.553994
0.0191276
-0.309699
0.7747
0.0215257
-0.188041
0.495652
0.184451
0.169354
-0.145985
0.23085
0.00168177
0.167113
0.500296
-0.116708
-0.0416922
0.144844
-0.351058
0.587002
0.31089
-0.240211
0.0643759
-0.250968
0.867512
0.552954
0.103172
0.0934245
0.328204
-0.200324
-0.356312
0.636803
0.484592
-0.572464
0.168979
0.285117
0.213058
-0.204014
0.0108347
0.591204
-0.193931
0.464398
0.679753
0.0503445
-0.125623
-0.238444
-0.471033
0.263
0.727672
0.807402
-0.35129
0.45369
-0.245792
0.522645
-0.255879
0.146877
0.479548
0.131895
0.0931484
0.120177
0.248688
1.04221
-0.534624
-0.316586
-0.243732
-0.456417
-0.869241
-0.237238
-0.0760367
-0.593636
-0.236992
0.0142708
1.11657
-0.627936
0.578315
1.13732
-0.187245
-0.630086
-0.721782
-0.768708
1.41257
-0.750167
0.011428
0.359477
-0.156861
-1.10692
0.260377
0.59198
-0.148988
-0.247983
-0.201958
0.285187
-0.0452345
-0.343931
-0.378846
0.259025
-0.119292
-0.458821
-0.0625282
-0.123006
-0.154609
-0.255062
-0.0287541
-0.485142
0.174324
0.0956038
0.448863
0.00469002
-0.0862094
0.031575
-0.361224
0.405817
-0.1283
-0.306208
0.48732
-0.322069
0.0630185
-0.0291303
0.0581525
0.295182
-0.180357
0.240461
0.298217
0.569156
-0.154057
0.115111
0.738609
0.344289
-0.0394595
-0.583819
-0.381579
-0.153039
-0.552559
0.494312
0.509891
0.460496
-0.252795
0.173689
0.038159
-0.417914
0.11146
-0.140506
-0.0273949
-0.0226888
-0.411735
0.0475653
0.318281
-0.467461
-0.594061
-0.141372
-0.860173
-1.60063
-1.3176
1.28928
0.371256
0.0827849
1.09012
-0.222557
0.952541
-0.324984
0.0333267
0.647921
0.020794
0.152267
-0.452713
