10  0.72  0.81  1.03  1.45  1.80  2.39  2.84  3.49  4.10  6.02  7.57  8.59  
12  0.74  0.67  0.81  1.17  1.59  2.12  2.68  3.39  4.11  6.28  7.45  7.86  
14  0.57  0.54  0.66  0.97  1.34  1.89  2.48  3.22  3.95  6.19  6.91  6.99  
16  0.48  0.46  0.57  0.82  1.11  1.74  2.21  3.04  3.70  5.83  6.87  6.43  
18  0.43  0.44  0.51  0.72  0.99  1.51  2.07  2.87  3.59  5.69  6.39  5.73  
20  0.41  0.40  0.48  0.65  0.87  1.37  1.84  2.71  3.33  5.67  6.42  5.58  
23  0.39  0.40  0.45  0.60  0.77  1.24  1.69  2.50  3.14  5.35  6.24  5.13  
26  0.40  0.41  0.45  0.58  0.72  1.09  1.56  2.39  2.95  5.11  5.88  4.63  
29  0.41  0.39  0.44  0.56  0.70  1.04  1.43  2.17  2.90  4.81  5.48  4.37  
32  0.41  0.40  0.45  0.56  0.69  1.01  1.43  2.15  2.81  4.62  6.30  5.69  
35  0.41  0.40  0.45  0.56  0.69  0.98  1.31  2.07  2.72  4.41  6.20  5.70  
40  0.43  0.42  0.46  0.56  0.68  0.97  1.31  2.04  2.68  4.20  6.33  5.53  
45  0.40  0.39  0.45  0.55  0.68  0.98  1.30  2.02  2.63  4.15  5.98  5.32  
