10 0.487087 0.268673 0.251139 0.392944 0.578185 0.938788 1.1368 1.38043 1.52797 2.1963 1.6 1.8 
12 0.613404 0.326983 0.236053 0.399411 0.743169 1.1208 1.53704 1.74958 2.14625 3.3622 1.9 2 
14 0.436089 0.255157 0.182932 0.306581 0.592368 0.998098 1.4699 1.75716 2.17982 3.35874 1.7 1.6 
16 0.352786 0.190076 0.180189 0.262015 0.481161 0.884421 1.28573 1.73485 2.02485 2.99823 1.9 1.7 
18 0.303112 0.180964 0.162963 0.212751 0.387164 0.765904 1.17881 1.71155 1.96478 3.0471 1.9 1.6 
20 0.272523 0.135122 0.154926 0.204074 0.330928 0.654695 1.06094 1.58079 1.94743 3.01188 2 1.4 
23 0.244422 0.157274 0.146185 0.18524 0.285288 0.564008 0.947304 1.49379 1.89982 2.89843 2.3 1.8 
26 0.253945 0.166703 0.160981 0.205353 0.270174 0.498645 0.854425 1.45537 1.84654 2.75398 1.8 1.1 
29 0.27287 0.162324 0.16428 0.179237 0.262875 0.456495 0.786588 1.34062 1.88284 2.67105 2.0 1.2 
32 0.2726 0.163444 0.159981 0.187163 0.264464 0.450378 0.771966 1.3237 1.85959 2.48608 2.2 1.8 
35 0.26658 0.149793 0.164912 0.191953 0.254888 0.442164 0.71815 1.3068 1.84922 2.40437 2.2 1.5 
40 0.261101 0.155412 0.161152 0.171272 0.249347 0.417975 0.717652 1.26137 1.78077 2.32406 2.3 1.2 
45 0.242131 0.136081 0.151822 0.174786 0.258639 0.420054 0.696882 1.23248 1.70424 2.22336 2.1 1.5
