    10    0.019    0.003   0.0045   0.0098   0.0071   0.0091    0.015    0.028    0.021   0.00088  
    12   0.0026    0.026    0.011     0.12     0.18     0.34     0.37     0.12      0.7     0.99  
    14    0.017    0.022    0.032    0.028    0.098     0.23     0.34     0.22     0.53      0.7  
    16    0.031    0.039   0.0023    0.03     0.04    0.062     0.14     0.23     0.13      0.5  
    18    0.023    0.042     0.05    0.007    0.026    0.059     0.15     0.21    0.068    0.069  
    20    0.026     0.01    0.055   0.0018     0.01   0.0066    0.078     0.14     0.31     0.15  
    23    0.022    0.032    0.025   0.0098    0.045   0.0093    0.022     0.13     0.19     0.45  
    26    0.028    0.057    0.058    0.092    0.079    0.012    0.015     0.04     0.19     0.41  
    29    0.017    0.024    0.029    0.026    0.035    0.009    0.011   0.0014    0.069     0.15  
    32    0.024    0.027    0.038    0.034     0.09    0.047    0.014    0.053      0.1     0.33  
    35    0.015     0.02    0.025    0.033    0.073    0.031    0.049   0.00031    0.073     0.21  
    40    0.032    0.024    0.007    0.027    0.043    0.062    0.062    0.011    0.027    0.078  
    45    0.018    0.033    0.029    0.063     0.07    0.074     0.01    0.019    0.043    0.052  
