    10      0.2    0.033     0.11     0.21     0.47     0.86      1.1      1.2      1.1     0.81  
    12     0.31     0.14    0.073     0.26     0.56      0.9      1.2      1.3      1.2      0.7  
    14     0.24     0.23    0.016      0.5     0.37     0.11     0.92     0.11     0.46      2.1  
    16     0.28     0.14    0.057     0.11     0.35     0.69        1      1.3      1.3     0.79  
    18     0.16     0.14   0.0051    0.081     0.26      0.6     0.95      1.3      1.3     0.97  
    20     0.25      0.1    0.028    0.058     0.21     0.52     0.82      1.2      1.3     0.31  
    23     0.23     0.12    0.003     0.36     0.11     0.18     0.61     0.22    0.044      2.2  
    26     0.26     0.12    0.069    0.018     0.18     0.39     0.69      1.2      1.5     0.55  
    29     0.26     0.14    0.077    0.039     0.18     0.37     0.65      1.1      1.5     0.39  
    32     0.26     0.12    0.084    0.015     0.19     0.35     0.65      1.1      1.5      0.4  
    35     0.25     0.14    0.078    0.012     0.18     0.33     0.63      1.1      1.5     0.23  
    40     0.25     0.13    0.075   0.0021     0.17     0.31     0.61        1      1.5     0.29  
    45     0.24     0.13    0.071    0.033     0.17     0.34     0.61        1      1.5     0.32  
