    10    0.037    0.029    0.027    0.044    0.071     0.14     0.21     0.37     0.55      1.2  
    12    0.019    0.014    0.023    0.095     0.19      0.4      0.6        1      1.4      2.8  
    14    0.021    0.024    0.018    0.047     0.11     0.29     0.48     0.89      1.3      2.7  
    16    0.013    0.016    0.015    0.023    0.066     0.21     0.37     0.71        1      2.3  
    18    0.021    0.026    0.022    0.013    0.032     0.14     0.27     0.56     0.86      2.1  
    20     0.02    0.025    0.026    0.025    0.025    0.098     0.22      0.5     0.79        2  
    23     0.03    0.028    0.025    0.024    0.023    0.047     0.11      0.3     0.52      1.7  
    26    0.025    0.028    0.023    0.024    0.027    0.025    0.057      0.2     0.39      1.3  
    29    0.041    0.036    0.034    0.039    0.043    0.036    0.036     0.12     0.26      1.1  
    32    0.024    0.023    0.023    0.028     0.03    0.033    0.035    0.075     0.16     0.73  
    35     0.03    0.033    0.034    0.037    0.037    0.038    0.035    0.035    0.093     0.48  
    40    0.014    0.018    0.014    0.012   0.0062    0.013    0.018    0.033    0.021     0.15  
    45    0.011    0.019    0.014    0.011   0.0072    0.014    0.023    0.023    0.016     0.11  
