10 0.206928 0.0957288 0.196085 0.385399 0.654593 1.08115 1.36482 1.60552 1.71841 2.1578 2.0 1.9 
12 0.312237 0.166424 0.168757 0.404877 0.73089 1.19248 1.57156 1.90927 2.30868 3.49286 2.2 2.3 
14 0.244039 0.243795 0.136029 0.561688 0.536846 0.672012 1.3025 1.35377 1.90329 3.9281 2.1 2.1 
16 0.28382 0.165245 0.142756 0.257738 0.487192 0.891316 1.27236 1.79092 2.03639 3.12636 2.2 1.8 
18 0.165741 0.16371 0.122923 0.225564 0.406694 0.78325 1.19181 1.72876 1.9683 3.0587 2.3 1.8 
20 0.255296 0.127867 0.137423 0.209743 0.359061 0.707776 1.06009 1.6221 1.96219 2.92038 2.4 2.3 
23 0.235603 0.144807 0.115581 0.407887 0.295895 0.477803 0.862951 0.991665 1.32228 3.57386 2.3 2.0 
26 0.265575 0.154625 0.144062 0.204362 0.327063 0.57382 0.903313 1.50788 1.96931 2.64586 2.0 1.4 
29 0.267406 0.165532 0.141513 0.190047 0.313008 0.553513 0.852301 1.39531 1.93968 2.58352 2.0 1.1 
32 0.264401 0.142415 0.137946 0.176253 0.328024 0.534601 0.845885 1.39317 1.86965 2.46816 2.2 1.5 
35 0.255237 0.160353 0.13366 0.187088 0.318744 0.51323 0.825485 1.37245 1.86386 2.37011 2.1 1.4 
40 0.255272 0.150665 0.125976 0.172561 0.30543 0.502208 0.810659 1.29368 1.86042 2.32437 1.9 1.6 
45 0.2436 0.153408 0.134826 0.193853 0.310406 0.530351 0.808473 1.29992 1.86067 2.32534 1.8 0.71 
