    10   0.0053    0.033    0.015    0.049   0.0099   0.0048    0.025    0.024     0.15    0.035  
    12    0.024    0.017    0.011    0.077     0.17     0.27     0.36    0.068     0.58      0.8  
    14    0.063    0.024    0.008    0.044     0.12     0.24     0.32     0.26     0.54     0.55  
    16    0.021    0.032    0.012   0.0019    0.046     0.12     0.17     0.18      0.1     0.37  
    18    0.024    0.046    0.041   0.0075     0.01    0.053     0.14     0.27    0.019     0.12  
    20    0.008    0.029    0.027    0.002   0.0035    0.035      0.1     0.12     0.17     0.17  
    23    0.029   0.0032    0.035   0.0078    0.033    0.012    0.028     0.13     0.13     0.47  
    26    0.012    0.047    0.055    0.067    0.074   0.0047   0.0065     0.09     0.14     0.38  
    29    0.021    0.032    0.022    0.021    0.055    0.012   0.0035    0.019    0.026    0.049  
    32    0.021    0.048    0.047    0.053    0.088    0.042   0.0025    0.022    0.022     0.12  
    35    0.015    0.015    0.014    0.049     0.05     0.03    0.022    0.032    0.001     0.17  
    40   0.0041     0.01    0.029    0.047    0.022   0.0057    0.014     0.02    0.024    0.063  
    45    0.029    0.029    0.035    0.051    0.077    0.067    0.018    0.022    0.044    0.076  
