    10    0.033    0.085     0.16     0.32     0.45     0.64     0.78        1      1.2      1.6        2      1.9  
    12    0.032    0.085     0.15     0.27     0.39     0.58     0.73     0.97      1.2      1.7      2.2      2.3  
    14    0.035    0.074     0.13     0.25     0.36     0.55     0.71     0.99      1.2      1.8      2.1      2.1  
    16    0.032    0.077     0.13     0.23     0.33     0.52     0.68     0.98      1.2      1.9      2.2      1.8  
    18     0.03    0.069     0.11     0.21     0.31     0.48     0.65     0.97      1.2        2      2.3      1.8  
    20     0.04    0.075     0.12      0.2     0.29     0.47     0.63     0.96      1.2      2.1      2.4      2.3  
    23    0.035    0.069     0.11     0.19     0.27     0.44      0.6     0.91      1.2      2.2      2.3        2  
    26    0.039    0.074     0.11     0.18     0.26     0.42     0.58     0.89      1.2      2.2        2      1.4  
    29    0.044    0.077     0.11     0.18     0.25     0.41     0.55     0.85      1.2      2.3        2      1.1  
    32    0.034    0.068      0.1     0.17     0.25      0.4     0.54     0.85      1.1      2.3      2.2      1.5  
    35    0.039    0.068      0.1     0.18     0.25     0.39     0.53     0.82      1.1      2.3      2.1      1.4  
    40    0.038     0.07      0.1     0.17     0.25     0.39     0.53     0.82      1.1      2.3      1.9      1.6  
    45    0.036    0.072     0.11     0.18     0.25      0.4     0.53     0.83      1.1      2.3      1.8     0.71  
