    10     0.48     0.23    0.089    0.052     0.29     0.66     0.79     0.88     0.81     0.55  
    12     0.61     0.31     0.14     0.16     0.51     0.77      1.1        1      0.9    0.066  
    14     0.43     0.24    0.098    0.084     0.39     0.69      1.1      1.1        1    0.093  
    16     0.35     0.17     0.12    0.048      0.3     0.63     0.97      1.2      1.1     0.45  
    18      0.3     0.16     0.11   0.0091      0.2     0.53     0.88      1.2      1.1     0.52  
    20     0.27     0.11    0.097    0.011     0.13     0.41     0.76      1.1      1.2     0.45  
    23     0.24     0.14    0.092    0.022    0.082     0.33     0.69      1.1      1.3      0.4  
    26     0.25     0.14    0.097    0.041    0.053     0.25      0.6      1.1      1.3      0.2  
    29     0.27     0.14     0.11    0.024    0.047      0.2     0.54        1      1.4     0.39  
    32     0.27     0.14     0.11    0.036    0.054     0.18     0.52        1      1.4     0.29  
    35     0.26     0.12     0.11    0.028    0.032     0.18     0.46     0.99      1.4      0.3  
    40     0.26     0.14     0.12    0.025    0.057     0.15     0.46     0.94      1.4     0.32  
    45     0.24     0.12     0.11    0.018    0.047     0.14     0.44     0.91      1.3      0.3  
