#input normalization
0.161116 0.272721
39.8608 48.0066
9.91437 36.0734
8.01388 31.0242
0.0109087 0.0422903
0.00886708 0.0335684
0.542988 1.36901
0.823511 1.27769
1.05267 1.47112
1.29982 1.67897
1.57855 1.87949
1.86027 2.06281
2.12999 2.22636
2.39629 2.3791
2.64341 2.50023
2.87854 2.5868
3.10222 2.64749
3.30893 2.68228
3.48879 2.68793
3.62724 2.6498
3.75209 2.59835
3.85097 2.5101
3.92847 2.41397
3.96982 2.29961
3.99745 2.165
4.00133 2.00093
1 -1
1 -1
#output normalization
1 0
#neurons weights
-0.207908
-0.433181
-0.232956
0.0183785
-0.195581
-0.309065
-0.496911
0.410973
-0.338562
-0.027659
0.0634737
-0.235511
0.29265
0.0460295
0.0742613
0.157575
-0.0504112
0.0702993
-0.363481
0.0904184
0.411666
0.114089
-0.300232
0.236516
0.194822
-0.471587
-0.173471
0.41969
-0.249973
-0.103353
0.21667
-0.3595
0.307115
-1.8482
-0.167412
0.237887
0.415068
-0.0702298
0.0833766
0.15908
-0.686723
-0.246826
0.474576
0.491328
1.20305
0.824928
0.387104
0.113858
-0.543025
0.109242
-0.110531
-0.307757
-0.420137
-0.0952521
-0.281454
0.502796
0.181709
-0.3914
0.446076
0.435448
0.294725
0.165234
-0.523044
-0.312291
0.316018
0.183027
0.595951
0.289739
-0.219807
-0.446608
0.56719
0.158624
-0.0549337
-0.482884
0.183588
-0.587278
-0.114703
0.441006
-0.306456
-0.0334023
-0.454605
-0.553717
0.196393
0.0134976
-0.192598
0.35599
#synapses weights
-0.338372
0.254102
0.247936
0.1995
-0.433966
0.428415
-0.787442
-0.949525
-0.313898
-0.139163
0.158562
0.292273
-0.179587
0.0375018
-0.125684
0.037522
-0.162515
0.193486
0.114245
-0.417587
0.243334
-0.0984522
-0.334216
-0.199119
-0.461286
0.323223
0.287634
0.000884916
0.0963543
-0.113971
-0.126102
0.125925
0.368877
-0.206714
1.01625
-0.668949
-0.440838
-0.209515
-0.0599862
-0.0373767
0.0356542
0.209528
0.386815
0.0597466
-0.28243
-0.10861
0.138374
0.0883668
0.293688
-0.199523
0.188096
0.492075
0.117409
-0.441598
-0.0344083
-0.15671
-0.225952
-0.0186805
-0.372065
-0.171389
0.13054
0.513734
-0.875142
-0.334153
-0.142434
-0.106991
0.345253
0.491992
-0.263344
0.579093
-0.171843
0.136227
-0.0996515
0.263362
0.164251
-0.211682
-0.0785952
-0.290741
0.0429352
-0.448695
-0.239385
0.248224
0.00836876
0.212044
0.42355
-0.466141
0.404957
-0.1782
-0.244872
0.208159
-0.110318
0.0228712
-0.042002
-0.253549
0.0385138
-0.370968
0.0912566
0.259394
0.291713
-0.483736
0.214255
0.00144608
0.37469
-0.484054
0.037888
-0.360107
0.345498
-0.327687
-0.241735
-0.441166
0.269443
0.423988
0.21064
-0.114282
0.399529
0.189545
-0.295816
-0.140556
1.65952
0.160753
0.50947
0.0122882
0.326094
-0.00960015
-0.31993
0.0924815
0.206928
0.188358
0.456719
-0.215035
0.317232
-0.25374
-0.212018
-0.226691
0.215383
0.00916254
-0.000331015
-0.151583
-0.403112
-0.466327
-0.0217136
-0.624584
-0.128399
0.129493
-0.0828837
0.131165
-3.20954
-3.76188
-0.0813456
-0.125285
0.108074
0.00689416
0.0038417
-0.00162827
-0.0881151
0.194929
-0.0714413
-0.00976436
0.278074
-0.0581145
0.079221
0.22219
-0.0150002
0.0132464
0.113471
0.0122512
0.337777
0.153416
-0.000723793
0.262497
0.383496
-0.175922
0.0423798
0.205567
0.190236
0.0736481
0.497587
0.373016
0.0685725
0.0448114
0.0261987
-0.140216
-0.396463
-0.358734
0.100211
-0.0222741
0.245672
0.144036
-0.382992
-0.504771
-0.240305
-0.335049
0.475192
-0.41988
0.0873073
-0.17445
0.38797
-0.264031
0.395554
-0.141565
0.127459
0.467865
-0.121982
0.33781
0.254043
0.552943
0.0056029
-0.269172
0.464843
-0.0605284
-0.299043
0.34406
0.453979
-0.0255509
-0.406894
-0.336913
0.135693
0.0687659
0.044884
-0.0612122
-0.0205571
0.0537616
-0.323847
-0.354685
0.0297264
0.113835
0.0516233
0.034265
0.244561
-0.293145
1.67962
-0.0417646
0.214437
0.225395
0.106003
0.275663
-0.339659
-0.0431008
0.0397642
-0.238437
-0.148962
0.0630427
-0.116624
-0.0654169
0.252603
0.178235
0.247204
0.375772
-0.453916
-0.179075
-0.137573
0.0237525
0.296607
0.167982
-0.325924
0.285081
-0.356062
0.0301739
0.618673
0.268657
0.807799
0.347217
-0.0462165
0.124129
0.119262
-0.363848
0.476336
-0.226789
0.449632
-0.280174
0.400768
0.184347
-0.0915232
-0.0568069
0.426327
0.536035
0.115324
-0.142301
-0.38907
-0.0638591
-0.0936595
-0.371395
-0.375042
-0.0899252
-0.172962
-0.267395
0.354432
0.165779
0.553327
0.475525
0.084238
-0.175012
0.0575655
-0.154525
0.14876
0.462206
-0.0261815
-0.0025852
-0.26045
0.203782
0.0189166
-0.465759
-0.487497
0.228201
-0.376723
-0.255009
-0.483841
0.495307
0.380154
0.00887297
0.094604
0.471704
0.452309
0.505588
0.015375
-0.410438
0.014763
0.00255831
0.280857
-0.13939
-0.00445513
0.309425
-0.0373152
-0.0891913
0.239267
-0.125369
-0.374953
-0.237268
0.184445
0.0391613
0.160871
-0.310144
0.456489
-0.0512681
0.253928
-0.168249
-0.0659112
-0.522002
-0.277996
0.131473
-0.164317
0.120452
-2.61993
-1.68006
-0.353255
-0.194687
0.332488
-0.0291984
0.301381
0.312063
-0.393906
0.120407
-0.104613
-0.278338
0.18857
0.145374
0.191616
-0.134159
-0.00621689
0.118799
-0.186958
0.278467
0.0969208
0.25092
-0.0124435
-0.295581
-0.444193
-0.290098
0.148338
-0.245741
-0.923499
-0.507242
-0.407952
0.150099
-0.194778
-0.372967
-0.257355
0.186591
-0.515653
0.0869743
0.381432
-0.146942
0.223542
0.100842
0.444387
-0.35759
-0.143535
0.0983916
-0.453484
0.323492
0.349566
-0.345351
0.144686
0.225068
0.244671
-0.376159
-0.586887
-0.32983
0.929022
-0.133319
-0.307746
0.162563
0.115125
-0.152358
-0.199138
0.319375
-0.368072
0.473759
0.349845
-0.169989
0.0570499
-0.363317
-0.0781269
-0.450847
0.170644
-0.258023
0.439138
-0.00851689
0.189843
-0.429685
0.43189
-0.0344889
0.0362009
0.370894
-0.047244
-0.395575
-0.328608
0.43216
-0.523385
0.259289
0.133989
0.247451
0.332955
0.413222
0.368148
-0.268933
0.379618
-0.171462
0.348099
-0.475427
-0.316196
0.0615168
-0.263824
0.126003
0.131055
-0.318631
0.477321
-0.352614
0.140432
0.504351
0.0716961
0.224733
0.0592098
0.00188258
2.86218
2.7526
0.101907
0.0163527
0.0900766
-0.121649
-0.0624287
0.223454
-0.19371
0.0739597
-0.216949
-0.0444832
0.191298
-0.161895
0.0229036
-0.0758241
0.1409
0.279133
0.0806896
-0.473001
0.0215593
0.400683
0.198069
-0.266095
0.218471
-0.388467
-0.00867131
0.235158
1.46879
-0.149527
-0.106503
-0.296631
0.00670356
0.00969427
0.491845
0.29132
-0.0267678
0.31443
-0.165179
0.188758
-0.247479
0.274471
-0.176273
0.123003
-0.100582
-0.0640841
-0.0418106
-0.0258136
-0.295375
0.453607
0.0673638
0.411965
0.28994
-0.400599
0.382859
-0.342192
-0.164263
0.0316236
0.154861
-0.423056
0.308942
-0.105856
-0.447312
-0.204835
-0.26588
-0.258501
-0.364265
0.054819
-0.097991
-0.0231549
0.207871
0.200381
-0.254743
0.270338
-0.271111
-0.127445
0.312841
-0.118688
-0.0508799
-0.110801
-0.265701
0.107703
0.0529088
0.215312
1.98547
0.341432
0.309631
0.096019
0.188858
0.13333
0.3734
-0.293765
0.411224
0.205133
-0.0515433
-0.140304
-0.0272043
-0.232302
0.136125
0.304222
0.368131
-0.380171
-0.165073
-0.225674
0.432571
0.37798
0.25838
-0.376056
0.289248
-0.165263
-0.00353183
0.12199
1.25412
1.04891
0.335104
0.0311262
0.486049
0.469055
0.17389
0.141099
0.178275
-0.0771477
-0.322618
0.0674176
0.278341
0.0329766
-0.364941
-0.201569
-0.135279
-0.31276
0.0442637
-0.393799
-0.163929
0.270372
-0.107705
0.404837
-0.0173347
0.33951
0.185082
-0.0236652
0.24448
0.363334
-0.184089
0.536778
-0.33617
0.245616
-0.141863
-0.0543187
0.0835946
-0.177935
0.0166384
-0.196798
-0.340147
0.315731
0.450173
-0.123872
0.379191
-0.309928
-0.374817
-0.17871
-0.285828
0.381729
0.243547
0.533161
0.117499
-0.00821819
0.182129
-0.258064
-1.16631
-1.21592
-0.266546
-0.304197
0.123906
-0.377878
0.22356
0.330801
0.0304099
-0.00587065
-0.291408
0.41239
-0.184082
-0.133232
0.0230057
-0.313415
-0.0987993
0.23492
-0.19884
-0.276282
-0.433247
0.425906
-0.139626
-0.0148634
0.158969
0.192648
0.0807201
0.146557
-0.518926
-0.893511
-0.0230155
-0.0495933
-0.159497
0.100005
-0.0884814
0.0378294
0.0803174
-0.33728
-0.247078
0.343647
-0.344728
0.284653
0.0378842
0.362863
-0.111552
0.267901
0.379122
0.14701
-0.0799105
-0.0215515
0.129806
-0.230652
0.0858056
-0.303796
-0.204806
0.182506
-2.13831
0.0971429
0.192509
-0.335806
0.0319882
0.359364
0.139474
0.209902
0.0164901
-0.102135
0.0614764
-0.0473254
0.0611488
-0.177008
-0.192881
0.0416908
0.398802
0.202583
-0.235123
-0.130652
-0.291086
0.170944
0.0379564
0.406881
0.379494
-0.265944
0.0198895
0.21385
0.502851
0.813647
-0.191185
0.292085
0.316261
0.234625
-0.262422
0.308984
-0.260355
-0.134379
0.395769
0.111731
-0.330138
-0.226991
-0.388339
-0.357574
-0.16178
0.0103966
-0.110924
0.484349
-0.274896
-0.499632
0.292983
0.151241
-0.030789
-0.263849
0.547249
-0.151818
0.379328
-0.117584
0.715032
0.506837
0.155578
0.170034
0.0541974
0.113956
-0.3105
-0.283582
0.116156
0.117261
-0.0647402
-0.210965
0.0610134
0.0641596
0.23391
-0.208922
-0.208448
-0.0880973
0.15852
0.111673
-0.0213939
-0.278787
-0.245548
-0.334984
-0.222724
0.177044
1.36194
-0.548178
0.154782
-0.204543
-0.186341
0.218419
0.195129
-0.241967
-0.284851
-0.363371
0.15355
-0.236079
0.381611
-0.0591631
-0.242742
0.193338
-0.0205197
0.0151728
0.360192
-0.0869318
0.352428
-0.367921
-0.106574
0.180506
0.360628
-0.285424
0.410293
0.542981
0.496572
-0.295914
-0.158024
0.266363
0.231173
-0.125954
-0.338098
0.249727
-0.474369
-0.15684
-0.211787
-0.103658
-0.474214
-0.209053
-0.042953
-0.487509
-0.301871
-0.539416
-0.391031
0.231937
-0.229965
-0.325546
-0.756667
-0.325526
0.476778
0.0370964
-0.549064
0.339405
0.287285
0.210442
-0.566842
0.0520302
0.395634
-0.037807
-0.263807
-0.357948
-0.0953324
0.444386
-0.746777
-0.454204
-0.154955
0.282939
-0.386616
0.166599
0.539407
0.140844
0.315306
-0.183972
0.109477
-0.116454
-0.469429
-0.204675
0.232468
0.123175
0.248286
-0.242584
-0.788939
0.211693
0.453702
0.429778
-0.181872
-0.34328
-0.344796
0.23212
-0.0903324
0.269791
-0.0161042
0.760415
0.739921
-0.100011
-0.304587
0.530236
0.462183
0.361661
0.486931
0.16206
-0.322266
-0.510898
0.145826
0.309218
0.325099
-0.132837
-0.00317137
0.068685
0.145058
0.421824
0.300856
0.022834
0.260657
0.109396
-0.207614
-0.371339
0.126998
-0.269322
0.163805
-0.204888
0.0163315
0.04382
-0.14427
-0.448073
-0.24975
-0.128458
0.255644
0.39061
0.160615
0.201956
0.14375
-0.169124
0.509496
0.38629
-0.208245
0.511186
0.243966
-0.00306364
0.497268
-0.0644492
-0.317959
0.126678
0.201986
0.370004
0.119398
0.0935828
0.0180016
-0.184906
-0.321182
0.224881
-0.260357
0.338155
0.469436
0.0897069
-0.291779
0.406871
-0.537997
0.284968
-0.0972489
-0.169516
0.357571
0.360362
-0.213746
0.339082
-0.36952
0.153491
-0.039197
-0.830314
0.317863
-0.113266
0.125909
-0.126051
0.385423
-0.33955
-0.464445
0.129699
0.445157
0.528128
0.471253
0.117607
0.0188327
0.545557
0.0204526
0.0265598
-0.28142
0.111766
-0.106931
0.247447
0.373165
0.464493
0.359116
-0.216993
-0.507838
0.175502
-0.337406
-0.405636
-0.0538975
-0.189354
-0.0784735
-0.408236
-0.0257071
-0.321347
-0.14352
-0.221298
-0.203306
-0.391511
-0.572469
-0.563109
-0.46215
-0.563709
-0.364248
-0.155771
-0.100207
-0.194089
-0.361898
0.416289
-0.0404215
-0.329163
-0.38688
-0.488389
0.210237
-0.232904
0.135655
0.0474663
0.126953
-0.340322
0.261563
0.126166
0.0209001
0.463831
-0.0893228
-0.497978
0.466267
-0.354862
-0.364122
-0.340384
0.401434
0.474028
0.517218
0.0260032
-0.0450911
0.39548
-0.294434
-0.148072
0.202411
-0.212855
0.439218
-0.0718485
-0.344196
-0.379674
0.244345
0.448185
-0.502842
-0.0786139
0.00201227
-0.055446
1.05809e-05
0.0532394
-0.379601
-0.466554
-0.401377
0.440002
0.32858
-0.294724
-0.341383
-0.563385
-0.174181
0.265047
-0.300882
0.0253753
0.276979
-0.335857
-0.103358
0.461963
0.104859
0.332091
-0.197042
0.242884
0.266898
-0.169385
-0.152193
0.0766774
-0.0782303
0.422181
0.42438
-0.0463535
0.219827
0.437185
-0.425268
0.178801
0.30367
-0.207646
0.398516
0.0335846
0.0990599
0.310775
-0.506206
-0.173507
-0.0385682
-0.161878
-0.420486
-0.35975
0.348837
-0.302371
0.249227
0.231188
-0.11222
0.0394263
0.687312
-0.270968
-0.0480418
0.668644
-1.475
-0.0242745
-0.50861
0.588621
-0.311764
-0.277995
-0.0988306
-0.262227
-0.0821562
0.527042
0.0520735
0.301103
1.02288
-0.159793
0.476138
-0.268594
-0.311088
0.18051
0.187214
-0.653407
-0.20569
0.113085
0.608332
0.515853
-0.0493553
-0.619071
-0.187913
0.0837785
0.0622644
-0.156433
0.200757
-0.368684
0.231067
-0.111713
0.299855
-0.158727
-0.0278759
0.236188
0.367582
0.1965
-0.314571
0.156964
-0.252293
-0.227763
-0.344395
0.283669
-0.296258
0.0372082
-0.249287
0.303635
0.122732
-0.399364
-0.144244
0.0632483
-0.0841034
0.132135
0.31849
0.404724
-1.03328
0.411907
0.366336
-0.326276
0.465213
-0.101307
0.269195
-0.228658
0.491835
-0.100037
0.222405
0.602139
0.199762
0.242726
0.477281
0.191831
-0.298732
0.237211
0.201524
-0.51917
-0.243956
-0.361889
0.319536
0.499856
-0.335745
0.687434
0.207726
-0.333274
0.294572
-0.341981
-0.241115
-0.528861
0.0625426
0.0446878
0.187528
-0.118145
-0.246262
-0.202992
-0.213659
0.052692
0.431583
0.158433
0.096585
-0.360914
-0.249442
0.240982
-0.322818
-0.297813
-0.300988
-0.13488
0.177618
0.487285
-0.0638959
-0.120278
-0.283218
-0.369845
-0.297911
0.21084
-0.412617
0.276555
0.334876
-0.0777065
0.450197
0.495963
-0.025817
0.216975
-0.0807186
0.298831
-0.137618
0.388014
0.240207
-0.0204102
0.162916
-0.28053
-0.129991
0.296761
-0.320275
0.398546
-0.114009
0.4379
0.0152868
-0.494073
-0.249888
0.175162
0.179626
0.229595
0.233953
0.402981
-0.0159415
0.486873
-0.505882
-0.154267
-0.188717
-0.387853
0.483721
-0.149054
-0.294042
-0.434384
-0.584464
-0.231509
-0.173251
0.269094
-0.100741
0.0441718
-0.335291
0.0784666
-0.118939
-0.0415056
-0.0574275
-0.426875
0.340008
0.0639405
0.303621
-0.263514
-0.353741
-0.0404351
0.385934
0.112026
-0.424187
-0.419443
-0.198845
0.326459
-0.29101
0.496591
0.075578
-0.459431
-0.1295
-0.856481
-0.123852
-0.410497
-0.0799199
-0.291401
-0.251081
-0.142209
-0.169452
0.000643157
-0.250677
-0.350725
-0.476074
-0.30095
-0.210069
-0.143482
0.0263803
-0.184107
-0.293934
1.01398
-0.435947
-0.172358
-0.00689406
-0.56882
-0.428803
-0.404214
0.46839
0.290867
-0.451839
0.597375
-0.591234
0.135684
0.0145989
-0.201582
-0.197057
-0.00638617
0.39091
-0.180387
-0.0943444
0.0644704
-0.510974
-0.715049
-0.0208893
-0.397213
0.136629
-0.662747
0.355522
0.366222
-0.775268
0.158199
-0.107481
0.492643
0.388759
0.268665
-0.0505968
-0.54713
-0.158892
0.582743
-0.254546
1.01862
0.764888
0.223351
0.186317
0.502746
0.41057
-0.643762
-0.275556
-0.0817716
0.278991
0.126187
0.0024995
0.127286
-0.388498
-0.54206
-0.0480039
0.250427
-0.863012
-0.502118
-0.0015704
0.0884248
-0.913745
-0.454082
-0.579243
0.163459
-0.741124
0.390932
-0.507379
-0.0627757
0.671679
-0.577597
0.353895
-0.453883
-0.01408
-0.16001
-0.458843
0.111171
0.887902
0.282461
-0.534233
-0.801681
0.16675
-0.273448
0.0769406
0.580502
-0.0146088
-0.139092
-0.239973
-0.101018
-0.139237
0.101829
-0.290593
-0.133441
0.25987
0.633206
0.578254
-0.371583
-0.104249
-0.547218
0.374067
0.311086
-0.0324873
-0.331524
-0.408924
0.262348
0.187978
0.241326
-0.466565
0.346676
0.243886
-0.222994
-0.443276
-0.201419
0.0834017
0.136454
0.0537744
0.369358
0.141019
0.378643
0.70381
-0.0391498
0.165541
0.416033
-0.219368
0.421333
0.355688
0.480462
0.187471
0.281604
0.216775
-0.0728978
0.376681
-0.261278
0.409356
0.415754
0.362156
0.0984987
0.113181
0.200756
0.184769
0.0835917
-0.393031
0.105411
-0.457957
-0.512196
0.165342
-0.349225
-0.00188109
-0.0441693
-0.347184
-0.462341
0.00837204
-0.297852
0.347606
-0.440249
-0.0985531
-0.521336
-0.294413
0.0515768
-0.415725
-0.298578
0.235342
0.652636
-0.208802
-0.17383
-0.0653313
-0.156588
-0.357801
-0.372466
-0.403546
-0.358608
-0.129235
0.2852
0.190715
-0.0860049
-0.273725
-0.228803
0.383851
-0.087374
0.0078008
-0.526777
0.260674
0.440833
-0.29709
0.518992
-0.538242
-0.135587
-0.225335
0.0607525
-0.146474
-0.0902671
0.240356
-0.445877
0.237066
-0.326995
-0.293842
0.145587
0.384356
-0.025918
0.525003
-0.274594
-0.396087
-0.25489
0.362577
0.159445
-0.0354578
0.300366
0.00349328
-0.0195572
-0.346214
0.347682
0.430633
0.14773
0.00314598
-0.174154
0.132052
0.255522
-0.258893
0.425639
0.0622693
-0.242097
0.414214
0.399501
0.472807
0.182429
0.394074
0.0519784
-0.171415
0.71177
-0.228007
0.0105826
-0.0221373
0.517321
0.118465
-0.0820193
-0.0951332
0.153626
0.251087
0.120633
-0.734748
0.0199555
0.368787
-0.372239
0.346453
0.526208
-0.0652176
0.0947589
0.0142552
-0.320071
-0.378115
-0.202502
0.581798
-0.110651
0.353719
0.241668
0.170358
-0.312432
0.151117
-0.401818
0.741759
-0.101537
0.0689236
0.0904738
-0.122491
0.181652
0.0748276
0.0522031
-0.15499
0.177352
0.113975
0.430965
-0.00946694
0.517272
-0.092344
0.358647
0.589919
0.174869
0.528978
0.0635065
-0.28317
0.270158
0.230923
0.438738
-0.0104364
0.496912
-0.309422
0.0982171
-0.562331
0.48528
-0.0593758
-0.0692489
0.103775
-0.183969
-0.451391
-0.349715
-0.291735
0.194018
0.0960108
0.496804
-0.115598
-0.0737053
0.422392
0.0108817
-0.0600591
0.181049
0.417606
0.485887
0.237772
0.179138
0.012093
-0.336804
0.0655353
0.385998
0.441491
-0.525735
0.0541492
0.129036
-0.0106603
0.00664219
0.163313
0.00813204
-0.152521
-0.522878
-0.374208
-0.436548
0.181114
0.323379
0.470946
0.0348322
0.450018
-0.477881
0.00919608
0.108862
-0.559064
-0.26166
-0.43018
0.268135
-0.727631
0.337535
0.162152
0.473492
-0.709847
-0.178616
0.0841166
-0.405489
0.239864
0.0527988
-0.0953264
0.951113
-0.228788
-0.0683697
0.141821
-1.26721
-0.147167
-0.428824
0.570809
-0.0473505
-0.203685
0.219084
0.992445
-0.400469
1.20277
-0.457408
0.52255
-0.25895
-0.342671
0.0575801
0.941073
0.703874
0.16258
0.197236
