#input normalization
0.161158 0.27277
12.1791 20.0645
11.7087 29.4484
10.0285 27.5433
0.0124533 0.0336322
0.0105797 0.0291842
0.542988 1.36901
0.823511 1.27769
1.05267 1.47112
1.29982 1.67897
1.57855 1.87949
1.86027 2.06281
2.12999 2.22636
2.39629 2.3791
2.64966 2.49472
2.91756 2.54995
1 -1
1 -1
#output normalization
1 0
#neurons weights
0.0294099
0.0245717
0.133356
0.275168
-0.331882
-0.20542
0.0636472
-0.362495
0.293798
-0.421748
-0.239786
0.062357
-0.381947
-0.0635421
-0.430679
-0.258258
0.24762
-0.362933
-0.157325
0.331677
-0.434363
0.00964205
-0.221927
0.149962
0.506194
-0.390632
0.311727
-0.239464
-1.2859
0.130824
0.345802
-2.44184
0.135593
-0.690648
0.439883
-0.349296
0.310538
0.0804348
-0.086759
0.137909
-0.56696
0.234283
-0.120129
0.629435
-0.264618
-0.720092
-0.184157
-0.439278
0.511181
-0.0433378
-0.633
0.0464141
0.319121
0.16195
-0.554034
0.285161
#synapses weights
-0.168337
0.459907
0.233186
0.0723069
0.00445051
0.588196
-0.69328
0.628205
0.187501
-0.018455
0.350102
-0.283759
0.386473
0.14834
-0.246247
0.0280077
0.195033
-0.138463
0.228978
-0.00922162
-0.160067
0.0348026
-0.0493855
0.165314
0.385398
-0.81482
-0.378629
-0.158325
0.0493123
0.165475
0.203177
-0.321861
0.387995
-0.100277
-0.130423
0.231178
-0.0314108
0.291261
0.156091
-0.103157
0.438356
0.0112115
0.403438
1.24487
0.0065135
-0.0125684
0.129136
-0.0381772
-0.0111842
0.0175147
0.074499
-0.122735
0.360812
0.0166551
0.160008
0.0313393
-0.625143
-0.050547
-0.271223
0.166748
-0.637925
-0.16283
-0.257325
-0.451834
-0.313455
-0.374222
-0.340858
0.383039
-0.0118667
-0.0335296
-0.399498
0.258778
0.181499
0.06693
0.112023
0.0893028
0.0182829
0.157529
0.751842
0.436701
-0.155559
-0.0995671
-0.177522
0.191624
-0.15095
-0.361438
-0.207863
-0.357778
-0.403242
0.158151
0.100557
-0.296775
0.0707872
0.002542
0.288947
0.0719594
-0.391173
-0.952533
-0.219465
-0.351749
-0.0758837
0.419127
0.423751
0.000731024
-0.281756
-0.00269434
-0.484442
0.41379
-0.225953
0.128404
0.417021
0.0154365
-0.491817
0.348355
0.832028
-0.960443
-0.259451
-0.103271
-0.0109596
-0.0482323
-0.0403557
0.0341466
0.0954736
0.210841
0.323499
-0.373946
0.339424
-0.222288
0.0340359
0.0655883
0.103095
0.0763977
0.495211
0.416216
0.551613
0.351456
-0.0571442
0.169728
0.273709
0.154902
0.285349
0.0696381
0.128977
-0.381981
-0.110834
0.47106
0.128794
-0.240021
-0.0317067
0.0492887
1.30134
0.786121
-0.0911886
0.0271808
-0.288615
0.0685592
0.064262
-0.28382
-0.175878
-0.17114
0.282525
0.441678
0.383244
0.333361
0.0623909
-0.0939146
-0.0830248
0.28483
0.924729
0.925261
0.451269
-0.210178
-0.181712
-0.22077
0.132832
0.176663
-0.261236
-0.0490535
-0.0393511
-0.434938
-0.101717
-0.696741
-0.249005
-0.0765254
0.115827
0.382085
-2.01542
-0.0189466
-1.086
-0.197312
0.0759471
0.081663
-0.0556197
0.140831
0.0668394
0.0858743
-0.170294
-0.197608
0.170037
0.393209
0.21532
-0.23118
-0.017416
0.173906
2.7544
-0.164734
0.0348613
-0.0311597
0.126361
-0.115638
0.0565331
-0.0146322
-0.151538
-0.0334155
-0.390378
-0.245171
-0.0480922
0.192649
0.232856
0.14414
-0.465368
0.426044
0.218377
-0.160448
0.0957299
0.0928215
0.221854
0.370947
-0.06817
0.204818
0.135956
-0.175315
-0.17837
-0.411526
-0.0709913
-0.61669
-0.0103835
0.0304481
-0.22035
0.136811
-3.19416
-3.57314
-0.128674
0.103625
0.0560406
0.181089
0.0755505
0.0793755
0.0630636
0.189767
-0.338841
-0.387645
-0.176284
-0.359681
0.377149
-0.196297
0.281119
0.212759
-0.998473
0.602604
0.143903
-0.0495936
-0.0116059
0.149813
0.123097
-0.351112
0.0132188
-0.280819
0.176981
0.142593
-0.237895
-0.076831
-0.401401
0.471635
0.0586519
-0.324849
-2.02566
-0.302048
0.272484
-0.279165
-0.00921283
-0.0462582
0.292415
-0.431731
-0.0419756
0.116668
0.208197
0.480715
0.457129
-0.0926204
-0.134213
0.240659
-0.481482
-0.128974
-0.0897855
-0.0466577
-0.512314
-0.465979
-0.327315
0.413339
-0.355752
0.323918
-0.0773563
-0.355125
0.344708
-0.328147
0.230184
0.162137
-0.0761125
-0.0768711
-0.0188054
0.121389
-0.156267
1.00294
0.113656
-0.424451
-0.287675
-0.044469
0.333182
-0.0250473
0.322103
0.318739
-0.0387276
-0.0438282
0.00701699
0.027718
0.227018
-0.0949549
-0.100726
-0.0284214
0.142762
0.564999
-0.274616
0.00881946
-0.0349698
0.374217
0.275884
0.0202198
-0.356354
-0.362632
-0.216126
-0.444703
-0.373284
0.484827
0.128281
0.414636
0.301108
0.234531
0.689313
0.386122
0.225658
-0.00884275
0.00989783
0.808824
-0.166314
-1.05095
0.360796
-0.607255
0.534615
0.371635
0.320151
0.532571
0.024702
-0.00730052
0.387633
-0.525257
-0.472878
0.0127215
0.168481
-0.643989
-0.0820493
-0.237963
-0.145534
-0.261931
-0.692607
0.147602
-0.264487
-0.557052
0.393705
0.0593898
0.324075
0.0795992
0.262309
-0.0449844
-0.0079739
-0.362643
0.237904
0.00926507
0.678749
0.433468
-0.263587
0.15367
0.538036
0.257111
-0.167293
-0.309472
0.306399
0.134761
0.487198
0.0831221
-0.166096
0.141245
-0.10522
0.408536
0.203783
-0.132035
0.174484
-0.720587
-0.404698
0.181701
-0.742318
-0.458137
0.982838
0.239087
-0.0195689
0.469102
0.432102
-0.0835625
0.058591
0.150901
-0.734109
0.34132
-0.347595
0.448661
0.214367
-0.418597
-0.314081
-0.0367458
-0.672597
0.736567
0.0890426
-0.935345
0.179598
0.262967
0.407991
-0.441031
-0.0147296
-0.4329
0.591441
-0.536913
0.396659
-0.735614
0.0373663
0.245693
-0.478428
0.437024
0.364376
-0.386538
-0.0691602
0.103957
-0.375019
-0.574193
-0.316758
-0.234454
-0.651069
-0.272475
0.0517515
0.0563028
0.26638
-0.349282
0.0115755
-0.167105
-0.312357
-0.121646
0.00144224
-0.0405226
1.01222
-0.213666
-0.126813
1.06197
0.201532
0.379068
0.198433
0.519077
0.170281
0.129745
-0.509887
0.17048
-0.0730807
0.593762
0.134957
-0.4435
0.290955
0.0813445
0.185141
-0.00518952
0.0036238
-0.19122
0.279214
0.0306525
0.153319
0.277
0.203938
0.279807
0.410724
0.200858
-0.384577
-0.288301
-0.298601
0.206857
0.183912
-0.0746562
-0.0856882
0.382993
-0.562889
0.733968
0.0195798
-1.02164
0.181116
-0.510921
-0.724955
-0.588884
0.0273717
-0.429279
-0.395987
-0.000661763
0.114282
0.0694031
0.0329196
-1.01663
0.197549
-0.79447
-0.213752
0.2943
-0.71989
0.0586606
-0.126061
-0.250455
0.60217
-0.244241
0.121853
-0.206368
0.343328
0.0506851
0.102606
-0.133166
0.379066
0.364336
-0.119319
-0.405247
0.206658
-0.515695
0.371112
-0.308644
-0.364712
0.315012
-0.13686
0.106214
-0.0679902
-0.0453386
0.237691
0.178242
0.175213
0.147756
0.236509
-0.095837
-0.156205
-0.221393
-0.104632
-0.337006
0.298673
0.994728
-0.00899119
0.0111398
0.964566
0.0544711
0.483251
0.0762482
0.444398
0.141619
-0.227038
-0.0461459
-0.222675
0.0427412
-0.112037
-0.598232
-0.227537
-0.228877
-0.593208
-0.303792
0.956244
0.0967917
0.18118
0.0731241
-0.0654138
0.592756
-0.220691
0.234863
-0.115504
-0.298571
-0.0821824
0.234858
0.252973
-0.121337
0.0736661
0.343694
-0.148096
-0.163941
0.0832313
0.321102
-0.323767
-0.126015
-0.0230194
-0.44324
0.00653238
0.561494
0.44745
-0.48486
-0.157814
0.0255711
-0.659461
-0.0550721
-0.74543
-0.161654
0.104065
-0.471823
-0.00867171
0.375898
-0.18816
-0.131293
0.0995546
-0.378274
-0.00176717
-0.303179
-0.249235
-0.359125
0.613946
0.214158
-0.341129
0.204784
-0.312185
-0.37529
-0.182032
0.211652
0.34451
0.437841
0.48398
-0.155961
-0.181289
0.288081
-0.492472
-0.316264
-0.211192
-0.148285
0.113322
-0.00153295
-0.0961011
0.217955
-0.0113443
0.0598032
-0.604054
-0.234053
0.0641988
-0.519961
0.533445
0.520547
-0.269993
0.463672
0.118539
0.0761599
-0.147598
0.132859
-0.336389
0.251335
0.5008
0.361918
-0.571758
0.159476
0.0781036
-0.103974
-0.280116
-1.25231
0.187216
-0.89973
0.037009
1.26738
-1.33177
-0.153678
1.73773
0.181771
0.958473
-0.246914
0.397393
-0.0665825
-1.09142
-0.94743
1.90929
0.521686
-1.15255
0.552464
-0.642755
0.163885
0.745539
-0.557004
0.22016
-0.887285
-0.505694
1.36849
-0.515237
-0.508702
0.640219
1.76042
