#input normalization
0.161113 0.272716
48.4139 54.5635
9.76365 36.9305
7.95691 31.3512
0.0109534 0.0431587
0.00883762 0.0337665
0.542988 1.36901
0.823511 1.27769
1.05267 1.47112
1.29982 1.67897
1.57855 1.87949
1.86027 2.06281
2.12999 2.22636
2.39629 2.3791
2.64341 2.50023
2.87854 2.5868
3.10222 2.64749
3.30893 2.68228
3.48879 2.68793
3.62724 2.6498
3.75209 2.59835
3.85097 2.5101
3.92847 2.41397
3.96982 2.29961
3.99558 2.16779
3.98964 2.01953
3.9519 1.86013
3.89687 1.68023
3.79405 1.46746
1 -1
1 -1
1 0
#output normalization
1 0
#neurons weights
0.409535
0.253747
-0.309968
0.398238
-0.165352
-0.123912
-0.207441
0.197392
0.191467
-0.198974
-0.400867
-0.0783878
-0.058383
-0.416079
0.166192
-0.288236
0.0152338
0.408961
0.418126
-0.156627
0.363832
-0.260023
-0.327867
-0.477771
0.21652
-0.433894
-0.324517
-0.218081
0.238861
0.134386
-0.316372
-0.0986288
0.163069
-0.373394
-0.259719
0.151888
0.0234919
0.388044
0.267388
0.286634
0.318334
-0.273034
0.120128
0.0517763
0.414677
0.352
-0.315647
0.601109
-0.391255
-0.663345
0.137451
-0.183693
-0.0732155
-0.29011
-0.0348314
-0.48599
0.350679
0.092917
0.370279
0.235341
-0.285285
0.465584
-0.0699089
-0.0757687
-3.33182
-0.317769
0.143139
-0.0755774
-0.386341
-0.0783208
0.00866995
0.225407
-0.419464
-0.00994004
-0.33037
0.255838
-0.106355
0.485215
-0.00358404
0.525397
0.240662
-0.03167
0.0210952
0.455685
-0.234552
0.182453
0.303372
0.445221
-0.482464
-0.097679
-0.308544
0.531405
-0.28939
-0.486711
-0.38441
0.467499
0.405804
0.813955
#synapses weights
-0.395255
0.293361
-0.00832518
-0.23121
-0.140791
-0.218363
-0.648997
0.0950218
0.172464
0.189975
0.0633973
0.158508
-0.243154
-0.268021
-0.365615
-0.201581
-0.317887
0.0194379
-0.34711
0.0941054
0.312345
-0.329374
-0.463364
-0.407155
0.384298
0.218611
0.366344
0.239709
-0.350819
-0.185912
0.13557
-0.280544
0.0884666
-0.283842
0.0570239
-0.217817
0.340184
-0.457388
-0.62018
-0.50791
-0.172226
-0.461183
0.393659
0.409486
-0.163003
0.0859657
0.289707
-0.389638
0.402067
-0.241888
-0.386595
-0.531462
0.282101
-0.100306
0.258815
0.214791
-0.27598
0.010944
-0.44388
0.117261
0.308775
-0.0581986
0.365484
-0.235333
-0.204649
0.182177
-0.240259
-0.342047
-0.206737
-0.0839492
0.603865
-0.446952
-0.243889
0.292709
0.0717413
0.383141
-0.256027
-0.143182
0.23462
0.374894
0.148728
-0.239268
0.229733
0.327363
-0.352964
-0.101835
0.333538
-0.379366
-0.216421
0.301298
-0.139133
0.191177
0.373063
0.36174
-0.0355655
-0.403952
0.0694186
-0.23536
0.202778
-0.403547
-0.430364
0.350247
2.50041
0.329858
0.220594
0.247378
0.0489275
0.330072
0.6014
0.119825
0.290087
0.368576
0.179335
-0.0517046
-0.436153
0.567645
-0.166789
-0.0655773
0.316063
0.178749
-0.353076
-0.174571
0.0456708
-0.195193
0.0749809
-0.429927
-0.443222
0.0736861
0.0315387
0.338054
-0.0298558
-0.100966
-0.0840246
0.148244
3.28265
-0.342336
0.0342459
0.283125
-0.128981
-0.00168522
0.271823
-0.12159
-0.077666
-0.0157117
0.0125412
0.0145379
0.0492424
-0.134748
-0.12994
-0.0190133
-0.0719911
0.156477
0.0535085
-0.0143215
0.15092
-0.166735
-0.317168
-0.417512
-0.458311
0.166254
0.230434
-0.222591
0.174332
0.281249
-0.4349
-0.20465
0.176584
0.365409
0.296103
0.314913
0.304648
0.0450328
-0.470325
0.0880231
-0.218226
-0.278466
0.358853
0.127201
0.329412
-0.0803551
-0.1289
-0.0350514
-0.19408
-0.435128
-0.0382952
0.413124
-0.233193
0.20875
0.0351842
-0.0572605
0.239864
-0.339889
-0.187138
0.412801
0.435127
-0.113733
-0.258448
0.238395
-0.385197
0.323997
-0.0186201
0.160398
0.302413
0.296999
-0.130244
0.216666
0.385004
-0.245137
-0.254027
-0.0946138
0.186039
0.400905
0.305037
-0.0485153
0.292198
0.248348
0.446987
-0.170085
0.107937
0.281941
-0.241835
0.138938
0.138981
-0.41095
-0.252601
0.212565
-0.148604
0.0775083
-0.027759
0.204933
-1.02933
0.803691
0.0670958
-0.14721
-0.102128
-0.310188
-0.370311
0.00633227
-0.0336661
-0.27822
0.169666
-0.520309
0.0271024
0.223452
-0.034047
0.340046
0.0124915
0.0922744
-0.165809
0.0436408
0.418109
0.224463
-0.553214
-0.00374252
0.389711
0.161916
0.309111
0.234033
-0.478649
0.316218
0.00292618
0.0315757
-0.689422
-0.377952
-0.195421
0.373406
0.142803
0.268407
0.0823205
-0.0346276
0.288337
-0.354461
-0.125832
-0.434089
0.513586
-0.344118
-0.478462
0.0342748
-0.0104425
0.120814
-0.441364
0.126925
0.153312
0.0388326
0.297403
0.123394
-0.408164
-0.120133
-0.467255
-0.106086
0.34335
-0.151896
-0.451738
0.533216
-0.124778
-0.0822388
0.178
-0.160118
0.104218
0.222901
-0.292436
-0.023206
-0.543486
-0.466533
0.129082
0.083097
0.241276
-0.224935
0.010501
-0.491627
0.317091
-0.404002
-0.502784
-0.529856
0.256757
0.373697
-0.197103
-0.276319
0.0999483
0.290022
-0.255753
0.284919
-0.0827144
-0.337865
-0.182937
0.544407
-0.369586
-0.913423
0.176305
0.0637661
-0.21014
0.328177
-0.365276
0.00660826
-0.621815
0.330292
0.356358
-0.237807
-0.217855
0.346665
-0.259518
0.0499346
-0.0851805
0.0334577
0.149889
0.257792
-0.320958
-0.539514
-0.277664
0.355135
-0.487712
0.362321
-0.210375
0.0207732
-0.33623
-0.155758
0.430171
7.04255e-05
0.597288
0.0524012
0.0543268
-0.018233
0.371017
-0.332825
0.245504
0.244152
-0.414235
-0.0480351
-0.207399
0.424624
0.441602
0.304815
-0.213987
-0.239758
-0.252204
0.424786
-0.291129
0.314172
-0.0771535
0.0806385
-0.0243887
0.429809
0.470567
-0.45726
-0.279006
0.412504
-0.0695945
-0.0938453
0.360823
0.136922
-0.410038
0.804676
-0.00144764
0.29049
0.117966
-0.298245
0.287114
-0.146981
-0.278398
-0.156819
0.268205
0.0298712
-0.122181
-0.0819483
0.463307
-0.0114103
0.260923
-0.0372124
0.180138
-0.343233
-0.424838
0.385527
-0.542794
-0.1572
-0.16304
-0.414622
-0.33649
-0.445651
-0.280829
-0.184205
0.490741
-0.434625
0.192539
0.272469
0.0876103
0.171855
-0.269649
-0.0255444
0.547528
-0.186212
0.349303
-0.437807
0.178049
-0.255239
0.214961
-0.0821921
0.162932
0.234362
-0.0559725
-0.292232
-0.10965
-0.457471
0.382295
-0.215136
0.146776
-0.0739805
0.0657
-0.273384
0.374691
-0.198724
0.181428
0.176553
-0.105696
-0.397731
1.46018
-0.511973
0.255739
0.115778
0.256763
0.0720955
-0.344915
-0.264635
-0.238189
-0.177775
-0.0726642
0.406981
-0.152325
-0.266716
0.36636
-0.0848593
0.328458
0.359582
0.131649
-0.248032
-0.233036
0.489275
-0.384247
0.297284
-0.142812
-0.192548
0.163022
0.449504
0.219781
0.210126
-0.167228
-0.0992925
1.26437
-0.477888
-0.0583297
-0.14218
0.263046
0.0858909
0.00576354
-0.125677
-0.028294
-0.08412
-0.357836
-0.060159
0.127078
-0.103764
0.0870791
-0.0506681
0.135939
-0.246322
-0.221946
-0.100324
0.382749
0.166537
0.101134
0.438398
-0.270866
0.112823
0.179603
-0.440619
-0.121776
-0.0399682
-0.173303
-0.243193
-0.717951
0.189215
-0.0894155
-0.0869082
-0.427879
0.136133
0.251685
0.0100789
-0.0171418
0.332576
0.358696
0.370871
-0.315283
0.0797051
0.257736
0.287652
0.193203
0.522207
-0.339647
0.415645
0.523908
0.164122
0.265815
0.337074
-0.0436906
-0.032282
0.236444
-0.271438
-0.396824
-0.494915
-0.282308
0.00533568
-0.080233
-0.426522
-0.159686
0.000122402
-0.0191779
0.271492
-0.375518
0.209323
0.272613
-0.467601
0.16496
-0.434621
-0.318972
-0.127481
-0.373495
0.559131
-0.480184
0.217235
0.146772
-0.444789
-0.225235
-0.137676
-0.00378837
0.0980367
-0.0741663
-0.0320626
0.166106
0.108054
-0.1491
-0.198842
0.0521857
-0.27108
-0.97547
0.249682
-0.218701
0.171141
-0.538591
0.466592
-0.213035
-0.239246
-0.130627
0.438405
-0.25271
0.42934
0.524964
-0.396699
0.296376
-0.43119
-0.257271
-0.289692
-0.20881
-0.017298
-0.250167
0.573251
0.211791
0.395541
0.20955
0.4788
-0.198502
0.576641
0.281891
-0.0396207
-0.509833
0.394915
0.00686116
0.263121
-0.0183065
0.717324
0.545964
-0.106286
0.324539
-0.0497263
0.395376
0.14703
-0.22981
0.31042
-0.065575
0.40292
0.41689
-0.0681356
0.22816
-0.0576494
-0.440355
0.41216
0.195505
0.212097
0.270409
0.418834
-0.038196
-0.262118
0.34373
-0.316657
-0.347249
0.309994
0.128723
-0.179424
0.846081
0.359459
0.113512
-0.196361
-0.205649
-0.219037
0.248569
-0.0580175
-0.335236
0.0989116
-0.0386294
-0.341307
0.118376
-0.00532815
0.122415
0.530372
0.229975
-0.122047
-0.0867783
-0.33704
0.659259
-0.317198
0.12403
-0.00952586
0.482598
0.462564
-0.324421
0.31943
0.00250075
-0.00636985
0.260341
-0.417802
1.01892
0.452649
0.396081
-0.368668
-0.304701
0.202518
0.289257
-0.45387
-0.214202
-0.358714
-0.0433523
0.215023
-0.231433
0.195969
0.0517122
-0.404106
-0.336991
-0.0829315
0.35969
0.282533
0.054752
0.158923
0.0442161
-0.302567
-0.0456715
-0.197956
0.283639
-0.187789
0.578544
0.209782
-0.0426373
-0.18971
-0.72921
-0.776157
-0.269197
-0.391319
0.258953
0.263739
-0.193762
0.0179127
-0.360406
0.344915
0.224616
-0.296071
0.339808
0.169805
0.103227
-0.177874
-0.322225
0.682581
0.376889
-0.175072
-0.0216866
-0.288921
0.3099
-0.493381
-0.0643309
0.000558899
0.188831
0.279023
0.0558497
-0.336611
-0.307144
0.133665
0.899777
0.191081
-0.730792
0.0599691
-0.320041
0.30181
-0.186415
0.319589
0.225003
0.0513777
0.154267
-0.440778
0.306886
-0.0688745
0.00615363
-0.330122
-0.276243
0.201912
-0.0774631
0.214243
0.0637732
0.0556035
-0.229376
0.474256
0.110654
-0.322219
0.489107
0.149117
-0.308439
-0.351581
0.406191
0.43769
0.637768
0.494234
0.249588
-0.0863529
-0.157555
-0.225686
0.347341
0.0895199
-0.207353
0.299707
-0.527007
0.242592
-0.0439412
-0.0540561
0.255837
-0.437987
0.0656028
0.107914
0.352492
0.234065
0.311919
0.34063
0.287682
-0.224725
0.185996
-0.193583
-0.0813931
-0.150124
0.027921
-0.151506
-0.493206
-0.138023
0.0619017
-0.795602
0.129691
-0.0429754
-0.368863
-0.174857
0.446024
-0.15875
-0.0193727
-0.127587
0.0286489
-0.116253
0.375178
0.436007
-0.363898
-0.0565052
0.374631
-0.296429
-0.0920084
-0.162176
0.530711
-0.390488
-0.117633
0.427815
0.493847
0.271068
-0.0697596
0.299372
-0.035842
-0.0790953
0.264981
0.118182
1.21644
0.143422
0.160866
-0.244105
0.123082
-0.152908
0.101494
-0.603881
0.174054
-0.00424488
0.0652884
-0.361205
0.0695582
-0.00784176
0.094797
-0.262591
-0.0265654
-0.287011
0.0636899
-0.464083
0.166067
0.104334
-0.497151
-0.0368329
-0.0726837
-0.416397
-0.208095
-0.503706
0.062365
-0.404411
0.28377
0.463793
-0.404463
-0.502347
-0.206573
-0.349991
0.144884
-0.141506
-0.0173382
0.130944
-0.0723137
-0.362841
0.364192
-0.0897662
-0.318761
-0.217948
0.430961
-0.226151
-0.124311
-0.168439
0.230725
-0.143504
0.362594
0.398747
0.309876
-0.497797
-0.0335703
-0.260177
-0.678121
0.477363
-0.216248
0.392447
0.540561
0.498061
-0.477418
-0.689809
0.122303
-0.31448
-0.133669
-0.241743
-0.223501
0.243084
-0.0467911
0.444143
0.0933404
0.12287
-0.112558
-0.359236
0.531791
-0.0443486
0.146035
0.186547
0.448095
0.450946
0.111713
-0.206286
-0.236098
-0.0371574
0.130353
-0.301329
0.140832
-0.0932173
0.494785
-0.177156
-0.0784841
-0.240908
2.72266
-0.404296
0.351116
0.00999353
0.0501625
0.0174248
-0.164247
0.179985
0.370983
0.0520566
-0.0103385
0.00880739
-0.122769
-0.0761952
0.254975
-0.101996
0.375919
-0.323765
0.327794
0.229137
-0.343044
-0.00141513
0.0512077
-0.0158403
-0.0130805
-0.400093
-0.396499
-0.335312
0.009797
0.457417
0.353682
0.00362258
0.334991
-0.576451
-0.260501
0.164018
-0.280033
0.051961
-0.224408
0.139833
0.159299
0.0178789
0.0365085
-0.0475008
-0.151378
0.254766
-0.153065
0.273114
0.117175
-0.403834
-0.0639013
0.0697251
0.0518974
0.441261
0.157521
0.28657
0.341104
0.494458
0.243559
0.352781
0.519541
-0.285398
-0.0584738
-0.145301
1.30159
-0.336944
-0.239686
0.409648
0.0541403
-0.346881
-0.146684
0.131815
-0.1271
0.424117
0.162899
-0.182335
0.0158085
-0.0335292
0.46012
0.0669474
0.492738
0.0491282
-0.263539
-0.181209
-0.21461
-0.250794
-0.250012
-0.272913
-0.356007
-0.247864
-0.0553058
-0.632738
0.00631973
0.024305
-0.186512
0.0737373
-4.32653
-4.1891
-0.128995
-0.0155157
0.0552547
0.146713
0.00135593
0.0113726
-0.0239119
0.0491422
0.0471849
0.030562
0.11005
0.0992024
-0.00397647
-0.0191874
0.213079
-0.0370381
0.0833621
0.204644
-0.103025
-0.0573777
0.127724
0.333516
-0.337822
0.346214
-0.235175
0.220477
0.475849
-0.285858
0.279555
-0.0606006
0.225163
-0.576463
-0.241756
-0.0703123
0.173672
-0.401075
0.176839
-0.36082
-0.0308052
0.245586
0.35352
0.303624
-0.130697
-0.273411
0.286887
-0.22905
-0.434083
0.25597
0.0692986
-0.116983
-0.369153
-0.235952
0.189493
0.350416
0.186491
0.0448266
0.192117
0.0200829
0.0291348
0.0294407
-0.216166
-0.20894
-0.195229
-0.400374
-0.249119
0.0597824
-0.383808
0.505611
0.30707
-0.0350557
-0.310829
0.0643934
-0.180584
-0.277354
-0.292344
0.223216
0.487277
-0.107852
-0.260619
-0.540067
0.50183
-0.0644352
0.238496
-0.2202
-0.296752
-0.258849
0.420467
-0.290099
0.291873
0.144385
0.30519
0.227693
-0.227225
0.362126
0.627282
-0.278329
0.177465
0.276759
0.149119
0.0604625
0.0517261
0.0538677
-0.33505
-0.446262
0.224716
0.047618
-0.197079
0.319579
-0.15224
-0.259733
-0.131563
0.363208
-0.00104848
-0.298262
0.285957
0.138945
0.18218
0.152075
0.442942
0.488264
0.213983
0.265604
-0.601067
-0.0161818
-0.13723
-0.151877
-0.420808
0.256228
0.291822
0.0680559
0.299217
0.0268963
0.0722996
-0.336104
-0.371456
0.416703
0.0405202
-0.261208
-0.512232
-0.274541
-0.374501
-0.386083
-0.0457729
-0.0117728
-0.227494
-0.131946
-0.236529
-0.121065
0.0190548
-0.394129
-0.222305
-0.255485
0.0384746
-0.415265
-0.410035
0.377461
0.152213
0.0245173
0.289856
0.173166
0.530746
0.145171
-0.0541261
0.244678
0.00375003
-0.267028
-0.336719
0.222852
-0.118228
0.290242
-0.0193107
0.187067
-0.421311
0.371341
0.06251
0.182048
-0.506602
0.100307
0.124182
0.4439
-0.0491727
0.134028
0.319815
-0.0929993
0.244454
-0.0495114
0.507812
-0.397272
-0.290214
-0.338644
0.45496
0.273505
0.177594
-0.421361
-0.00342697
0.24199
-0.129455
-0.487316
-0.263056
-0.453938
0.0172707
-0.234083
0.482744
-0.223558
0.454423
0.424739
0.484281
0.414796
-0.119783
0.280466
-0.0997734
0.0105622
0.270911
-0.50633
0.39099
0.443276
0.0646228
0.0388665
-0.0370838
-0.127224
-0.215585
-0.264264
0.00454266
0.0884441
0.017974
-0.341346
0.0503423
-0.25674
0.295729
-0.111433
0.0461716
-0.253714
0.237326
-0.436913
-0.452247
0.0821042
-0.300475
0.309344
-0.232536
-0.273228
-0.061021
-0.0233414
0.0976788
-0.429094
-0.139211
-0.290535
-0.36232
-0.350684
-0.214077
0.319772
-0.269313
-0.13945
-0.454561
-0.47322
-0.27614
0.230657
-0.198169
-0.154341
0.0818549
0.0749137
0.129499
-0.352377
-0.410359
-0.363736
-0.451639
0.426625
-0.17652
-0.566477
-0.178389
-0.137103
-0.0115184
0.458704
0.411065
-0.516613
-0.297833
0.14424
-0.0765036
0.452115
-0.115381
0.248872
0.0887116
-0.477552
0.174486
-0.272859
0.327858
-0.299811
-0.130467
0.0844148
-0.411824
0.152837
0.221074
-0.0353413
0.351043
-0.30446
-0.275743
-0.0340827
-0.122404
0.0162469
-0.357424
0.342882
0.434986
-0.434482
0.260454
0.475204
0.17538
-0.255361
0.343605
0.331691
0.468614
-0.492062
0.38634
0.185221
-0.0838786
0.129428
0.454865
-0.053033
0.246103
0.310664
0.0299327
-0.108789
0.00596544
0.101895
-0.251726
-0.230312
-0.384481
0.164785
-0.345222
0.153033
-0.427195
0.342607
0.432625
0.0182336
0.108683
-0.0720856
-0.127449
-0.0342944
0.0173258
-0.0912531
-0.0450004
-0.206702
-0.271331
-0.380616
0.167587
0.144326
-0.178325
0.178211
0.10384
-0.0894518
-0.0431181
-0.341764
0.537542
0.166229
0.509581
-0.325597
0.074475
0.535657
-0.0119536
-0.0175679
-0.144429
-0.122147
0.00364689
-0.388829
0.212852
0.111759
0.0867761
-0.244256
-0.377011
0.13515
0.208902
0.30064
-0.43147
0.0956562
0.407006
0.275535
0.0547207
-0.346183
0.389851
-0.0740007
-0.330329
0.0303761
-0.613773
0.0420807
-0.427223
-0.179882
-0.316263
0.225455
-0.163704
-0.307285
0.0922098
0.0459345
-0.307266
-0.265095
0.0717391
-0.221579
-0.0673221
0.324618
0.393656
-0.41639
0.484165
-0.106874
0.030135
0.644037
0.16256
-0.023322
0.500809
-0.280663
0.432417
-0.11287
0.57308
-0.105679
-0.148666
-0.349287
-0.43049
0.423398
0.445877
0.278377
-0.0916656
-0.345174
0.141911
0.363592
-0.426731
-0.408092
0.231096
-0.43038
0.0593913
-0.276077
-0.434448
0.0374645
-0.118056
0.313435
0.0475413
0.106989
-0.0312816
-0.12466
0.564963
-0.336086
0.352536
-0.333529
0.181272
0.175183
0.0113999
0.0336638
-0.620897
0.104363
0.323827
-0.417905
-0.189079
-0.297051
0.484663
-0.0255715
0.184209
0.195163
0.724556
-0.187097
0.307408
-0.0297093
-0.249118
0.142452
0.200929
0.0300125
0.179524
-0.246216
0.0466702
-0.276323
0.224136
-0.0209106
0.150486
-0.053469
-0.34892
-0.204006
0.529501
-0.309726
-0.399735
0.227186
-0.0102964
0.332753
-0.133444
0.319474
0.182714
-0.0216407
0.0594823
-0.199547
-0.0253796
-0.478236
0.0400455
0.796039
0.220754
0.303098
0.416251
0.180456
-0.198097
0.318921
-0.0804808
0.35524
0.26803
-0.225857
-0.388611
-0.0933973
-0.381754
0.0664154
-0.090678
0.334611
-0.444222
0.154728
-0.244326
-0.107019
0.449882
0.0943935
-0.349179
0.130859
0.101826
-0.22536
-0.0528817
0.242702
0.384148
0.0653902
0.457598
0.144113
0.409228
-0.0437213
0.255687
0.301474
-0.602548
0.594548
-0.419712
-0.201234
0.668694
-0.170413
-0.0458707
0.014259
-0.0246964
0.121233
-0.0224621
-0.334324
0.130129
0.222474
0.260352
0.541865
-0.432789
-0.331493
-0.409286
-0.136468
-0.397159
-0.227389
-0.187593
-0.28279
0.15884
0.216366
0.32338
-0.218134
-0.182704
-0.998591
-0.0457906
-0.349512
0.187544
0.157165
0.198553
0.417595
0.341309
-0.460028
-0.29255
-0.360057
-0.403547
0.459355
-0.195635
0.0934223
-0.0674099
0.217683
-0.0806565
0.018955
0.245239
-0.59219
-0.435633
-0.380935
0.353118
-0.354286
-0.36187
0.124817
0.170407
0.298226
-0.187882
-0.0243102
-0.213163
-0.459593
-0.115583
-0.179396
0.0524746
0.250108
-0.127626
-0.493624
-0.533766
-0.0911008
0.0155167
-0.536496
0.107764
0.0582115
-0.111671
-0.57728
-0.44134
-0.0849007
0.0856851
-0.04885
-0.297822
0.272781
-0.465951
0.548768
-0.0172794
0.228229
0.580348
-0.0801403
0.183335
0.213524
0.279118
-0.429405
-0.256561
0.152185
0.297956
0.749173
0.292399
0.149709
-0.00254843
-0.194134
-0.255201
-0.14187
0.134439
0.149642
-0.159239
0.173205
0.0715495
-0.250281
-0.110865
-0.313506
-0.142281
-0.0727511
-0.442632
0.292579
-0.0495161
0.376244
-0.0333066
0.509128
0.0542704
-0.385792
0.505753
0.343754
0.330198
-0.173761
0.0480774
0.594622
0.245564
-0.368196
0.121783
0.358354
-0.498995
-0.23154
-0.0332252
0.642405
0.248279
0.264792
0.097329
-0.0303131
0.37231
0.238528
0.487797
0.0741247
-0.517131
0.366101
0.197527
0.40727
0.41636
-0.0365552
-0.0547645
0.239088
0.277756
0.378685
0.00921985
0.539845
0.364275
-0.385211
-0.0699069
-0.349679
0.400704
-0.0439797
0.0294252
-1.21953
-0.470299
0.066221
0.0375045
0.0820479
0.377239
0.236404
-0.104003
-0.611011
-0.180059
-0.468965
0.53315
0.28056
-0.489792
0.367749
0.445981
0.398934
-0.225937
0.0530285
-0.53373
0.282677
0.348603
0.119217
0.142451
0.201736
-0.296152
0.41526
0.357966
0.0320571
-0.0871676
0.672976
0.313494
0.431971
-1.06633
0.122805
0.109561
-0.331729
0.285208
0.205758
0.145805
-0.529046
0.34393
-0.254977
0.194146
0.338806
0.0532234
0.119679
0.188766
-0.510391
-0.00862612
-0.432658
0.284705
0.110452
0.358654
-0.317422
0.292914
0.0834386
-0.294394
0.190326
0.250695
-0.0426225
-0.285695
0.266474
0.53865
-0.156845
-0.303797
-0.426101
-0.300368
-0.11498
0.076988
0.376884
0.477886
0.0436149
-0.390272
0.0971215
-0.326211
-0.424619
-0.145049
-0.327961
-0.197933
-0.446827
-0.203709
0.477501
0.190868
0.227037
0.472364
-0.0767861
0.12449
0.122977
0.419219
-0.0616474
-0.331838
-0.00472072
0.131331
0.163764
-0.150247
0.118198
-0.338425
-0.010611
-0.460385
-0.338064
-0.0744824
0.537654
0.4851
-0.220528
0.19231
0.376445
-0.344537
0.067693
0.305411
0.191439
0.229403
-0.316112
0.0922226
0.0659949
-0.419609
0.420237
0.449442
-0.519992
-0.387019
-0.376748
-0.216625
-0.395208
0.137019
-0.124382
0.00501654
-0.0372958
-0.451426
-0.00341502
-0.277908
-0.153135
0.264948
0.417056
0.369944
-0.0815314
-0.308472
-0.184193
-0.431228
0.171759
-0.0542469
-0.362575
-0.366184
0.305931
0.100484
0.468835
-0.0102557
0.0592441
0.339366
0.289814
-0.381382
0.485429
-0.104916
-0.310237
-0.17144
0.675269
0.390868
-0.442019
0.35481
0.102886
-0.12556
0.301192
0.31071
0.131744
0.336933
-0.0527173
0.855591
-0.0368126
0.178155
0.288114
0.262853
0.743801
-0.27242
-0.100179
-0.264141
0.425144
0.312613
0.343985
0.0922602
-0.529544
-0.152401
0.321076
0.146851
0.178098
-0.20908
-0.0713227
0.0810187
-0.35635
0.0310238
-0.0777749
0.316281
0.273121
0.548178
-0.16667
0.401404
0.012081
0.505902
0.0828637
0.428212
-0.95301
-0.302556
0.0755641
0.339397
0.422905
0.608128
-0.257873
-0.504822
-0.494128
0.266589
0.39571
-0.225283
0.0980379
-0.116952
-0.0970686
0.510513
0.0812937
-0.697127
0.0851838
-0.691611
0.395495
0.291091
0.199838
-0.404087
-0.095016
-0.0793487
0.311645
0.520369
-0.198015
0.195004
0.450632
0.226671
0.601999
-1.09895
-0.0292444
-0.472718
0.107463
0.046896
-0.113265
-0.2467
0.0211839
0.351915
0.0507781
0.168893
-0.0398009
0.535621
0.178783
0.465557
-0.25397
0.306125
0.202133
-0.267541
-0.597442
-0.000824209
0.542733
0.493544
0.373874
-0.0606385
0.226876
0.169589
0.27264
-0.321859
-0.136969
-0.00700246
-0.408345
0.02868
0.293692
-0.208458
0.615689
0.455184
-0.44155
-0.637791
0.347024
0.27156
-0.145473
-0.100299
-0.173527
0.288128
0.394013
-0.319754
-0.274489
-0.0633321
0.323768
0.147805
-0.0337333
0.525792
-0.343552
-0.630639
-0.297223
0.385066
-0.0318684
-0.542444
0.322422
-0.366697
0.34416
0.301338
-0.435587
0.0743491
0.0818143
0.428162
0.114322
0.319399
-0.3991
-0.300606
-0.166515
-0.184325
-0.561819
-0.53598
0.0509578
-0.0607906
-0.0364462
-0.764896
-0.112291
-0.609785
-0.489192
-0.867529
0.176752
-0.132586
0.259923
-0.354298
-0.169797
-0.199302
-0.131156
0.125842
-0.643118
-0.464964
-0.172375
-0.0220448
-0.00578876
-0.585517
-0.612826
-0.693606
0.590787
0.344598
0.0521425
0.43235
0.515193
-0.14222
0.395793
0.458208
-0.131062
-0.0185199
-0.0650915
-0.139205
0.196249
0.33979
0.192104
-0.308208
0.0932687
0.0906961
-0.137156
-0.474284
-0.342063
0.471927
0.438012
0.235197
0.165651
0.0795949
0.282488
0.232994
0.50966
0.0630471
-0.293483
0.0313208
-0.00929691
-0.0598223
-0.0621487
-0.263691
-0.00785279
-0.110901
0.206837
-0.281287
-0.356692
0.140566
0.309871
0.100918
0.0202745
0.461345
0.47219
0.457055
0.0265236
-0.0507296
0.322683
-0.383861
0.152877
-0.00520339
0.0906902
-0.0806929
-0.459566
0.0945402
0.341377
-0.0277232
0.00925892
-0.206017
-0.214124
-0.0792979
0.328185
-0.0732595
0.530341
0.203098
0.31454
-0.314667
0.105287
-0.0861474
0.0960678
-0.294922
0.20481
0.063328
0.205788
-0.112447
0.457064
0.179523
-0.0763662
0.515222
-0.494737
-0.0958485
0.452056
-0.080527
-0.640753
-0.569282
-0.214787
0.00205357
0.431083
0.432029
-0.490125
-0.590246
0.264649
-0.404652
-0.16144
0.349122
-0.156808
