#input normalization
0.161111 0.272713
55.8776 59.6663
9.67791 37.4879
7.93437 31.5603
0.0110227 0.0436671
0.00882482 0.0338465
0.542988 1.36901
0.823511 1.27769
1.05267 1.47112
1.29982 1.67897
1.57855 1.87949
1.86027 2.06281
2.12999 2.22636
2.39629 2.3791
2.64341 2.50023
2.87854 2.5868
3.10222 2.64749
3.30893 2.68228
3.48879 2.68793
3.62724 2.6498
3.75209 2.59835
3.85097 2.5101
3.92847 2.41397
3.96982 2.29961
3.99558 2.16779
3.98964 2.01953
3.9519 1.86013
3.89572 1.68228
3.7862 1.48252
3.65921 1.28429
3.54441 1.09538
3.42333 0.906903
1 -1
1 -1
#output normalization
1 0
#neurons weights
0.250959
-0.0361647
0.455314
-0.265879
-0.2099
-0.360756
-0.492096
-0.315638
0.154845
0.327079
0.0238354
0.442273
0.315077
-0.239886
0.13521
-0.328186
0.222031
-0.442676
0.234463
0.125461
-0.066466
-0.485177
0.00388267
-0.309022
0.453437
-0.202432
0.430395
0.401539
0.353008
-0.198075
0.0655141
0.151039
0.181869
0.112042
-0.357767
0.017942
-1.96589
-0.0876243
-0.419493
0.368509
-0.00819876
0.193711
-0.175372
0.178044
-0.152184
-0.203625
0.0720422
0.00918041
-0.319972
0.0960175
-0.129136
-0.11424
0.00482352
0.294673
0.334707
0.242735
0.142443
-0.319654
-0.334911
-0.168272
-0.123039
-0.246945
0.330245
0.620624
-0.258384
0.0147773
-0.328003
0.0747856
-0.18024
0.0700549
0.38455
0.0591833
-0.138854
-0.231204
0.50536
0.0806719
0.499747
-0.08189
-0.290383
0.437836
-0.20631
0.10568
-0.296215
-0.514374
0.193467
-0.305962
-0.417999
-0.420115
0.598374
0.256308
0.0664871
0.444047
0.497324
-0.459161
-0.280217
0.413947
-0.218938
-0.30529
-0.0852779
0.276667
0.062531
0.119383
-0.429812
0.433985
#synapses weights
-0.0169014
-0.358383
0.00193582
-0.307085
-0.141598
-0.0396208
0.253354
0.546101
-0.3909
0.139336
0.193965
-0.455033
0.239354
-0.340498
0.210935
-0.448347
-0.51498
0.108608
-0.0519345
-0.324529
-0.0848322
-0.153936
0.182649
-0.446696
0.173946
-0.444218
-0.34222
-0.134169
-0.0317941
0.0703605
0.19151
0.29012
0.453124
-0.149775
0.559702
0.275835
0.247535
-0.0312863
0.22663
0.32951
0.384603
0.779652
-0.252788
0.144963
-0.0623396
0.102618
0.0608787
0.220639
-0.0359614
-0.102315
-0.235114
-0.287744
0.173884
0.0101407
0.250435
-0.326235
0.237168
0.0462574
0.255149
-0.152493
0.173807
-0.0227877
-0.0865276
-0.148915
-0.231235
0.156111
0.470038
0.141265
-0.0419698
-0.284172
-0.153593
0.258277
-0.14726
-0.0141225
-2.48604
-4.21431
-0.0951795
-0.0642134
0.0225735
0.0257122
-0.0358056
0.00128696
0.028408
0.0182293
0.00891104
0.0688001
0.0402667
-0.0113507
0.0437203
0.0153813
-0.00872912
0.0067986
0.0573173
0.207278
-0.13391
-0.127309
0.0415338
0.156512
0.120318
-0.165727
-0.282156
0.288731
-0.0450316
0.29066
-0.390992
0.315689
0.422004
-0.1543
1.36818
0.0678822
-0.0532603
-0.448647
0.342863
0.227963
0.160275
0.077517
-0.130293
-0.0125438
-0.324029
-0.369936
-0.00573497
-0.0436659
0.272016
-0.128435
0.115864
-0.36115
-0.189055
-0.137293
-0.0432295
0.248896
0.00332278
-0.235371
-0.115855
0.162437
-0.479776
-0.063797
0.147861
-0.0526407
-0.157349
-0.337871
0.143742
-0.529165
0.550897
-0.00468538
0.132009
0.0519214
-0.119211
-0.145103
-0.0871141
-0.587334
0.302105
0.0780096
0.142502
-0.236046
0.149912
-0.389586
-0.366399
0.308695
0.301347
0.0581508
-0.0278757
-0.403176
0.348655
-0.184869
0.0956992
-0.220658
-0.31533
-0.368693
0.301582
0.138682
0.101327
-0.163206
-0.408373
-0.174304
-0.0553966
0.410256
-0.795556
-0.532382
-0.22513
0.304675
-0.173276
-0.235837
0.461842
-0.315749
0.304865
-0.0445352
0.0922307
-0.22829
-0.334905
0.0766354
0.28143
-0.134027
0.0954471
0.201381
-0.370432
0.255588
0.200256
0.384337
0.257856
-0.198992
-0.326409
-0.356069
-0.259497
-0.377835
-0.0816716
0.172995
0.403857
-0.0934416
0.307289
-0.136295
0.741569
-0.200777
0.292241
0.475777
-0.318421
-0.0608398
-0.00471371
-0.0143314
0.252028
-0.231777
0.343919
0.152087
0.389777
-0.448175
0.186841
0.170649
-0.452781
-0.474099
0.0377367
0.194895
-0.035707
0.171655
-0.427667
0.329801
-0.0633681
0.155649
-0.303513
0.444957
-0.385828
-0.0988971
0.32523
-0.398609
0.0474635
0.00288412
0.590542
-0.519719
0.424887
-0.039485
-0.201452
0.485754
0.241577
-0.444934
0.126759
0.175695
-0.335359
-0.266838
-0.278878
-0.379995
-0.290904
-0.268474
0.460328
0.315917
0.0363839
0.369256
0.132374
-0.0120967
-0.115872
0.508156
-0.2947
-0.125889
0.0248742
0.0174789
-0.1613
0.250703
0.319795
0.357713
0.368216
-0.277772
-0.406772
0.686477
0.19323
-0.275829
0.220333
-0.169241
-8.89096e-05
-0.0264717
0.195364
-0.137979
-0.0694299
-0.119843
-0.244734
0.117272
0.436618
0.0620984
-0.477589
-0.161731
-0.270677
0.170633
0.424851
0.371968
0.410141
-0.209016
-0.124839
0.130851
0.0460332
0.166661
-0.143509
-0.152011
-0.154593
0.180165
0.225919
-0.287526
-1.42307
0.117134
0.0484127
-0.0590881
-0.133583
0.0331247
-0.294834
0.0024288
0.0594379
-0.167828
0.300967
-0.0257208
0.306154
-0.0852366
-0.253841
0.0116777
0.00146424
-0.0813552
-0.456569
0.229906
-0.0959253
0.448496
-0.263002
0.388663
0.0907786
0.077157
0.335635
-0.417349
0.159574
-0.0696417
0.135716
-0.349942
-0.0958028
0.376462
-0.85323
0.266726
-0.303849
0.28902
0.11175
0.0729435
-0.26854
-0.216083
-0.0731237
-0.0557197
-0.24557
0.359028
-0.204771
-0.347004
-0.127657
0.262794
0.192037
-0.040103
0.217791
0.0774341
-0.0131836
-0.17229
-0.389732
0.178032
-0.477713
-0.335289
0.258563
0.272627
0.145819
0.316433
0.160177
-0.14753
0.275945
-0.100339
1.37652
-0.643551
0.241491
-0.304019
0.297046
-0.11997
0.172396
-0.352015
0.270798
-0.307781
-0.16357
0.424803
-0.13826
-0.01581
-0.0688047
0.324558
-0.12257
-0.426283
0.429014
0.0589758
-0.102279
-0.289815
0.310006
0.164398
-0.291745
-0.0851715
0.316952
0.220691
0.393752
-0.292038
0.251368
0.00978195
-0.0128117
-0.218526
-0.600882
-0.385411
0.433264
0.401694
-0.307606
-0.247373
-0.271298
0.398388
0.442328
0.0374638
0.278555
0.182383
0.141174
-0.145613
0.0203749
-0.321082
-0.295306
0.183142
-0.0836688
0.465355
-0.408114
-0.126332
-0.0932778
-0.120316
0.184644
0.346382
0.407949
0.482719
-0.196213
0.0249322
0.187393
-0.123287
-0.010204
-0.189961
-0.787732
0.129748
0.128787
-0.602218
-0.246392
-0.41514
-0.321263
-0.0793405
-0.252025
-0.357897
0.100203
-0.36765
-0.38448
-0.436753
-0.307868
-0.404127
-0.0961491
0.426499
0.0962494
0.483041
-0.204852
0.138001
0.421106
0.0998097
0.400186
-0.119078
-0.352906
0.245911
0.07731
-0.0278877
0.153517
0.277575
0.147816
-0.301502
-0.744657
-0.576663
-0.328256
-0.408786
0.285932
0.218723
0.0733326
0.52155
0.364039
-0.382859
-0.292229
-0.0215073
0.0129678
-0.0671424
0.263934
0.307475
-0.0326844
-0.140579
-0.171732
-0.103341
0.0515925
-0.247289
-0.0901234
-0.134804
-0.288697
-0.0304035
-0.0774368
0.0716534
-0.103854
0.503031
0.307307
-0.0288038
-0.436491
0.365334
0.815439
-0.145718
-0.349176
0.179388
-0.45238
-0.0573391
0.111943
0.171366
0.208484
0.185729
0.321241
-0.151837
-0.173302
-0.382691
0.120937
-0.218211
0.226584
-0.314527
-0.41659
-0.388995
0.41722
-0.142853
0.160349
0.0830851
0.309049
-0.220438
0.217172
0.0468522
0.181338
0.46638
0.31044
0.303533
-0.476461
0.0411942
1.83272
0.330905
0.156137
0.137243
0.0680033
0.00373133
-0.172243
0.317471
-0.0532784
-0.296391
0.124594
0.00920504
0.113684
0.218598
-0.397478
0.263949
-0.270137
0.408734
-0.492486
0.206071
-0.429934
-0.0212793
-0.178294
-0.106436
0.194168
-0.553732
-0.338879
-0.0148482
-0.000740803
0.139941
0.457403
-0.151773
0.403385
0.182624
-0.095625
-0.340194
0.492146
0.0503178
0.128859
-0.0449081
-0.386581
0.291347
-0.411026
-0.268337
-0.0422847
-0.188869
0.409546
-0.0416442
0.167318
-0.233717
0.114779
0.180553
-0.0626262
0.406395
-0.398233
-0.373141
-0.0927674
-0.0486855
0.273673
-0.354897
0.441676
-0.141543
0.0755376
0.206491
0.358697
-0.212225
0.191336
-0.353425
1.41453
0.261072
-0.142683
-0.0213618
0.284269
-0.151533
-0.442169
-0.116321
0.225966
0.0466114
0.130228
-0.190111
0.292232
0.362939
-0.406977
-0.208345
0.103396
-0.398173
-0.235489
-0.182787
-0.28057
0.283559
0.214579
0.0578806
0.261997
-0.249157
0.152934
0.264788
0.121721
-0.190184
0.00608428
0.267643
0.0335579
0.0443162
1.00403
-0.0986095
0.395592
0.225604
0.125143
-0.0645865
0.0872548
-0.350805
-0.0564985
-0.111998
0.0310979
0.451487
-0.310462
-0.00892431
0.223068
-0.266841
0.119204
-0.4592
0.222993
-0.0514915
0.0915035
0.467012
-0.0243222
0.0726195
-0.456175
-0.0140013
-0.315912
-0.16031
0.0086085
0.0750899
-0.473553
0.270035
0.12193
0.136503
1.53685
-0.239296
-0.235559
0.372026
-0.134718
0.0341605
-0.216107
-0.235083
0.128925
0.563841
-0.308013
-0.219097
-0.158533
0.116723
0.0832692
-0.235229
0.190449
0.196663
-0.0186377
-0.000524862
0.00890301
0.227746
-0.450469
-0.286037
0.244301
-0.16402
0.335165
0.00621318
-0.322573
0.083921
0.356128
-0.115901
-0.13558
-0.129227
0.932991
-0.483524
0.0898447
-0.110022
-0.330315
-0.342801
0.260868
0.0546907
-0.277924
-0.264171
0.323979
0.066631
-0.164127
0.301758
-0.195563
-0.292541
-0.279791
-0.14894
-0.00503547
0.246345
0.158754
0.196414
-0.10768
-0.206211
0.309617
0.388996
-0.196925
-0.151305
0.318623
-0.300206
-0.314931
-0.148712
0.042986
-0.193563
0.297058
-0.525596
-0.140243
0.358731
0.0962328
-0.44294
-0.27713
0.223878
0.157038
0.122379
-0.00365701
0.084789
-0.371037
0.0759208
-0.101782
-0.373411
0.240003
0.228763
-0.229248
0.123814
0.085724
-0.445129
-0.0437335
-0.307046
0.189974
0.0673875
0.116657
-0.402775
0.159565
-0.362436
-0.167347
-0.246191
0.480829
-0.163591
0.420554
0.897486
0.731142
0.224757
0.048916
-0.378984
-0.208378
-0.234951
0.0309845
-0.206529
0.0371239
0.266525
-0.0863549
0.156573
-0.308421
0.341397
-0.0862637
-0.106577
-0.0502672
-0.0601221
0.175822
0.383839
-0.440823
-0.280487
0.503553
0.265954
-0.103684
-0.0947608
0.151271
0.286996
-0.334679
0.0119166
-0.277731
-0.213955
0.650122
-0.451676
-0.382321
0.312012
0.194338
-0.110791
-0.0674936
0.314452
-0.281713
-0.399352
0.0315466
-0.208359
0.271474
-0.196028
-0.083313
0.154326
-0.0139792
-0.381892
-0.339102
-0.335843
-0.246814
-0.00774015
-0.10041
0.124057
0.326229
0.042494
-0.21957
0.41234
0.11781
0.476522
0.244708
-0.275785
0.0672951
-0.00525218
2.4534
-0.123096
0.183258
0.0367271
-0.0508098
-0.0068131
-0.11645
0.0425432
0.196447
-0.111134
0.00871451
-0.200356
-0.159289
0.0317963
0.108538
0.155763
0.0540573
0.0500788
-0.0571523
-0.423608
-0.135605
-0.266341
0.109066
0.108089
0.0781782
0.229933
-0.454973
0.229242
-0.407845
-0.289207
-0.140894
0.296421
-0.0331847
0.0164758
-0.507221
-0.0720784
-0.105148
0.190887
-0.180523
0.0328912
-0.0341873
0.131141
0.3567
0.445458
-0.263177
-0.110992
0.0810732
0.0362555
0.100386
0.288159
0.0657205
0.236068
0.0535069
-0.333775
-0.130388
-0.36855
-0.356431
-0.398371
0.055168
0.295101
-0.432946
0.225363
-0.408063
0.210664
0.0888787
-0.252987
0.13745
0.0686846
-0.850952
-0.629619
0.120514
-0.258903
0.230037
0.392664
0.255259
-0.276381
0.215824
-0.0786463
-0.0289801
-0.0467369
0.301699
-0.200316
-0.306338
-0.338688
-0.3101
-0.3655
-0.249154
0.0473795
0.109787
0.463694
-0.359733
0.458994
0.320493
-0.0308001
-0.280869
0.446255
0.156135
0.310021
0.179593
-0.0215794
-0.305344
0.458237
0.292385
-0.508904
0.0981376
-0.17966
-0.00132875
-0.108739
-0.474777
0.219403
0.146175
-0.516093
-0.268951
0.253453
-0.2121
-0.298838
0.117502
0.366097
0.344996
-0.188741
0.459204
0.0808044
0.408318
0.35329
0.0579003
-0.0907496
-0.313287
-0.144285
-0.356117
-0.299276
0.136828
0.640251
0.187235
-0.0633879
0.252675
-0.353518
1.28214
0.689389
0.641716
0.0700856
0.241655
0.00182883
-0.433636
-0.00295051
-0.176319
0.159317
0.345263
0.423219
-0.236517
0.162911
-0.168364
-0.0719351
-0.273806
-0.146089
-0.0138649
0.271498
-0.188033
-0.329223
0.0677229
-0.00481133
-0.20365
0.225558
-0.031485
-0.474463
-0.0505835
0.136462
0.0619693
0.135489
0.103468
0.339022
-0.880952
-0.00627307
0.13217
-0.171708
0.180301
-0.282473
-0.155613
0.0557544
-0.304441
0.184065
-0.00856213
0.407994
-0.251679
0.189868
-0.162427
0.0541912
0.514267
-0.428945
0.216359
-0.420701
-0.113038
0.511295
-0.301009
-0.487811
-0.0250441
0.300512
-0.129602
0.448711
0.121792
0.0896974
0.0965014
0.06027
0.403572
-0.315781
-1.26843
-0.957141
-0.257497
0.135088
-0.0742864
-0.203471
-0.275318
-0.194031
0.144997
-0.137184
0.311764
-0.289466
0.0875294
-0.163609
0.0557459
0.400111
-0.0810894
-0.450608
0.474145
-0.0947603
0.0353083
-0.266329
-0.188221
0.192329
0.408822
-0.117538
0.385656
0.180538
0.168178
0.216295
-0.143328
0.049693
0.0969814
0.140185
0.351146
0.826475
0.439337
0.374457
0.215325
0.242802
-0.272196
0.319231
-0.281417
-0.379741
0.424855
-0.413554
-0.302104
0.194448
-0.313236
-0.159951
0.387112
-0.349468
0.388494
-0.381103
0.284147
0.0727563
0.0334483
-0.0713166
0.0201044
0.135511
-0.0817083
-0.097921
0.162207
0.281385
0.36919
-0.0355669
-0.262092
-0.15133
0.647508
0.456241
0.844367
0.5484
0.381869
0.513392
-0.268895
0.270116
-0.314007
0.267524
0.0781395
0.182252
0.269114
-0.213566
-0.416859
0.38298
-0.379594
0.32271
-0.109248
0.354592
0.355552
-0.411031
-0.237186
-0.441148
0.326243
-0.236549
0.125055
-0.268994
-0.328933
0.130948
0.199533
-0.350908
0.121522
-0.12975
0.166446
0.14336
-0.00735157
-0.147267
-0.403244
0.286318
-0.466317
0.216642
-0.0915662
0.171655
0.450749
0.0640067
-0.126505
0.444976
0.337979
0.00940894
-0.091205
0.106927
-0.409617
0.0139749
0.351952
0.508093
-0.24742
0.433785
0.17098
0.132635
0.247935
0.204221
0.275831
-0.234733
-0.134726
0.175277
-0.338288
0.162975
-0.25634
-0.283918
0.0946126
-0.484602
-0.278942
0.432516
-0.208966
-0.211438
0.391712
0.147593
-0.0222607
0.424797
-0.135183
-0.351583
-0.451881
0.415754
-0.0900898
0.27791
0.250938
-0.384402
-0.239095
-0.192772
0.372615
0.280625
-0.327651
0.0144255
0.0885087
-0.156714
0.378089
-0.201309
-0.159419
-1.1683
0.39899
-0.0287015
-0.426125
0.286521
0.593233
0.213293
-0.38839
0.404018
0.673247
-0.156374
0.873495
-0.40978
0.542485
-0.219195
0.406239
0.289713
0.543709
-0.107257
0.446673
-0.309427
0.332603
-0.108108
0.630498
0.159099
-0.247599
0.296755
0.0015115
-0.0921487
-0.129042
0.264786
0.424983
0.308474
0.493509
-0.052497
0.406911
-0.299596
-0.19452
0.142685
0.350729
0.402533
0.4079
-0.201171
-0.0743411
0.234857
0.192277
0.115583
-0.292579
0.221769
0.322339
-0.125926
0.0815086
-0.142658
0.390481
-0.35173
0.396805
0.458268
-0.351402
0.373424
0.476163
-0.391585
-0.14174
0.0448495
0.332488
-0.149694
-0.244585
0.213104
0.0947749
-0.243984
-0.0795609
-0.211208
0.425679
-0.217298
0.344165
-0.487444
-0.246788
-0.248499
-0.395731
-0.254871
-0.403617
0.0967439
0.387144
-0.259206
-0.267326
0.2179
-0.261011
-0.190401
0.0711346
0.417472
0.064206
0.347996
-0.497457
0.187572
0.224138
0.0398798
-0.00590272
-0.0841355
-0.0660461
-0.569008
-0.392689
-0.586766
-0.348956
-0.418426
-0.0828365
-0.160858
0.00476106
-0.0508872
0.485268
0.332696
0.486088
0.22495
-0.0609329
0.0424396
-0.0395694
-0.359747
-0.267039
0.108666
-0.30772
0.361858
0.205323
-0.488612
0.327528
-0.0270562
-0.403612
0.147196
-0.482678
0.0980262
0.0432169
-0.0493429
-0.257766
0.0834458
-0.411546
0.343668
0.178867
-0.128858
0.470363
0.229905
-0.402504
-0.107483
0.116538
0.239335
0.570095
0.0568484
-0.144303
-0.0649068
0.0880323
-0.0106621
-0.308165
0.144649
0.0325879
-0.212568
0.585556
-0.221711
0.170559
0.427458
-0.233327
0.650682
-0.236687
0.0594859
0.127038
0.253462
-0.310849
0.358279
0.0829621
0.346071
0.115793
-0.365303
0.023777
0.332438
0.0742398
0.152797
0.372498
0.0454674
0.39846
-0.0947186
-0.13589
-0.0467397
0.169404
-0.174479
0.211059
-0.404854
0.211756
-0.220688
0.17767
-0.266331
0.330858
0.436564
0.00924546
-0.174477
-0.140237
-0.229353
0.243089
-0.0239028
-0.179247
-0.133472
0.147636
0.152087
0.401177
-0.312543
-0.47103
0.0926548
-0.319974
-0.448791
-0.376965
-0.352578
-0.251797
0.116471
-0.280476
0.174386
-0.170235
0.525545
-0.216108
0.344227
0.463231
0.24675
-0.483415
-0.211178
0.103023
0.121262
-0.178825
0.17245
0.254063
-0.18229
-0.00693493
0.155653
0.2599
-0.0281033
-0.1558
-0.0415392
-0.48355
-0.0628088
-0.00157024
0.141391
-0.315969
0.274114
0.108686
-0.225618
-0.250477
0.237004
0.108406
0.12461
0.269035
-0.144162
0.0294284
0.115282
1.9431
-0.46444
-0.095877
0.163531
-0.319423
-0.229123
0.637414
0.657978
0.521507
-1.00254
0.267774
0.477194
-0.100149
-0.345407
-0.571466
-0.247403
-0.439192
-0.335288
-0.772071
-0.364191
-0.442985
0.56583
-0.409188
-0.665346
0.124091
0.280248
-0.404428
-0.0749978
0.275829
0.169774
0.587793
-0.522805
-0.328863
0.342209
-0.332433
-0.403688
0.417999
0.41346
0.307576
0.397997
0.0780435
0.265921
-0.3315
-0.298669
0.296946
-0.372195
-0.238881
-0.118308
0.332291
0.321478
-0.0444168
0.376604
0.189238
-0.328913
0.00807236
-0.0646879
0.189445
-0.118012
-0.00326944
-0.394198
0.248014
-0.240996
-0.0109912
0.113581
-0.168104
0.441658
-0.183603
-0.17399
-0.03114
-0.469534
-0.014436
-0.157223
-0.40471
0.00397246
-0.287558
0.330247
-0.422819
0.548011
-0.334322
-0.458208
0.113166
-0.156332
0.2074
-0.392702
-0.00626913
-0.0266922
-0.0861005
-0.19077
-0.0329727
-0.229585
-0.291551
0.00301874
0.0214814
0.237288
-0.28379
0.325075
0.142119
-0.154079
0.373438
0.441076
0.190657
-0.413758
-0.35955
0.228673
-0.057302
0.14068
0.195362
0.383461
-0.246579
-0.419464
-0.0376316
-0.0126644
0.380578
0.231275
0.269595
-0.0574679
-0.314497
-0.17794
-0.027233
-0.0242342
0.372219
0.530357
0.132043
0.306447
0.408616
0.485434
0.0795684
0.31474
0.228962
0.0667937
-0.212313
0.148621
-0.330074
-0.0750026
-0.451259
0.390972
0.00803547
0.302195
0.0604536
0.261479
-0.206961
-0.05575
0.103304
0.1153
0.461563
0.400884
0.275923
-0.0888829
0.12764
0.321474
0.0713961
0.512355
-0.12819
-0.166839
0.100281
-0.251343
0.00768552
0.377121
0.12128
0.315389
-0.384418
-0.232056
-0.224785
0.0327819
-0.263002
-0.163378
0.18145
0.233839
0.306524
-0.0715894
0.410243
-0.308158
-0.355009
-0.231869
-0.397351
0.383794
-0.194445
0.406765
0.101663
0.150629
0.197586
-0.540853
-0.235702
-0.430355
0.311268
-0.371662
-0.519188
-0.130077
-0.447609
0.210122
-0.454317
0.310333
-0.335092
-0.28031
-0.304502
-0.490291
-0.344113
0.399477
0.201059
-0.0297754
0.0334853
0.122735
-0.434909
0.00962094
-0.0129693
-0.197221
-0.264022
-0.117127
-0.409998
0.118822
-0.558824
-0.167641
-0.544098
0.332818
-0.380515
0.0867394
0.100197
0.373718
0.289134
-0.163018
-0.393466
-0.384805
-0.514443
0.313878
-0.588322
0.208732
-0.5201
0.258993
-0.150055
0.33046
0.00625727
-0.405537
0.215139
-0.410784
0.369895
-0.0289137
-0.215911
-0.0771309
0.000115208
-0.376144
-0.085551
-0.150514
-0.258956
-0.316518
0.342745
-0.214389
-0.340803
-0.279602
-0.100538
0.198871
0.261369
0.386935
-0.302944
-0.0925292
0.285279
0.0273043
0.0502458
0.32983
0.0295157
0.138422
-0.354985
-0.643429
-0.136891
-0.306846
0.167974
-0.0986233
-0.327919
-0.253584
-0.273477
-0.0883199
-0.375696
-0.159024
-0.194975
-0.286951
-0.210041
0.288051
-0.178587
0.376736
-0.230584
0.382019
0.451057
0.319836
0.201481
0.0753663
0.311356
-0.071337
0.635153
0.0563025
0.32466
-0.1186
0.047801
-0.122922
0.32601
0.194264
0.0924891
0.117291
-0.147614
0.113793
0.000803144
0.480279
0.418655
0.168551
0.0681599
0.0867743
-0.241707
-0.028553
0.373763
0.261036
-0.341156
0.218526
0.0515021
-0.0628726
0.416131
0.167731
0.309874
-0.764648
-0.0334368
-0.375474
-0.0893693
-0.152816
0.363167
-0.27961
0.0903783
0.462762
0.375849
-0.424769
-0.0123135
-0.0357606
0.286727
0.250602
-0.171691
0.116998
-0.108868
-0.298173
0.31931
0.0704777
0.275642
0.347946
-0.123234
-0.292063
-0.28974
-0.421869
-0.30867
-0.00926677
-0.316314
-0.464164
-0.259504
0.470974
0.220614
0.202543
0.349083
-0.00862127
-0.256062
0.12609
0.19844
0.367376
0.116963
-0.159195
0.37802
0.459635
-0.406499
0.346935
-0.0502594
0.383715
-0.310668
0.464765
-0.0326335
0.443917
0.16644
0.429812
0.0533331
-0.233398
0.186034
-0.0036962
0.412397
0.405204
0.306691
0.526883
0.225835
-0.403206
-0.0203915
0.366453
-0.218974
0.0608069
-0.245728
-0.0485656
-0.199987
-0.0442695
0.568561
0.364075
0.334053
0.458282
0.134376
0.249095
-0.0306711
0.334506
-0.0248743
0.006576
-0.219604
-0.195256
-0.211286
-0.166077
0.545549
0.0945781
-0.127313
-0.401597
0.409704
0.290857
0.348167
0.352189
0.432485
-0.231767
0.0764035
0.474483
-0.313336
-0.22212
0.0845896
-0.169073
-0.0172126
0.175975
0.286604
0.211427
0.426389
-0.0623965
-0.115706
-0.20377
-0.0127043
-0.435712
-0.509914
-0.36853
-0.49151
0.254955
0.168557
0.0185362
0.225363
-0.21441
-0.406853
-0.337665
0.0125087
-0.239467
-0.0659771
-0.15438
-0.0104013
0.121823
-0.415029
0.188928
0.0949974
0.270001
-0.255028
-0.0668208
0.329327
0.0838963
0.455442
-0.40129
0.0432
-0.723536
-0.101025
0.0408002
-0.226004
-0.225677
0.0857278
0.124348
-0.375873
0.648855
0.131872
-0.254783
0.0476959
0.396908
0.121004
0.488654
-0.184325
-0.118962
0.471934
0.491708
-0.427699
0.181397
0.355397
0.394631
0.319045
-0.0848039
0.611572
0.392018
0.572249
0.262914
-0.292411
-0.264313
-0.111652
0.331978
0.268241
-0.208423
0.47822
0.204688
-0.217811
0.144285
0.171669
-0.320398
-0.160809
0.0395933
0.452426
0.204015
-0.144835
-0.136223
-0.138965
0.36445
0.363823
-0.387383
0.167875
-0.304168
-0.0833723
-0.0233819
0.298557
-0.255596
-0.350494
-0.239674
0.392401
-0.271367
0.213735
0.408222
0.16414
0.483673
-0.253487
-0.494626
-0.373228
0.261977
-0.401375
-1.34323
0.286525
0.292127
0.20477
0.18529
-0.325234
0.239545
-0.381403
-0.0358897
0.14874
0.138572
0.11217
-0.137353
0.302385
0.574651
0.120335
0.757536
0.575316
0.421315
0.230115
-0.0160949
0.0101556
0.124255
0.586541
-0.30552
-0.234614
0.0534298
0.464135
-0.490826
-0.542932
0.0238117
0.0851561
-0.234728
0.00564806
-0.364473
0.837892
-0.588766
-0.513817
-0.173483
0.133823
-0.0804165
0.502697
-0.01356
-0.217527
-0.306001
0.124707
-0.112893
-0.139908
0.236216
-0.185665
-0.0234984
-0.462536
-0.213439
-0.297228
0.339825
0.0559268
-0.138765
-0.0830244
-0.298098
0.0436402
0.0702277
0.203696
-0.700329
-0.151555
-0.00664549
-0.28362
0.116081
0.135062
0.125939
0.189063
0.251224
-0.173841
-0.261836
-0.100588
-0.495929
-0.0360897
-0.105743
0.0426007
-0.0618049
-0.135996
-0.268654
0.302609
-0.391514
0.0415946
-0.499241
-0.202565
0.0886785
0.0510523
-0.0472318
-0.301671
-0.265044
0.203732
-0.473896
-0.517152
-0.154397
-0.628727
0.0824281
-0.164515
-0.089872
-0.039694
0.418311
-0.0885562
0.381977
-0.155376
-0.226356
0.141751
0.217986
-0.13496
-0.0104386
-0.0205671
0.208807
-0.167199
0.471306
0.255247
-0.106345
-0.316819
-0.0423984
0.394029
-0.00676873
0.40021
0.210716
-0.409248
-0.0777815
-0.497721
-0.0101659
-0.0982196
0.458768
0.290848
-0.390484
0.306109
0.582043
-0.26187
-0.0326379
0.473138
0.112138
0.384639
0.377219
0.212136
0.424645
-0.261167
-0.340565
0.13769
0.280676
0.169464
0.359436
0.321621
-0.199232
0.0418584
-0.360233
-0.0913413
-0.161333
-0.205743
0.0885212
-0.100237
0.327523
-0.244295
0.34935
0.245365
0.565282
-0.314655
-0.0709199
-0.17
0.168472
-0.279498
-0.441209
0.116038
0.473401
0.495962
0.04438
-0.190713
0.128792
-0.535572
-0.298569
-0.175321
-0.0492524
0.355808
0.349304
0.318118
0.306437
0.192168
0.291679
0.433018
0.430457
0.34177
-0.337038
-0.164355
-0.0745712
-0.470388
-0.162728
0.140189
-0.162719
-0.410171
-0.110548
0.022984
0.0907839
0.0228573
-0.177495
0.352993
0.12501
-0.309285
0.286462
0.371246
-0.504098
-0.10447
-0.315678
0.246256
-0.00105026
-0.320492
0.247653
-0.332769
0.198182
-0.583743
0.390023
-0.272043
-0.227756
-0.645435
0.6295
-0.425397
0.0618014
-0.139276
-0.558457
0.256358
0.367036
0.125367
-0.581202
-0.552675
-0.223291
-0.332528
-0.567292
-0.151558
0.134896
-0.555476
0.0566043
-0.368212
-0.00291544
0.195493
0.196119
-0.471757
0.473665
0.0982231
-0.318977
-0.425538
0.0226459
0.434108
0.162441
-0.257996
0.134177
-0.357102
-0.494002
-0.446624
-0.0840049
-0.400281
0.0251933
0.460238
0.286815
0.0175963
0.501038
-0.182643
0.402255
0.0894329
-0.0535321
0.594517
0.361204
-0.317466
-0.286581
0.352331
0.20606
-0.370654
0.42136
-0.129844
0.0540768
-0.463923
-0.318479
0.334665
0.477997
0.147513
0.161334
-0.00831735
0.215208
0.0592602
0.258515
-0.445986
0.0206182
0.134956
-0.49607
-0.338143
0.390824
0.245683
0.363597
-0.211695
-0.38237
-0.162043
0.259605
-0.352274
-0.42087
0.366354
0.247125
0.224957
-0.361631
-0.477611
-0.463747
0.141901
-0.560178
-0.581383
0.157456
-0.14564
-0.517121
-0.530285
0.387042
-0.145782
-0.249295
0.378979
-0.186903
0.457408
-0.0902568
-0.179701
-0.417277
-0.359819
0.37602
-0.388728
-0.0728143
-0.329451
0.138054
-0.415852
0.222
0.00917844
0.167431
0.0156448
-0.558184
-0.112939
0.152658
0.199906
-0.495897
0.144387
0.0320004
0.16889
-0.371901
-0.486249
-0.331235
0.244798
-0.273075
-0.00903932
-0.619826
0.450002
-0.0619651
0.113427
-0.0502933
-0.201592
0.106019
0.0353295
0.183076
0.158859
-0.402876
-0.0267136
0.579355
0.298965
-0.75318
0.169448
0.0390116
0.641903
0.170529
-0.282557
-0.211323
0.0990267
0.0480638
0.249544
0.106774
-0.188833
0.368404
-0.298446
-0.0429822
0.0496208
0.189058
-0.274347
0.276882
-0.0779067
0.125994
0.00245523
-0.0913075
-0.484693
0.329849
-0.143267
-0.383161
0.140954
-0.465558
0.261447
0.284425
0.0791278
0.355636
-0.141317
-0.332544
1.59146
0.151065
-0.462596
0.333474
0.0614134
0.194402
-0.395862
-0.122864
0.239297
0.219316
0.0752832
-0.465296
-0.0975558
0.163727
-0.183339
-0.589787
0.252293
0.172198
-0.405552
0.096829
-0.261086
0.0915904
-0.265695
0.212505
-0.440612
0.567239
