#input normalization
0.16111 0.272711
70.6754 67.9586
9.59108 38.2061
7.92521 31.8408
0.0111657 0.0442375
0.00880027 0.0338869
0.542988 1.36901
0.823511 1.27769
1.05267 1.47112
1.29982 1.67897
1.57855 1.87949
1.86027 2.06281
2.12999 2.22636
2.39629 2.3791
2.64341 2.50023
2.87854 2.5868
3.10222 2.64749
3.30893 2.68228
3.48879 2.68793
3.62724 2.6498
3.75209 2.59835
3.85097 2.5101
3.92847 2.41397
3.96982 2.29961
3.99558 2.16779
3.98964 2.01953
3.9519 1.86013
3.89572 1.68228
3.7862 1.48252
3.65921 1.28429
3.54363 1.09712
3.41767 0.920599
3.26231 0.743118
3.10185 0.573586
2.93657 0.413281
2.78635 0.266603
2.61822 0.128358
2.47497 0.00581553
2.31182 -0.108566
2.15924 -0.217336
2.01212 -0.320746
1 -1
1 -1
#output normalization
1 0
#neurons weights
-0.339234
-0.00728011
-0.128439
-0.370455
-0.453816
0.0646441
-0.213355
0.208232
0.300432
-0.278758
0.0993032
0.10549
0.157871
-0.0116648
-0.241349
-0.402039
0.248265
-0.0425083
0.0642226
0.332356
-0.0580857
0.155865
-0.35207
-0.445921
0.33048
-0.0082643
-0.271342
0.209881
-0.482463
0.0491673
0.0525957
0.297536
-0.304358
0.145385
0.338844
-0.386299
-0.169177
0.367721
-0.197073
0.295736
-0.147008
-0.258685
-0.416151
-0.258726
0.201793
-0.2492
0.490247
0.691201
0.183324
-0.500206
0.385471
0.0271479
-0.188973
-0.492622
-0.125989
0.623286
-0.545962
-0.100255
1.58506
0.452098
0.0814914
-0.32067
0.231961
0.062793
-0.319338
-1.32145
0.327921
-0.358177
-0.181182
-0.5588
-0.132296
0.58334
0.399858
-0.449572
-0.414178
0.00132769
0.419931
0.0263115
0.412374
0.501417
0.257298
0.151523
-0.469938
0.120041
0.163764
-0.269167
-0.139408
0.465537
0.036772
-0.178051
-0.370359
-0.281931
0.148104
0.0549315
-0.014438
-0.396889
0.39953
0.488362
-0.277763
-0.484875
0.048528
-0.169652
-0.362247
0.278664
0.263975
0.259184
-0.0926175
-0.328199
-0.00571923
-0.230721
0.429091
-0.0425664
0.295003
0.377588
-0.232768
0.201728
0.00763747
-0.247442
0.109907
0.0476278
0.185955
0.281332
-0.140076
0.501665
0.0443145
0.290204
0.289793
-0.44231
-0.0994112
-0.151858
0.418224
#synapses weights
0.361329
0.035532
-0.248725
-0.263701
0.259799
-0.206471
-0.277328
0.176655
0.426257
0.582735
0.413394
-0.307951
0.318827
0.431135
0.314852
-0.115223
0.0726606
-0.20137
0.0658401
0.119172
-0.167394
-0.132405
0.21632
-0.247608
0.223651
-0.435628
0.46064
0.472662
-0.273496
0.00573649
0.18896
0.118564
-0.231496
-0.146828
0.196697
0.529748
0.50959
-0.0860773
0.480755
0.222031
0.208762
-0.276622
0.462466
0.390985
-0.444803
-0.00107278
-0.511459
0.444608
-0.159075
-0.214246
0.35333
0.436636
-0.340899
-0.33282
-0.592916
-0.296815
0.237791
-0.109628
0.0172623
0.268843
0.175708
-0.323813
-0.0422308
0.111344
0.00496687
-0.432797
-0.322688
-0.242724
0.24613
-0.269238
-0.0392804
-0.347244
0.124629
0.0125038
0.245686
0.0917122
0.303017
-0.114496
0.196836
-0.263266
-0.149691
0.154896
0.208733
0.403321
-0.439121
0.362802
-0.346943
-0.0861117
-0.389495
-0.383927
-0.0583695
0.314122
-0.34835
-0.259664
-0.0915809
0.420261
0.524829
-0.325354
0.449113
0.28287
-0.0126853
-0.096548
-0.0650967
-0.345531
0.331754
0.395815
-0.18325
-0.133617
0.241505
0.359174
0.0752607
-0.0311423
-0.18996
0.258851
0.108993
-0.106607
-0.197766
0.216886
-0.323391
0.0928975
0.266014
0.0319366
-0.534768
-0.518069
0.167958
-0.0277675
0.419658
0.0919236
-0.409517
0.257927
0.171494
-0.0164208
0.0141305
-0.100035
0.321952
1.83263
0.0416881
0.303514
-0.286436
-0.0600489
-0.0463433
-0.210065
-0.176964
0.341271
-0.0963454
0.0856686
-0.280521
0.0970138
0.105363
-0.254728
0.183678
0.254842
0.0373
0.438195
0.00595307
-0.421801
-0.139293
0.475455
-0.193808
-0.354022
-0.15421
-0.0395995
-0.161695
0.203874
-0.141564
0.260359
0.40437
0.280058
0.256585
0.268568
0.449789
-0.199145
-0.0962796
0.257437
-0.237088
0.435129
-0.150565
-0.0923513
-1.68108
0.116378
0.213897
0.272613
-0.242851
-0.335224
-0.0631759
0.270586
-0.353285
0.0851308
-0.166505
0.270367
0.144867
0.105869
0.230541
-0.301366
0.236638
0.509256
0.153346
0.213129
-0.302806
-0.00523269
-0.0293571
-0.393848
-0.0022787
0.202914
0.265824
0.22625
0.291549
-0.304245
0.293141
-0.272238
-0.353332
-0.356133
0.38348
-0.303065
0.198404
0.373949
-0.266144
0.321363
-0.299871
0.315214
0.167248
-0.0895724
-0.754329
0.225886
-0.286953
-0.168532
0.012479
-0.296593
-0.0531741
0.123585
0.0819125
-0.397271
0.298978
0.0868371
0.410219
0.204875
-0.179152
0.0679272
0.415165
0.290978
0.0688571
-0.100346
0.00553619
-0.174822
0.048965
0.0824938
-0.345242
0.110003
-0.0186198
-0.213713
-0.361843
0.529474
0.5099
-0.458413
0.161459
-0.225354
-0.364573
0.171093
0.0451578
0.178282
-0.202408
-0.181128
0.0184241
-0.14523
-0.976919
0.258865
-0.761241
-0.439551
-0.515386
0.0687852
0.196581
-0.0361161
0.196853
-0.0560364
0.180189
-0.343407
0.229139
-0.132751
0.311251
0.351329
-0.235384
-0.406145
0.195467
-0.317182
-0.225209
-0.136528
0.417418
0.272542
-0.474646
0.37426
-0.238744
0.0442141
0.464075
0.398051
-0.049379
0.214861
-0.389586
0.107176
-0.0614752
-0.461459
-0.381611
0.237857
-0.333537
-0.18137
0.359503
-0.363058
-0.102568
0.635605
-0.714962
-0.00189416
-0.100371
-0.219734
-0.17324
-0.032695
-0.166084
0.499901
0.238787
-0.172763
0.296954
0.0269136
-0.00739124
0.265715
-0.307464
0.110403
0.213153
0.179772
0.293451
0.289568
-0.303501
0.139613
-0.190936
-0.384012
-0.31811
-0.354088
-0.272502
0.232322
-0.457775
0.350882
-0.382956
0.350552
-0.343707
0.390298
0.349766
0.182026
-0.291369
-0.0847088
0.260135
0.0838888
-0.349418
-0.422172
1.26123
0.412046
0.104435
-0.0260518
0.49852
0.222835
0.266763
0.045475
-0.0555839
0.185604
0.313793
0.233521
0.430823
0.0813802
0.427404
-0.154883
0.189043
-0.384349
0.241253
0.458943
-0.0472329
-0.375653
-0.00733691
0.347743
-0.429843
0.134087
0.264828
0.0578815
0.00370507
-0.366161
-0.230119
0.263428
-0.233467
-0.151961
0.377089
-0.438059
0.105487
-0.296806
0.0632629
0.0947632
-0.300012
0.00589279
-0.0617438
-0.189035
-0.114423
0.255342
-0.296563
0.199948
0.0810724
0.189395
-0.448078
0.450356
0.39772
0.219613
0.286998
-0.0920297
0.479408
0.261289
-0.139722
0.463987
0.30755
0.0284824
-0.0632971
0.394409
-0.119519
0.0591867
0.463829
-0.411491
0.426188
-0.481694
-0.105118
0.468786
0.0638857
-0.0139222
-0.283949
-0.271748
-0.235098
0.108697
-0.371297
0.22305
0.357949
-0.16947
0.171956
0.106267
0.286889
-0.0135225
0.517093
-0.149228
-0.214713
0.348952
0.381822
-0.231765
-0.299053
0.293271
-0.117244
-0.085204
-0.372352
0.465381
-0.156311
0.141796
-0.000337217
-0.396374
-0.435221
0.298379
-0.362237
0.387972
0.412619
-0.0906918
-0.236285
-0.324557
0.296251
-0.443564
-0.268686
-0.418133
-0.115005
-0.492181
0.226304
-0.093513
-0.114277
-0.274578
-0.315897
-0.343054
0.278185
0.477888
0.337903
-0.0228571
-0.182686
-0.0389796
0.245804
0.697432
0.962958
0.369101
-0.0490079
-0.331502
-0.237024
-0.21782
0.427588
-0.358019
0.0661052
0.104529
-0.134841
-0.0138381
-0.190246
0.242819
0.165169
-0.177634
0.0693608
-0.124842
-0.329442
0.137479
-0.216079
0.395457
0.43859
-0.25708
-0.17196
-0.231649
0.0699225
0.263514
0.0535768
-0.0887898
-0.284772
-0.350344
-0.0221125
0.400802
-0.442485
-0.0104294
0.362792
0.0725591
0.257677
0.323133
-0.452351
0.363458
1.32829
-0.0485879
-0.185437
0.189329
-0.139197
0.142404
0.228977
0.203253
-0.237669
0.00566183
0.0495065
-0.27417
-0.421798
0.146985
0.142357
0.00205017
-0.122877
0.0107036
-0.313754
-0.252972
0.373479
0.059064
0.365059
-0.235172
0.435136
0.298579
-4.45246e-05
-0.392631
-0.0335877
-0.268049
0.327064
0.295682
-0.0953063
0.227426
-0.285882
-0.0153313
-0.0684572
0.175645
-0.346566
0.154526
-0.122405
0.253018
0.0574564
1.31031
-0.516082
0.289017
-0.12535
0.136962
0.125106
-0.376071
0.0810171
-0.100061
-0.244657
0.366935
0.0912025
-0.323199
-0.0573065
-0.281709
0.121882
-0.146598
0.0146805
0.0907689
0.142767
-0.161258
-0.0319516
-0.366648
0.375554
0.422935
0.344125
0.201304
0.0318799
0.172931
0.480036
-0.079017
-0.16278
-0.496806
-0.165168
0.183742
0.38374
-0.0614011
0.137597
-0.17679
0.461342
-0.226125
-0.135431
-0.0947222
2.21781
-0.0811507
0.251915
0.219181
0.231751
-0.211438
0.178663
0.160496
0.161576
-0.214204
-0.271873
0.256651
0.270259
-0.267823
-0.0370166
0.447067
-0.304524
-0.312923
-0.0414489
0.170089
0.0542729
-0.0115784
0.396407
-0.283336
-0.226357
0.263753
0.0390412
-0.182351
-0.0297838
0.222401
-0.0658398
0.0813861
0.195815
-0.278109
-0.157369
-0.446705
-0.26156
-0.0233539
-0.304041
-0.0104552
-0.0670656
0.145409
0.0102248
2.0213
4.76061
-0.183941
-0.0932452
-0.102477
-0.126614
-0.00431995
-0.0797936
0.0441973
-0.130488
0.0485637
-0.0285921
0.0158335
-0.0176774
-0.0683342
0.214622
-0.188345
0.11597
-0.174287
0.0958579
-0.0826271
0.0782784
0.160495
-0.161019
0.142382
-0.143737
-0.069822
0.0209558
0.153535
0.0448679
-0.0290057
-0.012282
0.0180619
0.070718
-0.0750202
0.333872
-0.376542
-0.132485
0.116014
-0.178764
0.193959
-0.293869
-0.184107
1.57668
-0.447935
0.0491457
0.141257
0.0140079
-0.27082
-0.297023
0.0691749
0.261336
-0.0139848
0.0463735
-0.253112
-0.220693
0.00585926
-0.254391
-0.3512
0.498176
0.152029
-0.0417979
-0.291935
0.473504
-0.19578
-0.124746
-0.197886
0.330219
0.107215
-0.380113
-0.0548183
-0.0686031
0.275443
0.168933
-0.242086
0.109463
-0.481234
0.324563
-0.245588
0.103392
-0.39912
-0.127512
0.0146696
-0.0384636
-0.3813
-0.385291
-0.418474
0.423863
0.284811
0.268661
0.402685
-0.0905807
-0.131141
-0.314025
0.251654
0.161146
0.374742
0.170915
0.357545
0.363119
-0.361005
0.38928
-0.127987
0.299526
0.430007
0.304442
0.134244
0.174816
-0.253324
-0.0717977
0.388746
-0.0122069
0.100806
0.224951
0.166074
-0.472263
0.209992
-0.307788
0.298498
0.111347
-0.554841
0.428455
0.129252
0.488354
-0.141378
-0.168264
-0.0276667
-0.287393
0.025796
0.526959
0.773676
0.476531
-0.0448591
0.0851268
-0.191996
-0.175885
0.158783
0.332372
-0.0688741
-0.0835724
-0.202298
0.0822829
0.207821
-0.408377
0.209982
-0.20877
-0.0632475
0.0211061
-0.0295111
0.150604
-0.0863198
0.140326
-0.268154
0.453718
-0.0166383
0.105668
-0.246913
0.288377
0.479276
0.15656
-0.448305
-0.150824
-0.211742
-0.301984
0.293889
-0.223157
0.145573
-0.151728
0.270697
0.0222147
-0.0564841
0.160704
-0.690133
0.0140996
0.276832
-0.535207
-0.299634
0.310047
-0.0989721
-0.249516
0.0280418
-0.0776067
-0.367454
0.430984
0.386374
0.0398544
-0.480375
-0.259447
0.314271
0.0587278
0.501614
0.0275469
-0.402659
-0.366137
-0.129815
0.317163
0.206198
0.405518
-0.325767
-0.0770356
0.247565
-0.08997
0.0866665
-0.133818
-0.432684
-0.151245
0.504738
-0.0631166
-0.376742
0.0765534
-0.291083
0.358707
-0.301495
-0.512399
-0.263296
1.07002
-0.378647
-0.167664
0.36725
-0.279178
0.449204
0.268399
-0.14254
-0.0932232
-0.431818
0.246483
-0.240971
0.369447
0.197306
-0.218783
0.316596
-0.24753
0.324084
0.273422
-0.33434
0.28995
0.0180628
-0.169639
0.0391836
-0.177036
-0.244933
-0.238957
0.0136131
-0.25555
0.302771
0.305473
-0.171648
0.0799159
-0.0535631
0.130146
-0.179306
-0.413787
-0.197011
0.0236927
-0.345419
0.0659345
-0.0892696
-0.217274
-0.139218
-0.27125
-0.204658
-0.369947
-0.417016
-0.0261855
0.0869649
0.056868
0.326181
-0.362647
-0.188221
0.116446
-0.180121
0.237479
-0.236776
0.1929
0.00142088
0.00106693
-0.219574
-0.196971
-0.0850035
-0.199384
-0.315532
0.113063
-0.468859
-0.441935
-0.22
0.383876
-0.177008
0.291369
0.166226
0.0694448
-0.0248947
-0.49671
-0.275714
-0.476116
-0.316808
-0.10186
-0.358171
-0.453543
0.455998
0.204572
0.0332626
-1.7308
-3.04392
-0.553471
-0.125002
-0.068285
-0.0340844
-0.0910142
0.00961881
-0.00361679
-0.218226
-0.139077
0.177684
0.152099
-0.155643
-0.212677
0.279717
-0.201381
0.149179
0.221179
-0.168599
-0.104828
-0.171699
0.226129
-0.056981
0.240575
-0.278921
0.182402
-0.0222799
-0.139974
0.165461
0.110343
0.390664
-0.113531
0.0679376
-0.118345
-0.249973
-0.356972
0.216445
0.523136
-0.0821448
0.0193523
0.245378
-0.0279379
1.6787
-0.353251
0.510809
0.0326738
-0.159512
0.267606
0.141765
-0.300266
0.315635
-0.011025
-0.377238
-0.324979
-0.249734
-0.165409
0.426861
-0.0436242
0.234138
-0.0760759
0.104582
-0.426691
-0.0436917
-0.060106
-0.358724
-0.00760511
-0.000587447
0.31811
0.317152
0.303465
0.0632808
-0.106051
-0.16483
-0.224935
-0.329711
-0.145996
0.0292583
-0.453156
-0.323288
0.0363169
-0.0166377
0.0640061
-0.00716405
0.0660901
-0.172764
1.97699
0.132494
0.287443
-0.103007
0.238175
-0.173252
-0.14595
0.311002
0.293668
0.0658279
0.380934
-0.338871
-0.26659
0.0472264
0.00706612
-0.315594
0.282205
0.142167
-0.131765
-0.0133021
-0.0893412
-0.182074
-0.231521
0.106128
-0.0992017
0.359951
-0.127805
0.0360399
0.164969
0.339544
-0.340922
0.293287
-0.441195
0.180743
-0.172942
-0.182403
0.399416
-0.241322
-0.345722
0.128844
-0.334678
-0.489177
-0.374546
0.610872
-0.334553
-0.19646
-0.382497
0.101318
0.00225949
0.183374
-0.139526
-0.321104
0.376806
-0.0611821
0.195898
0.330438
-0.316785
-0.185219
0.462722
-0.237797
-0.0268201
0.117184
-0.0222933
0.297229
-0.171762
0.144728
-0.279357
-0.349321
0.0937074
-0.22332
0.388092
-0.166789
-0.038477
-0.204101
-0.419183
0.286691
0.248854
-0.0795218
-0.119165
0.404934
-0.460666
-0.391377
0.449172
0.311994
0.355112
0.308109
0.14483
0.371611
0.230415
0.327804
0.341364
-0.449213
-0.0715351
-0.287961
0.103854
-0.261108
-0.429344
0.256069
-0.0769283
0.180716
0.0021772
-0.257033
0.138923
0.0342914
0.247818
0.315613
-0.215074
-0.154966
-0.259244
-0.125781
0.244898
0.514158
0.5379
-0.450055
0.166466
0.418771
0.0875763
-0.412345
-0.201
0.160849
-0.0195155
-0.00258948
-0.00644785
0.196199
-0.45305
0.332206
-0.245656
-0.0752874
-0.31635
-0.576031
-0.267007
0.406355
-0.168986
0.460185
0.0523211
0.288627
-0.218095
0.244754
-0.312608
0.242595
-0.344387
0.0322325
-0.15294
0.190145
-0.0263291
0.16727
0.0624561
-0.456681
0.0647277
-0.362146
-0.0375387
-0.359063
-0.340889
0.455816
-0.00536264
-0.402093
0.00534477
-0.0828798
0.0330322
-0.297525
-0.0990888
0.46305
0.215818
0.113614
-0.0482484
-0.0286895
0.165962
0.332538
-0.118431
0.34972
0.427023
-0.202133
0.245263
-0.341977
0.527366
0.0701324
0.264163
-0.508063
0.379209
-0.342379
-0.0296609
-0.0955198
-0.351964
-0.238282
-0.30497
0.0387725
-0.460784
-0.462376
-0.529289
0.517139
-0.0163947
0.187676
-0.298297
-0.277247
0.317965
0.341253
-0.490619
-0.467721
-0.492125
-0.547879
-0.0935994
0.404188
0.126795
-0.346157
-0.315933
0.200011
-0.033957
0.116802
-0.0201776
0.636534
-0.170203
0.316449
-0.510122
0.190865
-0.308413
-0.074382
0.416318
-0.00881427
0.373137
-0.129075
-0.0991466
0.156613
-0.509795
0.145114
-0.415614
-0.506235
0.0738032
-0.336099
-0.48122
-0.407326
-0.137725
0.286208
-0.329262
-0.171772
-0.0603333
-0.113665
-0.464054
0.175968
0.0810418
-0.322769
-0.526899
0.182105
-0.243428
-0.306001
0.243807
0.337358
-0.42088
0.281623
0.135308
0.063748
-0.188607
-0.350085
0.358344
0.448366
0.426155
-0.369722
-0.476721
0.022102
0.6936
-0.031999
-0.167628
0.549916
-0.175258
0.00139074
0.429162
0.29141
0.121226
0.462392
-0.136564
0.106101
-0.0653593
-0.0611205
0.274744
-0.0525673
-0.23618
0.0417087
0.245789
-0.00918649
-0.30128
0.169036
0.50733
-0.360437
0.0432588
0.415911
0.282993
0.403944
0.201168
-0.128466
0.132641
-0.189235
-0.230406
-0.203823
0.190377
0.399441
-0.203348
0.121669
-0.379073
-0.409218
-0.0652815
0.22176
0.229377
-0.208221
-0.121557
-0.498585
0.0197277
0.24237
-0.386416
0.107304
-0.306609
-0.17359
-0.180581
0.460499
-0.187261
-0.0611067
0.226653
0.136217
0.362614
-0.074776
0.385965
-0.0341304
-0.106625
0.509867
0.519632
0.0417188
-0.227743
-0.261801
0.368886
0.15987
-0.391303
0.357276
0.47404
0.241884
0.040717
0.035802
0.449238
0.317544
0.399404
0.438881
0.065261
0.000742616
0.086951
-0.194186
0.301423
0.0426796
-0.694203
0.361944
-0.115664
-0.491459
0.297594
0.197261
-0.1271
-0.0191721
-0.314384
0.079449
0.141364
0.09013
-0.366781
-0.191039
0.0179858
-0.381
-0.410255
-0.451251
-0.158677
-0.0629207
0.503166
-0.104483
0.0596778
0.319095
-0.359561
-0.159157
0.0578957
0.339529
-0.10264
0.464629
0.120717
-0.304304
0.452657
0.459171
-0.316633
-0.340992
-0.368782
0.159976
-0.454406
0.479739
0.162712
-0.418193
0.417741
-0.569483
0.558973
-0.201299
-0.0455455
-0.34847
0.345387
0.335374
0.270301
0.320398
0.241347
0.275638
-0.209568
-0.3167
0.0710923
0.379396
0.0498614
0.186336
0.31044
-0.108843
-0.133553
0.435523
0.126991
0.264146
-0.40237
0.303286
-0.293897
0.11118
-0.4817
-0.47534
-0.147253
-0.489422
-0.247202
-0.073474
0.402667
0.069076
-0.22341
0.413019
0.187364
-0.148932
0.241842
0.00740922
-0.00983135
-0.220741
0.6862
0.697319
0.0928262
-0.281465
0.0832989
-0.435104
0.340901
0.0234577
-0.0209206
0.335523
-0.265894
-0.0449815
0.312567
0.419289
0.064159
-0.375192
0.0052432
-0.276521
-0.388134
0.403856
0.348412
-0.248548
0.0991302
-0.419709
0.390061
0.238226
-0.429519
0.183941
0.413997
-0.0530656
-0.370773
0.326078
0.262324
0.0776386
-0.445959
0.454045
0.124178
0.359492
-0.0515413
-0.368733
0.296508
-0.212213
0.0472381
-0.512663
0.0973466
0.129775
0.38536
-0.321024
0.0215457
-0.0883468
-0.0976812
-0.354176
-0.333908
0.120755
0.0293995
0.0479776
0.26476
-0.349992
-0.236344
-0.266829
-0.0539175
0.00132098
-0.394374
-0.0107845
0.0701475
-0.0197492
0.179837
0.107646
0.447765
-0.393204
0.391114
-0.0498073
0.250109
0.334371
0.322214
0.00142123
0.00839123
-0.0192762
0.0404836
0.326408
-0.168581
0.307552
0.108523
-0.232803
0.0563514
0.445007
0.327823
-0.0270683
-0.0887891
0.330436
0.303084
0.338316
0.392567
-0.18727
-0.343088
0.195004
0.244067
-0.303435
0.113337
-0.0947848
-0.414655
-0.264814
0.260705
-0.243064
0.210465
-0.0244697
0.150535
-0.179864
0.270968
-0.172529
0.0973992
0.182677
0.0944852
-0.340021
0.491351
-0.376808
-0.0298006
0.386099
-0.337703
-0.0339379
0.337665
0.0865325
0.169006
-0.197414
0.193986
-0.194884
-0.103208
0.288623
0.288541
1.83702
-0.603847
-0.0638162
-0.0960916
-0.111067
-0.189014
0.0446371
-0.0803921
-0.32662
0.0671194
0.128095
0.196153
0.315704
0.336224
-0.0691285
-0.0901943
-0.0428169
-0.463088
0.208838
-0.227037
-0.228209
-0.306994
0.00693115
0.540514
0.13289
-0.382461
0.261383
-0.0247195
0.288194
0.348255
-0.306239
-0.025393
0.088045
0.348037
-0.408287
0.37857
-0.394074
0.275832
0.139662
0.0374635
0.394742
-0.301969
-0.300104
-0.370715
-0.263639
0.357897
0.566323
0.332585
-0.189453
-0.173449
0.17314
0.0900681
0.473203
-0.387427
-0.434245
0.201756
0.30417
-0.219673
0.461389
-0.402156
-0.354983
0.0280216
-0.137749
0.398824
-0.145763
0.32821
-0.0267814
0.256579
0.106395
-0.127496
0.204486
0.434532
0.229939
-0.206313
-0.434681
-0.351006
-0.216278
-0.334474
0.398053
-0.30743
-0.205123
0.0345403
-0.526761
0.146194
0.419453
-0.356681
0.0384697
0.443407
-0.138352
-0.481443
0.315913
0.248451
0.152727
0.497909
0.283149
0.186144
0.348236
-0.133617
0.127454
0.297012
-0.0629573
-0.0871405
0.277843
0.500523
0.414848
-0.29175
-0.0670165
0.10047
-0.401742
0.507214
-0.171792
0.087593
0.249927
0.0505319
-0.0841049
0.0502087
0.00726483
0.286816
-0.485918
0.429346
0.396937
-0.482332
0.4763
-0.270054
-0.360045
0.281627
-0.0836443
0.127225
-0.149377
0.993786
0.433029
-0.0330381
-0.473276
-0.0877284
0.0348513
-0.338917
-0.172319
0.401104
-0.166099
-0.331322
0.245238
-0.361694
-0.0514299
0.288375
0.305494
-0.143472
0.342076
0.285455
0.381032
-0.207469
0.3685
0.332909
0.4148
-0.368536
-0.198085
-0.0304344
-0.19227
-0.50319
0.228274
0.162042
0.349826
-0.170912
-0.441493
0.275471
-0.499088
0.0631893
-0.224949
-0.365556
-0.199919
0.000728303
0.142189
-0.0591097
0.348089
0.422423
-0.173919
0.431411
0.40001
0.0553909
0.360172
0.0254186
0.135774
0.102693
0.041053
-0.0873564
-0.034398
0.110389
0.112378
0.464985
-0.0174602
-0.265471
0.0327169
-0.321091
0.377289
0.482411
0.463559
0.405965
0.14587
-0.0196236
-0.423775
0.299102
-0.47711
-0.105934
0.397907
-0.0458628
0.339261
0.0385507
0.222315
-0.462999
-0.183403
-0.455357
0.0380896
-0.469993
0.0938061
-0.230684
0.323965
-0.164099
-0.180172
0.203134
-0.157584
-0.186177
0.464169
0.455277
0.179323
-0.392897
0.230573
0.550769
-0.0381263
0.336255
-0.0584691
0.220727
-0.407715
-0.274767
-0.104776
0.174543
0.363323
0.110528
0.387835
-0.441948
0.0336466
0.0613447
0.220725
0.372946
0.361005
0.101233
0.0565928
0.340598
-0.034564
0.413166
0.153525
0.31213
0.335493
-0.279968
-0.0966982
0.00408532
0.0534758
-0.338478
-0.186936
0.472299
-1.01633
-0.566404
-0.50917
-0.50393
0.391203
-0.3487
-0.302736
-0.161873
-0.101676
-0.249777
0.430437
-0.146658
0.216462
-0.265766
-0.305749
0.298861
0.344412
-0.285707
0.270683
-0.0254845
-0.0767848
0.296382
0.0382605
0.127782
0.308859
-0.363818
0.0997986
-0.364761
0.250926
-0.357142
0.109924
-0.217836
0.561728
0.502512
-0.356196
-0.0178293
-0.441222
0.303609
-0.362051
0.273945
0.336213
-0.314156
0.0926131
-0.0886016
0.370158
-0.240331
0.112196
0.342698
0.614672
-0.352932
0.0346828
-0.345692
0.1154
-0.267357
0.473781
-0.110642
0.185249
-0.236206
-0.387141
-0.142207
-0.104996
0.391663
0.438811
0.512252
-0.0150149
0.390912
0.359004
0.453839
-0.0994299
0.104992
0.347359
0.486054
-0.408998
-0.164449
0.140492
0.186422
-0.233972
-0.279436
0.258813
0.0336973
-0.103956
-0.292828
-0.0601103
0.0431082
-0.262424
0.485683
-0.327077
0.353758
-0.493701
-0.2841
0.347437
-0.298957
-0.440029
-0.689543
0.3463
0.225514
-0.234872
-0.198086
-0.338359
-0.215918
0.126681
0.197964
0.0534669
0.348816
0.256977
-0.225468
-0.0334831
-0.278553
-0.361284
0.410092
0.163584
0.426277
0.00616655
-0.0677238
0.0256627
-0.147023
-0.144592
-0.07041
-0.572765
-0.34682
-0.376291
-0.397307
0.114533
-0.358075
-0.0754966
-0.532599
-0.361483
-0.233958
0.410589
-0.620846
0.513052
-0.00379067
0.604213
0.286163
-0.445312
-0.0849864
-0.336845
0.322605
0.367619
0.374504
1.11427
0.55864
-0.473128
-0.302928
-0.208509
0.72489
-0.0923224
-0.657708
0.650115
-0.0842395
0.206392
0.187255
-0.0306639
-0.187828
-0.110401
0.301404
0.22422
0.176191
-0.426102
-0.362472
-0.343817
0.212327
0.683115
-0.447758
0.203614
0.309557
-0.016361
-0.0965726
0.323707
-0.188663
-0.435442
-0.383961
-0.31242
0.133191
-0.173812
-0.0395113
0.088292
-0.430138
-0.167231
-0.384379
-0.533501
-0.0683165
-0.273507
-0.369856
0.417455
0.29319
0.303544
0.303808
-0.141888
0.345778
-0.318892
-0.0381809
-0.49563
-0.449077
-0.37412
-0.322041
0.189983
-0.188773
0.025556
0.111451
0.117213
-0.38091
-0.31818
-0.479212
0.235569
-0.217364
-0.215204
0.149621
-0.119077
0.201831
-0.246643
0.0780115
0.144813
0.139778
0.298418
-0.13877
0.131524
-0.300589
-0.236454
-0.474827
-0.318049
-0.279637
0.131614
-0.441112
-0.268844
-0.168211
0.00879195
-0.482293
-0.449302
0.132848
0.0912534
-0.422324
-0.285362
0.0346476
-0.339901
-0.144813
0.251864
-0.420809
-0.201215
-0.25272
0.220522
-0.331697
-0.0633377
-0.0121034
-0.0415323
0.0603687
-0.45503
-0.196411
-0.203246
0.0647572
0.355891
0.0026274
0.237911
0.209955
-0.356268
0.174591
-0.277494
0.0453191
0.230459
0.526097
-0.306486
0.419402
0.174862
-0.398279
0.347732
-0.333815
0.170555
-0.00389613
-0.11697
0.381817
0.0700156
-0.225613
-0.151254
0.0962898
0.0648838
-0.105635
-0.0354753
0.138462
0.219683
0.292806
0.455229
-0.165796
-0.400027
-0.404921
-0.209041
0.0391597
-0.200441
-0.241634
-0.477865
0.382928
0.175364
-0.142322
-0.271179
0.529527
0.0762183
0.39297
0.391265
-0.14707
0.521029
-0.320118
-0.216608
-0.0677761
0.0372763
0.45377
0.283018
-0.121466
-0.107214
-0.0264119
0.337686
0.343111
0.206484
0.279181
-0.0351462
0.40401
0.44866
-0.250234
-0.271164
0.007049
0.22437
-0.0162253
0.505274
0.167403
-0.338522
-0.156299
-0.161399
0.222015
0.220213
0.301065
0.0250707
-0.448764
0.0920956
0.0463011
0.426498
0.216899
0.206531
0.140579
-0.186342
0.554417
-0.347458
0.478896
-0.0247308
0.470863
-0.0250339
0.286845
-0.0809221
-0.31278
0.303974
-0.15252
0.165774
0.14118
0.0578904
0.476268
0.000574099
0.130029
-0.11295
-0.207644
0.0942124
-0.225675
-0.389269
-0.258902
0.0504771
0.437016
-0.189656
0.205612
-0.415624
0.2049
0.0732718
-0.164728
-0.0647821
-0.129909
-0.210362
0.340863
0.235404
-0.0520636
-0.0521479
0.51119
0.0332488
0.171938
0.317899
-0.173112
0.178522
-0.0594735
-0.0160349
-0.226992
-0.16929
0.344624
-0.282086
-0.431827
0.327405
-0.00605279
-0.00711742
0.0124727
-0.444781
-0.0227493
0.133921
0.385021
0.221371
-0.362065
-0.416749
-0.297939
-0.436112
-0.133264
-0.0481747
0.363611
0.247252
0.000908313
-0.425362
-0.340013
-0.0806505
-0.395005
-0.411242
0.0658345
-0.185675
-0.313858
0.376824
0.456532
-0.264389
-0.37323
-0.0857958
-0.285
0.34106
0.049342
-0.375761
0.193812
-0.385175
0.325222
0.0375474
-0.0120281
-0.394798
0.102034
0.0917991
0.103509
0.361473
0.470835
-0.416848
-0.487956
-0.387592
0.170923
-0.0321024
-0.420222
-0.0765149
-0.459698
-0.119874
0.0332109
0.536083
-0.347018
-0.424464
-0.529865
-0.234093
-0.496204
-0.0669676
0.108964
0.0582423
-0.379554
0.235993
0.29717
0.0505875
-0.202922
0.0987995
-0.0030061
0.171304
-0.521758
-0.297245
-0.151761
0.253192
0.17084
0.246318
0.466933
-0.40615
0.111202
-0.402116
-0.156944
0.18346
-0.387861
-0.0736319
0.191273
0.285578
-0.302204
0.431549
-0.343723
0.725841
-0.272678
-0.391984
-0.10219
-0.231842
-0.188355
0.15214
0.33826
0.430976
0.778105
-0.00902284
-0.00242724
0.951054
0.0744659
0.386235
-0.0289566
-0.179506
-0.144674
0.627574
-0.613199
0.167161
0.551248
0.398362
0.206473
-0.240766
-0.318621
-0.534905
0.186439
-0.207084
0.136583
0.122686
0.0353659
-0.532382
0.268049
0.344967
-0.125079
0.0895571
-0.242544
0.419581
-0.199787
0.362536
0.0915523
0.334284
0.329429
0.295439
0.0786143
0.139426
0.168868
-0.0432084
-0.187385
0.132298
-0.158916
-0.411324
-0.197257
-0.0823895
0.351439
0.532721
0.158671
-0.144396
0.110413
0.0604493
0.576035
0.306445
0.101241
0.550015
0.0806411
-0.306576
0.211583
0.215873
-0.0722264
0.290639
-0.345843
0.306629
-0.165076
-0.434265
0.404471
0.26051
0.0827875
0.00196716
0.132672
-0.119706
-0.259485
-0.157261
-0.240673
-0.389411
-0.199308
-0.187027
0.0369561
0.174497
-0.411717
0.364165
-0.28277
0.068639
0.00241296
0.0721119
0.116001
-0.377945
-0.284405
0.0103252
0.248744
-0.0859087
0.302145
0.2421
-0.260509
-0.229593
0.344242
0.329496
0.0767064
0.524483
-0.102182
-0.0701048
-0.395553
0.506527
0.110481
-0.199423
-0.225016
0.434654
-0.344798
0.292759
-0.1227
0.335445
0.168418
-0.206565
-0.202153
0.195481
0.363484
0.209363
0.473852
0.144637
0.186038
0.480102
-0.0443388
0.192957
0.308584
-0.271584
0.349021
-0.156886
0.0712206
-0.219996
0.180553
0.310166
-0.412238
0.293441
-0.152615
0.211465
0.40234
-0.162087
0.392267
0.057708
-0.222773
-0.0996053
0.289771
0.389641
0.272114
0.45519
0.45561
-0.0630445
0.460826
0.50661
-0.318128
0.39078
0.257452
0.321816
-0.35375
0.474743
0.419534
0.594495
-0.510192
-0.130144
-0.0237083
0.436413
-0.000519322
0.165832
-0.490282
-0.44838
0.326907
0.242023
0.0166894
-0.310951
-0.37848
0.269822
-0.0171815
0.246222
0.0151546
-0.31502
-0.41582
0.129758
0.00816208
-0.270053
-0.0193452
-0.0405214
-0.0551626
-0.347723
-0.15223
-0.051862
0.178372
0.329014
0.230779
-0.00331156
0.0751416
0.0114262
-0.04832
0.391772
0.03021
0.296449
-0.532879
-0.110796
0.227034
0.102593
0.316096
0.516703
0.366677
-0.469445
0.251474
-0.168769
0.18758
0.0139083
0.378217
0.257429
-0.315909
-0.46636
-0.423244
0.451722
-0.0192202
-0.538386
-0.408532
-0.0215198
0.109565
-0.00952985
-0.37274
-0.470846
0.0600691
-0.0842321
-0.474235
-0.391848
-0.0238555
-0.318834
-0.0688823
-0.0327056
0.018867
0.167042
-0.213043
-0.143723
0.198137
-0.312685
0.038296
-0.243845
-0.441974
0.111553
0.282097
0.130024
-0.454674
-0.145582
0.144789
-0.527242
-0.125806
-0.177707
0.261001
0.2608
-0.297603
0.336046
0.215735
-0.48101
-0.224517
0.520845
0.222745
-0.417307
-0.537166
0.371529
0.442616
-0.142923
0.105252
0.0281006
-0.208306
0.50654
-0.0895829
0.0749284
0.258479
-0.350577
-0.0193688
-0.0347362
0.560645
-0.167538
-0.352268
0.139052
-0.297153
-0.0825308
-0.0388898
-0.335898
-0.310371
-0.431782
0.103349
-0.155131
-0.0911473
-0.461558
-0.0509708
-0.330413
0.094629
0.703631
-0.301812
0.130994
-0.253407
-0.129912
0.273487
-0.184296
-0.000997964
-0.258803
0.308668
-0.481046
0.149841
0.341086
-0.562631
0.051227
0.504104
-0.335408
-0.10537
-0.275682
-0.311436
0.248405
-0.123205
-0.356323
-0.052154
-0.0655078
0.155494
-0.293333
-0.137777
0.28258
0.412078
0.391707
0.021754
-0.0371389
0.0414844
0.252428
0.102002
-0.267143
0.0238923
-0.256881
-0.407425
-0.473767
-0.304811
-0.371694
0.251874
-0.478316
0.44242
-0.36912
-0.504535
-0.230922
-0.144281
-0.375986
0.262687
0.349626
-0.398816
0.601724
-0.397233
-0.211877
0.472718
0.116153
0.00949391
0.452221
-0.373342
-0.0747897
-0.00363615
0.214542
0.249925
-0.475973
0.0637265
0.315298
0.474057
-0.228598
0.549473
-0.101661
0.0392538
0.343065
0.362521
0.113518
0.30857
-0.0522703
-0.0136294
-0.0764558
0.119565
0.0898387
0.416421
0.473762
0.118205
-0.137042
0.586253
0.0880995
-0.435586
0.271257
0.392096
-0.0873889
-0.512975
-0.429911
0.257
-0.246315
0.464211
-0.301333
-0.719287
0.204134
-0.495034
0.48908
0.417468
0.0482194
0.313791
0.203177
-0.0713358
0.308533
0.706999
0.785901
0.703862
-0.00353011
-0.159553
-0.38091
0.349095
-0.233085
-0.419045
0.375943
0.632942
0.450672
-0.376344
0.255683
-0.0231332
-0.336224
0.124885
0.443131
-0.449278
0.0225653
-0.0644951
0.0036807
-0.156181
0.556215
0.483768
-0.024441
-0.0620223
-0.101543
0.0101829
-0.700871
-0.417516
-0.0228348
0.30863
0.182825
0.0903427
0.029648
0.0830208
0.24842
-0.162157
0.479522
0.084712
0.318622
0.239776
-0.161161
-0.126776
0.407854
0.473051
-0.188368
-0.244247
-0.222589
0.0633529
0.0937744
-0.198679
0.405603
-0.397691
0.41386
-0.132675
-0.258418
0.241398
-0.28666
0.0853579
0.134778
0.222858
0.158861
-0.331732
-0.112971
0.170814
0.174807
-0.169601
0.0450636
0.235837
0.377976
0.282153
0.398092
0.0526106
0.395963
0.350125
-0.177173
0.131836
0.469556
-0.246023
0.180934
0.447599
0.0420514
0.301947
0.574603
0.281091
-0.0357088
-0.353058
-0.0867926
-0.153774
-0.256825
0.103159
-0.464581
0.427064
-0.370672
0.219137
-0.306646
0.327905
0.405677
-0.200905
-0.235412
-0.0954426
0.414134
-0.25336
0.156819
0.388913
0.121124
0.00147327
-0.145125
0.0427646
0.3247
-0.36378
-0.296672
-0.282918
0.0693936
-0.427439
0.362751
0.087314
0.232129
0.0428475
-0.501491
-0.44951
-0.14454
0.335357
0.493917
0.356516
-0.377474
0.416878
0.52587
0.24627
0.0188034
-0.261279
-0.0338921
0.376547
0.415303
-0.132065
-0.33572
-0.0151569
-0.46797
-0.238265
0.329876
-0.10835
0.305339
0.0303091
0.0392765
-0.194392
0.337722
0.483285
0.107408
-0.30355
0.492073
0.192529
-0.308717
-0.190661
-0.228115
0.181132
0.0579491
-0.280444
-0.427091
-0.527683
-0.0146719
0.380615
-0.142712
0.344803
0.140111
0.347228
0.390056
0.422105
0.310234
0.00168643
-0.020058
0.141151
0.23378
-0.151889
0.394061
0.468064
0.112658
-0.055921
-0.00117697
0.430144
0.301501
0.0177831
-0.238039
-0.486407
0.474808
-0.191905
-0.445609
-0.291108
0.482818
-0.0164637
0.421747
-0.164958
-0.298799
-0.380216
-0.471934
-0.289639
0.264959
0.0184645
-0.176986
-0.486914
-0.0758398
-0.0686955
-0.168849
0.0361337
0.264588
-0.00735081
-0.112181
-0.264868
0.0130361
0.0164258
0.0750556
-0.16475
0.138856
-0.513946
-0.353977
-0.249713
-0.0904205
0.291785
-0.0691605
0.0571261
0.0611196
0.160377
-0.171933
-0.408787
-0.219213
-0.294154
-0.13311
-0.244211
0.443353
0.430164
0.198241
0.0646135
-0.252471
-0.0857839
0.035642
-0.214751
-0.0694695
0.277228
-0.386731
-0.423458
0.21624
0.167325
0.445807
-0.349996
-0.235753
-0.530171
-0.00642799
0.453721
0.139705
-0.266043
0.244291
-0.403345
-0.363499
0.401912
-0.433065
-0.332868
0.204499
-0.143181
-0.248367
-0.432748
-0.103341
-0.259767
-0.450148
-0.00451785
-0.0217932
-0.188417
0.0815636
-0.345017
0.436975
-0.683813
-0.392922
-0.0702109
-0.641282
-0.621456
0.0826012
0.365611
-0.275432
-0.13875
-0.220404
-0.112024
-0.0750706
0.0669765
0.100293
-0.319476
0.197373
0.205266
-0.445581
-0.508373
0.0677691
-0.281701
-0.3716
0.0778299
0.513213
-0.0117183
-0.397005
-0.0934404
-0.118884
-0.300149
-0.191575
-0.586008
0.477744
-0.0922776
0.17134
-0.179079
-0.257157
0.289337
0.122036
0.391424
-0.542057
0.292611
0.370192
-0.209204
-0.418904
0.07644
0.313171
0.536726
-0.347618
-0.147353
0.42061
-0.440063
-0.258149
0.100289
0.445707
-0.0977389
0.36964
-0.472056
-0.341623
0.145461
0.386542
-0.220792
-0.10945
-0.408558
0.298382
-0.268261
0.104441
-0.125784
0.0412708
0.47355
-0.0677409
0.399424
-0.324906
0.378212
0.26621
0.291165
-0.341087
-0.263759
0.273808
-0.409722
-0.304846
-0.376742
-0.194558
-0.741894
-1.10943
-0.107191
0.365741
-0.138497
-0.0316727
-0.171535
0.273746
0.527795
-0.385513
-0.548321
-0.509691
0.39944
0.111746
0.451936
-0.285179
-0.325091
-0.129721
0.36581
-0.182672
-0.101211
0.368908
0.101351
-0.161135
-0.241014
-0.0362953
-0.400745
0.184372
0.297077
0.478341
0.301423
-0.301191
-0.200016
0.0259525
-0.376685
-0.174695
0.315203
-0.128946
-0.08133
0.466507
-0.112129
-0.421398
-0.448606
-0.416895
0.214887
-0.306292
-0.346866
0.115392
-0.170891
-0.36452
0.488162
-0.0692064
-0.303822
-0.360043
0.318736
0.478084
-0.245906
0.482787
-0.363658
0.0804151
0.365383
-0.406156
-0.21543
-0.34062
0.264329
-0.290497
-0.277555
-0.0650807
-0.45106
0.0662446
0.437878
-0.0570656
-0.403858
-0.490466
-0.520722
-0.164927
0.328378
0.150844
-0.446604
-0.222356
0.0931909
-0.180481
0.395499
-0.138615
-0.306438
0.241336
0.279644
0.132303
-0.0549256
-0.193134
-0.37376
-0.526579
0.366317
0.137216
-0.166335
-0.215174
-0.66499
-0.12552
0.155833
-0.0584833
-0.462642
-0.410423
-0.278089
-0.529089
0.0615249
0.347841
-0.103731
-0.0500679
-0.406914
0.336015
-0.537348
-0.407605
-0.319002
0.0738684
-0.0668958
0.219952
-0.105789
0.274396
-0.222866
0.261086
-0.15841
0.107931
-0.220808
0.43497
0.392018
-0.0669486
-0.42265
0.251232
0.135782
0.262964
-0.472067
0.0527708
-0.128157
0.00698925
-0.0756027
-0.547782
0.335854
-0.515112
0.351917
0.27281
-0.366366
-0.224661
-0.296364
0.360699
-0.159551
-0.329899
-0.248876
0.200266
-0.244149
-0.252873
-0.237147
-0.449404
0.293545
-0.100877
0.285395
0.429915
-0.205957
-0.433435
0.443629
0.0734987
0.276633
-0.174947
-0.176076
0.358743
-0.239451
0.43478
-0.369735
0.145243
0.26268
-0.393793
-0.0573821
0.328928
0.20277
0.210921
0.291324
0.019848
-0.343796
0.295125
0.0161923
0.466032
-0.426875
0.362956
-0.133457
0.114987
0.53679
-0.0779713
-0.279965
-0.352649
-0.100678
-0.212798
0.0304281
-0.369584
-0.201798
-0.524988
-0.0114362
-0.469737
-0.47148
0.35394
0.10668
0.176134
0.0643177
0.0679789
0.395291
0.264135
-0.496812
-0.351652
0.385195
0.427301
0.0974508
0.645162
-0.317579
-0.288114
-0.479959
-0.18041
0.035649
0.21295
0.159247
0.259135
0.0359432
0.584674
0.357484
1.14261
0.103165
-0.208454
0.308633
0.233607
0.00166209
-0.342864
-0.645137
0.643819
0.639353
-0.38596
0.514142
-0.294251
0.429198
0.146732
0.264163
-0.249131
-0.069284
-0.546129
0.422698
0.170604
0.273555
0.289596
-0.369376
0.0535165
0.0955064
0.00860715
0.271158
-0.517602
0.154419
-0.29965
0.177366
0.452092
-0.491429
0.432163
-0.269808
-0.285284
0.0193032
0.497366
-0.191397
-0.443532
0.0280568
-0.176659
0.663045
0.244264
0.590703
0.242214
0.19898
-0.173172
0.258965
0.457285
-0.240334
0.329484
0.0103637
-0.197019
-0.37382
-0.0496481
0.28696
-0.411255
-0.3643
-0.414
0.0814764
0.116595
0.449932
0.246387
0.451521
0.523989
-0.0834406
0.187645
-0.211326
0.197093
0.518645
-0.139221
-0.0980711
-0.0536393
0.252317
0.193416
-0.342342
0.252438
-0.0380755
0.0719812
0.0515104
-0.0200485
0.276051
-0.36974
-0.397626
0.123371
0.318325
0.00909657
-0.391796
-0.42484
0.282758
-0.248096
-0.478033
-0.487673
0.631897
-0.336735
-0.100562
0.338372
-0.445421
0.244775
0.202212
-0.185966
0.139025
-0.470534
-0.33682
0.214598
0.150887
0.199737
-0.358533
0.315595
-0.178184
0.217372
0.0977939
-0.194205
0.132007
-0.196021
-0.156485
0.202062
0.360017
-0.394902
0.338356
-0.466099
-0.196279
0.0586271
0.0237304
-0.0761845
0.364148
0.0514638
0.0650163
-0.477853
0.146454
0.153719
-0.308393
-0.424367
0.0285962
-0.0382244
-0.306721
-0.192627
0.269499
-0.109929
-0.507189
-0.0256451
0.446888
-0.250752
-0.195548
-0.0357019
-0.0900431
0.288167
0.115894
0.160258
-0.428201
-0.019909
-0.500225
-0.553858
-0.431613
0.180347
-0.162139
0.385663
-0.511522
-0.517535
-0.317261
-0.322777
-0.303617
-0.0123038
-0.414514
0.342018
-0.205887
0.0450606
-0.392847
0.397909
0.214777
-0.188223
-0.34386
0.0596903
0.209469
-0.454879
0.375776
0.0563471
0.22873
0.322748
0.398222
0.328102
0.279589
-0.145429
-0.387053
-0.141884
-0.0314448
0.444692
-0.177308
-0.322771
-0.413478
-0.342128
-0.0504026
0.416139
0.348647
0.323111
0.0468773
0.434642
-0.435164
-0.130388
0.0929136
0.541136
0.3352
-0.106106
0.0891156
0.0234988
0.268447
-0.408326
0.176132
0.247898
0.0323901
0.243782
-0.257846
-0.0589544
-0.155465
-0.406686
0.160917
-0.00173447
0.014596
-0.238392
-0.249677
0.036877
-0.371667
0.231247
0.0653932
0.078061
-0.530611
-0.367238
-0.347789
0.37831
-0.44722
0.00360074
0.164858
-0.128117
-0.19621
0.161737
0.0108613
-0.0607998
-0.423074
-0.228811
0.351707
-0.229261
-0.0421712
-0.420446
-0.00399413
-0.318654
-0.059157
0.0536855
0.172469
-0.488662
-0.0271139
0.403794
0.161546
0.247442
0.219424
0.416855
0.305601
0.396408
-0.0427351
-0.264563
0.278263
-0.166347
0.301171
-0.345069
0.291323
-0.0767619
0.304515
-0.0523772
0.0831983
0.289982
0.134235
0.318765
-0.0501134
0.233492
-0.102632
0.453563
0.105896
0.0254615
0.204671
-0.458935
0.0256656
0.381992
-0.178645
-0.429431
-0.43875
0.0201055
-0.417147
0.482439
0.0287911
0.203453
0.325157
0.41626
-0.0481124
-0.298567
0.249392
-0.00347808
-0.289349
0.0437232
0.384862
0.0235763
0.524479
0.197669
0.17246
0.515488
0.246718
0.0372944
0.259446
-0.0115145
-0.344233
-0.119153
0.540729
0.370511
-0.189859
-0.0803925
0.0128217
-0.208808
-0.225295
-0.281433
0.263599
0.0485314
-0.155753
-0.193125
0.426669
0.194595
-0.230949
-0.438145
-0.163784
-0.369212
0.113207
0.340858
-0.277927
-0.377676
0.20972
0.163761
-0.0828398
0.338795
-0.28089
-0.223608
-0.45779
-0.109353
-0.297172
-0.0361581
0.0751546
-0.276247
0.183647
0.0831363
0.113042
-0.145759
0.469474
0.431768
-0.235474
0.501826
-0.229101
0.302762
-0.215424
-0.278575
-0.359022
0.448203
0.0344771
0.0841943
0.259587
0.0416925
0.0819167
-0.1703
-0.345051
0.297605
-0.24094
-0.368465
-0.050882
-0.160147
-0.124479
-0.213099
0.34516
-0.0478533
0.314708
-0.33469
-0.304191
-0.339024
0.0388934
0.0759466
0.214022
-0.44141
0.417605
0.034149
-0.252001
0.213367
-0.0334445
-0.256913
-0.500948
0.0539486
0.344376
0.491496
0.0691176
0.429329
-0.0711998
-0.288309
0.132962
-0.499215
0.346817
0.10376
0.450523
0.444405
-0.519823
0.0232025
-0.259298
-0.155334
0.304847
-0.0898689
0.201939
-0.158223
0.358766
-0.109926
0.0848014
-0.24475
0.432784
-0.207588
0.11427
-0.321635
-0.446663
0.232765
0.274294
0.0418828
0.28479
-0.0880322
0.20253
-0.152834
0.355869
0.184959
0.604406
-0.284462
0.197956
-0.252508
-0.271038
0.286757
0.400936
-0.268846
-0.314966
-0.0683372
0.381796
-0.51232
0.136189
0.405661
-0.147286
-0.139309
0.35407
0.260833
0.0757967
-0.448174
-0.0828976
0.450746
0.459388
0.359426
-0.398687
0.0293947
0.0289227
-0.392111
-0.188959
0.429027
-0.461981
0.313527
0.447389
0.267901
-0.136714
-0.324967
-0.0702241
-0.326396
0.177116
0.0338597
0.140238
-0.199686
-0.899275
-0.211434
0.0890477
-0.224799
0.399117
-0.0250006
-0.0961381
0.0902632
-0.240861
0.132306
0.372908
0.317521
0.145446
0.210241
0.436051
0.263878
0.575531
-0.769706
0.224966
-0.131133
0.499191
-0.0625544
0.110721
-0.0331891
0.0336825
0.515827
0.12236
0.0171945
0.275529
0.0576317
-0.617471
-0.341439
-0.00691188
-0.0145031
-0.00142545
-0.223023
-0.28866
0.094322
0.177446
0.343025
-0.298438
