#input normalization
0.161133 0.272743
22.2137 31.7026
10.6297 33.0848
8.5346 29.7551
0.0113217 0.0386773
0.0092546 0.0322126
0.542988 1.36901
0.823511 1.27769
1.05267 1.47112
1.29982 1.67897
1.57855 1.87949
1.86027 2.06281
2.12999 2.22636
2.39629 2.3791
2.64341 2.50023
2.87854 2.5868
3.10222 2.64749
3.30893 2.68228
3.49211 2.68429
3.64898 2.62459
1 -1
1 -1
#output normalization
1 0
#neurons weights
0.381903
-0.0336188
-0.177558
0.00734837
0.183414
-0.359952
0.390867
-0.441484
-0.11482
-0.484146
0.0346979
-0.480796
-0.252679
0.420601
0.2051
0.300891
0.188086
0.0344474
0.201474
0.0427679
-0.48745
-0.120679
-0.108155
0.371007
-1.29994
-0.0660491
-0.448545
0.179831
0.0227612
0.187815
-0.186336
-0.367612
0.0210085
1.06998
-0.345792
0.209662
-0.00648033
0.108811
0.518662
0.751253
0.517773
-0.510867
0.335974
-0.441017
0.175553
0.531838
0.0677276
-0.434958
-0.196843
0.240107
0.442193
0.25049
0.102042
0.157437
-0.405315
-0.391083
-0.0894113
0.455404
-0.434231
0.406468
-0.0712446
0.0835402
0.00954261
-0.0875795
0.365726
-0.232863
-0.479895
0.815528
#synapses weights
0.0237377
-0.0175061
-0.2408
-0.0707701
0.30982
0.248322
0.382408
-0.794981
-0.279062
-0.267821
-0.0351824
0.403411
0.194215
0.0809874
0.351701
0.121608
0.106203
-0.260253
-0.068433
-0.0840947
-0.0201333
-0.227901
-0.066146
0.141985
0.03146
0.0984842
0.428967
0.185665
0.564532
0.436211
0.744846
0.485495
0.471854
0.0224395
0.448011
0.10134
0.18015
0.219228
0.0917643
-0.510556
0.0159753
0.230743
-0.201828
0.396874
0.0833697
-0.078287
-0.177506
0.129299
0.0612221
0.0131727
-2.70741
-4.01385
0.052164
-0.0149563
0.173812
0.0534995
0.0677993
-0.0425874
0.00592327
0.154354
0.00906295
-0.0943821
-0.054389
-0.0150292
-0.229532
0.25379
-0.0290423
0.203293
-0.317815
0.0626014
0.248656
-0.462956
-1.16798
-0.802991
0.356263
0.278092
0.0869054
0.104546
0.105211
-0.0809953
-0.271766
0.180444
0.338126
0.0845725
-0.208269
-0.279124
0.336369
0.0461303
0.220028
0.16909
-0.347998
-0.210371
-0.535875
0.24128
0.730363
-0.0883921
0.113328
-0.399126
-0.26129
-0.153019
0.211072
0.175039
-0.269105
0.369537
0.0790002
0.462779
-0.247263
-0.0827609
-0.451856
0.0614433
-0.103422
-0.137469
0.153884
-0.178124
-0.0201786
-0.411197
0.958161
0.650983
0.203684
-0.0234895
-0.207619
0.0241247
0.0965485
0.00159331
0.173289
0.255626
-0.0163324
-0.242768
0.116005
0.180929
-0.214589
0.0584674
-0.508426
-0.311863
-0.480694
0.0026701
0.30989
-0.421593
-0.306715
0.515457
0.502189
-0.184348
-0.258755
0.14657
0.0306045
-0.0998289
0.300997
0.0178942
-0.194144
-0.322961
0.155426
-0.203754
-0.24001
0.107316
0.158655
-0.0857657
0.372713
-0.154524
-0.190776
-0.108541
3.49116
-0.271596
0.146051
0.153902
0.149313
0.0163545
0.0909356
0.113049
0.00714334
-0.0242837
0.0426236
-0.0711534
0.0209437
0.0128923
0.108916
-0.334562
-0.012622
-0.361742
-0.264083
-0.20384
0.296381
0.129611
-0.302094
-0.179704
-0.244843
-0.346573
-0.362143
-0.21223
-0.232839
-0.351843
-0.0535108
-0.230998
0.285103
0.308883
0.409278
0.251757
-0.0699425
-0.114073
0.0337993
-0.352637
-0.0400815
-0.0839228
-0.0654942
-0.0242205
-1.60161
-1.21541
-0.00316645
0.116843
-0.17766
-0.00102732
-0.166096
0.00663258
0.10879
0.13845
-0.324455
0.045697
0.263843
0.122725
0.0345595
-0.12212
0.196874
-0.0163227
-0.350812
-0.155878
0.176575
-0.099263
1.02115
-0.460223
0.289402
-0.0405246
0.233608
0.199722
-0.349887
0.0586982
-0.211601
0.0380886
-0.194506
-0.239416
0.0475207
-0.48292
0.410428
0.455427
0.0219436
0.718357
-0.0225223
-0.124199
0.143428
-0.0247086
2.4519
2.85577
-0.108979
-0.0527317
-0.0971405
-0.272961
0.105827
-0.331413
0.107735
-0.170562
0.113806
-0.340643
-0.116216
-0.0142644
-0.216163
-0.449988
0.482404
0.471695
-0.285249
-0.111189
-0.141131
-0.251194
0.170053
-0.0161336
0.122456
0.306664
-0.0899011
0.236315
0.329496
0.464219
0.0705368
-0.150123
-0.290802
-0.170445
0.0877447
-0.323015
-0.489652
0.329584
0.00747406
-0.123474
0.214752
-0.125162
0.189483
-0.347036
0.960942
0.712332
0.347512
0.272125
-0.397359
0.199848
-0.289743
-0.145905
0.0135863
-0.136822
0.0352958
0.175189
0.141889
0.128071
0.324734
0.248052
0.135497
-0.192262
0.238415
-0.4218
-0.0262149
0.280668
-0.903729
-0.276707
-0.614633
-0.586341
-0.211711
-0.522215
-0.518683
0.110938
0.251267
-0.386591
-0.103838
-0.417772
-0.170019
0.0215834
0.33605
-0.207271
0.0756072
0.380866
-0.190319
-0.00956311
-0.145105
0.375054
-0.527345
0.132733
-0.317823
-0.348847
-0.358296
-0.0585356
0.0222038
-0.0575074
0.161117
-0.0566352
-0.233401
0.0877093
0.127409
0.338494
-0.285099
-0.35913
0.358207
0.40625
-0.418656
-0.409657
0.200634
-0.288175
-0.051467
0.656376
-0.0948242
0.182917
0.127521
-0.127677
0.184501
0.376488
-0.187747
0.335004
0.150178
0.389119
0.275542
-0.168185
-0.309648
0.430947
0.219297
0.357809
0.233583
-0.181475
0.209019
-0.513172
1.5415
2.58159
0.535847
0.077638
0.139877
-0.116745
-0.0818579
0.189501
0.129787
0.180653
-0.0863027
0.26822
-0.359916
0.0908264
-0.222834
0.206137
0.15486
-0.152327
0.00353291
-0.30598
-0.0535325
0.0135709
0.222426
0.293396
0.104389
-0.212873
-0.096907
0.333555
-0.244713
0.033293
0.428148
0.450212
-0.252264
-0.101282
0.197014
-0.172407
0.100025
0.158306
0.0201912
0.267009
0.309354
0.326917
0.279216
0.223702
0.930871
0.293205
0.597953
-0.0416884
-0.0331163
0.0106989
0.387802
-0.283209
0.045802
-0.0411843
0.0985803
-0.275822
-0.144724
0.250805
-0.451855
-0.109247
0.128708
-0.116526
0.322708
-0.215535
-0.082314
0.256831
-0.177525
0.598153
0.218837
-0.476015
-0.508458
0.198426
0.166119
-0.064654
0.222744
-0.156748
0.305634
-0.119323
-0.165844
0.0559752
0.194049
0.0542172
-0.237712
-0.494115
0.488298
-0.273934
-0.455875
0.152039
0.0262756
-0.50309
0.298671
0.0323518
-0.332085
-0.116443
0.152142
-0.393774
0.375919
0.202416
-0.0615703
0.000678298
-0.431095
0.38289
-0.0918954
0.431969
0.0399503
0.15484
0.333145
-0.0697053
-0.148376
0.0844888
1.58007
0.0907106
0.150438
-0.372237
-0.00146327
-0.185058
-0.00401348
0.131241
-0.416685
-0.68154
0.093893
-0.12848
-0.0866483
-0.0884465
-0.20594
0.290048
0.654275
-0.515198
-0.905996
-0.342233
0.144944
-0.246169
-0.378858
0.73334
0.529929
0.23086
0.195591
1.06994
-0.199724
-0.281187
0.193479
0.423494
0.0482468
0.317044
0.0966927
0.00445273
0.219898
-0.0119044
0.519408
0.396853
0.041472
-0.12808
-0.235566
-0.354937
-0.100445
-0.347658
0.282882
0.40496
0.236376
-0.214391
-0.0626667
0.441658
0.470984
0.175492
-0.204354
-0.393481
0.502343
0.282765
0.0550773
0.0507183
-0.264117
0.505418
0.0133294
-0.397474
1.46212
0.373436
0.353962
-0.146283
-0.0512223
-0.74564
-0.171671
0.241865
-0.66092
-1.34467
-0.0916849
-0.640591
0.408008
0.333524
0.253225
-1.06038
0.0343626
-0.277405
-0.176882
-0.127173
-0.418872
0.145295
-0.0639789
0.0695727
-0.657396
-0.109471
-0.311849
-0.0180619
-1.27523
0.303587
-0.612945
-0.405816
0.364642
-0.245167
0.0640643
0.406291
0.218424
-0.29833
-0.0902111
-0.224949
-0.316006
0.428636
-0.16404
-0.112463
-0.202527
-0.0626816
-0.176027
0.397936
-0.406219
0.221613
0.498073
0.134091
0.0840206
-0.190996
-0.163704
-0.257705
-0.263609
-0.051029
0.145816
0.45652
-0.419764
-0.0857937
-0.133064
-0.0338173
0.0723281
0.319578
0.120142
-0.352658
-0.0155471
-0.591494
0.193479
0.405812
0.417666
-0.0584298
-0.308378
0.51276
-0.471637
0.0240881
0.0801692
-0.460939
-0.503091
-0.374842
0.14422
-0.561189
-0.504848
0.0454013
-0.456096
0.212857
-0.300672
-0.0196004
-0.181682
0.259352
0.394171
-0.111949
0.247269
-0.113476
-0.483234
-0.0483943
-0.114681
0.274647
-0.206982
-0.394262
0.206767
-0.270745
-0.357854
-0.400848
-0.294678
-0.15113
-0.231937
-0.127654
0.137361
-0.100411
-0.571265
0.582511
0.288012
-0.798151
0.281375
0.366051
0.240092
-0.418874
1.07705
-0.222189
-0.555742
0.246684
0.85828
0.546718
0.0252706
-0.0173268
-0.0417652
-0.483969
0.0717205
-0.254128
-0.132153
-0.590908
0.652487
0.0558305
0.579853
-0.2372
-0.0504995
-0.292468
0.268337
0.0441632
-0.0956894
-0.782819
0.00520248
0.375952
-0.0306248
0.321456
0.254827
0.502618
-0.0066277
-0.0762743
-0.142397
0.27094
0.2062
0.498325
-0.131693
-0.0730324
-0.278811
0.340543
0.209705
0.125845
0.292392
-0.0481508
-0.0951856
0.229938
0.337173
0.308861
-0.0344632
-0.396732
0.559542
0.401101
-0.434978
0.339853
-0.344203
-0.0280053
0.014582
0.185526
-0.2804
-0.368585
-0.0801563
0.0482071
-0.300693
-0.235531
-0.357271
-0.331056
-0.171229
0.076381
0.246944
-0.00438615
0.20155
0.100152
-0.256296
-0.0179164
-0.241762
-0.195598
0.308456
0.0791029
-0.498209
0.0119177
-0.261425
-0.140269
0.0541683
-0.373815
0.452548
-0.352793
-0.316731
0.365816
-0.552399
-0.0748902
0.169145
-0.420793
-0.778214
-0.0820619
-0.0478232
-0.0775154
-0.0951718
0.320255
0.404634
0.164654
-0.0368537
0.301945
-0.0343406
-0.276312
0.110081
0.387856
0.0762101
0.0363784
-0.0947983
0.550056
0.0904386
0.3703
0.261099
0.494015
-0.234077
0.286496
-0.191208
-0.301603
0.0287517
0.410908
0.00730424
0.540517
0.300664
0.394042
0.475584
-0.299353
-0.272476
0.395312
-0.0439819
0.390966
0.0384428
-0.536518
-0.113828
0.65525
0.338892
0.114189
-0.181964
0.108524
-0.7933
0.137145
0.40268
-0.176054
-0.486845
0.0829345
0.418854
-0.188988
-0.0110776
-0.0629753
-0.774741
0.0242434
-0.315716
0.449902
0.0658033
-0.508471
0.0204434
-0.341814
-0.49467
-0.582042
0.462858
-0.386008
0.123592
0.0991537
0.0240138
-0.314752
-0.00479727
0.914624
0.257038
0.125365
-0.559632
0.114835
0.220136
0.196151
0.0748548
0.185439
-0.494501
0.0395636
0.31922
-0.372301
-0.157835
-0.220188
0.0912403
-0.0927786
-0.557969
0.0183208
0.713523
-0.155946
0.440486
-0.270894
-0.299512
0.0814357
0.0623863
-0.175824
-0.0723963
0.263021
0.0261504
-0.13708
-0.130318
0.741754
-0.0118072
-0.317712
0.0161667
0.346194
0.482112
0.179113
-0.422357
0.181469
0.311289
-0.0707975
0.0494479
0.411053
-0.361645
-0.390764
-0.0591269
-0.370345
0.641552
0.139378
0.308552
0.364577
0.57849
-0.181438
-0.0749179
-0.466024
0.0585496
0.0830148
0.140276
-0.712947
-0.114725
-0.0221141
-0.398853
-0.292941
-0.126793
-0.100722
0.0884759
-0.373255
0.164709
0.166906
0.187809
-0.194586
0.147531
0.210588
0.0661873
-0.399968
0.132038
-0.0672705
0.201699
-0.13286
0.340229
-0.453979
-0.15501
0.325972
0.318932
-0.0852061
0.288352
0.351436
0.159052
-0.109755
-0.0247798
0.226041
-0.268477
0.463297
-0.224428
-0.0792355
-0.236279
0.494519
0.354245
0.331871
-0.0499772
-0.329322
-0.216783
0.165417
-0.1778
0.779246
0.383653
-0.0049734
-0.188421
-0.29312
-0.608085
0.258995
-0.109042
0.338867
-0.215543
-0.347566
-0.481652
0.00568874
0.194901
0.157814
-0.131269
0.310257
-0.0995056
-0.319828
-0.528838
-0.629673
0.0979803
0.3001
0.325577
-0.0357153
0.0572411
0.569626
-0.318998
-0.0775896
-0.0550412
-0.570091
0.516212
0.608036
0.25484
0.060734
0.0235204
-0.281804
0.0776765
-0.112582
0.0471956
-0.488591
0.223332
0.13521
0.205707
0.207303
0.361736
-0.0484855
-0.255491
-0.0385123
-0.355887
0.0429014
-0.0597488
-0.115804
0.441931
0.107336
-0.477945
-0.113704
-0.348598
-0.0151444
0.300447
-0.033957
-0.140456
0.112987
-0.288799
-0.102436
0.0647507
-0.293771
-1.25235
-0.0802305
1.07265
1.08847
-0.255903
0.0824333
-0.275629
-0.592915
0.699433
0.0450405
-0.133068
0.394169
0.569154
0.149949
0.224244
-1.1903
-0.465557
0.0742341
-0.0338427
-0.132586
0.681023
-0.404472
