#input normalization
0.161144 0.272755
16.9015 25.8238
11.0726 31.5069
9.06263 28.918
0.0117746 0.0365318
0.00970807 0.0310855
0.542988 1.36901
0.823511 1.27769
1.05267 1.47112
1.29982 1.67897
1.57855 1.87949
1.86027 2.06281
2.12999 2.22636
2.39629 2.3791
2.64341 2.50023
2.87854 2.5868
3.10678 2.64299
3.33733 2.65248
1 -1
1 -1
#output normalization
1 0
#neurons weights
0.427954
-0.491715
-0.0283879
0.0813065
-0.217337
0.190711
-0.166908
-0.448394
0.477796
0.320445
-0.163638
0.149154
0.474516
-0.242044
0.262555
0.0787763
-0.0266582
0.280304
-0.291961
0.106835
0.22645
-0.161001
-0.849243
0.28186
0.019075
0.606493
0.355578
-0.315231
-0.647633
0.576637
0.0510001
-0.00124387
0.207931
-0.331521
-1.994
-0.319991
0.475402
0.264463
-0.272483
-2.15671
-0.137841
0.116926
-0.0165882
0.492057
0.271651
0.204809
0.577673
-0.453814
-0.763858
-0.333773
-0.00537085
-0.283371
-0.231384
0.527929
-0.444221
0.141281
-0.501609
0.110243
0.602687
-0.269647
-0.496446
-0.653641
#synapses weights
0.144391
0.271967
-0.27333
-0.311269
-0.109897
-0.441286
-0.609712
0.169771
-0.207616
-0.150457
0.24005
-0.399715
-0.585055
0.327854
-0.0126763
-0.506269
0.369557
-0.380041
-0.0252707
0.479048
0.0975825
0.197592
0.441363
-0.272368
-0.425574
0.526776
-0.188602
-0.455691
0.222802
0.1759
-0.463267
0.495686
-0.0814618
-0.298621
-0.361742
0.0527199
0.00372701
0.341848
0.456973
0.243297
-0.248783
-0.360355
0.144781
0.251192
0.157673
-0.0589817
0.577153
0.460015
0.26902
0.242878
-0.251759
0.218497
0.00727734
-0.0789121
-0.180651
-0.666552
0.131902
0.662976
-0.0226451
0.328352
0.232777
0.346355
-0.0103802
-0.244196
0.0965754
-0.320001
-0.518398
-0.635117
0.153856
0.114233
-0.163771
-0.273076
0.0636663
-0.0769355
-0.0293733
-0.234556
0.445585
0.0386516
-0.411729
0.16599
-0.172754
-0.31538
0.310431
0.0498602
-0.0598644
0.0136026
-0.444401
0.595847
0.460786
0.0651501
-0.1855
-0.0944766
0.102071
0.00882481
0.0438555
-0.295691
-0.248229
0.0393156
0.197804
0.157071
-0.253811
0.376974
0.252984
-0.191883
-0.21354
0.0175519
1.57825
1.23729
0.714304
0.0774265
-0.11845
-0.0882302
-0.223857
-0.287889
-0.103697
0.0347367
0.0269045
0.118289
-0.227809
-0.0925177
-0.113424
-0.230973
0.202217
-0.0528335
-0.340496
0.0508425
-0.726421
-0.976419
-0.187357
0.0391044
-0.0134569
-0.0200221
-0.0932297
0.0459267
0.368259
-0.354669
0.265909
0.285619
-0.0136546
0.280813
0.389959
-0.524956
-0.0255063
-0.550184
0.204777
-0.405914
0.0247103
-0.780684
-0.326544
0.34064
0.335119
0.258815
-0.419692
0.222564
0.179792
0.0498101
-0.0156725
-0.368219
-0.438491
0.0926556
0.164587
0.371586
0.257106
0.0251124
0.582832
0.398391
0.507595
0.546773
0.104691
0.114903
0.148463
0.0768908
-0.250055
-0.182823
0.369321
-0.283169
-0.158337
0.214664
0.00377918
-0.231151
0.0824362
-0.116975
0.240482
-0.0519283
0.207808
-0.30165
2.26822
1.48708
0.196621
-0.261968
-0.26492
-0.127873
0.0096607
0.0528979
0.262712
0.0114445
0.173784
0.116706
-0.285669
0.241644
0.179986
-0.197805
-0.294589
0.249384
0.0293998
-0.0143764
-0.310167
0.046188
0.613955
0.482164
0.45394
0.380357
-0.181195
-0.338101
0.33287
0.33907
-0.013927
0.26705
-0.0982073
0.438068
-0.252643
0.0100443
0.199721
-0.29521
0.451334
0.10114
0.67485
-0.477212
0.575342
-0.135723
0.178951
-0.395398
0.455477
0.197878
-0.461526
-0.365961
-0.379283
-0.573891
0.466954
0.0086489
-0.0349902
-0.356371
0.235069
-0.0303391
0.10915
-0.254873
0.324679
-0.260354
0.245467
-0.40401
-0.462534
-0.153294
0.0552145
0.106637
-0.303706
0.0616463
-0.21428
0.198903
-0.463573
-0.460679
-0.0109713
0.259462
0.501229
-0.229386
-0.458187
0.0680158
0.581044
-0.799342
0.274958
0.169521
0.346924
-0.229772
0.235255
0.106051
0.125414
-0.0959158
-0.27705
0.0896552
0.450803
0.143988
0.00959022
-0.221213
-0.192052
-0.00425976
-0.317757
0.246254
-3.53944
-3.95051
-0.153253
0.0310819
0.0964414
0.15017
0.203459
0.000270249
-0.152466
0.0257092
0.0862931
-0.0556529
-0.251109
0.292936
-0.250036
-0.159893
-0.303949
-0.109899
0.195639
0.156414
-3.94064
-0.00743593
-0.11326
-0.070992
-0.0663907
-0.0776191
-0.0163339
-0.106696
1.69354e-06
-0.0337656
0.116864
0.16227
0.206544
0.217437
0.0111074
-0.169542
-0.121506
0.0264495
0.461829
-0.343698
0.275498
0.394005
1.07876
0.23291
0.25972
0.319441
0.0863586
0.00207051
0.371917
-0.27721
-0.185804
0.152664
0.185122
0.259859
0.2651
-0.106704
0.296303
0.113801
-0.00968364
-0.183374
0.233985
-0.133733
-0.263523
-0.142836
0.14474
0.168396
0.197942
0.140797
0.305369
-0.130531
0.294066
0.588615
-0.316429
-0.13464
0.324363
-0.284879
-0.291056
-0.150932
-0.0851875
-0.125994
0.830802
0.302418
-0.0808196
0.361939
-0.359808
0.184024
-0.0874358
0.20055
0.450991
-0.492929
0.320591
0.0969556
0.342523
-0.120946
-0.191143
-0.800694
-0.446269
0.30227
0.14381
0.150156
-3.4511
-3.24899
-0.326631
-0.0582943
0.116831
0.0223157
-0.0405654
0.087407
-0.0804412
0.259728
-0.0274467
0.0912944
-0.0737197
0.261442
0.139313
0.0318594
0.658604
-0.49521
0.0854508
0.0430734
1.09451
0.236396
0.588561
-0.498661
0.269562
0.233133
-0.581121
-0.353603
0.162702
0.197843
0.176439
-0.302241
-0.248265
0.15167
0.102544
0.0650619
0.373274
-0.401959
-0.292619
0.390869
0.220664
-0.00783604
-0.0657277
0.0661376
-0.114689
0.0792671
0.361978
0.504801
0.256736
0.505811
-0.40173
0.261449
0.229813
-0.0460561
0.216406
-0.120349
0.018568
-0.0661981
0.193722
0.232439
-0.202451
0.478851
-0.39341
0.0425689
-0.814299
0.392486
-0.787361
-0.313049
-0.157566
-0.563692
-0.260862
0.115667
-0.064973
-0.351157
0.354643
-0.292956
0.308369
-0.132642
-0.409395
0.0178524
0.016039
-0.218721
0.204195
0.129129
-0.4544
-0.167937
0.49651
-0.325729
-0.299394
0.0756961
-0.289109
0.358076
-0.0255477
0.0437014
0.319666
-0.0579063
-0.120615
-0.376596
0.128743
0.0445522
0.166577
-0.405215
0.0344323
-0.135864
-0.435595
0.299062
0.420959
0.170006
-0.128549
0.167534
0.578303
-0.100874
0.760375
-0.426771
-0.163475
0.387858
-0.0201086
-0.174974
-0.112022
-0.434185
0.0227704
0.333098
-0.0123135
0.367635
-0.257588
0.145482
0.21955
0.489655
0.291789
-0.232104
0.299633
-0.170484
0.124588
0.265411
-0.387
-0.285127
-0.38208
-0.251114
0.419485
-0.0758203
0.203137
-0.25391
0.236299
0.127769
0.402211
-0.27287
-0.0864988
-0.180117
0.265755
0.00606262
0.533709
0.269399
0.112318
-0.649328
-0.395525
0.0282227
-0.229235
0.202792
0.0699753
0.477186
-0.0453601
0.566743
0.0399306
0.596077
-0.150704
-0.533436
0.214009
0.551387
0.0915743
0.92421
-0.287584
0.362222
0.408855
0.392191
0.625783
0.346248
-0.0134281
-0.271562
-0.278117
0.3537
-0.186834
0.358807
0.172701
-0.0489986
0.091895
-0.319717
0.164172
-0.301067
-0.304487
-0.0358928
-0.0075522
0.118015
0.177434
-0.372736
-0.0410841
0.143316
0.810474
0.382999
-0.169458
0.444672
0.369395
-0.448397
-0.224863
-0.625847
0.649853
0.475187
0.242688
-0.480903
0.0610394
0.171539
0.174961
-0.556482
0.131293
-0.369867
-0.107873
-0.472907
0.605663
0.510861
-0.31443
0.025597
-0.358799
0.479353
0.15895
-0.30285
-0.244142
-0.0318833
-0.112045
0.151863
0.11014
-0.45758
0.366833
-0.0998831
0.290365
0.116983
-0.298776
-0.15146
0.25654
-0.253073
0.654417
0.37909
0.313196
0.461686
0.283467
-0.016547
0.297129
-0.486225
-0.343861
0.134223
-0.296059
0.18654
-0.656328
-0.305889
0.380356
-0.0996092
-0.535901
-0.339943
0.399937
-0.543958
0.521026
1.18861
-0.508221
-0.544668
0.310063
0.814192
0.250423
-0.170734
-0.28997
0.241309
-0.0621258
0.177781
-0.678543
-0.293957
0.0255225
0.11808
-0.303081
-0.238321
0.129415
0.202716
3.21433e-05
-0.017932
-0.287736
-0.00890076
0.195876
-0.533782
-0.359674
-0.459743
-0.0583628
0.720087
-0.178254
0.0269469
0.486849
0.331194
-0.222275
0.0675034
0.597536
0.548202
-0.173315
0.451168
0.427689
0.462985
-1.36081
-0.0873106
-0.0541079
-0.191325
-0.236102
-0.58216
0.617351
0.139216
-0.404006
0.308008
-0.401135
-0.423568
-0.0322224
-0.278577
0.00355188
-0.524101
0.566759
0.206916
-0.226479
-0.00935189
0.181418
-0.421277
0.328689
-0.248531
0.466668
0.261672
-0.292552
0.307569
0.0110497
0.321396
0.0291052
0.516316
0.176465
0.443087
-0.0415719
0.226481
0.403007
0.39167
-0.00545943
-0.169299
0.109202
-0.240643
-0.665185
-0.532786
0.298608
0.291909
-0.0989146
-0.0412362
0.263772
0.0719545
-0.0202921
0.485964
-0.262022
0.387259
-0.200738
-1.03629
-0.522977
0.238825
-0.393186
0.146418
-0.564064
-0.128779
-0.26248
1.53556
1.21416
-0.0397173
-0.391954
-0.269571
1.1327
-0.528496
-0.105034
-0.16398
0.00681874
0.556796
-0.109334
-0.385544
-0.262606
-0.495238
-0.399756
-0.359519
-0.128012
-0.345109
-0.314492
-0.343546
0.772294
0.597417
0.277698
-0.223276
-0.0331016
0.662
-0.41155
0.574776
-0.0235827
-0.26145
0.226341
-0.174717
-0.269606
-0.0054735
-0.0517566
-0.446039
-0.553725
0.198942
0.103681
0.162281
-0.338084
0.310896
-0.536334
-0.0736487
-0.212414
0.230983
-0.160063
-0.464626
-0.60411
0.1855
0.0711937
-0.285311
0.317185
-0.24507
-0.0842793
-0.132004
0.31111
-0.429031
-0.00238345
-0.383625
0.0256089
-0.21257
-0.458474
-0.16903
-0.0348793
0.139637
-0.127022
-0.251313
-0.277217
-0.401333
-0.401117
-0.41106
0.420802
-0.191948
-0.508996
-0.318326
-0.396019
-0.126329
0.0619502
-0.413911
-0.200616
0.28721
-0.0358953
0.0245875
-0.426683
0.135035
0.0389128
0.209513
-0.501619
-0.106545
0.353025
-0.926181
0.0664585
0.67749
0.205095
-0.19727
0.550248
0.15809
-0.118967
0.230944
0.278153
-0.270014
-0.543694
0.598041
0.00587545
1.19536
-0.101906
-0.641234
-0.518684
-0.0585706
