#input normalization
0.161136 0.275383
26.6963 38.0668
9.62787 31.2421
8.04206 29.0741
0.0107885 0.0390015
0.00870805 0.0331257
0.564818 1.48093
0.795869 1.50863
1.10038 1.73119
1.41277 1.97868
1.75552 2.22052
2.08751 2.45795
2.40622 2.68133
2.72523 2.88225
3.03084 3.05648
3.31412 3.186
3.58281 3.27987
3.83858 3.35045
4.07488 3.38523
4.26268 3.36307
1 -1
1 -1
#output normalization
1 0
#neurons weights
-0.261128
-0.261561
-0.366729
0.172818
-0.0147823
-0.15505
-0.272873
0.29103
0.316046
0.195689
-0.156625
-0.00335584
-0.106396
-0.173256
0.0186529
0.253408
-0.366033
0.180852
-0.171162
0.27894
0.0140787
-0.436841
0.290757
0.0514845
0.228991
-0.232336
-0.353826
-0.633699
0.334109
-0.114048
0.1949
-0.19992
0.0974943
0.226929
-0.299659
-0.102045
-0.301643
-0.334434
0.511569
0.239845
0.35392
-0.269719
0.460041
0.100819
0.221265
0.344779
0.0348593
-0.535449
-0.31593
-0.0683176
0.109183
-0.234802
0.177279
-0.216019
0.549627
-0.0210896
-0.134372
-0.543594
0.485507
0.293516
-0.363803
0.331639
0.22834
0.271681
-0.391354
0.223049
-0.0173434
0.162651
#synapses weights
0.382575
-0.403967
0.0313864
0.0483048
-0.241475
-0.371225
-1.04856
-0.125556
0.278283
0.0524752
-0.12248
-0.00230071
-0.130021
0.0825779
-0.132798
-0.157958
-0.239621
-0.318152
-0.0355125
0.460531
0.495105
-0.487293
0.0859175
0.233452
0.514402
0.0632762
0.0774443
-0.402947
1.52739
0.0133283
0.0717614
-0.246493
-0.1131
0.238377
-0.21581
-0.196803
-0.110629
-0.0835919
0.00258476
0.203301
-0.116842
-0.160937
-0.227201
-0.242008
0.80992
-0.364405
0.619213
-0.280125
-0.475627
0.291852
4.29041
-0.0173164
0.126781
0.0674645
0.153727
0.0294147
-0.0689071
-0.0197851
0.320325
-0.0553527
0.085983
-0.0538027
0.180171
-0.122521
-0.144612
0.360597
-0.174313
0.0927181
0.163848
-0.257177
0.170035
-0.0976281
0.464298
0.224171
-0.298375
0.0242758
0.319256
0.425094
-0.378301
-0.0542733
-0.27207
0.199975
-0.432717
-0.420786
-0.337234
-0.472062
-0.100553
0.238599
-0.180702
0.159108
-0.139108
0.0947706
0.0084713
-0.287893
-1.13109
-0.191943
-0.124673
0.343885
-0.202696
0.326921
-0.372317
0.0991496
0.306776
0.043475
-0.273331
0.300295
0.204903
-0.341142
0.463183
0.0101719
-0.00488581
0.419433
0.0493584
-0.110651
0.0389961
-0.173777
1.65095
-0.121391
0.0133035
0.110414
-0.0852957
-0.0892812
-0.0653243
0.0407608
0.0579055
-0.0867063
-0.475623
0.0106685
-0.0598706
-0.0573138
-0.102726
0.0459839
0.577521
-0.47637
-0.310361
0.379124
0.192982
-0.337916
1.10285
0.0106416
-0.0526742
0.152284
0.280083
0.0329372
0.315653
-0.302844
0.112237
0.293357
0.13425
0.0370241
-0.0231253
-0.0815551
0.409073
0.267268
0.285696
0.154077
-0.267701
-0.116042
-0.0230777
0.15912
-1.38872
-0.315232
-0.145728
-0.138587
-0.1323
-0.136542
-0.364851
-0.142203
-0.00972446
-0.218167
0.0613506
-0.374157
0.0737503
-0.187128
0.354544
0.481108
0.0533839
0.0357711
-0.054627
0.0602112
-0.351171
0.315414
0.177735
0.240936
0.421986
-0.0480567
-0.184178
0.129295
0.262625
0.518899
0.340393
-0.27145
0.420183
-0.197368
0.429932
0.145547
-0.111987
-0.319285
-0.384896
0.230291
-0.435492
-0.157182
-0.00728348
0.284467
-0.19561
-0.185716
-0.14429
-0.164989
-0.511554
-0.238789
-0.607406
0.406901
0.137095
0.0445907
-0.0117419
-0.230079
0.100453
0.320927
0.101819
-0.105485
-0.162648
0.138908
-0.266065
0.0847891
0.0137449
-0.218482
-1.1853
-0.169931
-0.0363902
-0.223119
0.235182
-0.231163
0.0514452
0.0496968
0.0346451
0.308513
0.0817511
-0.316911
-0.315808
-0.131832
0.037595
0.439431
-0.0572791
0.320148
-0.362037
-0.0711734
0.135977
-0.282356
0.131104
0.906807
0.104881
0.166681
-0.0566366
0.00813826
0.326811
0.0654119
-0.00154211
0.438672
-0.260012
0.501347
0.441836
0.316114
-0.13709
-0.199353
-0.0987632
0.390256
-0.489318
-0.263854
0.339458
-0.391177
0.247171
-0.39132
0.126925
-0.183879
0.119372
0.508287
-0.0589705
0.285477
0.252171
0.0653518
0.300743
0.123897
0.0404026
-0.184986
0.469636
0.091863
-0.0653294
0.338509
-0.109621
0.0039252
0.0227489
-0.227592
3.02695
0.263042
-0.113346
0.144405
-0.0746092
-0.277414
0.170845
-0.259715
0.0711252
-0.100949
0.0931576
-0.267747
-0.157666
-0.0577515
-0.131787
0.131894
-0.189523
0.474278
0.44364
0.236104
0.396639
0.0756306
-0.317303
-0.092077
0.058898
0.0907784
0.192669
0.130646
0.195782
-0.027472
0.211915
0.0948172
-0.112621
-0.372026
0.0920678
-0.437011
0.2996
-0.382198
-0.144391
0.182628
-0.421881
0.290982
0.230533
0.0475042
0.07121
0.495467
0.188147
0.257649
-0.254698
-0.211857
-0.171814
0.354749
0.298185
-0.286481
-0.0101616
0.387119
0.209116
-0.497154
-0.0941422
0.0623998
0.267825
-0.203006
-0.6737
0.0241368
-0.601499
0.292152
0.683565
0.0188008
-0.360124
0.0699645
-0.130309
0.228625
-0.117533
0.348885
0.0230982
-0.0456393
8.36861e-05
0.34953
0.085606
-0.00137367
0.168996
0.0489808
-0.294284
-0.379109
-0.276321
0.110134
-0.285137
0.330027
-0.146101
-0.20034
-0.130481
0.0234777
-0.0196131
-0.302261
-0.477692
-0.403344
-0.0718437
0.0228715
-0.131384
0.509493
0.3752
-0.456369
-0.0745489
-0.127532
-0.132659
-0.0542515
0.120934
0.190737
-0.24653
0.278127
-1.54775
-0.241308
0.158597
0.0407294
-0.382198
0.0870645
-0.215241
0.103967
0.130488
-0.0263959
-0.374258
0.218611
0.0021652
0.263742
-0.376782
-0.395194
-0.415878
0.216019
-0.137087
-0.155976
0.490406
-0.0429912
-2.35377
-0.103465
-0.122872
0.248139
0.0447472
-0.355445
0.102292
-0.102035
-0.142947
-0.180572
0.522781
0.0202861
0.140555
-0.0277381
-0.248484
-0.168678
-0.176698
-0.185532
0.1034
0.241085
0.383521
-0.227043
-0.84181
0.104746
0.128567
-0.0721322
0.0274449
0.45164
-0.446451
-0.1531
0.509147
0.337221
0.350058
-0.0911739
-0.0917433
-0.110061
0.407248
0.0723203
-0.287539
-0.144194
0.10765
0.280717
-0.372587
0.378175
1.19081
0.0725386
-0.167178
0.268158
0.00997554
-0.157482
-0.188634
-0.190951
0.279407
0.0147851
0.259587
0.114733
-0.21677
0.318537
-0.313441
-0.168253
-0.115123
-0.154951
0.0625653
-0.281104
-0.254211
0.3416
1.32627
-0.0633246
0.223976
-0.0641877
-0.236281
0.433607
0.622973
0.0688022
-0.337124
-0.269587
0.204966
-0.299471
-0.104236
0.10691
0.0397856
-0.431592
0.00935866
0.23889
-0.316735
0.44779
0.00884323
0.615051
0.508018
-0.0137645
0.322653
0.153488
-0.101241
0.164165
-0.0410044
-0.159056
0.157408
0.389736
-0.119505
0.0651914
0.257274
0.240958
0.155255
-0.0163437
0.546694
0.0444994
-0.447415
-0.353412
-0.127895
-0.300109
-0.249254
-0.121843
0.174787
0.122683
-0.321592
-0.00253445
0.0363781
0.12405
0.00361793
-0.190713
0.34596
-0.123418
0.139547
0.36518
0.282525
-0.275486
0.210654
-0.228109
0.173372
-0.285033
0.314404
-0.424345
0.0677362
0.326647
-0.152173
-0.192917
0.365717
0.303659
0.0208488
0.165204
-0.102232
-0.273899
0.15775
0.359943
-0.400909
-0.33655
-0.0243657
-0.407242
0.196238
0.284488
-0.151826
0.0394171
0.341293
-0.119214
0.117319
0.179945
0.399494
0.42685
0.29701
0.465866
-0.177846
-0.229719
-0.0781673
0.108781
0.07842
0.105289
0.347757
-0.067768
-0.0100385
0.369125
0.295798
-0.51833
0.147282
-0.0670987
0.592824
-0.890708
-1.27727
0.0848839
0.204264
-0.431875
-0.628313
0.329874
0.252821
0.00257717
0.152355
-0.00308798
0.212512
-0.846728
0.276641
0.050392
-0.256278
0.19795
0.479398
0.613604
0.262158
-0.203322
-0.328287
0.0842524
-0.18888
0.649657
0.0246833
-0.342078
0.288576
0.232296
-0.289039
-0.151312
0.318709
0.424662
0.207114
-0.340247
0.552962
0.064609
-0.365455
0.101255
-0.0300851
-0.358391
-0.360639
0.457205
-0.347217
-0.429166
0.0529689
-0.832999
-1.17968
-0.085144
0.467887
-0.480604
0.0689819
0.596809
-0.0898539
-0.152078
0.406459
0.541233
-0.232243
-0.91998
-0.144517
-0.284059
0.178311
-0.430445
0.619502
0.0536529
0.508841
0.0493584
-0.132841
0.0784255
-0.0501491
0.295046
0.025742
-0.192878
0.127948
0.376042
0.440346
-0.515425
0.330876
0.151329
0.402042
0.488961
-0.272617
-0.0807108
-0.370828
0.505102
0.124465
0.184464
-0.0901738
-0.352476
-0.293574
-0.42601
-0.0447866
-0.526309
0.35382
-0.188465
0.497114
-0.041642
-0.26522
0.0187796
0.247569
0.242292
0.360465
-0.047865
-0.4925
-0.278308
-0.268936
-0.280735
-0.290272
-0.040636
0.394346
0.251639
0.83013
0.137764
0.110449
0.193116
-0.255601
0.133071
0.480424
0.387805
-0.142723
0.071102
0.0213503
0.0306839
-0.110067
0.304347
0.103823
0.0332969
-0.22612
-0.014358
0.455364
-0.138135
-0.474535
0.523777
-0.0764322
-0.18201
-0.78943
0.440626
0.154602
-0.162849
-0.805322
-0.218329
-0.00155974
-0.106983
0.38115
0.259632
-0.0441794
0.202617
-0.104421
-0.206207
-0.039839
-0.328514
0.387078
-0.343213
0.153889
0.0949419
-0.226252
0.0472945
-0.450431
0.0312874
-0.1903
-0.454934
0.324998
0.519638
0.343042
-0.0768759
-0.0724155
0.0298816
-0.0706903
0.066572
-0.159279
-0.303154
-0.37453
-0.111526
0.339491
0.129815
-0.186594
0.29942
-0.255101
0.627434
-0.196702
0.000841649
0.412873
-0.17289
-0.0615161
-0.311295
-0.256767
-0.436306
0.0297997
0.647015
0.445739
-0.567435
-0.398508
0.580436
-0.0953997
-0.324707
0.198116
-0.091649
-0.250519
-0.149909
0.269936
0.33112
-0.0044439
-0.758846
0.292961
-0.272335
0.279193
0.0329576
-0.565463
0.117
0.0991772
0.194957
0.267909
-0.199102
0.458629
-0.315338
0.364406
-0.371208
-0.283919
0.0434302
-0.473765
0.467484
0.257355
0.136898
-0.0930041
0.192212
-0.235414
0.472708
0.42572
0.294875
0.135282
0.316404
0.916882
0.102904
-0.358295
-0.00849511
0.499972
-0.695751
0.367278
-0.0931585
-0.314834
0.202029
-0.110744
0.591049
-0.601343
-0.295272
-0.0547614
-0.143872
0.13727
-0.690899
0.123868
-0.0618724
0.264782
0.29204
-0.10685
-0.532537
-0.452204
0.231346
0.0574664
-0.0986482
-0.0223021
-0.242901
0.274859
0.0321784
0.103151
-0.0176097
0.02552
-0.350295
0.311941
-0.372503
-0.113999
-0.172334
0.0565622
0.195977
0.260488
-0.154877
0.332764
-0.667441
-0.665296
-0.372586
-0.0071649
-0.207948
-0.49311
-0.0500632
-0.468425
0.0441437
-0.0803895
-0.28585
0.0767069
-0.150038
0.550288
-0.312636
-0.270943
-0.1314
0.0951299
0.298836
0.295335
-0.429322
-0.190905
0.29521
-0.523247
0.48957
-0.4407
0.385859
-0.820419
-0.213708
-0.32988
-0.341503
0.201333
0.178306
-0.444353
-0.1148
0.344164
0.363746
-0.147124
0.0330824
0.071018
0.121328
0.018657
0.191282
-0.127449
-0.672226
-0.0492463
0.167971
0.265015
0.194543
-0.39246
0.278238
0.398113
0.00835544
0.565599
-0.026651
0.0229737
-0.184211
-0.152886
0.162376
-0.0341801
-0.424828
0.271772
-0.218203
-0.322152
-0.420301
0.0391109
0.308619
0.329671
0.191901
-0.0375604
-0.931892
-0.525613
0.28325
-0.605586
-0.130191
-0.304323
0.0965001
-0.456183
0.445258
-0.204932
-0.113852
-0.453813
-0.458718
-0.141755
0.40135
0.134243
0.282911
0.362895
-0.424145
-0.393977
-0.387767
0.18317
-0.438648
0.176921
0.332038
-0.0445745
-0.454182
0.432355
0.0445818
0.358837
0.228161
0.079551
0.26952
-0.427437
0.0292176
0.340994
0.317408
0.475649
0.185276
0.437583
0.184342
0.0802041
-0.0532433
-0.208058
-0.0269069
-0.272144
0.0152859
-0.443834
-0.144565
-0.244502
-0.0504904
-0.385859
0.207481
0.251258
0.00706912
0.461387
0.354192
0.014169
-0.455832
-0.268413
-0.207409
0.446854
0.470269
-0.15028
-0.409261
0.239127
0.341859
0.695366
-0.372962
0.208968
0.238957
0.96478
0.259373
0.839472
-0.535302
-0.624915
-0.76462
0.430938
0.00364134
0.711357
-0.0286415
-0.416141
0.167391
0.105354
-0.681249
0.28322
0.447161
-0.228453
-0.117576
