#input normalization
0.161105 0.275353
76.513 78.8357
8.63927 36.1009
7.42198 30.9787
0.0104291 0.0445799
0.00822675 0.0347488
0.564818 1.48093
0.795869 1.50863
1.10038 1.73119
1.41277 1.97868
1.75552 2.22052
2.08751 2.45795
2.40622 2.68133
2.72523 2.88225
3.03084 3.05648
3.31412 3.186
3.58281 3.27987
3.83858 3.35045
4.07283 3.38738
4.2536 3.37307
4.41487 3.3303
4.55369 3.25422
4.6588 3.16101
4.72377 3.04432
4.77386 2.90532
4.76856 2.74
4.73577 2.55593
4.68896 2.35847
4.5651 2.12719
4.43679 1.89423
4.29803 1.66325
4.14893 1.44562
3.97396 1.23507
3.79558 1.03065
3.60493 0.827961
1 -1
1 -1
#output normalization
1 0
#neurons weights
0.216894
0.000403678
-0.366705
0.428304
-0.111378
-0.182292
-0.222971
0.130211
0.177065
0.380443
0.289704
0.0152424
0.105047
-0.105731
0.305061
-0.324114
-0.319365
-0.388326
-0.0285816
0.0620898
-0.0694841
-0.162345
-0.379256
-0.274535
0.326013
0.0163343
0.15484
0.135222
0.0979104
-0.444528
-0.17558
0.00617323
-0.0349169
0.0888366
-0.378858
0.11339
-0.474874
0.0765008
-0.434367
0.0330986
0.346613
0.0126798
0.111293
0.155416
-0.120982
-0.340753
-0.19541
0.0747048
-0.0647229
0.249019
0.0528675
-0.471752
-0.0996009
0.320767
0.0459347
0.447634
0.357086
0.0936186
0.045891
-0.517771
-0.357072
-0.718871
0.212231
-0.439497
-0.502659
-0.170814
0.358808
0.0151432
0.366975
0.353382
0.380586
0.30411
0.13414
-0.138131
-0.194512
-0.0572282
0.260535
0.46559
-0.475015
0.208244
-0.0277377
0.346993
0.501858
-0.0340416
-0.220152
-0.293793
-0.337514
0.756861
-0.130037
-0.309333
-0.0602853
0.320656
-0.148263
-0.165557
-0.435805
0.0808505
-0.517223
0.332731
0.319477
0.15031
0.215932
0.416128
0.40614
-0.0253019
0.0128921
-0.245257
0.0708211
0.161246
-0.660807
0.279126
-0.048171
-0.20264
0.461416
#synapses weights
0.483561
-0.0165528
0.115183
-0.226525
0.0690362
0.0982419
-0.583745
0.248253
-0.0986243
0.253586
0.170122
-0.318289
0.272859
-0.233692
-0.359542
0.163236
0.243621
-0.0326489
-0.242351
0.00986817
-0.148948
-0.410951
-0.169718
0.45432
-0.216533
0.0424816
-0.222024
0.168585
-0.326832
0.252459
-0.0757483
-0.124435
-0.0317187
0.054217
-0.386537
-0.300157
-0.458627
-0.253743
-0.219769
0.180177
0.401457
-0.368056
0.442329
0.521033
0.15572
0.157496
0.376069
-0.357476
0.025199
-0.23266
0.285806
0.0616761
-0.0183835
-0.0222535
0.0366218
0.316659
0.0172272
0.121846
-0.516591
-0.10126
0.250492
-0.353404
0.374369
0.232312
-0.0896044
0.251233
-0.135468
-0.0660299
0.333632
-0.281604
0.0300117
-0.327727
0.416223
0.166411
-0.309046
0.42944
0.251164
-0.192318
0.141154
-0.49106
-0.730308
-0.304652
-0.343446
0.0127627
0.321613
0.342217
0.0248164
-0.463345
0.0477688
0.191869
-0.424281
0.057216
0.0124592
-0.191635
-0.273796
-0.0900121
0.426933
0.156469
-0.403307
0.134776
-0.0809482
0.267388
0.0750837
-0.255981
0.305681
0.356054
0.337139
0.298587
-0.47752
0.310745
-0.386888
-0.0686347
0.33197
0.270779
-0.101632
-0.210541
0.39465
1.98236
-0.113171
-0.126984
-0.0374965
0.116586
-0.136765
0.111343
0.142012
-0.0948965
0.217972
0.0429248
-0.0265261
-0.198891
0.0269668
-0.0897321
0.143615
-0.325611
0.333894
-0.30537
0.112726
0.114859
0.178604
0.00452063
-0.37576
-0.0989897
0.0159271
-0.298292
0.0981125
-0.0808709
0.00125426
-0.0213862
0.137893
0.344971
-0.271225
0.186077
0.302488
-0.46753
-0.00178755
0.36913
-0.0126773
-0.00905497
-0.394599
-0.0640197
0.0756413
0.310908
-0.262768
0.0239008
-0.128553
-0.472451
0.151816
0.244723
-0.228305
0.14189
0.3341
-0.0695083
-0.487018
0.41321
0.280901
0.0694484
0.418355
0.279755
0.154512
0.345226
0.00205619
-0.0611638
0.0522866
0.372738
-0.281782
-0.485353
0.287137
-0.319178
-0.120872
0.382311
0.129466
2.17107
0.139689
-0.028366
-0.0448948
-0.324553
-0.0313349
0.123474
-0.174911
0.0660384
0.0830497
0.426341
-0.269645
-0.156794
-0.0725521
0.27844
0.0673183
0.334931
-0.227313
-0.246952
0.196844
-0.0776761
-0.135523
-0.121532
0.0638041
-0.174141
0.0287087
0.298033
-0.325642
0.111463
-0.307251
0.145077
0.286263
-0.254695
0.379142
0.133064
0.0533234
0.205653
-0.987758
-0.230735
0.180211
0.330762
-0.399281
-0.293578
-0.206744
-0.0139414
0.121754
0.112754
0.427695
-0.342095
-0.385131
-0.407655
-0.109309
0.19021
0.372062
0.491548
0.385309
-0.0331767
-0.256312
-0.374106
-0.170754
-0.164283
0.00495685
0.0181363
0.00796923
-0.0416962
-0.224442
-0.0917022
0.0158242
-0.0684029
-0.102397
-0.0494528
-0.300455
-0.123921
-0.288501
1.36193
-0.295166
0.26529
0.158442
0.0109032
0.111213
-0.1916
-0.1354
-0.218864
0.239532
0.243669
-0.445279
-0.124088
0.302305
-0.300263
-0.0442054
-0.300458
0.200008
0.0672536
-0.274573
0.345207
-0.368853
-0.0417196
0.413403
-0.16106
0.0195428
-0.0889624
0.235951
-0.269855
-0.396734
-0.194169
0.291111
-0.0234921
0.4643
-0.239119
-0.0878601
0.421016
0.0627866
0.546111
0.4779
0.279731
0.421577
0.520262
-0.22739
-0.26277
0.339765
0.425595
0.431585
0.0010233
0.379539
-0.0558477
0.2767
-0.432661
-0.41864
-0.223363
-0.469372
-0.0150233
0.0906742
-0.434267
-0.22273
0.0718247
-0.121541
0.212522
-0.374557
0.168226
-0.066776
-0.00725468
0.190836
-0.024766
-0.30176
-0.501247
-0.096377
-0.307756
0.376785
-0.11895
0.139186
0.153514
-0.563898
-0.0162995
0.0457514
-0.240051
0.372123
-0.264234
0.178878
0.333008
-0.212436
0.246482
-0.176076
-0.0172413
-0.374843
0.322074
-0.233695
0.0455515
0.389796
-0.33618
0.0255436
-0.337585
0.321707
0.357322
-0.365949
-0.406486
-0.388033
0.510356
-0.254533
-0.111502
0.232394
0.29593
-0.0595447
0.420545
-0.32842
0.205919
0.532584
0.0432069
0.371947
-0.232566
-0.315117
0.195389
-0.0390427
-0.40314
0.270735
-0.333184
-0.102939
-0.00509233
-0.291504
0.4443
-0.0211098
-0.145111
-0.143848
0.306674
-0.195806
0.0868895
-0.251702
0.135866
0.301826
0.377535
0.23365
0.355216
-0.330634
0.0413863
0.126445
-0.33976
0.40245
0.238107
-0.392996
-0.000566586
0.178788
-0.092203
0.390566
-0.790788
0.423328
-0.0208824
-0.0982341
0.263907
-0.290969
0.329421
0.242119
-0.385629
0.11999
-0.221283
-0.294894
-0.0556417
0.464095
-0.0250856
0.140147
-0.155813
0.121161
-0.320031
-0.321196
-0.0938526
0.426488
0.0810552
-0.201708
0.161479
0.285756
0.396253
-0.0502516
-0.172503
0.274504
-0.361809
-0.516776
0.214537
0.245827
0.0453901
-0.168755
0.141374
-2.13986
-0.33016
-0.27002
0.241704
-0.0924296
0.095478
-0.111949
-0.112945
-0.333674
0.438033
0.230561
-0.432814
0.35965
-0.0866193
0.271601
0.0427608
0.126073
-0.0609061
0.217483
-0.40397
0.461645
0.0441824
-0.0400323
0.471114
-0.409067
0.501616
-0.22574
-0.123992
0.207274
-0.357599
0.318818
-0.0224576
0.34818
0.118182
-0.162133
-0.0100393
0.00165296
0.344121
-0.341884
-0.222505
0.0736027
-0.423116
-0.10574
0.287705
0.196041
0.00376375
0.315091
-0.36283
-0.151433
0.338413
0.0424215
0.398843
0.0360756
0.110335
-0.260244
0.285999
-0.309528
0.483094
0.19864
-0.405144
0.0512259
0.00691701
0.225363
-0.341988
-0.118298
0.0749211
-0.391183
-0.0834568
-0.0428739
0.290288
-0.0581573
0.395079
-0.11136
-0.0758571
-0.640279
-0.255042
0.178335
-0.162
-0.0807785
0.202133
0.187598
0.350796
-0.440696
0.00854148
-0.0308429
0.366342
0.0518624
0.0289509
0.459153
-0.013608
-0.228086
0.0251196
0.170962
-0.0224455
0.256832
0.130604
0.27986
-0.342274
-0.406728
-0.0793226
0.373022
0.153902
0.163126
0.440721
-0.00574087
-0.223356
0.340486
0.312706
-0.0456864
-0.153517
0.332179
-0.0929122
-0.325487
0.403311
-0.105145
0.337237
0.0740647
0.414497
-0.278327
0.241274
-0.193764
-0.0946524
-0.375948
-0.300995
0.141376
0.271716
-0.287342
0.202361
0.449943
0.276514
-0.0504511
0.394823
0.462715
-0.34132
0.363874
0.152092
0.0526339
-0.4944
-0.143386
-0.190639
0.161258
-0.0330205
0.547503
0.362749
0.335042
0.0554278
-0.270669
-0.310314
2.88243
0.225994
-0.0188474
0.0888616
0.124043
-0.0377069
-0.00664362
0.0681252
0.165393
0.207972
0.0471007
-0.141827
-0.0292288
0.19984
-0.194314
0.0588286
-0.179279
-0.156964
-0.0495281
0.124412
0.364087
-0.0358751
-0.28353
0.112075
-0.245963
-0.273615
-0.0126469
0.375636
-0.139557
-0.0265672
0.0459505
0.285953
0.0278039
0.169527
-0.326519
0.370259
0.180182
-0.0765405
-0.371827
0.14667
0.134475
-0.32934
0.428203
-0.418691
-0.103274
-0.297449
0.0153882
-0.23354
-0.0826584
-0.4154
-0.23083
-0.40672
-0.43349
-0.377731
0.429186
-0.294971
0.0210085
0.264447
-0.365967
-0.301315
-0.0261907
-0.424066
-0.39611
-0.133812
-0.123627
-0.253676
0.114669
0.246986
-0.0637038
0.28798
0.35039
-0.337377
-0.45729
-0.300823
0.706265
0.168404
0.0861716
0.289144
0.239526
-0.0394473
-0.293193
-0.219288
0.416783
-0.359065
0.140809
-0.0496928
-0.274648
-0.32331
-0.184125
0.312288
-0.540227
-0.288651
0.14388
0.273299
-0.0560186
-0.23273
-0.331185
-0.212661
0.168781
-0.446759
-0.283968
0.345457
-0.399495
-0.240898
-0.243726
-0.259077
0.107516
0.301218
-0.236955
0.3602
0.467713
0.0850136
-0.373024
-0.0864588
-0.111298
-0.152583
-0.0582061
-0.232451
-0.0549849
0.13362
-0.192017
-0.482194
-0.347373
0.169522
-0.0987379
0.439709
0.416629
0.496686
0.450904
-0.0845237
-0.0810357
-0.288736
-0.0627767
0.0193616
0.284635
-0.46152
-0.0329526
0.425599
-0.255778
0.246235
0.213374
0.440646
-0.0750292
0.534517
-0.355724
0.105446
-0.319364
-0.358574
-0.0743734
-0.134058
-0.109198
-0.0053159
-0.359909
0.0483503
0.185306
0.291832
-0.213081
-0.0396818
-0.25289
0.268241
-0.36198
-0.394898
-0.190852
0.147735
0.0869672
-0.324139
0.0974968
0.052319
-0.0433291
-0.179373
-0.155827
0.498305
0.399998
0.0851553
-0.00654195
0.192635
-0.127804
-0.323442
0.454339
0.208598
-0.192535
0.251126
0.051394
0.038261
-0.142928
1.20008
0.0550987
-0.330137
0.370341
0.0124598
0.457842
-0.130251
0.0226723
0.237718
-0.297357
0.233857
-0.466588
-0.268098
-0.371756
-0.481256
0.0203697
0.20176
-0.402401
0.131034
0.388803
0.319087
0.209854
-0.111121
0.233804
0.359962
0.149591
-0.317062
0.149819
0.0710173
-0.06115
-0.153374
0.0787571
0.103478
-0.14649
0.230915
-0.0356561
0.232907
-2.18715
-0.293738
-0.204269
0.0916054
0.078676
-0.000235118
-0.0325106
-0.0210074
-0.409841
0.153478
0.031972
-0.0438086
-0.351992
0.116653
0.316097
-0.0349227
0.0144667
-0.159753
-0.279127
-0.299157
0.382861
0.37158
-0.149445
0.169296
0.187653
-0.064651
0.245805
0.0616014
-0.250155
-0.465255
0.129906
0.23723
0.199743
0.101564
-0.0221084
0.340613
-0.231138
-1.07157
-0.142245
-0.440583
0.195668
-0.0699606
-0.329264
-0.231363
-0.27364
0.206392
-0.268342
0.16593
-0.427052
0.256951
0.408838
0.30289
-0.0110279
-0.167516
0.343627
0.422635
0.321404
-0.147496
0.309479
-0.449898
0.162597
-0.0937723
0.00470628
-0.320048
-0.0274345
-0.159067
0.382844
-0.114587
-0.240848
-0.00140777
-0.170656
0.0431546
0.123029
-0.142904
-1.61971
0.265423
-0.157038
-0.163517
0.127542
-0.472179
0.119595
0.130396
0.218525
0.196151
0.172142
-0.37813
-0.504866
0.218345
-0.198721
0.432728
0.100171
-0.438112
-0.15068
0.266223
0.0971099
0.166882
-0.361737
-0.0594252
-0.18525
0.539927
-0.213338
0.25873
-0.221739
-0.401939
-0.236397
0.365918
0.443859
-0.0803782
0.0182467
-0.00412791
-0.0550404
1.66993
0.0850245
-0.163268
0.120391
-0.344981
0.200724
-0.143057
-0.111862
-0.149079
0.270374
-0.332414
-0.305136
-0.0429261
0.260341
0.330089
-0.397882
0.105443
0.484938
0.0146753
-0.229369
-0.300495
0.319314
-0.163835
-0.182485
-0.0225955
0.25379
-0.145276
0.151059
0.0421491
-0.242437
-0.350658
-0.0492357
-0.23399
0.497778
0.105175
-0.404487
0.0815427
0.164207
-0.0991784
0.138514
-0.356682
0.161876
-0.259346
0.449048
-0.0812187
0.133681
-0.180636
-0.317975
0.334496
-0.317998
-0.181945
-0.29154
-0.280299
-0.328202
-0.00461734
-0.0152021
-0.0615528
-0.464231
0.403014
0.405111
0.112567
-0.194445
0.295296
-0.345896
-0.110808
-0.0608741
0.0553144
-0.210003
-0.288287
0.117085
-0.023423
0.313171
-0.395552
0.129625
1.46528
0.131781
-0.0932776
-0.108408
-0.11748
-0.371773
0.212488
-0.17967
0.163155
0.304142
-0.0366682
-0.129472
-0.25523
-0.240231
0.285915
-0.423695
0.308931
0.337863
-0.310889
0.434595
-0.0577873
-0.227718
0.244871
-0.434732
0.0131396
0.0344885
0.139666
-0.332207
0.0952419
0.498398
-0.315343
0.222139
-0.2649
0.139714
0.220024
-0.122364
0.200291
1.61212
0.160347
-0.354972
0.165465
0.394645
-0.0492683
0.424752
-0.315786
-0.258939
0.073771
0.17693
0.293304
-0.133353
0.139419
0.188682
-0.1657
0.322343
-0.151541
-0.383002
-0.262487
-0.470741
0.108861
0.18431
0.350654
-0.445754
-0.143318
0.489372
0.300047
0.0306595
0.419792
-0.378741
0.293183
0.433984
0.2634
-0.336954
0.0148638
0.450694
1.00923
0.0415157
-0.291579
-0.00977842
-0.108926
-0.130251
0.066095
0.158187
-0.110316
0.252226
-0.476522
-0.0414522
-0.179366
0.137126
0.188331
0.1907
0.133929
-0.0418463
0.480093
-0.309241
0.101325
0.312075
-0.358063
0.0925434
-0.355988
0.115922
0.22904
-0.432506
-0.389424
0.384886
-0.448403
0.0217569
0.158877
-0.121631
0.0802165
-0.0381983
-0.255914
0.128507
-0.234389
-0.456782
0.244949
0.251747
0.428228
-0.323789
-0.487756
-0.254207
0.140425
-0.0581612
0.111207
0.2014
-0.150407
-0.303627
-0.146154
0.145683
-0.252317
0.109276
-0.385417
-0.523211
-0.174427
0.393043
-0.385445
-0.127104
0.136744
0.120482
-0.261544
-0.442971
0.256631
0.452483
-0.1655
0.38088
-0.460793
-0.163741
0.180705
0.127334
-0.590701
-0.0692936
0.310524
0.2512
0.368456
0.299189
-0.359658
0.302581
0.318783
0.335442
0.32259
-0.307202
-0.449944
0.313097
0.421613
-0.234174
-0.344756
0.266044
-0.0378395
0.519452
-0.148069
-0.419978
-0.382599
-0.255773
-0.161582
0.265508
0.03903
-0.41222
0.095743
-0.418913
-0.0732004
0.0789651
0.0831246
0.237577
-0.553482
-0.128413
-0.00566221
-0.404597
-0.0156761
0.00747817
-0.382313
-0.518226
0.216683
-0.338369
-0.350985
0.282688
-0.0740602
0.0154997
0.224707
-0.434176
0.25831
0.497862
-0.295913
0.277609
0.000517312
0.293887
0.346741
0.0503603
0.374032
-0.339536
-0.0475944
-0.439075
-0.531944
0.243738
-0.149182
-0.29715
0.494853
0.245898
0.47063
-0.222389
0.15353
-0.126631
0.326479
-0.0504409
1.18524
-0.0464381
0.148919
-0.118073
0.295074
-0.197455
-0.153422
0.259228
0.0362598
-0.278202
0.537724
0.424027
0.2365
-0.300354
-0.0771409
0.088311
-0.344552
0.055182
-0.162193
-0.296481
0.216326
0.177041
-0.0505552
-0.279841
-0.0207361
0.291789
-0.241683
0.14939
-0.159073
-0.334567
-0.168929
-0.399597
0.468942
-0.197531
-0.168408
0.149499
0.196499
-0.714745
-0.370919
0.2809
0.162051
-0.00611684
0.203098
0.275111
0.039483
-0.0250923
-0.383083
-0.307149
-0.273121
-0.118479
-0.266261
-0.27031
-0.043785
-0.266782
0.530112
-0.384475
0.364068
-0.105223
0.146575
-0.0471327
-0.436881
0.415888
-0.339909
0.269793
-0.0893877
0.0824741
0.0371908
-0.2119
-0.383615
-0.298253
-0.210832
0.199441
-0.0889781
0.31915
-1.0562
0.0299609
-0.382159
0.0436037
-0.0763409
0.0469186
0.293277
-0.316145
0.300798
0.270773
-0.458432
0.0894263
-0.11845
0.333277
-0.022651
-0.349558
0.0560361
0.217906
-0.15205
0.131761
0.444736
-0.266634
-0.0610591
0.137795
-0.326728
-0.0299623
-0.497781
-0.0508241
0.0735446
0.383734
-0.480405
-0.261793
0.109625
-0.181775
0.22449
-0.48755
0.236142
-0.546981
-0.230914
0.248644
0.00251147
-0.363453
-0.0345516
0.28522
0.0679024
0.423977
0.272434
0.111396
-0.314054
0.176911
-0.24613
-0.16366
-0.093254
-0.11143
0.0243632
-0.0542047
0.414086
-0.159455
0.0294211
-0.371205
0.16473
-0.247393
0.115044
-0.115163
0.228809
0.0919204
-0.0849801
-0.0222316
-0.316252
-0.312318
-0.0629847
0.250961
0.405977
0.244414
-0.212484
0.019337
0.09973
0.435958
0.387984
0.489825
0.361108
-0.0676822
0.175879
-0.32197
0.402051
0.277278
-0.197449
0.382874
-0.359699
0.349076
0.196808
-0.257221
0.277524
0.0101181
-0.129664
0.416362
0.109966
-0.277104
-0.419541
0.22707
0.268327
-0.379542
0.0848393
0.385218
-0.414567
0.440006
-0.184745
-0.313196
0.0850564
-0.129374
0.0490739
0.22148
0.0485228
0.0689981
-0.403206
0.304245
-0.16056
0.30247
0.190419
0.139767
-0.28869
0.0131703
0.420306
-0.518047
-0.354842
0.402838
-0.0238221
0.18356
0.240365
-0.495467
0.225485
-0.396002
0.0634821
0.254778
0.324191
0.123522
0.27577
-0.250633
0.267648
-0.493696
0.297089
0.128557
-0.157363
0.290264
0.0635507
-0.107338
-0.200767
-0.200706
-0.213342
-0.015427
0.00576695
0.361108
-0.519515
0.235575
0.211617
-0.280681
-0.0944047
-0.0688248
-0.210745
-0.363764
-0.419486
0.350444
0.382897
-0.236208
-0.14474
0.271707
-0.524151
0.153036
0.437512
-0.0798284
0.237742
-0.0615363
-0.18842
-0.218724
0.198535
0.0400322
-0.401556
-0.45164
-0.348989
-0.152383
-0.252691
0.30808
0.374422
0.027875
-0.317148
0.462445
0.139
0.496154
0.362407
-0.336097
0.504396
-0.159139
-0.398892
-0.0818775
0.4397
-0.2024
-0.361243
0.013023
-0.334103
0.0220933
0.174874
0.227457
0.315854
-0.156043
-0.168925
-0.186398
0.47239
0.361429
-0.0451227
-0.016703
-0.449465
0.0315726
0.250906
-0.230393
-0.411131
-0.130253
-0.0541337
0.429743
0.075622
0.0732648
-0.30566
-0.35421
0.464593
-0.261901
-0.25881
-0.239359
0.334151
0.295683
-0.0232122
-0.266004
0.444181
-0.188794
-0.0408111
0.14491
-0.417187
0.367768
-0.423282
0.355829
-0.341603
0.116066
-0.150795
-0.149362
0.032128
0.0597106
-0.406279
0.089059
0.27741
-0.449564
-0.188118
-0.382886
-0.337776
-0.186131
0.325241
-0.481549
-0.384917
0.272219
-0.0972863
-0.420827
0.421911
-0.436439
0.512587
0.0870186
-0.222697
0.00565018
0.598287
-0.260062
-0.162235
-0.18505
-0.284211
-0.371923
-0.086451
0.457525
-0.00153998
-0.126806
-0.173324
0.328952
0.590608
0.109518
0.47241
-0.23369
0.0244645
0.0381417
0.297204
0.470526
0.176175
0.615189
0.501301
0.0593022
0.402837
0.479049
-0.0217389
0.310108
-0.342492
0.229509
-0.228889
0.284179
0.36226
0.354707
-0.199201
-0.449679
0.330837
0.489235
0.432864
0.0190998
0.354966
0.346896
-0.449368
0.197713
0.462212
0.346475
0.0628055
0.530779
-0.176705
0.368299
0.48924
0.226826
-0.377692
0.307012
-0.289768
0.0806247
0.274567
0.462479
0.160919
0.410085
-0.222861
-0.316521
0.284747
0.181609
0.188297
-0.203838
0.404932
0.329687
0.458339
0.0156664
-0.230597
0.527114
0.14049
0.163296
-0.230599
0.375475
0.218939
-0.422264
-0.0720543
0.415233
-0.418124
0.233275
0.142799
-0.422125
-0.132699
-0.353466
-0.0447356
0.248668
-0.184382
0.443651
-0.243491
-0.388556
0.0668802
0.072031
0.324837
-0.131877
-0.326107
-0.275754
-0.178003
0.157956
0.109921
0.094336
0.431394
0.246426
0.423029
-0.429587
0.474151
-0.130998
-0.00796532
0.265028
0.282877
0.0728445
0.45
0.360904
-0.172841
-0.120322
-0.00601438
-0.383249
0.107685
-0.438611
0.504833
-0.158139
0.333655
0.0306616
0.296746
-0.458666
-0.360247
0.274613
-0.448525
-0.499621
0.0582912
-0.525427
-0.0804454
-0.368007
0.124497
0.377819
-0.220126
-0.136278
-0.0506525
0.217586
0.0742442
0.0556375
0.447845
0.240315
-0.202403
-0.4996
0.343255
0.33234
0.333584
-0.0583708
-0.00566238
-0.0251407
0.473285
-0.0448695
0.411385
0.162091
0.149955
-0.246261
-0.129363
-0.139061
-0.313792
0.216824
0.324619
0.121748
-0.174993
0.19512
-0.294773
0.336945
0.15856
-0.235936
-0.2764
0.135132
0.0398123
0.248213
0.0800499
0.0451312
0.0588656
0.0675279
0.415576
0.389773
-0.149154
0.141075
0.393242
-0.390261
0.438417
0.176644
0.245154
-0.339083
-0.327647
0.436235
-0.119631
-0.0924947
-0.436817
0.252283
0.256471
0.362596
0.112083
0.172368
-0.358759
0.0664967
0.345266
0.522813
0.332013
-0.291356
-0.446749
0.647624
0.479429
0.130255
-0.331243
-0.164018
0.253103
0.321806
-0.0445103
-0.08482
0.00639206
-0.0524866
-0.343261
-0.258526
0.218482
-0.250522
0.0981153
-0.212027
0.0971111
0.266944
0.545628
0.387585
0.536893
-0.142904
-0.00184367
-0.165788
0.00980451
0.352344
0.220794
-0.111855
0.468646
0.113793
0.0651874
0.413752
-0.343121
0.566999
0.643803
0.445262
-0.0634221
-0.481364
0.513493
-0.240779
-0.0837746
-0.327339
0.293133
-0.0284459
0.0732513
0.171976
0.104841
-0.0529801
0.51938
0.226674
0.0235996
-0.372878
0.0608217
-0.366399
0.177493
-0.383633
0.497394
-0.313408
-0.388121
-0.395737
-0.255123
-0.0618099
0.339852
0.112625
0.115971
-0.113734
-0.422107
-0.308063
-0.112446
0.495876
0.006146
0.0964407
0.36047
-0.422195
0.357409
0.368039
0.440389
0.328332
-0.164513
0.0155805
-0.0210459
0.41257
-0.181825
0.0561222
0.422195
0.172222
0.0961481
-0.116665
-0.403401
-0.270462
0.226227
0.234898
0.620239
-0.0273895
0.839107
-0.157135
0.721981
0.169424
0.467897
0.113879
0.0641615
0.492737
0.158757
-0.228479
0.303298
0.638592
-0.0739992
0.582824
0.531023
-0.242728
0.0781929
-0.346503
0.531052
-0.0126453
0.114128
-0.453064
0.698312
-0.0668915
0.268637
-0.174581
0.480332
0.0946638
-0.257286
-0.210912
-0.0497635
-0.272005
-0.0948834
-0.224114
-0.0341208
-0.176247
-0.304268
-0.059551
0.132781
0.151576
-0.329188
-0.355285
0.266688
0.0282369
0.146322
0.241859
-0.190263
0.122869
-0.34684
0.316387
0.0637768
0.308254
-0.3529
0.0312534
0.393292
-0.334474
0.453735
-0.0151361
0.0721435
-0.0166173
-0.464903
-0.323813
0.477056
-0.441909
-0.212079
-0.14159
-0.0542038
-0.373252
-0.159143
-0.216537
-0.105713
-0.378087
-0.456437
0.454407
0.342522
-0.22387
0.481614
-0.166366
0.414921
0.452708
0.423107
0.362295
-0.180396
0.185003
0.14206
-0.471684
-0.0690446
0.193107
-0.132943
0.271826
-0.300938
0.339451
0.20795
-0.0359837
-0.165202
0.143483
0.476749
0.154463
-0.0844442
-0.434006
0.0402168
0.038893
0.480357
0.20729
-0.191476
-0.200232
0.322489
-0.484919
-0.215306
0.39896
0.362925
-0.21476
0.211296
-0.27622
0.065986
0.0719797
-0.420341
-0.0704552
-0.282902
-0.410247
0.399304
-0.0698252
-0.144281
0.236533
-0.21744
0.384948
0.261923
-0.221384
0.138222
0.434647
-0.139479
-0.474192
-0.188791
0.402305
-0.0883039
0.120814
-0.0842976
0.456978
-0.301872
-0.24084
0.0310391
-0.128606
-0.199488
0.102577
-0.447159
0.0885533
0.130681
0.130303
-0.238191
-0.310119
0.0187369
-0.380823
0.984054
-0.168223
0.643543
-0.177555
0.501984
-0.00761788
-0.317465
0.289497
-0.57477
-0.629916
0.036826
-0.424838
-0.0502049
1.06792
0.168385
0.345375
-0.112703
-0.0578953
0.52659
-0.823873
-0.629771
-1.01627
0.855586
0.431918
0.819216
0.403288
0.551728
-0.133108
-0.584646
-0.079943
0.371231
-0.461817
-0.438649
-0.469718
-0.0600926
0.0989131
0.398142
0.268438
-0.180449
0.218096
0.255081
-0.242933
0.0540595
0.152802
-0.292548
0.0790281
0.0226552
-0.0716066
0.283534
-0.363672
0.0581293
-0.00490195
0.30812
-0.383612
-0.228531
0.427624
0.244203
0.0887767
0.201372
-0.373289
0.142325
-0.138214
0.274053
0.0677794
0.407496
-0.190146
0.363058
-0.0960945
0.2626
-0.361457
0.101088
0.315367
-0.389321
-0.250972
0.238569
-0.209613
-0.114137
-0.116756
-0.428878
0.472322
0.295909
-0.272208
-0.353667
-0.413515
0.319013
-0.445475
-0.134181
0.0356569
-0.182949
0.0775999
0.401844
-0.0985355
0.0274353
0.342541
-0.355074
-0.444343
-0.0736281
-0.0470884
0.255149
0.35239
-0.409693
-0.411534
0.440819
-0.245295
-0.373927
-0.435873
0.408898
0.368801
0.304722
-0.0183273
-0.120474
0.49278
-0.027327
-0.0721454
-0.10155
0.117889
-0.24997
0.353241
-0.43945
-0.230118
0.109281
0.30672
-0.407607
0.0877803
-0.305392
0.111824
0.157762
-0.555999
-0.30797
-0.202349
-0.441377
-0.0430802
0.47398
-0.0158468
-0.371952
-0.101741
0.0637062
-0.0364997
-0.152533
-0.490276
-0.169015
-0.415653
0.4255
0.341319
-0.131931
-0.221575
0.0701051
-0.129338
-0.0538976
-0.0896091
0.429285
-0.109222
-0.297889
0.410193
-0.0595008
0.359698
0.557376
-0.21804
0.346745
-0.237907
0.268323
0.0667145
-0.0487686
-0.0979227
0.147265
-0.0214487
0.0863911
0.614977
-0.414264
0.438914
0.0710566
0.355052
0.32069
-0.494079
0.156283
-0.111726
0.133757
-0.143844
0.336553
-0.0635828
0.0091995
0.412023
0.380357
-0.345237
0.160205
-0.00408768
-0.170603
-0.341189
-0.0339396
0.16243
0.485473
-0.543828
0.420949
-0.409538
0.468651
-0.248438
-0.254681
-0.26873
0.0246709
-0.662759
0.0902143
-0.0985759
0.248726
-0.462327
0.30232
-0.00661868
0.197715
0.194461
0.10556
0.15223
-0.507369
-0.2783
0.357679
-0.274749
0.534577
-0.283305
0.176938
-0.444443
-0.318767
-0.145199
0.590258
0.0543549
-0.163182
-0.258447
-0.085505
-0.240693
-0.119435
-0.0584111
-0.653618
-0.146036
-0.062783
0.176833
-0.415332
-0.307388
-0.341799
-0.101573
0.373574
-0.560196
0.349151
-0.154429
-0.395558
-0.532284
-0.426792
-0.28287
0.382377
0.187758
-0.174294
-0.296948
0.148668
-0.216224
0.0616522
0.0255786
-0.300338
-0.244492
-0.505805
-0.423434
-0.390469
0.0682418
0.314142
0.442485
0.000819605
0.232368
-0.218587
0.314257
-0.0554662
-0.0736532
-0.0475198
-0.233094
-0.160962
-0.00645942
-0.330869
0.497033
0.3772
0.336458
-0.0443552
-0.124011
-0.43262
-0.227485
-0.192114
-0.164561
-0.25631
0.206295
-0.285183
-0.104292
0.0542137
-0.24672
0.190927
-0.163114
0.317198
-0.157995
0.382185
0.15285
0.144896
-0.453412
0.163214
0.519503
0.311936
-0.109056
-0.444466
0.377593
-0.022887
0.188137
-0.268673
0.45425
0.33433
0.187664
0.348943
-0.0975958
-0.140366
0.360592
0.0192192
0.115416
-0.431531
-0.263557
-0.114106
0.483463
-0.321521
-0.225754
0.108634
-0.33106
-0.510839
0.385007
-0.00949257
0.368399
0.460504
0.408343
0.206111
0.475735
0.593781
0.448132
0.441231
0.0121519
-0.26575
-0.347722
0.518002
-0.107858
0.305892
-0.382618
0.0258438
-0.224497
-0.0679574
-0.391309
-0.611622
-0.471508
0.0983703
0.320078
-0.43072
0.261632
-0.303754
-0.122247
-0.4562
0.247188
-0.0754615
-0.246408
0.0736993
-0.709294
-0.051302
0.378326
-0.324139
-0.200121
-0.347453
0.183538
-0.273769
0.227756
-0.446261
0.00372347
-0.232383
-0.478528
0.104612
-0.179135
-0.137357
-0.206771
-0.0516464
-0.416627
-0.500255
-0.109377
0.22606
-0.376681
-0.531643
0.300932
-0.0537535
-0.185898
-0.135071
0.210356
0.326396
-0.554044
-0.254189
0.212607
-0.233496
-0.14095
0.15206
0.290512
-0.357781
0.373164
-0.445631
-0.261322
-0.255658
0.0810122
-0.425186
-0.279722
-0.402713
-0.0724757
-0.444481
-0.238446
0.268214
0.327584
0.345996
0.0818024
-0.413816
0.299104
-0.0508872
-0.214175
-0.0996854
0.385768
-0.0752603
0.214256
0.239293
0.340075
-0.199968
-0.334298
0.386094
-0.157266
0.152267
-0.404109
0.160532
-0.119883
0.303613
0.222227
-0.35987
0.417373
0.21772
0.27067
0.299438
0.0687042
0.145114
-0.158615
-0.141893
-0.241541
-0.204414
-0.161781
-0.00326495
-0.316718
-0.152794
0.464275
-0.32915
0.286736
0.457502
-0.0942102
0.113437
0.147648
-0.138311
0.0720264
-0.278093
-0.0742691
-0.00190115
-0.320636
-0.0412357
0.0411927
-0.378269
0.163907
0.525903
-0.085407
-0.413182
0.139321
-0.541609
-0.129261
0.384991
-0.001512
0.165335
-0.32651
0.250076
0.46548
0.122515
-0.53489
0.0742302
-0.525927
-0.153839
-0.245499
0.570696
0.0407093
0.459193
0.54626
-0.0574088
-0.0273821
-0.416032
-0.412292
0.0798622
0.0314903
-0.159041
-0.12816
0.201071
0.0638196
0.379403
-0.107188
0.221122
0.254078
-0.463217
0.160661
-0.212785
0.155246
-0.348254
0.202501
0.256535
-0.272935
-0.251198
0.0983855
-0.261374
0.0692985
-0.470432
0.43782
-0.0178379
0.384907
0.484224
0.286379
0.11898
0.342581
-0.358904
0.111771
-0.295106
-0.305501
-0.435038
-0.326333
-0.358248
-0.511267
0.113378
-0.333386
0.324341
0.43668
-0.501205
0.28887
0.353272
0.337662
0.435548
-0.359479
-0.200015
0.407875
0.387033
-0.345603
0.316354
-0.467154
-0.0028262
-0.130947
0.203603
-0.239613
0.0769304
0.450352
0.22295
0.0245016
0.140138
0.253266
-0.114734
0.151225
0.416115
0.0834672
0.101206
-0.468186
0.176132
0.279413
-0.0159312
0.28717
0.0431989
-0.221992
-0.185139
-0.243337
-0.399326
-0.0414635
0.240819
-0.149526
0.00412617
0.351594
0.0291934
0.317724
0.0567418
0.012653
0.0619941
-0.204685
-0.301299
-0.560809
0.163278
0.440806
-0.171376
0.362283
0.200967
-0.577483
0.230743
-0.369817
-0.372518
-0.215088
-0.0439991
-0.0817562
0.25186
0.14306
-0.219878
0.252826
-0.197826
-0.329512
-0.327394
-0.225792
-0.0265625
0.326218
-0.108363
-0.0432448
-0.432979
0.31602
0.146917
0.269482
-0.242397
-0.276085
0.357601
0.499362
-0.129036
-0.188429
0.476708
0.29124
-0.268779
0.275369
0.333373
-0.155882
0.264138
0.210099
-0.0491324
0.275233
0.33298
0.177299
-0.153356
-0.067827
0.397309
-0.0174329
-0.0257876
0.233124
-0.195043
-0.0486152
0.302709
-0.345024
0.389638
0.522392
0.195176
0.0331063
-0.100117
0.118514
0.1773
0.370218
0.39478
0.405706
0.378781
0.100041
-0.39386
0.0608301
-0.358178
0.198038
-0.457715
-0.155445
-0.493899
0.065879
0.451986
-0.159
0.0988326
0.123988
0.358113
-0.439177
0.0459399
-0.344237
-0.530278
-0.207711
-0.128583
-0.0811219
0.00701595
-0.430888
-0.55415
-0.0656563
-0.641247
-0.581095
-0.32946
0.327607
-0.0277858
-0.418296
-0.290864
0.270994
0.23725
-0.146183
-0.236101
0.272612
0.229911
-0.446777
-0.325105
-0.338177
-0.344526
-0.461743
0.375617
0.0285366
0.0622164
-0.153515
0.409372
-0.0160061
0.200197
0.336251
-0.402303
-0.0099215
0.231149
-0.340929
0.0914019
0.204632
0.452194
0.161076
0.0683738
-0.167024
-0.535447
-0.048372
-0.383319
-0.00294101
0.0664395
-0.288266
0.484637
-0.299797
0.258164
-0.481647
-0.298699
-0.163108
-0.261498
0.0294532
0.487644
-0.272478
-0.246111
0.270923
-0.0431708
-0.177668
-0.0881876
0.31306
0.427277
-0.196381
0.45645
-0.43905
0.0745153
-0.0708905
0.344525
0.584214
0.261002
-0.03406
-0.0886241
0.0543711
0.065262
0.0805747
0.423238
0.317015
0.285979
0.177713
0.0817357
-0.380905
-0.311129
-0.261079
0.190528
-0.107085
0.418401
0.486835
0.260539
0.421975
-0.169871
-0.188222
0.104671
-0.110584
-0.466075
-0.418193
-0.396915
0.304068
-0.186494
-0.512112
0.0154918
-0.105237
-0.243083
0.129977
0.340732
0.244773
-0.125959
-0.590195
0.066284
-0.503594
0.214523
-0.171407
0.0691341
0.0693334
0.495402
0.248927
0.19529
0.00680956
0.12701
-0.493499
0.196231
0.0466772
-0.584127
0.21223
-0.236026
-0.0858669
0.122867
0.262306
0.0780393
0.0359876
0.0344844
0.134098
-0.143455
0.0429696
-0.180345
-0.183656
0.144829
0.0676279
-0.216181
-0.0992389
0.32881
-0.163248
0.0474546
0.0605551
0.00412968
-1.43325
0.194059
-0.0523782
0.0483371
0.145065
0.445565
-0.0451366
0.0907669
0.222912
0.0632744
0.157513
0.0800998
0.355423
0.0192638
-0.0566451
0.0399128
0.113531
0.377339
0.00181804
-0.120476
0.190959
