#input normalization
0.161104 0.275352
82.8334 82.4612
8.6125 36.3426
7.41828 31.0727
0.0104801 0.044774
0.00821744 0.0347559
0.564818 1.48093
0.795869 1.50863
1.10038 1.73119
1.41277 1.97868
1.75552 2.22052
2.08751 2.45795
2.40622 2.68133
2.72523 2.88225
3.03084 3.05648
3.31412 3.186
3.58281 3.27987
3.83858 3.35045
4.07283 3.38738
4.2536 3.37307
4.41487 3.3303
4.55369 3.25422
4.6588 3.16101
4.72377 3.04432
4.77386 2.90532
4.76856 2.74
4.73577 2.55593
4.68896 2.35847
4.5651 2.12719
4.43679 1.89423
4.29803 1.66325
4.14893 1.44562
3.97396 1.23507
3.79515 1.0317
3.60256 0.83438
3.40957 0.648641
3.21656 0.474682
3.04105 0.31612
1 -1
1 -1
#output normalization
1 0
#neurons weights
-0.189251
0.153949
-0.28452
0.401311
-0.498482
0.420303
-0.0824332
-0.0666637
-0.195813
0.125849
-0.0630239
0.144519
-0.304862
-0.190711
-0.368458
-0.216566
0.0184385
0.0303465
-0.102975
-0.36371
-0.19353
-0.389974
0.0962978
0.109583
0.434947
-0.230786
0.405173
0.127014
-0.176228
-0.155503
-0.382909
-0.382234
-0.389192
-0.0996539
0.331257
-0.102103
-0.0809449
0.241451
0.200151
0.0990842
-0.0407137
0.198298
0.332473
-0.290686
0.376316
0.424051
-0.381566
-0.316481
0.4197
-0.416608
-0.129921
-0.212603
-0.356619
-0.277003
-0.304918
0.341223
0.431709
0.0387996
-0.161263
0.435958
-0.528975
0.142852
0.127241
0.308372
0.188145
-0.487768
0.375906
-0.330733
0.539907
0.237392
-0.319471
-0.147777
-0.23389
0.171582
-0.435134
0.270717
-0.617698
0.164917
-0.435492
0.188402
-0.327613
-0.153767
-0.437882
-0.107145
0.223939
-0.270498
-0.265681
0.362232
0.28109
-0.504276
-0.525119
-0.0444313
-0.293873
-0.370941
-0.291949
0.109576
-0.286507
0.114994
0.512318
0.39249
0.367952
0.428062
-0.177256
0.336032
-0.420003
-0.173295
-0.0820881
-0.0842931
0.0295865
-0.553949
0.480953
-0.413762
-0.348461
-0.542824
0.354472
0.0100923
-0.0852524
0.577363
0.188567
0.252649
0.245528
-0.315344
#synapses weights
0.338086
0.227743
-0.139862
-0.0399837
-0.133135
0.504869
-0.0631526
0.190918
0.0395435
0.245437
-0.0351406
0.291434
0.277809
-0.40755
-0.278193
0.379575
0.348376
-0.218119
0.125481
-0.0502562
0.47867
0.157643
0.0533407
0.373945
0.450993
-0.343309
0.340978
-0.290148
-0.0113691
0.320395
-0.323095
-0.314821
0.114743
-0.426616
-0.48167
-0.412111
-0.258594
-0.276403
0.0358003
-0.224186
0.107223
0.467356
-0.489935
0.0464159
0.532194
0.478844
0.277642
-0.0232396
0.202671
-0.389479
-0.208477
-0.378364
-0.137397
-0.231711
0.384059
-0.0850881
-0.11646
0.209161
-0.376581
0.315626
0.438842
0.219952
0.0861311
-0.197921
0.281109
-0.180163
0.148195
0.116384
0.338507
-0.343592
0.284053
0.0519506
0.0963273
0.164293
-0.0473323
-0.134318
-0.330554
0.164571
0.387067
-0.427131
0.41243
-0.477983
-0.193171
0.115979
-0.0611069
-0.133544
1.34986
0.0204017
-0.237568
-0.0155417
0.195006
0.020377
0.291532
-0.456408
0.0782594
0.253035
-0.321799
-0.165437
0.373723
0.263124
0.0668829
-0.0531907
0.211568
0.0803538
-0.388424
0.40745
-0.276624
-0.237132
-0.237526
-0.0898831
-0.252621
0.279506
0.0607419
0.385688
0.405338
0.0878506
-0.190694
-0.177135
-0.395023
0.397262
-0.151471
-0.281361
-0.345853
0.164797
0.297785
0.0272551
1.04555
0.114965
0.36146
-0.449409
0.115203
-0.0689959
0.449531
-0.0181982
-0.112088
-0.0918319
0.358568
0.129579
0.396131
0.178443
-0.0622029
-0.368114
0.489532
-0.108072
-0.0191066
-0.109856
-0.420238
0.216947
-0.40873
-0.340553
0.558133
0.24421
-0.0862701
-0.269866
-0.171386
0.193271
0.370324
-0.208722
0.23681
-0.21767
-0.120486
0.283105
-0.0741072
0.155719
-0.101444
-0.0118297
2.43919
0.683454
0.127537
0.0508249
0.115197
0.070082
-0.0350921
-0.281383
0.399912
0.211401
-0.105207
-0.164949
0.0372743
0.353725
-0.2852
0.322763
0.171776
-0.0851487
-0.114157
0.0235133
0.0357879
-0.228989
-0.28335
-0.0757501
0.329557
-0.272718
0.316505
0.227092
-0.273737
-0.15653
0.333502
-0.360485
-0.00365076
-0.387994
0.236938
0.480574
0.34608
0.317801
-0.11301
-0.230895
0.265531
0.223643
-0.096856
-0.254022
-0.0803662
-0.0778418
-0.206143
0.231176
0.406036
-0.26376
0.30351
0.421947
-0.225801
0.233888
0.250087
0.153173
-0.0861252
-0.323426
0.236672
-0.353847
-0.050909
0.429677
0.00909846
0.285703
-0.350594
0.0197117
0.424755
0.179647
0.175571
0.307396
0.0652761
-0.0863612
-0.396375
0.0100883
0.126444
-0.454399
-0.263472
-0.037196
0.143569
-0.320259
-0.310604
-0.117286
0.425679
-0.275854
-0.450782
0.282129
0.0728535
0.246455
-0.493569
-0.0589876
0.139244
-0.403201
-0.281098
0.264746
0.469032
0.279903
0.344855
0.301805
0.0943653
-0.483664
0.449302
0.299026
-0.0576147
0.459449
0.046458
-0.353925
0.308686
-0.534778
-0.463336
0.0731703
0.131993
0.196113
-0.478606
0.406485
-0.297123
0.252704
-0.226562
-0.277771
-0.168175
-0.407721
-0.083406
-0.210415
0.0516387
0.168407
-0.184114
0.211211
0.389736
0.513463
0.145614
0.151769
-0.439058
-0.403871
0.143098
-0.439523
-0.203689
0.132024
0.591689
-0.3435
0.218456
0.113021
-0.101684
-0.423773
-0.483906
0.0583915
-0.302942
0.303503
0.315289
0.383707
0.206299
0.455074
-0.221526
0.243526
-0.0672533
-0.188664
-0.061825
0.46456
0.401224
0.391083
-0.0357239
-0.504444
-0.310623
-0.159808
-0.430485
-0.187005
-0.0726537
0.056804
-0.437842
-0.282473
0.0680626
0.3248
-0.149275
0.290593
-0.486596
0.173631
0.110238
-0.382601
0.225547
0.00791564
-0.502294
0.0739666
-0.461667
0.280738
0.244776
-0.404081
-0.279751
0.143753
-0.480789
-0.131897
-0.141509
0.32885
-0.415207
-0.46856
-0.249587
0.0725753
0.407009
-0.0150669
-0.0286694
-0.375635
-0.266299
-0.072545
0.37651
0.10253
0.200709
-0.171844
0.2055
-0.163742
-0.0908112
0.48355
-0.196051
-0.0778181
0.338007
-0.193793
0.000370166
0.198177
0.20229
0.403757
-0.260364
-0.12134
0.145883
0.146668
-0.16805
0.217373
0.0442019
0.296056
0.302102
0.427385
-0.161458
-0.310484
-0.00772105
-0.166991
-0.223617
0.342406
0.0682321
-0.276236
-0.321019
-0.291633
0.00327889
-0.0111344
0.168661
-0.038804
-2.69751
-0.129641
-0.151433
-0.0743136
0.341994
-0.245586
0.22385
-0.161447
-0.338616
0.374689
0.28676
-0.176176
-0.0209086
0.554358
0.241553
-0.224981
0.169169
-0.244394
0.354768
0.368385
0.109797
0.244333
-0.0157678
0.681437
0.0121139
-0.186436
0.283304
0.307247
-0.117392
-0.0925048
0.396548
-0.104936
-0.0175062
-0.189958
-0.428826
-0.156706
0.0152336
0.322864
0.131753
0.0833954
0.174819
0.0853881
0.457448
0.468813
0.225594
-0.332665
0.282065
0.196551
0.393924
0.314532
-0.127288
-0.435815
-0.372348
0.404272
0.0262515
0.331285
0.104775
0.446968
0.338531
0.442962
-0.188559
0.141376
0.142069
0.334526
0.162639
0.465227
-0.0912186
0.11163
-0.453946
-0.0206933
-0.175227
0.453099
0.417599
-0.0525236
-0.247802
0.0611485
-0.526091
-0.0412126
0.173815
0.446168
-0.833163
-0.0819175
-0.205559
0.590999
0.500784
-0.10395
0.36278
0.0652406
-0.262277
-0.0212015
0.349259
0.0460281
-0.420038
-0.161111
-0.163136
-0.226977
0.362073
0.27679
-0.515478
0.190324
-0.386839
-0.159015
0.20823
-0.28561
0.0720943
-0.193194
-0.0822053
0.0794109
0.00586596
-0.453294
0.343498
-0.411805
-0.450723
0.291405
0.447367
-0.28438
0.15281
0.344766
-0.26225
-0.249291
-0.629821
0.608949
-0.402718
0.298985
0.35084
-0.292616
-0.398213
0.0504962
0.213711
0.363162
0.193822
-0.100534
0.00170251
0.365391
-0.320217
-0.33862
0.265743
0.270326
-0.0373334
0.314098
-0.476
-0.309097
0.450836
0.123409
0.416032
0.115574
-0.433622
-0.108485
0.215747
0.203481
-0.114258
-0.455557
0.347775
-0.136067
0.320616
0.123348
0.157596
-0.253396
0.195397
-0.23953
-1.22682
0.458005
0.296441
0.289687
-0.233399
0.13885
-0.368646
-0.178404
-0.305418
0.149521
0.168982
0.0701946
-0.201456
-0.331946
-0.232451
-0.0586216
0.299276
-0.202734
-0.322225
-0.209653
0.409753
-0.158162
-0.287879
-0.00418085
0.174558
0.258291
-0.0386885
0.127867
-0.340698
-0.00521063
0.0239051
-0.272984
-0.290202
-0.166866
-0.13416
0.13769
0.547621
-0.237318
-0.158845
0.00214635
0.774238
0.288859
0.058938
0.198272
0.341991
-0.424677
-0.131002
-0.0279323
-0.577868
-0.372917
0.354755
-0.169424
-0.166253
-0.0210455
0.0806886
0.196151
0.152781
-0.0605778
-0.207428
0.189252
-0.488191
-0.567531
0.205853
-0.459296
0.0125842
-0.520597
0.307621
-0.157381
0.300779
-0.493522
0.221412
-0.415853
-0.409512
0.173116
0.177181
0.445984
0.0413495
-0.0105898
-0.173903
-0.483995
-0.374063
0.0485143
0.522947
0.0502452
0.495873
-0.0540155
-0.0385281
0.46895
-0.486349
-0.117742
0.417984
0.364372
0.264234
0.34346
0.380728
-0.0459045
0.25392
0.313346
-0.0775341
-0.377325
0.269639
0.436316
-0.497506
-0.304746
0.302156
0.419199
-0.53479
-0.344487
0.0526808
-0.0187578
-0.18782
-0.368133
-0.0448872
-0.232621
-0.289612
-0.0478366
0.182418
-0.160866
-0.0406949
0.13149
-0.0186112
-0.0773745
0.0894683
-0.045775
-0.301178
-0.253468
-0.167925
-0.28145
-0.32975
0.488954
0.00207723
-0.0314492
0.226267
-0.285888
0.411383
0.469185
0.392612
0.547766
0.320439
0.42945
-0.00246377
0.0327969
-0.381803
0.0363335
0.164784
-0.082764
0.0470284
0.27962
-0.204956
0.175438
-0.389349
0.505656
-0.254399
-0.196446
0.548622
-0.354043
0.249818
-0.0994577
-0.0643643
-0.160037
1.76734
-0.100948
0.0220833
0.317433
-0.122188
0.227659
-0.373407
0.0358312
0.248654
0.131462
-0.300109
-0.0282747
-0.160901
0.196788
0.125323
0.0261369
-0.231227
-0.161076
-0.142425
0.384102
0.333113
0.292944
-0.00869064
0.306654
-0.23457
-0.281859
-0.0773414
-0.315877
-0.179345
0.228641
-0.301332
0.45501
0.320921
-0.0808478
0.439325
-0.326246
0.248311
-0.000386737
-0.0350362
0.00509907
1.52484
-0.21202
0.324294
0.258763
0.350445
-0.392359
0.0981546
-0.324986
0.140149
0.133308
-0.233858
0.17684
-0.170704
0.154319
-0.299166
-0.0829619
0.278679
0.180318
-0.235744
0.0169299
0.0236619
0.33576
0.257069
0.380668
0.528384
0.132049
-0.146866
0.0944425
-0.220631
0.044517
0.29912
-0.0886685
-0.074229
0.365572
0.315352
-0.275063
-0.343658
-0.391665
0.156468
0.379798
-0.504398
0.135988
0.481905
-0.0785709
-0.367354
0.489478
-0.456462
-0.0463095
0.429038
0.154275
-0.174246
-0.47718
0.329274
0.416348
-0.284668
-0.436626
0.0513961
-0.276593
-0.42467
0.0811324
0.193085
-0.141588
-0.27036
0.167672
-0.0982232
-0.00799928
0.398302
0.0460371
-0.11796
0.401965
0.140534
-0.374978
0.212384
-0.219263
0.0514915
-0.417783
-0.444852
0.370532
-0.0981052
0.0710736
0.219349
0.402562
0.179596
-0.0411255
-0.150139
0.351722
0.542858
0.289573
0.263871
0.46478
-0.0478294
0.502241
-0.183642
0.100431
0.00953834
-0.0237147
0.37265
0.139348
0.338011
0.296909
0.324674
-0.267389
0.397447
-0.414226
-0.0652422
-0.113672
-0.377507
-0.134293
-0.114681
-0.249138
0.32204
0.377235
0.0764068
0.284372
-0.30952
0.0619879
-0.231149
-0.313284
0.401547
0.180934
-0.340854
-0.274886
-0.0246371
-0.0826406
-0.269834
-0.336456
-0.305056
-0.349717
0.265912
0.355725
0.223014
0.110227
0.0317599
-0.221787
-0.10903
0.117511
-0.346257
0.250934
0.133334
0.520309
0.351617
-0.174489
0.490454
-0.0951513
0.216655
0.249028
-0.350158
0.163869
-0.456527
0.20005
-0.0437536
0.49399
0.145682
-0.335932
0.361408
-0.0406767
0.468735
-0.186857
-0.321053
0.0252458
3.76027
0.0266394
0.126834
0.062036
0.00556187
-0.0749718
0.233839
0.0125459
0.104847
-0.198224
0.213283
0.0254811
0.285811
-0.14995
-0.0926113
0.0141779
0.178677
-0.298065
0.413119
0.131353
-0.127193
-0.149158
-0.0250033
0.250426
-0.318973
0.135455
-0.171833
0.260362
-0.112395
-0.224452
0.137906
-0.150913
-0.235649
-0.44813
0.405828
0.207984
-0.25278
0.330632
0.0728024
-0.370278
-1.56803
-0.0929143
0.126563
0.294482
-0.0824801
-0.211001
-0.125394
0.0989295
0.233663
-0.0206667
-0.164344
-0.255267
0.0979681
0.151484
-0.0225045
0.493784
-0.51941
-0.222045
0.144714
-0.19594
-0.263022
0.00306702
0.0961656
0.324291
-0.361018
-0.296777
0.357381
0.212322
-0.189129
-0.372794
0.215556
0.226306
-0.253826
0.160167
0.0463023
-0.202553
0.514693
0.0670436
-0.272804
0.229234
0.810598
-0.0655799
-0.314139
-0.329055
0.400806
0.0886572
0.386762
0.233501
-0.509815
0.226057
-0.317866
-0.17432
-0.393756
0.0575871
0.341753
0.311271
-0.223058
0.162653
-0.355728
-0.264304
-0.0555489
-0.254466
0.404913
0.0275914
-0.202079
0.289319
-0.387932
-0.402204
0.369947
-0.288528
-0.194574
0.132161
-0.363432
0.462405
0.457998
-0.345116
-0.35569
-0.184132
-0.227359
0.261382
0.184207
-0.0168751
0.330198
-0.177556
-0.274761
-0.363579
0.159897
0.12318
0.0560261
-0.0911003
0.331267
0.228483
0.374759
0.0742888
-0.367744
0.189813
-0.091175
-0.55966
-0.37686
-0.328185
0.0932394
0.466851
-0.0803276
-0.433015
-0.0574432
0.42694
0.350951
-0.420787
-0.111884
0.328903
0.121005
0.0363665
0.178389
-0.267937
0.111316
-0.437151
0.467439
-0.34283
-0.43981
-0.447439
1.17085
0.0250014
0.0224322
-0.105025
0.0956061
0.221659
0.114399
0.227769
-0.0208704
0.13349
-0.0822483
0.327389
-0.0816192
-0.136925
-0.0805708
-0.00113779
-0.440309
-0.0409156
0.0798663
0.37791
0.35157
0.187592
-0.292982
0.236568
0.261101
-0.351779
0.30609
-0.248164
-0.324849
-0.0273924
0.283753
-0.270388
-0.0561408
-0.285664
-0.0501948
-0.441205
0.156391
-0.501704
-0.0716937
0.0549782
1.26876
0.0542796
0.558353
0.11996
-0.139187
-0.28195
0.195419
0.104909
-0.167964
0.425549
-0.127635
0.00626432
-0.0640414
-0.14359
0.202653
0.170144
-0.0387958
0.186133
-0.303432
0.0863124
-0.0386696
0.442047
-0.0898422
-0.3138
0.0734265
0.232502
0.178745
-0.134361
0.178125
-0.281474
0.0948622
0.101017
-0.349462
-0.0280386
-0.484202
-0.435345
0.105477
-0.27921
-0.157399
0.213862
-1.31986
-0.164399
0.314803
-0.248991
0.178476
0.340155
-0.32888
0.165891
-0.111199
-0.19237
-0.309464
0.283064
-0.149442
0.225902
0.0509978
0.092451
-0.0575601
0.170588
-0.112557
-0.0326129
0.344452
-0.176919
-0.0262132
-0.0871524
0.188918
-0.0900986
0.17233
-0.0906244
0.1679
0.0530042
0.271258
-0.403454
-0.270546
0.491764
-0.419035
-0.262326
-0.445208
0.170724
0.0383778
0.25933
1.68907
0.129577
0.0979026
-0.132253
-0.0205762
-0.329733
0.276189
0.105659
-0.3607
-0.432788
0.334525
0.292078
0.331337
0.211732
-0.282378
-0.288905
-0.203529
0.128896
0.0549146
0.0647772
0.0819227
-0.135614
0.0481687
0.304699
-0.224241
-0.123729
-0.300669
-0.304971
0.127326
0.375892
0.376205
-0.149866
0.414585
-0.292065
-0.258079
-0.0893626
-0.183882
0.391307
-0.129294
0.137273
-1.71937
0.290162
-0.281286
-0.074511
0.129221
-0.0835654
0.447847
-0.318927
0.0727952
0.365755
0.0873881
-0.0459803
0.286387
-0.253391
-0.219968
0.509725
-0.239745
-0.144464
-0.343445
0.503286
-0.243308
0.106646
-0.272246
0.0348284
0.463288
-0.123236
0.28261
-0.2451
0.199186
-0.314027
-0.280154
0.193437
-0.405
0.128653
0.27452
0.0732852
-0.447227
0.305114
-0.280469
-0.322258
-0.111611
-0.466093
0.320729
0.0817501
0.0134047
-0.241615
0.0204105
-0.0815373
0.0108856
-0.0969024
-0.237727
-0.23335
0.293578
-0.117034
0.392203
0.0966838
-0.294939
-0.302094
-0.0950585
-0.358215
-0.229029
0.213263
-0.0827033
0.283154
-0.368066
0.490162
0.133127
0.299695
-0.361469
-0.172464
-0.297396
0.248918
-0.303052
0.0626586
0.449717
-0.00980395
0.150336
0.0656005
0.230293
0.115827
0.776345
0.497847
-0.260873
0.225718
0.381966
0.117476
-0.429955
-0.354502
0.511347
0.146901
0.334033
0.0143731
-0.00906374
0.474468
-0.0126562
-0.372239
0.461712
0.101
-0.0973958
-0.167373
0.148158
0.0417745
0.14469
-0.0706696
-0.326145
-0.147757
0.2114
0.113503
0.494341
0.241504
-0.140056
0.0786628
-0.178178
0.177618
0.346533
-0.152533
-0.375861
0.0217503
-0.0789895
0.0312049
-0.525532
0.0546603
0.274253
0.101525
-0.00937329
0.342947
0.358943
-0.582274
0.0831689
0.466958
-0.149926
-0.00471626
-0.524957
0.128112
0.384872
0.424757
0.187979
0.286581
-0.465637
-0.49013
-0.464985
-0.0147257
0.167008
0.0417362
0.390469
-0.501927
-0.268282
-0.540098
0.0919371
0.205062
-0.250512
-0.519425
0.145069
-0.159771
-0.0510739
0.411419
-0.0386608
0.178016
0.220551
-0.436861
-1.50506
0.0989404
0.54399
-0.333003
0.0452308
0.0706734
-0.0491381
0.301515
-0.197616
-0.112197
-0.322901
0.232556
-0.097104
0.360959
-0.225034
0.0488558
-0.0253122
-0.095271
0.355532
0.393304
-0.280143
-0.0917539
-0.159533
-0.0104339
-0.342576
-0.135418
-0.394054
-0.166343
-0.0907568
-0.0110689
0.293875
0.343031
-0.328366
0.398375
-0.437335
-0.494372
-0.35504
0.0935265
-0.128681
0.259425
-2.37835
-0.284329
0.0365688
0.179004
-0.138764
-0.187642
0.328078
-0.058665
0.301961
-0.261162
-0.103803
0.169146
0.326843
-0.285439
0.216002
0.280625
-0.0764271
0.106006
-0.209197
-0.0753972
0.502217
-0.110571
0.393282
-0.141096
-0.233028
0.354951
-0.258558
0.45028
-0.134725
-0.231557
0.393308
-0.0723418
-0.0747554
-0.275239
-0.32747
-0.214958
-0.000744408
0.302771
-0.145327
-0.115209
1.07348
0.123642
-0.0611741
-0.346188
0.188146
0.32711
-0.471299
-0.0447018
0.166125
0.397917
-0.571781
0.21541
-0.0966972
0.109459
0.302652
-0.337261
0.415585
-0.145891
0.376206
-0.184983
-0.570287
-0.0706694
0.130096
-0.179657
0.40709
0.216521
-0.0728958
0.0913517
0.0413154
-0.420809
-0.171003
0.332184
0.285095
0.258673
0.164644
-0.0836181
-0.477685
-0.0589141
0.14372
-0.192211
-0.0353336
0.00284016
-0.133159
0.231757
-0.0996378
-0.272498
-0.36223
-0.50351
0.0949885
-0.0932426
0.335143
0.373859
0.116582
-0.445658
0.11729
0.0643655
0.0770923
-0.117872
-0.487239
-0.406497
-0.316705
-0.0661145
-0.338221
0.332032
-0.326319
0.355036
0.120382
-0.0805987
0.000906222
-0.101742
0.422733
-0.255209
0.126784
0.389287
-0.247144
-0.272555
-0.25696
0.154662
0.273855
-0.0262219
0.0526449
-0.25605
0.185202
-0.081277
0.16822
-0.490202
0.182998
-0.173344
0.379859
-0.283558
-0.245059
0.325856
-0.224441
-0.0589898
-0.25581
-0.0459902
-0.129842
-0.259407
0.376118
-0.523605
0.18568
-0.392822
-0.259246
-0.0766957
-0.109156
-0.386567
0.300369
-0.302528
-0.0181096
0.397854
0.190863
-0.278187
-0.24254
0.21017
0.224774
0.486688
-0.316561
-0.129529
0.229394
-0.246548
-0.512424
0.31063
-0.443749
-0.327448
0.121463
-0.212569
-0.0281834
-0.200352
0.282804
-0.397961
-0.419385
-0.0409097
-0.0346364
0.0705836
0.386269
0.182075
-0.155563
-0.187899
0.195237
0.386863
-0.212985
-0.111853
0.203607
-0.214846
0.0706482
-0.00992291
0.260689
-0.165014
-0.393361
0.0419603
0.170749
0.317798
0.107692
-0.359849
0.260143
-0.0544748
0.430587
-0.194252
0.0781029
0.387073
-0.0815533
0.209332
0.313107
-0.429307
0.460271
-0.271566
0.0335803
0.00467005
0.391974
0.394153
-0.428102
-0.265337
-0.589362
-0.135165
-0.174225
0.0330811
-0.0781309
0.532512
0.506524
-0.498779
-0.157715
-0.330764
-0.308552
-0.0302051
0.158529
-0.114853
0.376653
-0.332859
-0.0528695
-0.155171
-0.200489
0.350064
0.148473
0.0231829
-0.352606
0.0401038
-0.190991
0.233177
-0.299737
-0.0737132
-0.457091
0.459327
-0.351431
-0.171708
-0.287185
0.137491
0.36883
-0.111418
-0.271462
-0.418122
-0.0767723
0.307787
0.354676
0.121767
0.368761
0.436687
0.430564
0.115928
0.351043
-0.17765
0.100213
0.233814
-0.150501
0.415092
0.392692
-0.173125
0.131909
-0.222877
0.340851
0.279948
0.404259
0.444483
0.0360546
0.539448
-0.0841246
-0.3232
0.254044
0.180509
-0.279059
0.368606
-0.626668
0.428409
0.0874675
-0.277049
0.0523273
-0.37304
-0.0704428
-0.0311071
0.375823
0.258898
0.197615
-0.239921
0.488002
0.0562978
-0.402553
-0.336229
-0.133372
0.244397
-0.144782
-0.0168967
-0.0831161
-0.227741
0.188995
-0.5314
0.314284
-0.574047
-0.405237
-0.024819
0.494093
0.0624377
-0.228112
0.233764
-0.451151
0.285926
0.0716632
-0.329661
0.0195192
0.255716
0.19017
-0.274517
-0.185926
0.271512
-0.207239
0.429798
0.16789
0.359564
0.145576
0.224586
0.664436
-0.176368
0.450881
0.248614
0.579995
0.0654488
-0.130454
0.0442136
0.304712
0.0631482
0.330227
0.296824
0.626541
-0.233559
0.0502167
0.409556
0.152804
0.201901
0.223834
0.590229
0.422837
-0.0995308
-0.124593
-0.0297961
0.269665
0.434705
0.497256
-0.0752845
0.494632
0.00547262
-0.176011
0.493021
0.18862
0.38763
0.25849
-0.210359
0.462934
-0.41698
-0.279323
0.315734
0.120602
-0.28849
-0.0738992
0.291302
-0.456609
0.270509
-0.234041
0.0549109
0.21933
-0.0270984
0.0764485
-0.306551
-0.227001
-0.0691296
-0.238834
-0.41396
-0.27073
-0.275902
0.256677
0.284619
-0.480846
0.267012
-0.0562781
-0.0457992
-0.502633
0.482955
0.160688
-0.436802
-0.391349
0.448289
0.175278
-0.323425
0.0106604
-0.0487776
-0.415648
0.379775
0.413818
-0.298982
-0.500268
-0.189109
-0.25426
-0.291472
-0.291199
-0.499081
0.345075
-0.166341
-0.083044
-0.407964
0.0794135
0.329317
-0.239126
-0.075363
0.250728
-0.393314
-0.370781
0.218322
-0.120358
-0.478786
0.234302
-0.340873
0.280167
0.252264
-0.0716635
-0.192525
0.0683412
-0.423152
0.289888
0.222078
-0.332741
-0.194608
0.20606
-0.0203653
-0.206718
-0.319611
0.0297236
0.160464
0.428337
-0.164767
-0.422333
-0.200735
0.0685206
-0.43691
0.209034
0.110335
0.0833658
0.391452
-0.0965475
0.00283665
0.246013
0.203642
0.0615852
-0.381641
-0.222434
0.259907
0.320235
0.115747
0.22667
-0.503186
-0.289733
-0.327527
0.460666
0.0884335
0.140314
-0.0443301
0.190845
-0.0368818
-0.0712224
-0.281628
0.21593
-0.225087
0.00813811
0.143197
-0.364611
-0.174356
-0.258027
0.135369
-0.356624
-0.287661
-0.281211
-0.0159243
-0.205847
0.39763
0.181879
0.411829
0.16521
-0.092627
0.0554949
0.058451
-0.682757
0.210894
-0.0608872
0.0841666
-0.205249
0.388688
-0.169484
-0.117417
-0.989797
0.4251
-0.214295
-0.220716
-0.695097
-0.250457
0.141098
0.0380091
0.228016
-0.285647
-0.568076
0.255293
0.0981275
0.277983
-0.172916
-0.387432
-0.382716
-0.292118
0.00187357
0.254002
0.464614
-0.437305
0.196733
-0.442487
-0.297976
0.00335994
-0.375154
0.0410875
-0.362189
-0.180675
-0.0597345
0.237438
-0.3655
-0.393585
-0.157746
-0.0136877
-0.520761
0.156378
0.0644214
-0.299737
-0.32184
-0.429781
-0.434174
0.199046
0.50553
0.312202
-0.304263
-0.390224
0.0300614
0.358458
-0.0753696
0.0267669
0.195049
0.348177
0.0144591
-0.520517
-0.37154
-0.0548892
0.0631381
-0.266481
-0.207638
-0.330202
0.020196
0.354904
-0.284841
0.221532
0.372354
-0.128874
-0.515865
0.228228
0.052632
0.123479
-0.177676
0.0305212
-0.384034
-0.537542
-0.0982059
-0.240387
-0.00456827
0.242407
-0.317487
-0.229792
-0.0879714
-0.0460225
0.32084
0.305299
0.408046
-0.420811
0.377329
0.192805
-0.491811
-0.167127
-0.599772
0.39298
-0.0994737
-0.1753
-0.0849988
0.472821
-0.01571
0.191192
-0.400338
-0.461988
-0.23164
0.165321
0.0993535
0.448501
-0.0664829
-0.276165
0.094755
0.315338
0.0514441
0.0141538
0.193526
0.358212
0.247789
0.0426116
0.440914
-0.120139
0.0715948
0.167659
-0.104941
0.481104
-0.535194
-0.241675
-0.373999
0.276834
0.30756
0.0212707
-0.207431
0.0471551
-0.276466
-0.100207
0.226624
0.372236
-0.369531
0.069858
-0.129401
0.212945
0.0363774
-0.373405
-0.171509
-0.216807
-0.300659
-0.307837
-0.137258
-0.573026
-0.35516
0.290314
0.33507
0.38693
-0.395076
0.295276
-0.231589
-0.179176
-0.386415
0.332063
0.0628633
0.0505899
0.485103
-0.358269
-0.395013
0.124817
0.121256
-0.427308
-0.655352
0.55686
-0.244872
-0.398778
0.359305
-0.473351
-0.0979461
0.213251
0.389912
-0.137819
-0.270227
0.324635
0.424451
0.11847
0.346416
0.198161
-0.207457
-0.140434
0.147466
0.210903
-0.244019
-0.0869848
-0.116056
-0.387931
0.469075
0.496596
-0.435791
0.286541
-0.309476
-0.229917
0.0422327
0.453006
-0.0373823
0.164702
0.136836
-0.427537
-0.300766
0.462656
-0.328573
-0.162631
0.427385
0.25463
-0.48928
0.375431
0.030056
-0.367654
0.162071
-0.221975
0.0676375
-0.294296
-0.192628
0.281526
-0.112624
0.379729
0.128926
0.191363
-0.2805
0.328445
0.0772165
0.0937423
0.0924793
-0.566462
-0.0264341
-0.721602
-0.279045
0.228727
0.142227
0.135443
-0.000359184
0.485074
0.167802
0.350566
0.0977639
0.549252
-0.279026
0.0927709
0.356924
-0.951928
-0.819887
-0.0187643
0.196071
0.187846
-0.994789
0.413449
-0.407082
0.133885
-0.343329
-0.358811
0.494682
-0.938325
0.532282
0.215037
-0.0299894
-0.0438776
0.584181
0.714077
-0.453099
-0.443133
0.414517
0.367797
0.477646
-0.258385
-0.0985123
-0.0510502
0.260761
0.302732
0.456297
0.198306
0.0499083
-0.182153
0.246855
-0.149877
-0.176601
0.464453
0.418033
-0.408688
0.136195
-0.118125
0.099605
-0.141146
0.198475
0.0661742
0.178292
-0.13545
0.492409
-0.444757
0.429002
-0.48218
0.452553
-0.211203
-0.200265
0.0103524
-0.463574
-0.088564
0.449841
0.584351
-0.262642
-0.400415
-0.0757745
0.368634
-0.161233
0.0112582
0.0937048
0.182817
0.414856
-0.151262
-0.0971099
-0.541391
0.0653088
-0.0380416
0.49096
0.0838883
-0.0719308
-0.422101
-0.403578
0.0820348
-0.102833
0.451161
-0.110905
0.157817
0.328252
0.191311
0.178173
0.180263
-0.433482
-0.430986
-0.00486836
0.306031
-0.174759
0.401741
0.103353
0.175284
0.0943297
0.209223
-0.335089
0.217678
-0.0491424
0.145861
0.392288
-0.426131
0.35954
0.0986068
0.15112
0.0427845
-0.648691
-0.0607318
0.278915
0.470535
0.38713
-0.273674
-0.196825
-0.0179658
0.34769
-0.315827
0.345889
0.488228
-0.332248
0.28064
-0.0372465
0.0897985
0.111486
0.153507
0.113532
0.296001
0.258807
-0.402331
-0.150339
-0.286238
-0.282219
-0.0450081
-0.358707
-0.120214
-0.195782
0.0323352
0.478
0.148176
-0.0429168
0.0452923
-0.291099
-0.25966
0.343571
-0.00913227
-0.145661
0.0618702
-0.360695
0.179187
0.174661
-0.163784
-0.0279326
-0.220707
-0.43579
-0.317871
-0.353015
0.495123
0.482791
-0.5127
0.0970378
-0.101134
0.120124
-0.316017
-0.263567
0.0121462
0.561568
0.547136
-0.0166951
-0.37218
-0.451357
0.0804413
0.510629
0.398298
0.101067
0.221803
-0.14593
0.0364479
0.173752
-0.242818
-0.0180667
-0.329463
-0.0905864
0.424012
0.117719
0.219322
0.279296
0.0964703
-0.0250071
0.442777
0.0495789
-0.186566
-0.264048
0.377867
0.0394492
0.14248
0.225435
0.104494
0.279177
0.279045
0.132777
0.0489659
-0.338635
0.334599
0.157387
-0.312002
-0.155272
-0.0234307
-0.398896
-0.0376132
-0.300908
0.264133
0.44057
-0.36621
-0.197632
-0.331778
0.240302
-0.317517
0.286117
0.177432
0.214088
0.484864
0.482906
0.228749
0.27243
0.246334
0.331892
0.35459
-0.348106
0.479884
0.341915
-0.234707
-0.373947
0.513328
0.267887
-0.100442
0.0214081
-0.427633
-0.316047
-0.117445
-0.230344
-0.314799
0.409107
-0.141696
-0.23623
0.108492
-0.401455
-0.29336
-0.21922
0.393789
-0.0364644
-0.0222468
-0.359354
0.259347
-0.450587
-0.443964
-0.224806
-0.00521709
0.425265
-0.194169
0.0593706
0.134727
0.473305
-0.104101
0.333772
-0.302007
-0.113593
-0.267614
0.481303
0.261128
0.0264167
-0.512398
-0.22481
0.342946
0.110494
0.516459
0.189198
0.466207
-0.0450488
-0.260633
0.169876
-0.257121
0.343555
-0.221526
-0.440697
0.0728687
-0.0973737
0.0929854
0.257382
0.617254
0.212205
0.24445
-0.0885466
0.396427
0.062587
-0.384485
0.169415
0.44032
0.0329498
-0.11712
0.704427
-0.528922
-0.0180292
0.436895
0.158763
-0.0709399
-0.189456
0.455109
-0.0491298
0.451216
-0.438266
0.254615
0.144393
-0.404608
0.45072
-0.346588
-0.110615
0.487089
0.158796
-0.33855
-0.307737
0.201864
0.292758
-0.149505
0.0857175
-0.010846
0.361061
0.0251009
0.0426567
0.1989
0.332998
-0.0831684
0.221158
-0.0724126
0.271253
0.128293
0.307116
0.00937845
0.0762007
-0.124496
-0.366932
-0.318664
-0.214654
-0.389452
-0.0335671
-0.155881
-0.101437
-0.422275
0.433291
0.218489
-0.277415
-0.340354
-0.349586
-0.0796338
0.41899
0.178373
0.0894668
0.0859064
-0.422925
0.249954
0.290857
-0.116457
-0.518258
0.115343
-0.360677
-0.43318
0.214532
0.537522
0.176674
0.153381
0.411263
-0.211112
-0.436248
0.357671
-0.318395
0.776542
-0.195561
-0.305077
0.514573
0.590597
0.482414
-0.0249933
0.339947
0.309138
-0.27501
-0.318261
0.362207
-0.347829
0.0376398
0.396645
-0.200677
-0.267496
0.0816739
-0.112797
-0.382762
0.57227
0.145286
0.278037
0.289708
0.410221
0.132184
-0.155568
0.186656
0.199039
0.210474
0.123467
-0.314072
-0.0747968
0.0997933
0.455263
0.0909374
-0.102397
0.251954
-0.5321
-0.225403
0.561328
0.209917
-0.111819
-0.19673
-0.0748753
0.41112
0.493003
0.089853
-0.222754
-0.133861
0.460719
-0.326522
-0.401001
-0.180376
-0.114938
-0.330079
0.345634
0.162057
0.422807
0.427237
-0.376086
0.23133
-0.34866
0.343068
-0.158145
0.231757
0.196419
0.426945
0.12849
-0.459707
-0.20219
-0.318927
-0.0420975
-0.496986
-0.115993
-0.0322184
0.36982
-0.538571
0.302445
-0.49037
-0.214591
0.492115
0.0626175
0.423543
-0.329502
-0.440626
-0.224513
-0.290417
-0.323217
0.133675
-0.444134
0.368838
-0.134651
-0.418216
-0.0273646
-0.0443343
0.418502
-0.3353
0.219993
0.315189
-0.24756
0.354177
0.34387
0.31085
0.257509
-0.0980842
0.0056063
0.428572
-0.0639443
0.181986
-0.276569
-0.0359396
-0.413816
0.00162806
0.026813
0.575631
0.223057
0.171026
-0.254491
0.430268
-0.130883
0.239938
-0.218874
-0.162905
0.404989
0.470262
-0.121226
0.488188
0.390829
-0.406427
0.342541
-0.118865
-0.207873
-0.255148
0.440906
0.118502
-0.126896
-0.132722
-0.141844
0.484369
-0.0276258
0.195896
-0.271181
0.119687
-0.0316078
-0.379247
-0.119885
0.289794
0.195182
0.0780699
0.42498
-0.198096
0.13972
-0.127169
-0.176991
-0.445867
0.321031
0.224966
0.139145
-0.135889
0.347183
-0.403782
-0.119247
0.360472
0.376708
0.160493
0.167767
0.195937
-0.420387
-0.033193
0.384593
0.412563
-0.173887
-0.0951657
0.379876
0.35783
0.247236
0.233297
-0.30062
-0.141099
0.110621
-0.17833
0.319607
0.0425799
0.417226
0.018887
-0.0656047
-0.194421
0.248361
-0.136499
-0.196458
-0.0352474
-0.156998
0.297401
0.154364
-0.217761
-0.373833
-0.173282
-0.21501
-0.00075616
0.315364
0.0512544
0.43185
-0.306302
-0.251816
-0.749004
-0.188906
-0.339684
-0.361435
0.169664
0.0886731
-0.464807
0.359561
-0.231866
-0.134355
-0.00767666
-0.0483914
-0.239072
0.113672
0.493522
-0.406516
0.160392
0.214818
-0.0795725
0.236724
-0.4945
-0.390891
-0.111779
0.176242
0.111504
0.0330941
-0.156741
0.170154
0.200889
-0.412669
-0.214338
0.112274
0.400446
0.151192
-0.00372002
0.496253
0.0350936
-0.139921
0.193275
-0.27283
-0.571247
-0.256073
0.480242
-0.0993051
-0.41448
0.212226
-0.554411
0.170881
-0.268904
0.00740067
-0.380646
-0.251159
0.509725
-0.494992
0.351032
-0.352902
0.213093
0.425485
-0.407628
0.390826
-0.0540538
0.0653017
-0.362236
0.572979
-0.0432108
0.466996
0.145494
0.480618
0.283375
0.0278424
0.330757
0.462039
0.120878
0.296284
0.484462
0.295713
0.0673545
0.384953
0.300761
-0.303045
-0.219344
-0.376396
-0.017435
-0.521372
-0.385335
-0.0965499
0.454226
-0.149065
-0.126226
0.168974
0.106629
0.390716
0.374515
0.415367
-0.392497
-0.458349
-0.0880534
0.487286
0.425249
-0.146602
0.0462153
-0.0300221
-0.614143
-0.00409246
-0.241411
0.511941
-0.269501
0.270241
0.2143
0.116523
0.810291
-0.176645
-0.0622605
0.0225754
0.319627
-0.148375
0.263642
-0.233914
-0.798805
-0.241582
-0.0136129
-0.0441139
-0.298781
-1.25753
0.64571
-0.154666
-0.257595
-0.123481
-0.620757
0.544236
-0.428696
0.65614
0.021322
0.16274
0.360593
-0.0112859
0.605346
-0.269344
0.101319
0.113718
0.0986496
-0.441054
0.183533
-0.679762
-0.196301
0.130704
-0.164605
0.309631
-0.277767
-0.27287
-0.36523
0.211178
0.5301
-0.368732
-0.196796
-0.0195138
0.0110902
0.145239
-0.137358
-0.0101082
0.204715
0.323181
-0.332769
-0.00433558
0.153805
0.357566
-0.334174
-0.0102402
-0.151745
-0.432606
0.114316
-0.636243
0.192898
-0.0343877
-0.461386
0.363827
0.250287
0.045277
0.0221701
-0.0491332
0.159348
0.161448
-0.159422
-0.253321
0.00873961
-0.534028
0.179591
-0.417504
0.354454
-0.517686
-0.363309
-0.25376
0.244722
0.127888
-0.391853
-0.217834
-0.316398
-0.238125
0.398475
0.0550404
-0.301673
0.311478
-0.0418536
-0.458581
0.340199
0.49443
-0.0441411
-0.295774
-0.163521
0.0307926
-0.247245
0.152772
-0.0505652
0.337168
0.25379
0.00428458
-0.40713
-0.0125688
0.303441
0.354126
-0.462484
-0.0889917
0.0371333
0.142973
0.0457025
0.288118
-0.235452
-0.274699
-0.0630063
0.446157
-0.334408
-0.0716994
0.218049
0.420216
0.327306
0.42158
-0.222307
-0.210468
-0.449971
-0.300715
-0.160215
-0.443132
0.354403
0.0323422
0.488607
0.157112
-0.535724
0.261341
0.312112
-0.485274
-0.0727914
0.0229665
-0.316951
0.0725866
-0.317223
0.469216
-0.179331
-0.187419
0.115168
0.0492598
-0.188317
-0.42821
0.256016
0.432321
0.301611
0.133176
0.121435
-0.13134
-0.0199669
0.211122
0.0345425
0.159013
0.477057
0.42378
-0.23667
0.0314534
0.340389
0.192769
0.0906952
0.0602372
0.0400479
0.435905
-0.0377262
-0.00574473
0.512125
0.0895195
0.41752
-0.179019
-0.42769
0.24361
-0.23432
-0.425635
-0.390345
-0.579003
-0.0609928
-0.459738
-0.06783
-0.343994
0.501603
-0.21331
0.0785049
-0.386162
0.106147
-0.423066
-0.259945
-0.458544
0.30583
0.368961
-0.353179
0.508348
0.36583
-0.0534459
0.00140136
0.289384
-0.249991
-0.473971
-0.203402
0.374682
-0.200302
0.411127
-0.224951
0.164055
0.258569
0.437294
0.338105
0.0943042
0.0229556
-0.10273
0.254878
0.137484
-0.449892
0.155028
0.0458405
0.0559894
0.067259
0.338059
-0.307944
-0.24961
-0.310481
-0.143246
-0.278037
-0.222559
0.0581204
-0.412478
-0.0532257
-0.479945
-0.0482117
0.0726693
0.426719
-0.010345
-0.187329
0.550858
0.473403
-0.196645
0.388919
-0.0602917
-0.239144
0.4221
0.0602618
-0.339443
0.197996
0.44437
0.588016
-0.142891
0.0847386
-0.287539
-0.158804
-0.195762
0.31559
0.0242187
0.605775
-0.110382
-0.136798
9.13214e-05
0.376705
-0.0654883
0.407177
0.187142
-0.201394
-0.0763432
0.452209
-0.330419
0.133591
-0.319389
0.494728
0.26034
-0.158222
-0.134681
0.448833
0.300997
0.302494
-0.224473
0.521995
-0.0630758
-0.337548
0.0110756
0.220742
-0.241348
-0.228753
0.335002
0.446708
-0.144328
0.569734
-0.497613
-0.0458214
-0.164407
0.252484
-0.115398
-0.162522
-0.115679
0.125778
-0.301532
-0.10749
0.0475927
0.0414851
-0.220224
-0.118093
0.439903
-0.483811
-0.13079
-0.0638983
-0.172095
-0.177034
-0.0235827
0.111847
0.315914
0.241179
0.235616
-0.112446
-0.198322
-0.0475421
0.182085
0.0707094
0.456208
0.321068
-0.301185
-0.408092
0.0591041
-0.0814161
-0.48592
-0.0485256
0.206057
0.0529206
-0.39541
0.296852
0.175475
0.645441
-0.136172
-0.206051
-0.097396
-0.350542
-0.426689
0.158378
-0.37494
0.163356
-0.0220614
0.53305
-0.358307
0.0966938
-0.233031
0.100777
0.305877
0.417666
0.154414
-0.357925
-0.218099
0.15397
0.241679
-0.271595
-0.457085
-0.175731
-0.199395
0.459325
0.255315
-0.0243435
0.209339
0.126481
0.297009
-0.253175
0.454734
-0.209318
-0.453004
0.38403
-0.296458
0.00883633
-0.269846
0.407294
-0.445416
0.130401
-0.0443252
-0.0762507
-0.465674
0.137879
-0.39011
-0.38904
-0.273126
-0.102352
0.0503089
0.11405
-0.286398
-0.0842309
-0.393518
0.390659
-0.305271
-0.171318
-0.25722
0.0707161
-0.00827076
0.207256
0.208286
0.068923
-0.000947797
-0.224774
0.0150614
-0.181758
0.159243
0.0288592
0.115963
-0.191493
-0.0806025
-0.0234984
-0.0453266
0.0832958
0.905847
-0.12054
0.205985
0.0444584
0.0054502
-0.163058
-0.232068
-0.160291
0.184597
-0.205468
0.0387236
0.0827029
0.17735
-0.157524
0.509954
-0.250318
-0.0531453
0.74837
-0.152766
-0.0586254
-0.0215039
0.052488
0.209064
-0.0566192
0.193613
0.406255
-0.012771
