#input normalization
0.161119 0.275368
41.0338 52.169
9.09376 33.4631
7.60582 30.0048
0.0103318 0.0418531
0.00835159 0.0342005
0.564818 1.48093
0.795869 1.50863
1.10038 1.73119
1.41277 1.97868
1.75552 2.22052
2.08751 2.45795
2.40622 2.68133
2.72523 2.88225
3.03084 3.05648
3.31412 3.186
3.58281 3.27987
3.83858 3.35045
4.07283 3.38738
4.2536 3.37307
4.41487 3.3303
4.55369 3.25422
4.66013 3.15932
4.73016 3.03579
1 -1
1 -1
#output normalization
1 0
#neurons weights
0.222958
-0.156423
0.284901
-0.0910269
0.238355
0.110948
0.163061
-0.499507
-0.28533
-0.242425
-0.277757
-0.244824
0.046316
-0.0492853
-0.0596379
-0.0376953
-0.0936225
0.020663
0.1029
0.104686
-0.352784
-0.205213
0.401213
-0.319374
0.429819
0.356979
-0.0990107
-0.129292
-0.332857
-0.0396314
-0.419648
-0.482769
-0.188264
-0.529322
-0.0690415
-0.11984
0.423347
-0.132738
0.674649
-0.0708344
-0.143892
-0.258876
-0.0984049
0.329492
0.145461
-0.635988
-0.495179
0.349098
-0.236616
-0.358921
0.521087
-0.399433
-0.075098
0.00748955
-0.134392
-0.526915
0.623997
-0.137162
0.0192675
-0.440303
-0.297685
0.467141
-0.406514
0.250363
0.130822
0.402136
0.449901
-0.454751
0.0391886
-0.0175507
-0.401489
0.325608
0.32456
-0.250003
0.180905
0.229166
0.346764
-0.479716
-0.513335
0.0411685
#synapses weights
0.136726
-0.184935
0.066729
-0.167259
0.248352
0.131977
-0.142029
-0.366629
0.255495
-0.247191
0.0890008
-0.319074
0.167752
0.0603118
-0.00842367
0.408192
0.39869
0.0303649
0.262868
0.104837
0.237511
-0.503389
0.31366
-0.186375
0.18674
0.117575
0.411423
-0.290769
0.037386
-0.172189
-0.106333
0.191191
1.1198
-0.042758
0.136823
-0.213148
-0.0133163
0.0185517
0.467052
-0.153341
-0.303362
0.261472
-0.15508
0.394826
0.100624
0.198354
-0.0569264
-0.00231042
-0.323064
0.362969
-0.436438
0.0485702
-0.30363
-0.416082
0.25558
0.0550813
-0.136186
0.318832
0.0546391
-0.244518
0.0730214
0.295921
-0.052768
0.206126
-0.0661232
0.185499
-0.197788
0.158877
0.454324
-0.268512
-0.078901
0.223401
0.218082
0.176113
0.405337
-0.00261583
0.3812
0.303772
0.488046
0.195612
0.021467
-0.43806
-0.0316176
0.10888
-0.382756
-0.467756
-0.264601
-0.499522
-0.376021
-0.398036
-0.45875
-0.363473
0.033108
-0.206568
-0.144889
0.414534
-0.20814
0.0794035
0.18288
0.115201
0.24768
0.14227
0.282325
0.222108
-0.35218
-0.375001
0.385243
-0.456974
-0.0678302
-0.112188
0.391119
0.259462
-0.53317
0.305307
-0.358322
-0.34087
-0.391364
-0.360992
-0.06359
-0.0183595
-0.421955
-0.111092
0.019909
0.311445
-0.242589
0.366388
0.229385
-0.271855
0.0175852
-0.00410208
0.0473941
-0.00384193
0.421099
0.26804
-0.172428
-0.100584
1.45725
0.202553
0.0444328
-0.0646515
-0.0975022
-0.230903
-0.153188
0.485097
-0.295657
0.36806
-0.414001
0.0620546
0.229316
0.165066
0.148483
-0.303744
0.308401
0.0376567
-0.406785
-0.135875
-0.425964
-0.474584
0.0339308
-0.12472
0.0266129
-0.0842468
-1.8904
-0.0761609
0.0548544
-0.0663462
-0.0535674
0.252779
-0.0780023
0.108166
-0.303115
0.42321
0.271774
-0.105274
0.565349
-0.348363
-0.0544043
0.414489
-0.131572
0.292402
-0.395187
-0.182541
0.282459
-0.0493772
-0.277017
-0.091485
0.0474842
0.24901
-1.67076
0.0974013
-0.177112
-0.303771
0.0429345
-0.143497
0.0467611
-0.150808
0.0389253
-0.226626
-0.0318914
-0.693721
-0.451836
-0.285277
-0.134674
0.192312
0.138015
0.16392
-0.151234
-0.423234
0.300462
-0.0252565
-0.492148
-0.373957
0.422431
0.267196
-0.668221
0.265124
0.53411
-0.308577
0.18979
-0.321832
0.432999
-0.227589
0.539635
-0.30546
-0.152637
0.00788832
-0.261879
-0.300997
0.407398
0.288273
-0.0733087
0.457271
-0.0432833
-0.051156
-0.475678
-0.0354785
-0.202233
-0.239473
-0.102813
-0.175953
0.22039
0.392294
-0.505915
-0.220597
-0.0867112
0.345019
0.0773496
-0.427368
0.0104684
0.336627
0.245249
-0.150945
0.11187
-0.242368
0.31334
0.0449026
-0.140548
-0.155361
0.496598
-0.282766
-0.474523
-0.272284
-0.263858
-0.105684
0.206073
-0.440466
-0.983138
0.127462
-0.223721
-0.464034
-0.0624693
-0.0505983
-0.243893
-0.0220785
0.20897
0.0771236
0.283872
-0.211313
0.365906
0.0450802
0.39402
-0.299622
0.136928
0.299673
0.138568
0.25332
-0.322934
0.167667
0.482096
-0.017501
0.0553067
0.235894
0.20885
-0.116974
-0.613561
-0.335605
0.245499
0.371648
-0.294371
0.00524279
0.393018
-0.0569902
-0.436814
-0.098884
-0.606308
-0.489107
-0.587903
0.092683
0.234668
0.340218
0.1251
-0.147294
0.548169
0.24588
0.656343
-0.222619
-0.348134
-0.215256
2.99961
0.206902
-0.0286052
-0.316945
0.196611
-0.0663203
-0.0171537
-0.213277
0.184906
-0.131907
0.043662
-0.0659981
0.262089
-0.384352
0.179446
-0.244047
-0.0458149
0.037464
-0.439512
0.398316
-0.313202
-0.278116
0.24824
-0.316155
-0.472332
-0.38443
0.182297
0.194747
0.160744
0.08318
0.287921
-0.128676
-0.289769
-0.30785
0.49515
0.144505
-0.115618
0.108083
-0.441057
0.220983
0.00808196
-0.207127
-0.429341
-0.295553
-0.454976
-0.00538162
-0.265215
0.148127
0.180267
0.190193
0.208945
0.0709897
1.14425
0.0126615
-0.000695738
0.118664
0.204662
0.0852278
-0.264103
0.0332578
-0.175366
-0.221531
0.208148
-0.173995
0.353739
0.247258
0.198511
-0.333304
-0.292648
0.062778
0.253871
-0.268273
0.301563
0.165255
-0.204172
0.267592
0.457532
-0.318617
-1.21971
0.0596658
-0.248971
-0.305815
-0.229394
-0.107208
-0.226961
-0.324682
-0.0407188
0.333663
0.0203144
-0.482192
0.285559
0.0677292
0.051665
-0.585843
0.397894
0.236441
0.263809
0.0257892
0.26826
0.0427537
0.552713
-0.032075
-0.257346
-0.203811
1.60709
0.0808355
0.0491273
-0.173829
0.343453
-0.206814
0.348735
-0.292886
0.318993
0.200809
-0.230204
0.0223855
0.0597612
-0.15031
-0.571127
0.209172
0.205135
-0.144684
0.148093
0.395614
-0.393507
0.442091
0.0352447
0.245741
0.686996
-0.111064
0.345198
0.125147
0.295501
0.348337
-0.20651
-0.367735
0.373241
-0.281188
0.104224
-0.0640088
0.307994
0.379605
-0.39099
0.402072
0.4158
0.269249
-0.000654304
-0.24166
-0.195679
-0.217252
-0.0194172
0.157114
0.39649
0.190401
0.0499654
0.0340962
-0.0686907
-0.0925647
0.257018
-0.0377042
0.157098
-0.310505
0.0625833
0.431661
-0.0960226
-0.392072
-0.450275
-0.163736
0.156915
-0.279865
-0.057617
-0.0238995
-0.00189696
-0.307036
0.289502
0.160099
-0.410809
0.131454
-0.239904
0.252765
0.266191
-0.284229
-4.27228
0.0629247
-0.191495
0.119055
-0.00938602
-0.351447
0.281421
-0.115548
-0.136415
0.0478252
0.050346
-0.0975631
0.234069
0.00345866
-0.0453612
-0.121746
0.184286
0.0740203
-0.370223
0.323739
-0.308709
0.116406
-0.0776937
-0.0708488
0.104375
0.21361
0.231635
0.488062
0.382319
0.295499
0.244505
0.24227
0.240581
0.388522
-0.11118
-0.525524
-0.388561
0.361445
0.291053
0.375854
-0.299705
-0.0180391
-0.182144
0.421614
-0.348281
0.463693
-0.35793
-0.3243
-0.0430124
0.312662
0.150763
-0.316199
0.1753
-0.361283
-0.440993
-0.471488
-0.330096
0.260679
-0.137675
-0.424179
0.0263804
-0.202039
-0.395858
-0.0764434
-0.367376
0.00838033
0.323692
0.248059
-0.449517
-0.397386
-0.184654
0.494247
-0.271855
0.378799
-0.368505
-0.0148772
0.0274078
-0.0130964
0.126828
-0.23964
-0.40964
0.431305
-0.446643
0.137618
0.0540906
-0.380161
-0.165668
-0.358878
0.416607
-0.329297
-0.42344
0.108113
-0.13912
0.00152886
-0.0238475
0.122709
0.491758
0.110578
0.236842
-0.123396
-0.0879651
-0.463105
0.219954
0.117966
-0.137315
0.429754
-0.0235733
0.478073
0.520292
0.284818
0.440082
0.0868666
-0.225716
0.444911
-0.00988646
0.359062
-0.042347
0.330301
0.351753
0.532953
-0.437442
-0.22718
-0.0772118
-0.0522615
0.0766235
-0.0677357
0.00363962
-0.084267
-0.221349
0.0691425
-1.5077
-0.130526
0.0264165
0.254298
-0.194706
-0.0843562
0.0974322
-0.0180879
-0.103205
0.113216
-0.000712303
0.121267
-0.0494978
0.467872
-0.311495
0.257408
-0.259368
0.00806069
-0.164574
-0.386846
-0.107823
-0.120714
0.0415617
-0.187796
-0.0118043
-0.0461431
1.14693
-0.327477
0.25606
0.400092
-0.381733
0.292861
-0.00128878
-0.0589483
0.169412
0.239764
0.0710045
-0.281491
0.287049
-0.127919
0.0969454
-0.157826
-0.27099
-0.0120184
0.0385262
0.482836
-0.297165
-0.335827
0.247394
0.288274
0.257142
-0.17078
-1.18775
-0.441711
0.194112
-0.071
-0.00208942
0.147668
0.170742
-0.148221
0.0310665
0.0952771
-0.281195
0.0266053
0.239983
-0.204764
0.303033
-0.537244
0.15029
0.1678
-0.0960217
0.490813
0.0319636
-0.378169
-0.00589602
0.39443
-0.435275
-0.411185
0.0921879
-0.177293
-0.200657
0.30391
0.0946415
0.138248
-0.613126
0.202607
-0.264606
0.417934
0.0207699
0.0958195
-0.13849
0.959739
-0.130099
-0.096457
0.492487
-0.122166
-0.0683061
0.427603
0.052663
-0.478206
-0.10836
-0.299995
-0.278184
-0.132652
0.0545469
-0.334433
0.355492
-0.0816596
0.106788
-0.371997
0.221655
0.419208
0.328283
-0.251216
0.215005
0.0616931
-0.0974155
0.437378
0.0288344
0.09174
0.308484
0.0807363
-0.101251
0.0144279
-0.334419
-0.387964
0.303697
-0.119327
-0.400649
-0.107707
0.295197
-0.333394
-0.221485
-0.165871
-0.231824
0.0561711
0.119508
0.181449
0.140667
0.290726
-0.207504
-0.753572
0.391001
-0.193037
-0.0613551
0.330006
0.326705
0.0646753
0.129252
0.143984
-0.573266
-0.293287
-0.0303835
0.086726
0.160832
0.42907
-0.0366947
0.472117
0.465192
0.035378
0.378378
-0.0400775
0.0978561
-0.242556
-0.0584008
-0.0796678
-0.219926
0.111729
0.246635
-0.206552
-0.283598
0.331181
0.545301
0.0864746
0.55831
0.0340966
0.152496
0.137987
0.442428
-0.365407
0.300388
-0.0386872
0.24829
0.460047
-0.263689
0.272814
-0.231187
0.0879499
-0.373928
-0.127974
0.395985
0.241515
0.59
0.150815
-0.437375
-0.187533
-0.266258
0.278585
-0.1354
0.22483
0.354372
-0.311373
-0.263069
0.18051
-0.480623
0.518894
-0.277823
-0.408876
-0.479377
-0.139678
-0.507359
0.199344
-0.173125
-0.383681
-0.305418
-0.183263
-0.57052
0.0913576
-0.315484
-0.256115
-0.418723
-0.331148
0.124476
-0.298472
-0.285203
-0.413647
-0.516952
0.360929
-0.125845
-0.461676
0.0164937
-0.501776
0.278449
-0.534625
-0.270209
0.105906
0.361895
0.252532
-0.0211759
-0.327137
0.00271777
0.348464
0.010201
-0.138073
0.271065
0.0664055
0.22469
-0.0530861
-0.3087
-0.564004
-0.0544685
-0.351629
0.302619
-0.559732
0.249672
-0.00844285
-0.309303
0.174194
-0.181425
0.218134
-0.0920437
-0.216831
-0.107641
-0.364294
0.0830524
-0.359648
-0.345346
-0.155051
-0.123717
-0.316683
-0.485327
0.389602
-0.0141731
-0.557278
0.051564
-0.523494
0.105553
-0.438114
-0.258016
-0.303827
0.542273
0.252555
-0.562134
-0.445025
-0.153648
0.0158113
-0.214909
0.0825795
0.165217
-0.35278
-0.0873528
0.110048
0.121805
-0.350201
-0.00630367
-0.221884
0.0113503
0.189933
-0.164078
-0.055458
0.130167
0.44035
0.158913
0.235252
0.448855
0.0961782
0.149711
0.239144
0.304416
0.540755
0.334743
0.112497
-0.342567
0.124324
-0.212187
-0.181037
0.141236
-0.0622307
-0.0195664
-0.258012
0.470499
0.264593
-0.468292
-0.407866
-0.242173
-0.054058
-0.169105
-0.158842
-0.0112759
0.0164126
-0.155948
0.120222
0.345795
0.408243
0.329793
0.185864
0.283223
0.151762
-0.447604
-0.486081
0.145985
-0.0820117
0.230276
-0.271109
0.079112
-0.234476
0.108063
-0.384272
0.6713
-0.0619291
0.346693
-0.279718
0.343544
0.15287
0.184931
-0.172591
-0.458069
0.704332
-0.0188534
-0.194265
-0.0358787
-0.0236131
-0.0028785
0.155831
-0.081475
0.0221618
-0.15916
-0.373923
-0.184945
-0.0625403
0.255246
7.57252e-05
0.0127771
0.236153
0.211251
-0.471215
-0.35882
0.43017
0.00120806
-0.201455
-0.1629
0.57368
0.505911
-0.0354555
-0.186433
-0.0427222
0.311764
0.414606
-0.814886
0.14539
0.0783814
0.0378756
-0.444035
0.190623
-0.0780938
-0.0174642
0.0744735
-0.224953
-0.426545
-0.0386603
0.0096052
-0.282513
0.0282887
-0.266487
-0.640981
0.24475
-0.159033
-0.210966
-0.0110531
0.416356
0.293699
-0.51852
-0.112472
-0.423523
0.441752
-0.544729
-0.0322642
0.173162
-0.367935
-0.122375
0.144943
0.350119
0.293252
-0.34917
0.308058
-0.189784
0.544794
-0.464168
-0.146297
-0.0711803
-0.255143
-0.26578
0.177932
-0.316688
-0.302708
0.585832
0.304221
0.407882
-0.385338
0.487139
0.435519
-0.31814
0.159974
-0.392527
0.410879
0.163569
0.305874
-0.0390126
0.338271
0.248835
-0.23142
0.195346
-0.321631
0.120706
0.0717111
-0.464353
0.549784
0.511588
-0.281279
0.0652881
0.280115
0.095101
-0.320766
-0.14513
0.369834
-0.231135
-0.0269091
0.192141
0.11877
0.346467
0.250254
0.0552986
-0.0669663
0.00777789
-0.220638
-0.219205
0.383883
0.0628811
0.337585
0.214799
-0.301382
0.292092
0.340808
-0.422227
0.25296
0.00347506
0.0396127
-0.377722
0.247584
-0.129407
-0.171383
-0.0320051
0.151893
0.453063
-0.579259
-0.0226459
0.953373
-0.179663
0.224958
0.00647473
0.166167
-0.379016
0.234472
-0.586515
0.499916
-0.231089
0.235901
0.239877
-0.390273
0.159363
0.0770602
0.0722572
0.340948
0.0636018
-0.0769959
0.177696
0.278736
-0.467291
0.0709554
0.226852
0.304746
-0.163588
-0.203835
0.159954
0.0759552
0.189977
-0.0124433
0.155468
-0.186481
0.0953317
-0.255852
0.0837487
0.273224
-0.414689
0.27358
-0.255757
-0.621329
0.427037
-0.194248
-0.219927
0.170983
-0.246714
0.307822
-0.136307
0.179699
0.00985438
-0.139889
0.0844803
-0.193531
-0.376828
-0.389194
-0.195614
0.275096
0.0736623
-0.177707
0.106543
0.273473
-0.0702872
0.235544
-0.203009
0.575456
-0.0458799
-0.222778
0.229536
0.210171
0.102317
0.0964437
-0.200288
-0.431302
-0.236296
0.554046
-0.115643
-0.0547502
-0.491695
0.162656
-0.0288868
-0.162776
0.153254
-0.112618
0.300078
0.196729
-0.177176
-0.397224
0.049813
-0.394157
0.0478161
-0.40758
-0.357024
-0.268389
0.316438
-0.220593
-0.151447
0.194093
0.114977
-0.0630437
-0.198065
-0.210258
-0.513096
0.382593
-0.270631
-0.227749
0.265898
-0.180603
-0.0661889
0.777359
0.0318858
-0.0995352
0.364171
-0.26859
0.368207
-0.257493
0.477993
0.0463275
-0.527542
0.216307
0.00690082
-0.321488
0.105427
0.145794
-0.255587
0.062065
-0.112944
0.130783
-0.0328399
-0.459997
-0.415701
-0.331308
0.0683015
-0.1156
-0.310047
0.206783
0.240489
-0.199088
0.349459
-0.364506
0.487902
-0.0764831
-0.433009
0.386435
0.108505
-0.252412
0.0213829
-0.211623
-0.0906286
0.0138581
0.286129
0.323462
0.0675109
0.064878
0.143902
0.146442
0.414164
-0.416606
-0.505982
0.0570715
-0.159604
-0.228125
0.446971
-0.178372
-0.0314585
-0.0265936
0.167286
0.400658
0.284981
0.389652
0.120869
0.413748
-0.190772
0.374346
-0.269081
0.0136888
-0.34799
0.374393
0.493672
-0.028164
0.30415
-0.0388275
0.00355904
0.276064
0.0813761
-0.56561
0.286861
-0.354122
-0.103065
0.0126488
-0.521268
0.0595761
-0.397935
0.0561149
0.290037
0.639413
-0.0873865
-0.214933
0.0560509
0.655849
0.144998
-0.122527
0.398528
0.473287
-0.632654
-0.0284346
-0.181065
-0.00588634
-0.698736
0.495308
1.01796
0.108635
0.357216
-0.201362
0.709426
0.43096
-0.38483
-1.34876
0.0468445
-0.221462
0.341977
-0.0664079
-0.605232
0.132946
-0.465029
-0.1817
-0.0642873
-0.0359264
-0.0305733
0.359443
-0.610003
0.499894
0.632506
0.514328
0.142624
0.26015
-0.217403
-0.546381
0.389836
0.258812
0.214816
-0.663175
0.387233
-0.0774287
1.30842
-0.382575
-0.516397
0.0212236
-0.25705
-0.0964486
-0.42193
0.44672
-0.407858
0.302478
-0.0840859
-0.36451
-0.260377
0.274349
-0.142548
0.324676
-0.000367026
0.124895
0.326066
-0.315117
-0.590829
-0.0442754
0.53267
-0.0321737
0.178355
0.307229
0.261063
0.765655
-0.0920252
-0.106986
0.00414119
0.182632
0.153285
0.101821
-0.378856
0.268103
-0.319804
0.385494
0.0828981
0.251582
-0.0384925
0.152243
0.319697
0.0140955
0.101964
-0.327995
-0.25915
-0.172551
0.142566
-0.108699
0.761253
0.358088
-0.0922419
0.24184
0.192315
-0.0757046
-0.0804741
-0.725123
-0.845788
0.510353
0.346192
