#input normalization
0.161126 0.275374
33.6958 45.2558
9.30989 32.4763
7.75692 29.6148
0.0104805 0.0406324
0.008464 0.0337926
0.564818 1.48093
0.795869 1.50863
1.10038 1.73119
1.41277 1.97868
1.75552 2.22052
2.08751 2.45795
2.40622 2.68133
2.72523 2.88225
3.03084 3.05648
3.31412 3.186
3.58281 3.27987
3.83858 3.35045
4.07283 3.38738
4.2536 3.37307
4.41621 3.32876
4.56145 3.24478
1 -1
1 -1
#output normalization
1 0
#neurons weights
-0.0392405
-0.271435
-0.00867697
0.017427
-0.347503
0.336885
-0.279627
0.035412
-0.337161
0.184
0.125742
0.379666
-0.292325
0.405143
0.013052
0.0231313
0.0536525
-0.342802
-0.0680225
-0.333496
-0.124151
-0.219356
-0.437402
0.152771
-0.0746173
0.605568
-0.527366
0.331554
0.0102912
-0.150321
0.464173
0.354173
0.105248
-0.0894134
0.458378
-0.516348
0.464891
0.372365
-0.507054
0.439783
0.0877343
0.463268
-0.0588567
0.0351008
-0.0896761
-0.427936
0.0958338
0.193671
0.350901
0.676474
-0.331173
-0.178323
0.0825802
0.62911
-0.460797
0.445606
-0.00910018
-0.193982
0.137496
0.0277331
0.194206
0.445504
-0.129676
-0.07156
0.158463
0.0305378
-0.424306
0.427233
0.524706
0.201369
0.212289
0.479768
0.0634728
0.538098
#synapses weights
-0.183363
-0.0197817
0.0139296
0.05419
-0.072329
-0.00684648
2.44432
-0.144168
-0.0295607
-0.199026
0.105747
0.0296819
0.191003
-0.254759
-0.11637
0.18038
0.291421
-0.299647
-0.0758301
-0.0984829
0.243184
-0.152958
0.383081
0.358426
-0.602172
-0.290733
-0.327493
-0.18919
0.0989581
-0.238518
0.948363
-0.0574506
0.0691558
0.103329
-0.198991
-0.110475
-0.244454
-0.299472
0.459121
0.0224401
-0.156432
0.235295
-0.493682
0.367034
0.0203759
0.229638
-0.392772
0.273354
0.0320736
0.30108
0.172876
-0.214236
-0.127446
-0.189809
-0.879525
0.27137
-0.390869
0.190034
-0.125911
-0.541676
0.186631
-0.485555
0.316315
0.136517
0.0682921
-0.115681
-0.475373
0.234903
0.235619
0.166186
-0.312123
-0.122878
0.126721
-0.0563958
0.18544
-0.169148
-0.173209
0.0672188
1.95906
0.160454
-0.141672
-0.0774757
0.191586
0.0473852
0.073422
-0.0294469
0.171582
0.0135903
-0.10839
-0.0806725
-0.105757
0.389289
-0.305763
0.111866
0.221308
0.0348371
-0.240184
-0.455409
0.0178988
0.312667
0.107577
0.239683
-1.04135
0.1787
-0.235225
-0.410976
0.0658766
-0.113458
0.15659
-0.356949
-0.225889
0.24179
-0.409516
-0.197212
0.169369
-0.0105326
-0.251174
-0.0848084
-0.087213
-0.252367
-0.198388
-0.0647458
-0.00390391
-0.21234
0.0254663
-0.0780237
-1.0352
0.316801
-0.013039
0.0939877
0.513738
-0.186498
0.0937878
-0.193362
-0.223428
-0.299826
0.284067
0.204753
-0.397711
0.0543589
0.119166
0.377465
0.445853
-0.409759
-0.13223
-0.337181
0.0832605
-0.185871
0.0178292
0.107616
-1.54546
0.0366499
-0.104177
0.206064
0.0872638
-0.0707996
0.0148348
-0.0381657
0.319832
-0.153314
0.353148
-0.0248558
0.0290719
-0.0613727
-0.212929
0.206721
0.0349029
-0.34008
-0.143871
0.200713
-0.291313
0.0578351
0.329554
-0.171532
-0.403011
-0.14279
0.179245
-0.134383
0.398609
-0.40808
0.315441
-0.0264242
0.0180459
-0.0464682
-0.32607
-0.380621
-0.38248
0.0272738
-0.303946
-0.323716
0.238704
-0.226823
0.321356
0.349456
0.203167
-0.229564
-0.238645
-0.315882
1.3731
-0.0815512
-0.0866361
0.0210265
0.139087
0.15237
-0.30982
-0.118113
0.122165
0.103792
-0.0621804
-0.15347
-0.189467
-0.456547
0.145154
0.0874036
-0.0180989
0.0761396
-0.0275977
0.321631
0.149769
0.458752
-0.226654
-0.279619
-1.1347
0.0791456
-0.451213
0.264618
-0.0678031
-0.0391856
-0.0278762
-0.156855
-0.0817988
-0.0663326
0.0098995
0.33495
0.0990323
-0.136835
-0.0653545
0.209377
-0.185192
-0.342109
-0.0462515
-0.0340638
0.532169
0.172061
0.0814767
0.0855956
-0.25994
0.325424
0.181803
-0.256999
-0.131555
-0.185005
0.229982
-0.328535
0.288796
-0.100526
-0.13012
-0.521754
-0.164525
0.328521
0.379403
-0.309502
0.362006
-0.478301
0.33446
0.334876
-0.428473
-0.43048
-0.128209
0.0837416
-0.486791
0.139163
0.278073
-0.336905
0.36562
0.360032
0.22599
-0.455021
0.412525
-0.0493095
-0.410683
-0.325777
0.0740903
0.390617
-0.0335244
0.27581
-0.45165
-0.135615
-0.22513
0.28408
-0.304866
-0.0493231
0.399375
0.0183584
1.64024
-0.0129568
-0.166996
0.103567
-0.484784
-0.0314796
0.178121
-0.293193
0.0140549
0.254041
-0.384406
0.100521
0.0218968
0.149529
0.179255
0.208537
0.139109
0.251021
0.044225
-0.302466
-0.143532
-0.210031
0.105879
-0.237101
-0.933684
-0.150748
0.145564
-0.241041
-0.0441161
0.347188
-0.335738
0.0865436
-0.12018
0.509666
-0.328271
-0.437571
-0.124207
0.208964
0.0515503
0.0152395
0.352852
0.0619868
-0.266341
-0.149579
0.253901
-0.474468
0.262057
-0.0576628
-0.876844
-0.193687
0.152952
-0.184441
0.244341
-0.202832
0.0122132
0.0898656
0.204699
-0.0105256
-0.0906128
-0.11669
-0.0848486
0.358395
0.2364
-0.0457496
-0.138236
0.226916
0.496497
0.212015
0.369438
0.0537574
-0.46605
-0.0181658
2.92221
0.121016
0.00886956
-0.00073358
-0.107326
0.134173
0.0177307
-0.170582
0.234957
-0.0957631
0.0114672
-0.0939823
0.0278211
-0.158948
0.0358618
-0.126603
0.249949
0.262797
0.441153
-0.102488
-0.20661
-0.271265
-0.124243
0.138107
-1.2991
-0.100997
0.0866603
-0.0845669
-0.0797777
0.4589
-0.184114
0.193684
-0.196783
0.166346
-0.0840973
-0.037751
0.29477
-0.212273
-0.132836
-0.030002
-0.184453
-0.250297
0.351191
-0.0646798
0.0369889
-0.185988
-0.399336
0.147431
-0.890395
0.0677343
-0.0464115
-0.151953
0.492018
0.539184
-0.553443
0.143111
0.465513
-0.0485554
-0.106811
0.113088
-0.098772
-0.194981
0.138402
0.440367
-0.214169
-0.290567
-0.382646
0.188968
-0.59904
0.242834
0.257175
0.212389
1.06363
0.422463
-0.0641867
-0.0906541
0.257392
-0.131775
-0.0754517
0.118928
-0.174301
-0.0233413
-0.259691
-0.057058
0.00203105
-0.0673156
0.128648
-0.115701
0.0563872
0.293859
0.331153
-0.475021
0.357658
-0.142141
-0.242621
0.106802
2.47733
0.0857337
0.0017599
0.0777221
0.105122
0.0699549
-0.175679
0.32106
-0.138539
0.0942825
0.0374762
0.273575
0.0985024
-0.147812
0.266968
0.0180649
0.292251
-0.129782
-0.270414
-0.0899992
-0.473931
0.0563834
0.204064
0.00493633
-1.41421
-0.0305014
0.0502408
-0.308868
-0.0879781
-0.199408
0.178238
0.123241
-0.0172182
0.0102227
-0.528126
-0.0852147
-0.171451
-0.339123
0.235603
0.392116
-0.100253
-0.441819
0.26379
0.0492998
0.0934991
0.105706
-0.376644
0.114737
-1.891
-0.255608
0.207184
-0.283501
0.179819
0.359241
-0.268633
0.113223
0.581547
-0.201905
0.0218395
-0.00339529
0.00869453
-0.0390548
0.717323
0.147301
-0.143921
0.402812
-0.234273
-0.407331
-0.356683
0.103174
-0.2037
-0.248372
-1.39406
0.0477691
-0.296394
0.606069
-0.353237
0.342284
0.208365
-0.0555029
-0.134712
0.362849
0.120004
0.0430911
-0.415485
0.39308
0.0459936
-0.283727
-0.0519993
0.0237319
0.167072
-0.442841
-0.0472841
-0.557137
-0.12691
-0.173887
-0.275054
-0.210049
-0.0189896
0.231022
-0.2184
-0.00175995
0.403652
0.0411545
0.331601
-0.187949
0.522771
-0.492622
-0.191307
-0.234763
0.0504814
0.574459
-0.311218
-0.0735802
-0.430648
0.323258
-0.386303
-0.24154
-0.489172
0.313833
0.198237
-0.00337964
0.162333
0.199032
-0.0825299
0.416104
0.134281
0.193917
0.249968
0.476141
0.459962
0.189566
-0.197121
0.0130535
0.435245
-0.289892
-0.480907
-0.0747875
0.197118
0.270626
-0.248009
-0.107609
0.192123
-0.429018
-0.454171
-0.0504831
0.688081
0.264244
-0.17026
-0.285613
0.195587
-0.549925
-0.141367
0.778812
-0.0409103
-0.151224
0.335916
0.224404
0.374053
-0.348122
-0.0931479
0.478142
0.564328
-0.645908
-0.567795
0.371501
-0.457726
0.305186
-0.286588
0.441762
0.313237
-0.367356
-0.524687
-0.167346
0.190517
-0.543571
-0.0468381
0.0596765
-0.651722
0.0777461
-0.0070171
-0.108224
-0.865062
0.358361
0.511567
0.107995
-0.0715735
-0.00284877
0.0359776
-0.150604
-0.353118
-0.0079169
-0.114757
0.315577
-0.309591
-0.125085
-0.0776038
-0.180888
-0.11047
0.320861
0.155803
-0.170199
0.461506
-0.180659
0.135412
-0.396195
-0.28343
-0.368454
-0.222743
-0.333406
0.432934
-0.179707
0.309065
0.314172
0.473005
0.121295
0.0417361
-0.115566
0.438933
0.215319
0.440849
-0.306202
0.0794848
-0.0580447
0.0738891
0.636818
0.322658
-0.416739
-0.220324
-0.0730373
0.185618
0.00779047
0.480624
0.15167
0.115468
-0.195137
0.0634027
0.398935
0.402515
0.273541
-0.0958475
0.648472
-0.417386
-0.382325
-0.231253
-0.310408
0.42773
-0.286163
-0.400741
0.340186
-0.0741914
-0.407001
0.457548
0.825229
0.193888
-0.150854
0.333279
0.204414
-0.260824
0.238949
-0.359456
0.247927
0.175897
-0.513971
-0.146894
0.382247
-0.430897
-0.162607
-0.227659
-0.353926
-0.142681
0.235744
0.0357954
-0.0421093
0.0476111
-0.254967
0.175181
0.471902
-0.699771
0.00564709
0.068498
-0.0135947
-0.426326
0.314798
0.38476
-0.477866
-0.133671
-0.187957
0.18817
0.194303
0.453782
-0.412213
0.222791
-0.218731
-0.284279
0.0462468
0.32505
0.418246
-0.0143246
-0.40713
0.242784
0.310567
-0.162366
0.159145
0.51478
0.247172
0.239694
0.311089
-0.240494
-0.188145
0.474566
-0.465323
0.247789
0.281616
0.0562413
-0.556315
0.610076
-0.385018
-0.0459083
-0.0625408
0.453369
0.101645
-0.246076
0.291799
0.0458773
0.400355
0.0185444
-0.2231
0.704333
-0.344932
0.248155
0.423725
0.849068
-0.477288
-0.0938245
-0.298057
0.145071
0.0307399
-0.357538
-0.237738
0.0957579
-0.52848
-0.37088
-0.364589
0.504216
-0.230252
-0.0330149
0.354795
-0.100087
0.291035
-0.493354
-0.238679
-0.0490014
-0.542336
0.0784
0.459369
-0.676997
-0.70929
0.416649
0.298179
0.124697
-0.569164
0.304625
0.508515
0.461781
-0.0577678
0.659132
-0.133639
-0.509428
-0.434146
0.0269915
0.521814
-0.491479
0.119497
-0.0939919
0.209737
0.0447896
0.244442
0.950466
-0.0445631
0.0177895
0.209948
0.654028
-0.466765
-0.797552
-0.512343
-0.143786
-0.3483
-0.0804227
0.215804
0.160905
0.473316
0.364286
-0.143952
0.126979
-0.316011
0.452539
0.373411
0.418184
0.402091
-0.207256
-0.43318
-0.383404
-0.34829
0.345806
-0.342143
0.595633
-0.275115
-0.495301
0.119865
0.398382
0.489119
0.0353717
-0.327298
0.601109
-0.252359
0.0181249
-0.231073
-0.315186
-0.228411
-0.281606
0.449426
-0.320976
-0.146825
0.262634
0.0150597
-0.227259
0.291158
0.208272
-0.184575
-0.0899682
0.243696
0.382856
0.0682781
-0.0967481
0.316662
-0.360041
-0.0427894
0.195669
0.0200725
0.193418
-0.0319215
-0.306757
-0.317837
0.143632
0.0165391
0.495767
0.135874
-0.237459
0.0614333
0.13906
-0.461189
-0.0831171
0.0612408
-0.109907
-0.296351
0.00860666
0.067905
-0.446845
-0.458116
-0.457944
-0.221833
0.0923162
0.549142
0.0147283
-0.106413
0.117041
0.350188
-0.301031
-0.444748
0.310863
0.337247
-0.373236
-0.470518
-0.0173069
0.262067
-0.308276
-0.0625697
0.039633
-0.601429
0.174344
0.0650299
-0.0725217
-0.0872041
-0.468169
-0.314633
0.012787
-0.185518
-0.38468
-0.127033
-0.183414
0.297002
-0.296318
0.0786665
-0.506956
-0.0526585
0.0642076
-0.407802
0.539206
0.17083
0.37471
0.287822
-0.272316
-0.0960689
-0.111439
0.208157
0.231172
-0.44508
-0.519584
-0.323104
-0.0873838
0.501344
-0.00656915
-0.0693657
-0.2951
-0.358225
0.359723
0.120751
0.305112
-0.438757
-0.472121
0.071954
-0.147894
0.369428
-0.33323
-0.230241
-0.447078
-0.1409
-0.261914
0.162636
-0.357669
-0.0283581
0.167035
-0.310919
-0.0285827
-0.437253
-0.101762
-0.143485
-0.415817
-0.325401
-0.161096
-0.0687599
0.500654
0.268605
0.502261
-0.175493
0.397411
-0.317876
0.2971
0.488952
0.220798
-0.0800452
-0.0246577
0.431217
-0.313589
-0.088469
0.490731
0.492238
-0.318651
-0.488023
0.470603
0.113172
0.204398
-0.0519245
-0.0107849
0.225715
-0.194081
-0.0372493
-0.153191
-0.0472339
-0.344297
0.28911
0.149267
-0.0161673
0.41078
-0.0549748
-0.0952575
0.356856
-0.438145
-0.0670511
-0.0471238
0.286546
0.305556
-0.37973
-0.0610693
0.342623
0.466107
0.210585
-0.165583
0.18878
-0.146903
-0.00666215
-0.403448
0.142815
0.463424
-0.46528
0.116877
-0.177638
0.388349
0.380581
-0.00851143
-0.345698
0.130154
-0.434131
0.356758
0.263125
-0.266049
0.445231
-0.0438203
0.149158
0.0233321
0.152817
-0.14402
-0.344624
0.115103
-0.131265
0.332624
0.112626
0.460617
-0.126058
0.473029
-0.0858081
-0.111121
-0.0792168
0.454155
-0.253919
0.454406
0.155333
0.420781
-0.436244
0.284434
-0.424389
0.162333
0.247569
0.491251
-0.233987
-0.414087
0.487337
-0.514575
-0.272818
-0.0640924
-0.471977
-0.334241
-0.40199
-0.204105
-0.327113
-0.0276972
-0.107756
0.159134
0.333503
0.326617
-0.331119
0.144481
0.25973
-0.295681
-0.335288
-0.214844
0.0758007
0.356362
0.111735
0.0230359
0.178047
-0.30539
-0.126498
0.325577
-0.420565
0.429723
0.428645
0.325174
0.30891
0.0373719
-0.113232
0.304458
-0.127153
-0.0727027
0.0433594
0.159624
-0.212993
0.340086
0.347639
0.463411
0.106672
-0.118816
0.562555
-0.115357
0.427896
0.264061
-0.170716
-0.265568
0.524032
-0.528261
-0.0582837
-0.534826
-0.125459
-0.713806
-0.346007
0.50609
-0.0839509
-0.3466
0.135204
0.0406929
0.102626
-0.302819
0.170443
-0.28596
0.00718582
-0.0334728
-0.178532
-0.120883
-0.251446
-0.109951
-0.0936687
0.2526
-0.114568
-0.175067
0.338331
0.363793
-0.429164
0.293207
-0.203976
0.52825
-0.30525
0.0115295
0.113258
-0.399238
0.0881598
-0.413347
0.426682
0.245818
-0.0524935
-0.0337295
0.124343
-0.0288131
0.132511
-0.180496
-0.276923
-0.185968
0.0439174
-0.158622
0.52428
-0.0601466
0.296115
-0.454796
0.471853
-0.0186527
-0.343765
0.414305
-0.802845
0.0786379
0.225394
0.208334
0.798654
0.516608
0.249651
-0.177316
0.333526
-0.0899052
-0.200235
-0.142694
-0.083491
0.201812
-0.071847
