#input normalization
0.160548 0.269441
48.754 51.4952
10.5141 38.5801
8.39842 31.9027
0.0115995 0.0431177
0.00931595 0.0331574
0.52601 1.31785
0.823961 1.14631
1.01646 1.32786
1.23048 1.51654
1.47696 1.68552
1.73 1.83539
1.9743 1.96587
2.21076 2.0781
2.43718 2.17557
2.63908 2.23007
2.83415 2.26984
3.01462 2.27938
3.15896 2.26461
3.28283 2.21551
3.38211 2.15303
3.46272 2.06189
3.51676 1.96916
3.54752 1.85503
3.5578 1.72878
3.54351 1.58884
3.49301 1.43749
3.43716 1.27838
3.34482 1.10378
3.22632 0.928516
3.11259 0.760479
2.99202 0.585453
38.6193 50.1293
7202.66 5047.43
#output normalization
1 0
#neurons weights
0.49862
0.0163737
0.0970078
-0.0911721
-0.126449
-0.306982
-0.394816
0.0607717
-0.243958
-0.364979
-0.218125
-0.149116
-0.395756
0.0609085
-0.0498708
-0.155018
0.175218
0.0869795
-0.194971
0.350122
-0.0787209
0.494666
0.254879
0.0190172
-0.194767
-0.415784
0.13769
0.180521
0.295148
0.351107
-0.386361
-0.0362318
-0.0410155
-0.185594
0.615443
0.469633
-1.01282
-0.288495
-0.641423
0.471401
0.251821
0.211752
-0.366167
-1.91848
-0.367879
0.508069
-0.135537
-0.397808
-2.01278
-0.266665
0.575661
0.297136
-0.471755
0.982058
-0.375824
-0.48113
0.236812
0.38116
-0.357652
0.522275
0.25287
0.000664047
-0.474931
0.183379
-0.319243
0.692755
0.0997854
0.349182
0.171541
0.0721653
-0.0198507
0.138045
0.0897846
0.0617306
-0.251978
0.15143
-0.324857
0.0489794
0.102729
-0.169852
-0.450921
0.288971
0.486336
0.73216
0.492828
0.0629905
-0.342146
0.318922
0.145517
-0.202163
-0.0270084
0.421391
-0.387425
0.0697606
0.0939765
-0.25919
0.244788
-0.133534
0.209883
-0.283278
0.331632
0.00535466
0.408401
0.217096
#synapses weights
0.378599
0.0635203
-0.357415
-0.216961
0.126944
-0.212109
-0.893851
-0.624573
-0.0277664
-0.0579609
0.0147364
0.219252
-0.0855305
0.488595
-0.246405
0.412572
0.0631965
-0.396677
-0.0163063
0.353546
-0.164728
-0.0224799
0.0757005
0.132104
-0.0902663
-0.0526614
0.0902252
-0.0399315
0.300066
0.274878
-0.0890349
0.00275964
-0.293638
-0.0754654
0.0673998
0.317764
-0.0562408
-0.146704
0.373828
-0.17593
0.938231
-0.251811
-0.0623354
-0.202461
0.115447
-0.290191
0.326976
0.0644227
0.136539
-0.365096
0.374682
0.0935633
-0.127353
-0.071977
0.291374
0.17144
-0.213415
0.287476
-0.204718
0.0492214
-0.230717
0.028587
0.171312
0.113018
-0.221529
0.30923
-0.33483
1.51366
0.0708415
0.267169
-0.120338
0.0476083
-0.189717
0.280052
-0.726933
-1.51699
-0.807451
-0.471756
-0.387401
-0.384869
0.128927
-0.174121
0.0576129
0.0200398
-0.0918072
-0.0645548
-0.0684094
-0.0283559
0.0391065
0.010796
0.438253
-0.214197
-0.291636
0.244108
0.0382931
-0.207392
0.0882626
0.025969
-0.070132
-0.0739441
0.128602
-0.815728
-0.645813
0.40839
-0.263143
0.488219
-0.246942
-0.372626
-0.0109057
0.107132
-0.221382
0.210964
0.275857
0.19559
-0.0479934
-0.448529
-0.203635
-0.363833
0.299692
-0.425238
-0.0342375
-0.511354
-0.00699524
-0.00683168
0.396098
0.45339
-0.364478
0.0144984
0.370729
-0.00064693
-0.438154
0.111444
0.103127
-0.451366
0.576041
1.14469
0.182413
0.233789
0.0328812
0.206769
-0.21909
0.135232
-0.83501
0.171906
-0.414268
0.0203994
-0.23647
0.311955
0.0236314
-0.319234
-0.209605
-0.275969
0.240002
0.0308318
0.149369
0.0347441
-0.163547
0.0251754
0.249966
0.266157
-0.158281
-0.16616
0.194211
-0.000745009
0.0378487
-0.0337835
-0.0807377
0.20369
-0.457468
-1.28465
0.296775
-0.0512994
-0.0994119
-0.028437
0.439798
0.0949261
0.08497
-0.341823
0.0877319
-0.00420744
-0.0639707
-0.150589
-0.0903006
-0.375127
-0.132076
0.106962
0.127854
-0.369917
0.45488
0.364535
0.0162347
0.0157065
-0.540504
0.167246
-0.0945302
-0.0934967
-0.197849
0.0654005
-0.421648
-0.146525
0.180605
0.0298583
-0.460439
1.49669
-0.0290333
0.00529114
0.0526654
0.0176623
0.0427652
0.0382752
-0.36379
-0.246337
-0.0223558
-0.22581
0.28555
0.0111333
0.352159
-0.16949
-0.142703
-0.079957
-0.148844
0.170785
-0.336095
-0.0151297
0.440689
0.170651
0.284151
-0.224542
-0.101618
0.312591
-0.404245
-0.081236
0.362951
-0.35784
-0.446682
0.066677
-0.0282274
1.17501
-0.234721
0.527507
0.443193
-0.454173
-0.0118001
-0.485137
0.242533
0.188116
0.326887
0.158779
0.0117867
-0.459592
-0.237534
-0.0476418
0.195482
-0.195805
-0.267583
0.246587
-0.282514
-0.491716
0.269846
-0.0343836
0.383699
-0.219223
-0.0842152
0.121906
-0.262084
-0.124645
0.276403
-0.00235113
-0.213251
-0.0554037
0.845304
-0.394987
-0.444203
0.0936542
-0.0505768
-0.368429
0.0781552
0.120409
-0.223672
-0.0165586
-0.178521
0.0795111
-0.0455271
0.00598252
-0.274792
0.138136
0.0253609
0.0131187
0.367131
-0.134575
-0.400508
-0.0195735
0.305173
0.292475
0.064496
0.385562
-0.175923
0.180305
-0.267137
-0.243585
0.253578
-0.411734
0.304978
-0.166859
0.390245
0.794342
0.436865
0.178566
-0.0130026
0.106323
0.382385
-0.0964191
-2.14116
0.101111
-0.0685995
-0.0206157
-0.0443583
0.161399
-0.0492649
-0.132273
0.0476965
-0.0684175
0.301926
-0.373387
0.058038
-0.10629
0.119495
-0.281543
-0.0996406
0.079917
-0.0357009
-0.0208039
-0.0956028
-0.0671327
0.24429
-0.212966
0.171991
-0.0742629
-0.702853
-3.82045
-0.0960483
0.292193
0.296892
-0.120191
0.597716
0.34171
-0.0232525
0.318216
-0.207372
0.0776316
0.254332
0.101925
-0.173944
0.269881
-0.119153
0.0901965
-0.0495548
-0.276599
-0.231995
-0.11417
-0.477567
0.320549
0.286829
-0.3375
0.00829948
0.0377849
-0.292109
0.348226
-0.483932
0.311389
0.226955
-0.00697312
0.624184
-0.787527
-0.219537
0.208183
0.28701
0.0180232
-0.151481
0.0908734
0.172408
-0.389369
0.418362
-0.21587
0.0902497
-0.35556
-0.135326
0.470593
0.197914
0.376901
-0.0176459
0.361428
0.276438
0.362999
-0.00216146
0.274642
0.373022
0.290598
-0.0509871
0.379387
-0.00294155
0.34254
0.309611
0.0808774
-0.0930867
0.0306677
0.105363
-0.351963
0.623306
0.322374
0.233267
0.322051
0.0754269
-0.417689
0.383446
-0.231206
-0.169952
-0.156458
0.255882
0.33565
0.245572
-0.414699
-0.132713
-0.337516
0.349202
0.0512393
-0.14438
-0.108728
-0.194764
-0.103927
0.296911
0.157782
-0.402299
-0.108096
0.374723
0.0725317
-0.105753
-0.0368967
-0.485618
0.278876
0.033096
0.767324
-0.251956
0.353628
-0.0251035
-0.362339
0.176776
-0.186382
-0.624323
-0.158432
-0.0472355
-0.303104
0.244377
0.236563
0.00537831
-0.167924
-0.163718
-0.170915
-0.23675
0.30973
-0.277751
0.353985
0.209538
-0.0447509
0.201933
0.216777
0.161641
-0.409278
0.0316505
0.287534
-0.104891
0.157206
0.305447
-0.412783
-0.398985
-1.11016
-0.0148483
-0.380434
-0.0831875
0.0464376
0.0137785
0.0169814
-1.43831
-1.91483
-0.0483261
-0.0925886
-0.032597
0.0310501
0.16135
0.0397432
-0.0644439
0.169442
-0.0936056
-0.0193867
0.0471432
-0.0423418
-0.189879
0.365741
-0.129177
-0.237248
0.261277
-0.0619427
0.189662
0.0484239
-0.240091
-0.191205
0.074874
0.321925
-0.0935476
-3.77987
-0.121482
-0.233087
-0.181618
0.326359
-0.0771466
-0.31356
-1.26236
-0.387046
-0.0989217
0.191694
-0.337612
-0.0811671
0.054547
-0.164325
-0.172455
-0.16645
-0.12582
0.00289958
0.0389061
-0.126232
0.278678
0.0633023
-0.0517392
0.0746232
0.0870903
0.0147454
0.164021
-0.111212
0.225233
0.501673
-0.0284668
-0.0331144
-0.029682
-1.52206
-0.297795
-0.347677
-0.026991
0.0137209
0.334457
-0.449227
0.472457
0.3679
-0.26202
0.280803
-0.257275
-0.353948
0.0765084
-0.443036
0.297979
-0.224039
-0.334684
0.422844
0.36983
-0.351651
0.0523012
0.272753
-0.419765
-0.0907486
0.176633
0.456299
0.078349
-0.281852
-0.0768282
0.195828
-0.263784
0.264359
0.366369
0.579335
-0.553228
-0.290288
-0.0251233
-0.218923
0.383373
0.488639
-0.583696
0.242685
0.0575672
-0.0826943
-0.133211
-0.0590516
-0.198579
0.0453882
0.0354275
-0.328868
0.160545
0.0377143
-0.290464
-0.281227
0.441561
0.353232
-0.296526
-0.170833
-0.281514
0.0896019
-0.305059
-0.250717
-0.137671
-0.217463
-0.138862
-0.164293
-0.00840769
0.235031
-0.559138
0.433687
-0.283984
0.529115
-0.456564
0.0410583
-0.714955
0.0666137
0.0730462
-0.0188746
-0.00363636
-0.448295
-0.00376836
-0.287567
0.117072
-0.442472
0.50605
0.351234
0.255187
0.206505
-0.179332
-0.354821
0.161417
-0.0918678
-0.244845
-0.0189515
-0.452798
0.0305999
-0.175329
0.352027
0.2357
-0.409284
0.109648
-0.0909711
-0.0168488
0.399263
-0.102473
0.101763
-0.0514098
-0.0512853
-0.359287
-0.236232
0.015967
-0.103264
-0.0457585
0.362986
0.14973
-0.0444414
-0.164515
0.239738
-0.312896
-0.0719995
-0.0909283
-0.106155
-0.210396
-0.116579
0.241299
-0.118097
0.115495
0.0607479
-2.06697e-05
-0.192209
-0.246536
0.114192
-0.347653
0.0597947
0.0928014
1.286
-0.0104978
0.492466
0.206206
-0.0767388
-0.147438
-0.0952744
0.283851
-0.387402
0.366082
-0.0899333
-0.361956
0.369666
-0.145273
0.515821
0.321909
-0.00310472
0.260272
-0.379192
0.311762
-0.186634
-0.0920687
0.409794
-0.261068
0.430363
-0.173866
-0.197105
-0.107415
-0.148578
-0.188517
0.241977
-0.281889
-0.0880488
-0.170244
-0.194743
0.18456
0.200967
0.420563
0.164437
0.116773
0.271125
0.143675
0.00310176
-0.187391
-0.446179
-0.0304698
0.363636
0.221805
-0.392773
0.180615
-0.101648
0.174177
0.360651
0.176884
0.277814
0.377377
-0.0338377
-0.0458487
0.160833
0.020426
0.0219552
0.352872
0.0986372
-0.0402794
0.0577342
-0.106935
0.207923
-0.200566
0.527256
0.0202315
-0.412629
-0.30758
0.0804032
0.291215
-0.13257
0.486183
-0.259753
0.188148
0.074177
0.216556
-0.32381
0.311756
-0.210642
-0.116647
0.0468406
-0.0468256
-0.135596
0.035218
0.0377383
-0.121369
0.478334
0.268145
-0.272271
-0.197547
-0.0421506
0.219523
0.130652
0.397667
-0.279807
0.158321
-0.494782
-0.431539
-0.934771
0.118115
0.0676238
-0.215347
-0.0778921
0.0294803
0.343818
-0.195539
0.00952464
-0.688666
0.417735
0.0593567
0.101353
0.392054
0.493579
-0.0204976
-0.352436
0.389755
0.110228
-0.0364587
0.394208
0.314599
-0.057593
-0.102497
-0.0148476
0.166863
-0.0992225
0.278909
0.216772
0.00173714
0.17755
-0.0871754
-0.132779
-0.418219
0.0396843
-0.380772
0.0939229
0.138194
0.456297
0.240768
0.030564
0.218486
0.00373995
-0.0808797
0.335822
-0.0824802
-0.269589
-0.284424
0.42263
0.172334
0.328563
0.0244523
0.337656
0.187187
0.467418
-0.0679171
0.445188
0.28272
0.330317
-0.109393
0.0472342
-0.340206
0.27765
0.500892
0.367854
-0.044625
-0.208026
0.0475812
0.0599303
-0.199849
-0.530493
0.212057
-0.155858
0.0258714
-0.00496809
-0.276643
-0.236453
-0.0632618
0.0787418
-0.144075
-0.373195
0.156597
0.33264
0.113232
0.19773
-0.0556062
-0.105713
0.286603
-0.393604
0.0141269
-0.361394
0.152941
0.251429
-0.189008
-0.254455
-0.251606
0.162299
0.389883
0.484036
0.279729
0.225018
0.383825
0.63257
0.30213
-0.174813
0.35529
-0.119848
-0.274557
0.398562
-0.406117
0.246785
0.311795
-0.127739
0.323652
-0.312781
0.39346
0.0884909
-0.490424
0.450979
0.26028
-0.0408588
0.0381133
-0.22678
-0.42842
-0.167203
0.281436
0.303656
-0.13423
-0.299982
0.262104
-0.32617
-0.112726
-0.18585
0.117968
0.278159
-0.549651
0.18811
-0.0979969
-0.014437
0.376618
0.133403
-0.103805
-0.173796
0.247658
-0.272497
-0.0159876
0.00964267
-0.183463
0.372391
0.200887
-0.434162
-0.202586
0.225488
-0.0467666
0.252998
-0.41281
0.0271258
-0.347757
0.526832
-0.0417001
-0.0277239
0.278569
0.658126
-0.339362
0.213568
-0.219831
-0.251195
-0.10672
-0.248305
-0.352762
1.10238
0.437642
-0.0526758
-0.380684
0.275605
0.129019
-0.291046
0.948628
-0.0730445
0.139155
-0.0414116
-0.133136
0.118786
-0.208465
0.471669
-0.280242
-0.362207
0.0973641
0.166653
-0.0485583
0.0231392
0.0234959
-0.152244
-0.0768342
-0.0512841
-0.325014
-0.392415
-0.192928
-0.393678
0.00059872
0.364501
0.0063157
0.136875
0.540981
9.83141e-05
0.26916
-0.345558
-0.186567
-0.215398
0.0733524
0.311816
-0.151682
0.111158
0.237754
-0.331767
-0.403894
-0.381982
0.0536607
-0.383526
-0.0938969
-0.237759
-0.345868
-0.402151
0.0868624
0.363037
0.478424
-0.368608
0.0778637
-0.566242
-0.588771
0.33068
-0.124684
0.0999142
-0.308177
0.0660921
0.127158
-0.392477
-0.122338
-0.0331443
-0.126915
-0.495757
-0.07918
0.322871
-0.316441
0.150751
0.179448
-0.35691
0.211899
-0.0103426
-0.13685
-0.221065
-0.381504
-0.445249
0.365464
0.475667
-0.00847506
0.223652
-0.116752
-0.41565
0.147208
-0.264256
-0.48321
-0.509156
-0.122694
-0.345706
-0.102858
0.297612
-0.0859796
0.159269
-0.00663542
0.300567
0.104882
0.818972
0.0239048
0.319891
0.204348
0.250714
-0.316585
0.0755978
-0.416826
-0.222254
-0.155904
-0.0883876
0.00561774
0.16861
-0.341991
0.160541
0.39519
-0.176581
0.198248
-0.128876
0.0127057
-0.27647
-0.299987
0.0361261
0.0247777
-0.206543
0.264846
-0.0360881
0.400701
-0.311181
-0.152433
-0.380892
0.144227
0.0843246
0.101845
1.62937
-0.317817
-0.296605
0.120832
0.256484
-0.486432
-0.259957
0.453798
0.272905
0.306923
-0.307981
0.406823
0.294553
-0.18075
-0.134262
0.269957
0.370261
0.428817
-0.495033
-0.125304
0.137964
0.335102
0.0329676
-0.432466
0.350055
0.285703
0.164621
-0.287432
0.20792
-0.464649
-0.228078
0.37234
-0.231171
0.348102
-0.197447
-0.547179
-0.169218
-0.14502
-0.193
0.0290085
-0.0942523
-0.351096
0.033974
0.0566996
0.0790527
-0.191484
0.054275
-0.0968605
0.377418
0.122313
-0.143481
-0.0356653
0.315187
-0.206217
-0.0502066
0.160378
0.473641
0.28647
-0.324469
-0.356574
-0.297652
0.256389
0.0452576
0.290731
0.0500463
0.182152
-0.163591
0.447528
2.13242
-0.272862
0.199801
0.028888
-0.000113296
-0.202997
-0.221432
-0.842904
0.0557065
0.13497
-0.118383
0.305576
-0.471421
0.225029
-0.0396904
0.278395
-0.263849
0.478936
0.280916
0.227568
0.011504
-0.297079
0.419731
0.372306
-0.389697
-0.285295
0.245866
0.279012
0.4513
-0.529765
-0.351489
-0.222261
-0.224946
-0.399234
-1.15175
-0.464924
0.196927
0.0850057
-0.323399
0.333723
-0.43496
0.167839
0.0919136
0.278606
0.339201
0.534413
-0.415665
-0.452582
0.556882
0.224142
0.0877642
-0.660971
0.111967
-0.575531
0.0404744
0.0112094
0.159981
-0.585
-0.372184
-0.112214
-0.252652
-0.308696
-0.114799
-0.210988
-0.173235
-0.554035
0.421248
-0.431888
-0.331546
-0.172028
0.228766
0.118397
0.605193
-0.414194
0.295966
-0.31826
-0.612837
-0.0653498
-0.542614
0.16668
-0.135714
-0.327477
-0.603508
-0.0601921
-0.0561369
-0.0842553
-0.435882
-0.419564
0.0800372
0.187865
-0.396799
-0.115601
-0.263861
0.0541571
0.0290801
0.174074
-0.204276
0.23942
0.425823
0.441053
-0.398164
-0.447245
0.0702433
-0.696515
0.327647
-0.0581292
-0.402892
0.374856
0.598014
0.209106
-0.266691
-0.0650325
0.112033
0.297168
0.26859
-0.0913509
0.357094
-0.119253
0.408916
0.00337832
-0.0346628
-0.447866
0.0194775
-0.0970501
-0.499081
-0.0167547
-0.37701
-0.169368
-0.378483
-0.606844
0.225822
0.0248202
-0.0371682
-0.0819484
-0.337624
0.125837
0.141393
-0.451348
0.324859
-0.182031
0.941595
-0.312686
0.387409
-0.225182
0.405919
0.345635
0.733592
-0.0893807
0.354751
-0.474198
-0.00533519
-0.0755977
0.090148
0.0547381
-0.24223
0.0179564
0.225906
0.395954
0.348948
0.994673
-0.492275
-0.15023
-0.221784
0.269112
-0.14498
0.405022
0.0410468
0.202363
-0.230433
0.0551048
0.249197
0.750149
-0.500785
0.800967
0.227312
0.0484287
-0.455024
-0.0857017
-0.140045
0.179849
-0.50836
-0.00121318
-0.556711
-0.59401
-0.321781
-0.358446
-0.519454
-0.243383
-0.443724
-0.154179
0.528166
0.0837617
0.0319508
0.0689662
-0.361247
0.100179
0.414204
0.167866
0.354064
-0.157554
-0.26219
0.0812586
0.0996505
-0.438306
-0.106669
-0.289624
-0.366658
-0.504238
-0.346315
-0.188891
-0.188287
-0.102368
-0.0232481
-0.114298
-0.265652
-0.754428
-0.204783
-0.23506
-0.00318417
0.511307
0.104707
0.0986399
-0.414367
-0.0366722
0.515268
-0.106866
0.0590522
-0.51651
-0.189407
-0.434858
-0.0137765
-0.255175
0.0554095
-0.639044
0.11112
-0.447647
-0.0812649
-0.295917
0.342898
0.169523
0.0985772
-0.521395
0.00381823
-0.608111
0.112402
0.229658
0.457636
-0.278703
0.247067
-0.0759963
-0.202223
0.276125
0.114499
0.263129
-0.376172
-0.0545761
0.186689
-0.288729
-0.4138
0.0127292
-0.437774
0.516859
0.123857
0.155438
0.556847
0.368382
0.381745
0.481875
0.346695
-0.277896
0.533932
-0.0622823
-0.0654898
0.345146
0.298383
-0.100518
0.518578
0.161667
-0.00935458
-0.460497
0.41169
0.202589
0.493841
-0.452554
-0.405021
-0.470454
-0.206696
0.262974
-0.205021
0.404026
0.0093959
-0.322956
-0.0126921
-0.312188
0.161992
0.422952
0.180877
0.366059
-0.178354
-0.434916
0.496961
-0.18464
0.0538757
0.110841
-0.296084
0.225395
-0.379249
0.453853
0.476883
0.0176909
-0.0319829
0.387382
-0.372023
-0.348602
0.0920243
-0.52684
-0.352144
-0.0362731
-0.426524
0.167901
0.221125
0.233089
0.162757
-0.295798
0.286421
-0.425558
-0.170746
-0.635743
0.236273
0.0752672
0.18483
-0.558737
-0.341316
0.297668
-0.628752
0.0289258
-0.0563988
0.453927
0.0383781
-0.447413
-0.423163
0.327662
-0.354362
-0.215601
-0.189306
-0.0692554
-0.0022399
-0.120893
0.13016
0.219495
0.137398
-0.211471
0.455336
0.244701
-0.373524
-0.217972
0.358225
0.192305
0.236371
-0.245051
0.284538
0.375835
-0.128206
-0.50123
-0.44196
0.139109
0.244901
0.379751
0.51192
0.527041
0.313745
0.263153
-0.0945455
0.0776782
-0.0781543
0.0869044
0.365352
0.162265
-0.161605
-0.329225
-0.0608863
-0.0567452
-0.0173563
0.156118
0.382969
-0.137664
0.564217
-0.147806
0.325384
-0.297725
0.426709
0.204145
0.169919
0.16906
0.311233
-0.145806
-0.269667
0.451631
0.450449
0.293225
0.264657
0.294909
-0.142233
0.246814
-0.00117096
0.0802241
0.236315
0.0226254
-0.25262
0.28393
0.480453
0.2965
0.386967
0.11843
0.157196
0.308729
0.356559
0.50451
0.287043
-0.290977
-0.0387553
-0.160844
-0.317824
0.0528045
-0.135766
-0.31025
-0.116074
0.177117
-0.403178
-0.567627
-0.15656
0.200817
-0.0612635
-0.0552732
-0.115139
0.0176942
-0.0255452
-0.309607
0.342843
0.333588
-0.261281
0.362027
-0.421673
0.260626
-0.236081
0.311396
-0.256946
0.0377487
-0.259292
-0.0887773
0.350145
-0.202946
-0.510817
-0.219005
0.395707
-0.330567
0.271182
0.023921
-0.330581
-0.239561
-0.129349
-0.328956
0.214724
-0.348453
0.144054
0.351726
0.41657
0.18278
0.0692932
-0.00145195
0.353263
0.000440945
0.00610852
0.0188443
0.144002
0.0775242
0.310074
-0.117716
0.46523
-0.468523
0.0295939
-0.486618
-0.317414
0.574633
0.247296
0.117998
0.244526
0.20758
-0.0573813
-0.177291
0.415314
0.3173
0.31863
-0.0628224
-0.339069
-0.195746
-0.100085
0.131703
0.213495
-0.132831
0.257654
0.474924
0.376529
-0.108302
0.69758
0.384806
0.458963
-0.384519
-0.0700185
0.281274
-0.0451891
0.347643
0.477579
-0.318538
-0.0898666
0.0352715
-0.0230502
0.285667
0.0908921
0.117658
-0.306721
-0.0998523
0.128747
0.0918341
0.534044
0.0870966
0.655872
0.217352
0.287886
0.366076
-0.196361
0.46082
0.0193446
0.287037
-0.903906
-0.383569
0.529095
0.264572
0.0755118
-0.2537
0.662716
0.313202
-0.253763
-0.288934
0.131336
0.392475
0.577865
-0.0059505
0.473548
0.448151
-0.0642435
-0.37319
0.112608
-0.0650767
0.139143
0.554698
0.458308
-0.253659
0.380056
-0.445191
0.56919
-0.232339
-0.000177725
0.567431
0.00747161
0.219499
0.47294
-0.269414
0.518879
0.0705392
-0.225106
-0.115972
-0.496267
0.187065
0.576211
-0.288271
-0.236879
0.445922
0.6973
0.502809
-0.00165253
0.634116
-0.412369
0.310749
0.0692671
-0.17132
0.475447
-0.336472
-0.25045
0.324399
0.344933
0.47157
-0.198869
0.691563
0.370783
-0.19687
-0.298276
0.373368
-0.0812005
0.391831
-0.0290717
-0.367695
-0.0815881
0.223497
-0.557961
-0.378241
-0.0921349
-0.179313
-0.178606
-0.439363
-0.327367
0.255791
-0.274575
0.207139
-0.503821
-0.468094
0.0622731
-0.248842
-0.415962
-0.279792
-0.607147
-0.0834932
0.191103
-0.393746
-0.412508
0.0986215
-0.371104
-0.550781
-0.245141
-0.348139
0.0430652
0.0851245
-0.292462
0.336684
0.203609
-0.0883793
-0.383214
-0.456013
0.419257
-0.296897
-0.344789
-0.0417905
0.252209
0.28276
0.122571
0.327946
0.354296
0.391489
0.349513
0.429181
-0.150646
-0.289365
-0.295232
-0.360376
0.0344268
-0.131526
0.0210975
-0.300734
0.368989
-0.328654
0.172735
0.274022
0.383811
-0.0948646
-0.322714
-0.145589
0.239036
0.0967169
0.446002
-0.22665
0.064686
0.0976123
0.04184
-0.315836
-0.0342084
0.00804421
-0.497569
-0.0100439
-0.215519
-0.0981501
0.0973448
-0.493059
0.207992
0.424565
-0.0382824
-0.272295
-0.138907
-0.104311
-0.38048
-0.253498
-0.0847719
-0.12143
0.402052
0.00725949
-0.321439
0.309349
-0.205262
0.00611052
0.298217
0.0752816
0.0687463
0.407554
0.533787
-0.263749
0.463423
-0.372946
-0.474505
0.477995
-0.223353
-0.282069
0.428915
-0.354382
0.189657
-0.392055
0.401027
0.10021
-0.128585
0.229792
0.303976
0.312059
0.452927
0.0827026
-0.148521
0.236256
-0.453712
-0.117045
0.16441
-0.0523143
-0.0965997
0.502945
0.446139
-0.232669
-0.201105
-0.243524
-0.254453
-0.268847
-0.28128
0.158301
0.105731
0.429683
-0.525647
-0.131806
0.0524282
-0.246936
0.17404
0.0337554
0.0824156
-0.337198
0.166115
-0.378473
-0.268058
-0.10295
0.147699
0.281223
0.418915
-0.448103
-0.138352
0.259142
0.12989
0.460708
-0.125327
0.0951976
-0.32004
-0.140872
0.206645
-0.0561483
-0.179648
0.411372
0.116327
-0.137045
0.0266272
-0.340349
-0.161405
-0.402305
-0.216269
-0.50107
-0.0950284
0.335151
0.304459
-0.0165278
-0.415384
0.383722
-0.211394
0.339938
-0.238128
-0.255934
0.431521
-0.102179
-0.31247
0.0675927
0.246849
-0.354348
0.190279
-0.519951
-0.148503
-0.0135795
-0.0318417
0.370114
0.506598
0.383603
0.372726
0.142813
-0.0970123
-0.475081
-0.403188
0.492161
-0.136321
0.043088
-0.417819
-0.226592
0.287196
0.19763
0.33071
0.200604
-0.533025
0.067213
-0.207198
0.140232
-0.514931
0.048883
-0.0271481
-0.12726
0.028467
0.259061
0.249601
0.0388139
0.0181272
-0.194533
0.268248
-0.0665613
-0.0582872
0.307635
0.179315
0.0468888
0.326272
-0.26151
-0.340417
-0.32587
-0.191773
0.0218781
0.372934
0.452
-0.523876
-0.581004
0.00060869
-0.219492
-0.476648
0.11018
-0.287916
-0.394368
-0.364849
-0.0208345
-0.255705
0.265304
0.0103167
-0.356704
-0.365344
-0.0401164
-0.445499
-0.391591
-0.215855
-0.0583611
-0.164289
-0.171653
0.47418
0.0134663
0.32903
-0.0712112
0.167635
-0.15908
0.205991
0.189801
-0.573547
-0.0311341
-0.562085
-0.50884
0.39876
-0.0869975
0.343428
0.269924
0.0639725
-0.484393
-0.30988
0.359043
-0.119863
0.0728085
-0.114169
0.177262
0.256827
0.375012
0.267201
-0.489191
-0.128971
0.454589
-0.226268
0.111724
-0.212284
-0.16408
-0.277287
-0.0481785
0.0614331
-0.048863
0.0848969
-0.420948
-0.428238
0.14118
0.393414
0.409476
-0.562703
-0.0611187
-0.29881
0.423353
-0.221304
0.386472
0.143579
-0.0206696
0.0272452
0.340594
0.0044243
0.12588
0.0409896
0.0154921
0.416777
-0.576342
0.0346662
-0.212457
0.0771662
0.57458
-0.0684976
0.702871
-0.129148
-0.0532146
0.40105
0.717934
-0.101633
-0.173599
0.0648358
0.161
0.289455
0.191322
0.293323
0.391944
0.186516
0.749432
0.234694
-0.238942
-1.30555
1.003
-0.401532
0.929776
-1.26424
-0.710054
0.44141
-0.0863256
1.95023
0.612174
0.165383
-0.597655
0.184621
2.31686
0.400123
-0.154792
-0.36169
0.321257
-0.822033
0.155482
0.114501
0.255892
-0.04112
-0.242079
-0.648321
-0.165179
-0.74252
-0.110775
0.165227
-0.500603
-1.08848
0.0150365
-1.17687
0.499301
-0.361896
-0.0596423
0.111821
-0.0116115
0.109815
0.221681
0.40694
0.496927
0.308358
-0.141567
0.433288
0.396774
-0.306609
0.0698176
-0.238586
-0.313184
-0.0881828
0.149416
0.166502
-0.099523
-0.177874
-0.359995
0.362327
0.151877
-0.076086
0.50432
-0.100324
0.236558
-0.258808
-0.27649
0.377342
0.271655
0.228426
-0.0741045
-0.0418117
0.131288
-0.599627
0.292276
-0.096422
0.0539687
-0.382937
0.30114
-0.477424
0.0465218
0.703306
0.0293772
-0.246003
-0.238552
0.1577
-0.0642165
-0.270184
0.0798205
0.322304
0.132675
0.104665
-0.126428
0.242318
-0.113303
0.259815
-0.36045
0.0564986
0.0557012
-0.0697948
-0.254553
-0.120736
0.210683
-0.0971568
-0.326496
0.352125
0.341538
0.313543
0.279328
0.177464
-0.566994
-0.515413
0.43868
0.344017
-0.0283584
0.185097
-0.570902
-0.142738
0.331849
-0.0920335
0.169772
-0.480176
0.329227
-0.152575
-0.375256
0.362502
-0.131965
0.244945
0.223053
-0.351264
-0.141008
-0.032406
0.0445909
-0.365477
0.261024
-0.0322298
-0.316073
0.303042
-0.232275
0.208251
0.228111
0.279265
-0.149232
0.480973
0.0370221
0.0188503
0.0913026
-0.200819
0.486422
-0.387325
-0.186227
-0.272388
-0.155872
0.0606138
0.120658
0.0773324
-0.381442
-0.077405
0.496359
0.25411
0.457167
0.22255
0.257834
-0.444593
0.00687968
-0.254144
0.0930009
0.393766
-0.248514
0.441439
0.192664
-0.445853
0.280764
0.293633
-0.217591
-0.0136597
0.213036
-0.240812
-0.125989
-0.471497
-0.622273
-0.495888
-0.119022
0.229078
0.197159
0.0188034
-0.733566
0.217847
0.0228205
0.460281
0.133216
0.118566
-0.276916
0.025994
-0.180141
-0.180063
0.122705
-0.0735979
-0.204794
0.360694
-0.0861316
0.203639
-0.0527216
0.0873582
-0.129312
-0.213467
-0.512741
-0.387755
-0.437837
0.018388
-0.216548
-0.0702415
-0.157396
-0.00253577
0.333804
-0.506322
-0.0450594
0.536113
-0.349582
0.042045
-0.238564
-0.128858
-0.362011
-0.113332
-0.360058
-0.249304
-0.00657117
0.108462
0.21625
-0.346907
0.388093
-0.389402
-0.390647
-0.0572722
-0.105349
-0.000521882
0.23445
-0.416724
-0.146215
0.457832
0.275638
-0.031066
0.270947
0.363946
0.400883
0.483071
0.262041
0.178382
0.479376
-0.343499
0.0261878
0.187776
-0.405929
-0.154975
0.340966
0.470546
-0.314795
0.407421
-0.1843
-0.39961
-0.436195
-0.0525997
-0.182895
-0.330527
0.235392
-0.234801
0.218425
0.204617
0.0601034
-0.252001
0.37639
-0.398847
0.519926
-0.41146
-0.373389
-0.30256
0.172551
0.437989
0.263665
-0.104205
-0.179539
0.138846
0.111031
-0.123922
-0.147757
-0.794175
-0.327596
-0.0714111
0.179288
-0.00735216
0.0301079
-0.0368065
0.519355
0.0213366
-0.0809682
-0.0394311
-0.187856
-0.836686
0.235045
0.102009
0.00232666
0.0236723
0.0782951
0.0105379
0.124385
0.262192
-0.0244418
0.655503
1.23389
-0.0264987
0.30628
0.253529
0.106337
-0.183501
-0.200593
0.00429885
