#input normalization
0.160566 0.269469
19.718 28.0446
11.3987 34.319
8.95719 30.128
0.0117644 0.0384007
0.0096865 0.031547
0.52601 1.31785
0.823961 1.14631
1.01646 1.32786
1.23048 1.51654
1.47696 1.68552
1.73 1.83539
1.9743 1.96587
2.21076 2.0781
2.43718 2.17557
2.63908 2.23007
2.83415 2.26984
3.01462 2.27938
3.1636 2.25929
3.31178 2.18013
38.6193 50.1293
7202.66 5047.43
#output normalization
1 0
#neurons weights
-0.138727
-0.420737
-0.340024
0.454415
-0.251334
-0.197682
-0.0365033
0.461937
-0.258905
-0.095292
-0.44996
0.396142
0.257294
0.177131
0.463949
0.429786
0.163748
-0.379782
0.393348
0.0721149
-0.283577
-0.445618
1.66446
-2.76893
-0.196621
-1.51121
0.344531
0.409993
-0.306743
-0.225191
0.336864
-0.332547
0.0997296
-0.0114303
0.379681
0.732167
-0.175784
0.337227
0.077214
-0.577659
0.380751
-0.727691
1.53476
0.297916
0.149976
-0.408325
0.246645
0.0804082
-0.420416
-1.07016
-0.0515325
-0.247404
-0.122295
0.0404577
-1.20009
0.0903375
0.422103
-0.551814
-0.136819
0.404624
0.0216267
0.232921
-0.619609
0.105453
0.141418
0.398973
-0.402648
-0.110688
#synapses weights
-0.256151
0.329854
0.135546
-0.0863474
0.0165254
-0.185934
1.12596
-0.0538688
0.112866
-0.0413867
0.051452
-0.156876
-0.181789
-0.00237591
-0.0325959
0.0137224
0.0946933
-0.195836
0.0129537
-0.217397
0.25571
3.88504
0.0977258
-0.0160044
-0.203851
0.111651
-0.123535
0.140817
-1.76327
-1.08944
-0.0784714
-0.130216
-0.163861
-0.166825
0.0785058
0.000360511
0.00558169
0.114089
0.230047
-0.0496415
0.0130128
-0.111547
-0.148333
-5.06476
-0.0545199
-0.484066
0.079151
0.044682
-0.0979256
0.347611
-0.512594
-0.501549
0.331153
-0.272774
0.145544
-0.152744
-0.386195
0.277445
-0.0414279
0.163596
-0.301159
0.0367947
0.268898
0.0792364
-0.473203
-0.866142
-0.265503
-0.445727
-0.547454
0.20872
0.215632
-0.282603
-2.17305
-0.336775
0.00491885
0.0636955
0.166993
0.128911
0.148896
-0.0160596
-0.261601
-0.26401
0.180277
-0.0838417
0.0694707
-0.309972
-0.43413
-3.03253
-0.288008
-0.307266
0.115798
-0.0718615
-0.320196
-0.169876
-0.179429
0.282124
0.109468
0.174558
0.455411
0.266734
-0.173306
-0.0166387
0.00383269
0.244124
-0.00597476
-0.53778
0.153907
-0.0593162
0.107857
1.42547
0.633787
0.0497147
0.0845148
-0.12407
0.706615
0.165722
-0.341173
-0.242808
-0.228956
0.0871417
-0.0955391
0.242996
0.291232
-0.122593
-0.247303
-0.0924492
-0.168808
-0.0210774
0.0662805
0.105562
-0.310035
1.35205
0.303518
0.34433
-0.317417
0.0946703
-0.432649
-0.00847298
0.602728
-0.245571
0.270336
0.232646
-0.130649
-0.466525
0.216878
0.141774
-0.192018
-0.283404
0.225892
-0.355291
-0.18479
0.550105
0.130986
0.355
-0.284509
0.175452
-0.0910665
-0.270768
0.0213468
-0.305204
0.189034
0.539471
0.0790873
-0.0455676
-0.126737
0.13915
0.176699
-0.291084
-0.220271
0.228242
-0.264074
-0.539754
0.294047
-0.27362
0.0115463
-0.656907
-0.4049
0.266783
-0.452687
-0.000806411
-0.22931
0.0620652
0.227123
0.00995039
0.17494
-0.275439
-0.198204
0.286825
0.154031
-0.358343
0.206724
0.167492
-0.0988068
-0.251103
0.251538
0.104369
0.206203
-1.16907
0.159527
0.207081
0.0445552
0.165739
-0.141196
-0.156658
-0.381966
-0.141278
0.103272
0.421392
0.192335
-0.015481
-0.14986
0.0484361
-0.00765513
-0.238839
-0.31967
0.378133
0.468106
-0.113153
0.0775766
1.0675
0.0537078
0.420515
-0.0909439
0.20311
-0.0346027
0.375932
-0.0924224
-0.184701
0.163045
-0.111021
0.220911
-0.286981
-0.208537
0.0357332
-0.140523
-0.0222165
0.0367225
0.0323947
-0.324463
-0.246255
0.165678
2.03404
-0.0741818
0.0169346
0.413585
0.142937
0.0198193
0.280789
-0.393985
0.496525
-0.0404736
-0.332673
0.0760768
-0.270859
-0.2927
0.169377
-0.178032
-0.163146
0.307526
0.156756
-0.0636336
0.157315
-0.371643
0.427237
0.0638389
-0.0550035
-0.43404
0.0642841
-0.149264
0.11895
-1.01562
-0.693979
0.13423
0.204204
-0.272218
-0.323505
0.380092
-0.489592
-0.132526
0.321143
-0.15862
-0.0140934
0.120124
0.10092
-0.939615
-1.01249
-0.448607
-0.0133006
-0.289875
-0.251583
0.317084
-0.0515666
0.99342
0.33497
-0.200215
0.339305
0.04282
0.165782
0.0678458
0.434621
-0.0280901
0.0859012
0.0461307
-0.159358
0.429655
-0.445662
0.541626
0.596241
0.129452
-0.073584
-0.272955
-0.042597
0.0738748
0.532252
-0.39965
-0.253452
-0.0609746
-0.137915
0.146838
-0.403455
0.278143
0.221183
-0.0404573
-0.279449
-0.0137714
-0.0828708
0.316213
0.0665223
0.879936
-0.519494
0.283188
0.201011
-0.363131
0.0758954
0.38974
-0.0875453
0.288579
0.289781
0.540453
0.244574
-0.41532
-0.251121
0.0873068
-0.00182556
-0.0565642
0.0615033
-0.136114
0.0974873
0.267276
-0.224448
0.339116
-0.84445
-0.421938
0.111168
0.118073
-0.0274767
-0.474238
0.142533
-0.735657
0.605661
0.188093
-0.254633
-0.424394
0.117506
0.27121
0.144827
-0.238124
0.320161
0.126915
-0.372725
0.157478
-0.0699881
0.551343
1.09792
0.00291644
-0.0913976
0.0480691
-0.0851622
0.0184804
0.186121
-0.641819
0.449231
-0.263185
0.0923136
0.178194
0.300065
-0.290119
0.109285
0.121596
-0.206398
-0.235096
0.19152
0.244345
0.385367
0.519738
-0.7712
0.0521594
-0.296946
-0.190243
0.171211
-0.320037
0.247524
-0.181924
-0.22785
0.197262
0.0675356
0.124789
0.328778
0.286161
-0.186253
0.0660912
-0.304324
-0.199953
0.0391562
0.484903
-0.293872
-0.0487099
1.15889
0.63955
0.102932
0.393927
0.02798
0.380627
0.434238
0.446005
0.431775
-0.122376
0.240975
0.251248
-0.280755
0.389773
-0.0677913
-0.268379
-0.210109
-0.173831
-0.113206
0.235433
0.0433939
0.095588
-0.056791
-0.244021
0.461626
-0.142765
0.0957998
0.0101576
-0.0121878
-0.172611
-0.238693
-0.0935409
-0.255186
-0.224409
0.0179993
0.208183
-0.0292834
-0.117866
-0.0544699
0.0191871
0.0713998
-0.121801
-0.040572
0.237777
1.26321
0.239197
0.813385
-0.351738
-0.139532
0.0812999
0.129941
1.19342
0.888513
-0.153133
0.310624
-0.0219954
-0.191033
0.201696
-0.273001
0.272366
0.0463236
0.669732
-0.0150171
0.138682
-0.176962
0.105593
1.27379
-0.111968
-0.209184
-0.37045
-0.04998
0.399592
-0.0117212
-1.19523
-0.569088
-0.284047
-0.127451
0.0675583
-0.0309327
0.216079
-0.161922
0.464284
0.00160651
-0.457708
0.115607
0.0419356
0.47458
0.250092
0.31941
0.251427
0.054563
-0.34731
-0.535731
-1.25115
-0.379432
0.235822
0.213583
0.165937
-0.460863
-0.70767
-0.934347
-0.802888
-0.312582
-0.323906
0.379326
-1.14324
-0.244756
-0.583993
0.674014
-1.20821
0.279093
-0.652461
0.0155631
0.351049
-0.452711
-0.251402
0.173926
0.235755
-0.697552
-0.192783
-0.0517798
-0.128611
0.272446
0.0463263
0.047545
-0.584228
0.0124064
-0.198975
0.380466
-0.222967
-0.332287
-0.424064
0.361245
-0.500344
0.208777
0.284538
-0.324288
-0.36639
-0.582733
0.715252
0.180418
-0.110379
0.0636149
-0.486981
0.333778
0.273717
0.181018
0.569803
-0.322694
0.586012
0.0811579
0.560191
0.396365
0.395821
-0.415901
0.580683
0.28608
0.399827
-0.844567
1.12674
0.190589
0.461668
-0.00146466
-0.130266
0.180916
-0.0192085
0.094681
-0.330816
-0.163158
-0.505463
0.198069
0.36406
0.228244
-0.168194
-0.454729
-0.665136
-0.104579
-0.374821
0.220297
-0.464747
0.114778
-1.4606
0.845604
-0.324137
0.281122
-0.51076
-1.26134
-0.0524298
-0.11547
-0.399318
-0.616954
-0.924007
-0.789921
-0.852052
-0.785558
-0.40579
-0.198288
-0.339662
0.312919
-0.565817
-0.530544
-1.06324
-0.592236
-0.355089
-0.078528
0.142156
-0.204607
-0.182539
-0.180272
0.0217484
-0.28427
0.442225
-0.484333
-0.244235
0.0405191
0.129812
-0.372475
-0.59999
-0.270373
0.110137
-0.0135912
-0.439212
0.166322
-0.210973
-0.140905
-0.18327
-0.511414
-0.175972
-0.0499277
-0.127954
0.161021
-0.66692
-0.356285
-0.270205
-0.618577
0.230154
-0.136424
0.000698121
0.196774
0.372909
-0.384537
-0.045386
0.17825
-0.342566
0.235261
-0.574378
-0.325843
-0.179256
-0.172032
-0.392123
-0.50473
0.00965756
-0.317614
0.257207
-0.444179
-0.0515538
-0.271588
0.0338503
0.0652974
0.0541841
-0.39131
-0.335944
-0.337132
-0.434912
0.341427
0.466116
0.0223538
-0.156641
-0.448621
-0.0405263
0.197846
0.389733
-0.156582
0.141414
0.0128667
-0.230158
-0.582049
0.499812
0.205483
0.0684769
0.171305
-0.280987
0.605361
0.637931
0.525958
-0.232334
0.503886
0.0117167
-0.0199273
0.580049
0.0280513
0.500197
0.520643
0.0210486
0.555526
0.373685
-0.887368
0.714471
-0.387633
-0.373112
-0.446515
-0.841734
-0.0676174
0.184117
0.03774
-0.215752
-0.0895128
-0.384104
-0.190096
0.11406
-0.269813
0.194294
-0.0730865
0.120251
-0.187682
-0.554111
-0.59212
-0.457842
-0.323719
-0.142767
0.549878
0.411265
0.052211
-0.0429366
0.332932
-0.473617
0.169911
0.46126
-0.034069
-0.25522
0.263747
0.277481
0.357866
0.105341
-0.352805
0.0095835
-0.0416331
0.124026
0.105856
-0.320378
0.00374485
0.525436
-0.183591
-0.287749
-0.444558
-0.0149701
-0.0213457
0.0511236
-0.273339
0.0968023
0.320354
0.424915
-0.181866
0.212943
0.0962871
-0.5128
0.130696
0.244824
0.39722
0.325612
0.262368
0.475536
0.0326012
0.189421
-0.424547
-0.069939
0.65984
0.0088137
0.04159
0.277506
-0.514125
-0.131382
0.120939
0.31677
-0.156776
-0.257666
-0.297901
-0.151912
-0.364815
-0.0425643
-0.0759227
-0.282595
-0.213737
0.210608
0.324879
0.107527
-0.158652
-0.315902
-0.346695
0.253519
0.370618
0.221787
0.318488
0.195885
0.101692
0.271616
-0.0465138
-0.17885
0.291168
-0.313555
-0.104223
0.095991
0.144714
-0.242655
0.41238
0.118262
0.344216
-0.184814
-0.0636049
0.246872
-0.3921
-0.574946
0.303304
0.469738
-0.0539616
-0.234502
0.397742
0.175174
0.0830463
-0.183821
-0.385865
-0.427981
-0.31174
-0.24063
0.208416
0.0712507
-0.116172
0.0288921
-0.481678
-0.358262
-0.160821
0.0633582
0.316036
0.192505
-0.0135434
-0.314664
-0.123688
0.249128
0.298743
-0.59121
0.322856
-0.181594
-0.0533212
-0.401364
0.393435
0.225147
0.374479
0.2991
0.248107
-0.432875
-0.233296
-0.152969
-0.0828357
0.449268
0.273017
-0.25596
-0.0721006
-0.0317349
-0.117867
0.536698
-0.579333
-0.419245
0.308629
-0.00746398
-0.233632
-0.175175
-0.582479
0.00852959
-0.0224837
-0.0930459
-0.500698
0.121041
0.332773
0.0920258
0.226877
0.238961
-0.367953
-0.147655
-0.37699
0.145541
-0.0886111
0.758488
0.0556709
-0.160971
-0.713019
-0.56111
0.593974
-0.21502
0.462755
-0.526259
-0.041809
-0.363333
-0.261303
-0.270604
-0.218987
0.402839
-0.69803
-0.716505
0.115267
0.03271
-0.190168
0.0969727
-0.441825
-1.79571
2.4234
-0.204558
1.04017
-0.515351
-0.523112
-0.20733
0.445456
0.522574
0.101815
-0.781573
0.168725
-0.269508
-0.264079
0.134739
0.0347932
0.139575
0.765047
-0.769514
0.445938
-0.975688
-0.407247
-0.0413691
0.811296
-0.436671
0.135759
-0.300461
0.0552822
0.374503
-0.213261
-0.164632
-0.0610384
0.149992
0.315152
0.748632
0.00134635
0.333404
0.170419
-0.166077
0.0943441
-0.149769
0.208422
0.0856026
-0.263822
0.404472
0.000713566
0.0747511
0.264631
-0.134371
-0.362752
0.22119
0.191799
-0.273736
0.186155
0.303551
0.140525
-0.34201
0.190939
-0.226239
-0.445918
-0.339002
-0.360109
-0.259374
-0.168438
-0.221953
0.122856
0.289999
0.121033
0.0699887
-0.417398
-0.549732
0.175411
-0.301484
0.17542
-0.0362054
-0.102429
0.0794235
-0.00703862
-0.0554815
-0.448369
0.143446
-0.181132
0.282642
0.00717599
-0.270618
-0.330144
-0.24012
-0.274641
0.0079884
0.0320754
0.104133
-0.321013
1.49543
0.193444
-0.615872
0.197942
1.31036
-0.313468
-0.584978
-0.244384
0.578185
0.443865
0.0109491
-0.095763
-0.115659
0.0127018
-0.37041
-0.0986919
0.0404439
0.58186
1.3553
0.404555
0.00242953
-0.221864
