#input normalization
0.160547 0.269438
64.3766 59.5316
10.4336 39.3512
8.39625 32.2047
0.0117703 0.0437018
0.00928977 0.0331949
0.52601 1.31785
0.823961 1.14631
1.01646 1.32786
1.23048 1.51654
1.47696 1.68552
1.73 1.83539
1.9743 1.96587
2.21076 2.0781
2.43718 2.17557
2.63908 2.23007
2.83415 2.26984
3.01462 2.27938
3.15896 2.26461
3.28283 2.21551
3.38211 2.15303
3.46272 2.06189
3.51676 1.96916
3.54752 1.85503
3.5578 1.72878
3.54351 1.58884
3.49301 1.43749
3.43716 1.27838
3.34482 1.10378
3.22632 0.928516
3.11153 0.763094
2.98535 0.603665
2.85542 0.455468
2.7088 0.310791
2.56201 0.17409
2.42284 0.0454989
2.26875 -0.0723995
2.13826 -0.178038
1.99733 -0.27396
1.8622 -0.364877
1.72921 -0.445283
1.62029 -0.512972
1.49571 -0.578128
1.37986 -0.637372
1.26643 -0.689392
1.15266 -0.739653
38.6193 50.1293
7202.66 5047.43
#output normalization
1 0
#neurons weights
0.401822
-0.0719479
-0.340533
-0.312345
0.109535
0.0376643
-0.486982
-0.302225
0.249744
-0.246943
-0.273821
-0.216938
-0.264767
-0.40198
0.0780908
0.28355
0.292592
0.378079
0.190297
0.143745
0.376986
-0.0817815
-0.0351709
-0.131839
-0.472507
-0.183454
0.469175
-0.0113822
0.248084
-0.392866
0.456601
-0.106191
-0.436612
0.0774261
0.203494
-0.418019
-0.122993
0.142369
0.170452
0.09842
0.216302
0.189078
-0.437214
-0.283101
0.411881
-0.495315
-0.00130533
-0.199078
0.569518
0.36887
-0.802763
-0.301498
0.0394596
-0.267043
0.697965
-0.401542
-0.448371
0.617426
-0.164825
-0.145493
-0.387702
0.361687
0.330536
-0.0533015
-0.219409
0.375942
-0.478614
-0.661206
1.52485
-0.184317
-0.258087
1.18338
0.515553
0.442791
-0.279797
-0.0428398
-0.946126
0.31557
0.484915
-0.53655
-0.509599
-0.475736
-0.0432463
-0.126443
-0.233246
-0.249782
-0.154209
0.214467
0.401555
-0.720922
-0.481212
-1.38388
0.546126
-0.653748
0.492874
-0.427315
-0.69127
-0.438946
0.13197
0.150544
-0.445492
0.374027
-0.191979
-0.068194
-0.303147
0.28857
0.305114
-0.216846
-0.153816
0.259417
0.0734968
0.349532
-0.146383
-0.0496203
-0.00352617
0.316755
-0.189294
-0.414959
0.0789709
-0.415723
0.364053
0.284308
-0.201547
0.286596
0.529612
0.172891
-0.474064
0.267355
-0.458491
-0.280609
-0.33174
0.5763
-0.348747
0.44157
-0.182796
-0.384941
-0.399001
-0.177297
0.251117
0.717096
0.338563
0.214275
0.277945
-0.66028
-0.221185
-0.190737
#synapses weights
0.385849
0.0856079
-0.418553
0.353674
-0.12165
0.0225489
0.808226
0.498723
0.383224
0.468575
0.151504
-0.446076
-0.0304759
-0.420662
0.15647
0.340394
-0.41548
0.472363
0.13714
-0.070714
-0.0812196
0.195264
0.183983
-0.215921
0.0895174
0.214706
-0.400268
-0.256765
0.483716
-0.329091
0.0489479
-0.293802
-0.24873
-0.0531771
0.195222
0.279519
0.114914
-0.388611
0.454224
-0.258352
-0.28597
-0.291753
-0.239713
0.283924
-0.116951
-0.242318
0.14273
-0.128376
0.0695163
-0.343402
0.40388
0.367591
-0.135399
-0.299992
0.201449
-0.0853217
-0.14299
-0.0327832
0.0947554
0.618257
0.088768
0.0363096
0.559447
-0.0598015
-0.364338
-0.3248
0.426986
0.268837
0.0900765
0.261446
-0.211354
0.141465
-0.425658
0.0401968
-0.0105041
0.0523359
-0.351988
-0.455432
0.145233
-0.475586
0.136636
0.480088
0.0267274
-0.424396
0.446304
0.436134
-0.387583
0.411484
-0.316401
-0.231773
-0.207793
-0.413735
-0.220082
-0.218193
-0.0804123
-0.122694
-0.162698
0.113294
-0.349151
0.300484
0.0423014
-0.286262
-0.39569
-0.0940145
0.0273626
-0.0484599
0.220582
-0.125787
0.308816
-0.0950813
0.393418
-0.156762
-0.3155
0.170493
0.202384
0.154582
0.027479
-0.15971
-0.236985
0.283155
-0.0748783
-0.394926
-0.139712
0.496784
0.158679
0.26166
-0.0894534
0.117282
0.41009
-0.321862
0.327468
-0.413254
0.275702
-0.253389
-0.033879
-0.229463
0.198207
-0.0920761
0.267306
-0.325712
-0.215846
0.363186
-0.148104
-1.98424
0.178962
-0.168915
0.113455
0.0708764
0.0440831
0.0752531
-0.153996
0.458
0.0353316
-0.22825
0.363087
-0.186542
0.237433
0.0517296
0.0877983
-0.111835
0.0314541
0.320981
0.438432
-0.277296
0.187588
0.262807
0.397394
0.492104
0.14078
-0.230952
0.461366
-0.105943
0.247219
0.161225
0.191751
-0.0544643
0.583735
0.191849
-0.116749
0.447262
0.151537
-0.262469
-0.0399118
0.25576
-0.401966
0.54233
0.059831
-0.367167
0.656341
0.276022
-0.766785
0.488526
-0.204659
-0.029895
0.239855
0.27326
0.16154
0.147689
-0.0537951
-0.448819
-0.288778
0.117687
0.0276578
-0.172269
-0.252498
-0.129127
0.278319
0.196535
-0.0954302
0.366633
-0.189852
0.412809
-0.181214
0.362292
0.0372114
-0.285623
-0.0403961
-0.142489
0.32646
0.304587
-0.0127612
-0.444039
-0.309007
0.0721808
0.29642
-0.331282
-0.015449
-0.425923
0.390603
-0.378365
0.177829
-0.295904
0.0743192
0.295273
0.103477
0.16659
0.234755
-0.0733514
0.147962
0.613471
0.340431
-0.0919847
0.354635
-0.322576
-0.516464
0.0482507
0.52058
0.288655
0.255547
-0.450661
-0.0481904
-0.439481
0.218501
0.410873
-0.400921
-0.153692
-0.432361
0.462725
-0.209463
0.110993
-0.0368025
0.20885
-0.305399
-0.171817
0.435867
0.470743
-0.0927743
-0.1915
-0.133257
-0.186835
-0.486828
0.327289
-0.0911058
-0.0486234
-0.24415
-0.188111
-0.386862
-0.341588
0.205734
-0.0470468
0.20682
-0.0921647
-0.336449
0.326623
0.25661
0.366877
0.334535
0.674923
-0.15314
0.460025
-0.207739
0.263216
0.159844
-0.0499334
0.405077
1.25087
0.267869
0.441858
-0.116214
0.190145
0.189724
-0.0191159
-0.0924769
0.0776647
-0.217529
-0.254953
-0.0989478
-0.135862
-0.219066
0.35506
-0.206244
0.286842
-0.215655
0.0889778
0.220187
-0.247613
-0.462941
-0.387435
0.338651
-0.177566
-0.114927
-0.0355475
0.0420297
0.158767
-0.399107
0.426804
0.273961
-0.108806
0.281845
0.15916
-0.258595
-0.142391
-0.286191
0.157071
0.180822
1.53573
0.497443
0.431175
0.0215145
-0.0956161
-0.186446
0.397755
-0.367536
-0.150343
0.15146
-0.00439144
-0.164929
-0.014068
-0.021092
0.288086
-0.119932
0.311614
-0.0243339
0.0665383
-0.122466
-0.394553
0.032305
0.335789
-0.183291
-0.221722
0.440051
0.224912
0.478316
0.460848
0.243469
-0.449284
-0.147412
0.139552
-0.264375
-0.299405
-0.311981
-0.0865547
-0.073167
-0.253826
-0.0253043
-0.433495
-0.242238
-0.328981
0.159795
0.467912
0.0192179
0.206905
0.621016
-0.0438897
0.00950886
0.494866
0.175904
-0.135538
-0.430849
0.371644
0.418056
-0.318315
0.0547672
0.153078
0.201531
0.0694106
-0.0283432
-0.419939
0.0391397
-0.318728
-0.0233753
-0.203836
-0.261769
-0.317967
-0.00303011
0.460388
-0.0400479
-0.119467
0.311066
-0.106547
0.177908
0.206604
-0.00906213
0.406991
-0.106083
0.0316704
0.302718
-0.466242
0.449873
0.0422825
0.157606
0.47302
0.191909
0.000263837
-0.437419
0.0985237
0.302044
-0.0701393
-0.261753
-0.234751
-0.441269
0.640013
0.00659563
-0.0836021
-0.0513937
0.0751556
0.487239
0.342842
0.346801
-0.243586
-0.382316
-0.0805169
-0.199417
-0.019753
0.233632
0.381603
0.352091
-0.331283
-0.0197633
0.243179
-0.512251
-0.403951
-0.106814
0.419987
-0.364768
0.264793
0.259671
0.125897
0.0713842
-0.0560261
-0.147518
-0.134818
0.0262016
0.0614938
0.0808373
-0.220701
-0.277423
-0.10905
-0.0958321
0.337884
0.223417
-0.0457122
-0.00379723
0.182434
-0.104763
-0.127777
0.21972
-0.0503696
-0.409582
0.623451
0.388674
-0.513626
0.296003
0.0238515
0.377358
0.606951
-0.228919
0.0850899
0.120268
-0.0782064
-0.0295321
0.253336
-0.178609
-0.0787465
0.434987
-0.235446
-0.0119189
0.245649
-0.148176
-0.2991
-0.177431
0.0124097
0.260614
0.309271
0.158548
0.0654003
0.00132964
0.242034
0.172447
-0.334645
0.166669
-0.316389
-0.141352
0.43451
-0.426456
-0.205125
-0.0415051
0.0498099
0.216642
0.125119
-0.101336
-0.037927
-0.436807
0.059642
-0.385522
0.461652
-0.430075
-1.28449
-0.107813
-0.237863
0.455572
-0.299327
-0.373247
0.201933
0.0663538
-0.0898775
-0.18143
0.084652
0.102203
-0.0871509
0.510835
-0.327437
0.101479
-0.164835
-0.339436
0.0361592
0.262969
-0.138546
0.228965
-0.238528
-0.15758
0.197595
0.393942
0.231313
0.287573
-0.129585
-0.358978
0.553974
-0.106818
-0.304123
-0.416897
-0.314589
0.281407
-0.420281
0.331058
-0.0447781
0.219182
-0.312645
0.374715
0.195717
-0.289459
-0.058912
-0.365483
0.277479
-0.301762
1.25454
-0.406138
0.0266023
-0.245718
0.236447
0.461707
-0.400435
-0.327346
0.428105
-0.0268323
-0.333599
0.219013
0.466244
-0.32379
-0.0453548
0.216053
-0.0815205
-0.187194
0.464885
-0.410197
-0.419682
0.187435
-0.461459
0.347634
0.161114
0.41194
0.109278
0.31294
0.0592938
-0.0160634
-0.175568
0.148223
0.280106
-0.359555
-0.168162
0.28011
-0.351258
0.466829
0.328048
0.136333
-0.184415
-0.048013
-0.0136483
-0.445564
-0.141789
-0.108332
0.0960028
-0.0543371
-0.00621069
0.0506108
-0.331427
0.0937567
0.271231
0.169968
0.339094
0.0829622
-0.0484239
-0.338168
-0.637567
0.266893
0.195531
-0.26826
0.184366
-0.0726009
-0.391885
-0.126124
-0.0579821
0.137412
0.169748
-0.148728
0.344129
0.368555
-0.518968
-0.39784
0.325698
-0.0800125
-0.0727429
0.418861
-0.176039
-0.0931903
-0.226745
-0.0535912
0.0828667
-0.324428
-0.423215
0.565502
0.462664
-0.106805
-0.259051
-0.22024
-0.120433
-0.193075
0.406479
0.0856653
-0.0382655
0.0562475
0.554363
-0.114906
0.0408231
0.0851528
0.327076
-0.325842
-0.265262
-0.430679
0.0802704
-0.146594
-0.409286
0.042309
-0.171775
0.227268
0.578262
0.0407916
0.056415
-0.020149
-0.0511349
-0.277772
0.448234
-0.190382
0.330833
0.399777
0.3048
0.37627
0.180304
0.278179
-0.0516897
0.291891
0.270387
0.208445
-0.153322
-0.252583
0.226488
0.0571159
-0.446217
0.455509
-0.482633
0.341142
0.422066
0.0264618
-0.285213
0.365427
0.102327
0.145083
0.0895076
-0.0904953
-1.30384
0.384489
0.277536
-0.222256
-0.110544
0.230704
0.20118
0.118623
0.432693
-0.208041
0.147055
-0.285466
0.294229
0.254058
-0.356134
0.0798255
-0.145866
-0.110879
-0.446664
-0.0481333
0.068926
-0.315805
-0.423023
0.365312
0.223696
-0.305404
-0.43458
0.453716
0.166126
-0.121577
-0.317649
0.355526
0.0541005
-0.327455
0.290021
-0.323686
0.430671
0.0513648
-0.22062
0.257911
0.029438
0.295221
0.216573
0.127778
-0.218775
-0.311108
0.141485
-0.2484
1.03066
0.323635
-0.191018
0.226664
-0.406117
-0.251681
0.190204
0.429581
-0.287915
-0.324603
0.243432
-0.134351
0.0797034
-0.150559
-0.0799642
0.489019
-0.172263
-0.367436
-0.162159
-0.11262
0.354432
0.12006
0.399814
-0.159756
-0.407395
0.0785792
0.0755241
-0.0465909
0.380379
-0.1331
0.0409626
-0.306491
-0.0116677
-0.481905
-0.377875
0.032905
0.0819427
0.132093
0.248783
-0.0907635
-0.0160894
0.417391
-0.306281
0.0729798
0.411273
-0.428355
0.470319
-0.50727
-0.521607
0.0548495
0.419286
0.1768
0.314008
-0.269697
-0.348284
0.321181
-0.212958
0.527974
0.538382
-0.0711875
-0.128176
0.620514
-0.0820559
0.437008
0.405566
-0.37438
0.250909
-0.0855154
-0.146387
0.392213
-0.307968
0.350299
0.1728
0.442313
-0.414518
-0.139268
-0.330473
0.331444
0.192368
-0.175611
-0.181356
-0.417289
0.392643
0.206615
0.0310675
-0.0275131
0.475114
-0.277797
-0.138061
-0.326899
0.400164
0.0174759
-0.396695
-0.15775
-0.195875
-0.155537
-0.187098
-0.265839
0.120168
0.034464
0.334101
-0.438967
0.0425455
0.672139
0.226018
-0.0513396
0.240228
0.515773
-0.447638
0.0416572
-0.0316345
0.0846721
0.147242
-0.047981
-0.0444508
0.316931
0.13844
0.26413
-0.404696
-0.270879
0.195519
-0.104357
0.357462
0.170271
-0.16951
0.43823
-0.175015
-0.2545
0.00945466
0.354959
0.0412977
0.0598005
-0.343086
0.386067
0.0585634
-0.247706
0.113558
0.00984471
0.404735
0.277934
0.34932
0.47339
0.162621
0.0114161
0.249171
-0.34136
0.179513
-0.280551
-0.14517
0.615996
0.396244
-0.736703
-0.898805
-0.335537
0.114747
-0.215163
-0.344954
-0.43642
-0.34046
0.267191
0.191614
-0.207673
-0.15581
-0.0884743
-0.204778
-0.240757
0.0270804
-0.17298
0.0846234
0.243417
-0.140898
-0.235659
-0.260892
-0.0100733
0.0107579
-0.327799
0.170222
0.330415
-0.0342827
-0.341403
0.4142
-0.0259201
0.0138927
0.290707
0.403412
0.0267993
-0.028917
0.0819788
-0.259132
-0.35637
0.188184
-0.42391
-1.24307
-0.238162
-0.112954
0.0957323
-0.0839259
-0.0262914
-0.0706452
0.664802
0.0617264
-0.00663474
0.074659
0.0497925
0.0396347
0.0164255
0.0995167
0.171643
-0.139338
-0.0178837
0.38399
-0.258824
0.298882
-0.105455
-0.0449564
-0.0940387
0.198438
0.207256
-0.0854253
-0.216963
0.0777289
0.23241
0.14473
-0.0501089
-0.32328
-0.139998
0.146264
-0.141169
0.0487578
0.07673
0.169865
-0.124398
-0.149275
-0.0317854
0.0940059
-0.0462022
-0.0719726
0.0439371
0.0649362
0.264166
3.4311
0.114471
-0.216774
0.463521
-0.0445084
-0.274042
0.0979572
0.651695
-0.0517942
0.127239
-0.239934
-0.120972
-0.119234
0.201697
-0.418672
0.207606
0.387778
0.0184504
-0.0481626
0.106865
-0.239317
-0.284043
-0.30858
0.0264413
0.234378
-0.092267
0.186008
-0.271082
-0.146687
0.0272926
0.286919
0.0921275
0.414007
-0.341595
0.0855031
0.289517
-0.0214655
-0.357888
0.190576
-0.18541
0.383616
-0.0562856
-0.152589
0.368142
-0.191426
0.208389
0.479995
-0.0482729
1.17519
-0.619491
0.110754
0.142386
-0.436732
0.354069
0.243572
0.237059
0.267138
-0.064192
0.352418
-0.249933
-0.258165
-0.0533059
0.193131
-0.226359
-0.178632
0.354207
0.00876106
0.40871
-0.0259324
-0.152184
0.0865344
0.0799295
0.381711
0.314225
-0.39233
0.324076
-0.138288
0.504176
-0.281398
-0.241027
-0.288051
0.0172389
-0.275808
-0.280965
-0.455404
-0.46649
0.21972
-0.533997
0.226819
-0.160059
-0.132722
-0.238314
0.0964793
-0.0402154
0.00776583
0.645685
0.130523
-0.442423
0.0831622
-0.354505
0.0337003
-0.177906
0.170619
1.71719
0.103051
-0.158411
-0.14119
0.1683
-0.143994
0.183546
-0.233937
-0.080826
-0.511197
0.228499
0.0884343
0.331798
-0.264349
-0.143448
0.287556
0.320205
0.00836874
-0.325128
0.0211748
-0.178008
0.0320787
0.110769
0.221888
-0.0726318
0.121826
0.261029
0.123493
0.184564
-0.53305
-0.194483
-0.178093
0.148227
0.0326937
-0.154071
0.230341
-0.429092
0.108527
-0.0310933
0.0889933
0.583643
3.15498
0.0283526
-0.309965
-0.388163
-0.0337257
0.230876
-0.0862681
-0.387856
-0.225257
-0.246718
-0.181743
-0.00166149
0.241311
0.475862
-0.256424
0.314774
0.108933
-0.26763
-0.0459133
0.494995
-0.0870073
0.381805
-0.265397
0.0802386
-0.437569
0.0838173
-0.011882
-0.144335
-0.0483419
-0.236189
0.385886
0.0335025
0.0926686
-0.206315
0.0585114
-0.389668
0.215104
0.209336
-0.191684
-0.268473
0.336321
0.245203
-0.164634
-0.254543
-0.217405
-0.105539
0.157335
-0.0530298
0.536604
0.0677403
-0.347854
0.146392
-0.181952
-0.342682
-0.00845043
0.237178
0.0627712
0.347149
0.129765
0.281994
0.137999
-0.200274
0.168772
0.0829155
-0.264607
-0.116354
0.192358
0.242558
-0.452485
-0.302866
0.287993
0.297925
-0.368235
0.33106
0.0691897
0.273703
-0.12692
0.391863
0.0895181
0.114337
-0.507537
-0.517599
0.211019
-0.211681
-0.00177106
0.259518
-0.32489
-0.365473
-0.338778
-0.0261395
-0.161224
0.388253
0.241235
-0.195408
-0.0867943
0.4631
0.59073
0.0287803
-0.144444
-0.188927
-0.295205
0.444037
0.0152905
-0.240384
-0.799347
-0.32832
-0.184267
-0.130218
0.236046
-0.35806
-0.20862
0.265552
-0.164552
0.0244949
-0.541243
-0.0403866
-0.392985
-0.392668
0.408007
-0.0459126
-0.00447376
-0.118334
0.365181
0.0328412
0.186819
0.154971
-0.192774
-0.357412
-0.228415
0.329777
0.266782
0.344019
-0.105879
0.0117142
-0.34967
0.421024
0.291756
0.45504
0.429977
-0.34028
-0.0584863
0.185367
-0.0948588
0.0173564
-0.970336
-0.286287
0.501793
0.0826814
0.163355
-0.110018
0.0463833
0.637501
-0.475677
-0.579873
0.0606746
-0.158042
-0.115389
-0.324814
0.463243
-0.215515
-0.422183
0.0649469
-0.201685
0.136386
0.0602118
-0.25222
0.000941437
0.122009
-0.0994125
0.120929
0.109101
-0.0247243
-0.0502308
-0.0115963
0.206182
0.16929
0.344499
-0.396733
0.367856
-0.191485
-0.145729
0.101649
-0.358551
-0.0230232
-0.124024
0.0441415
0.297733
0.463129
0.10957
0.0592007
0.0707074
-0.129819
-0.604459
-0.31159
-0.209424
0.0775338
-0.119599
0.232802
-0.187373
0.34316
0.333147
0.0506987
0.116423
-0.156033
0.0609039
0.252119
-0.0641747
-0.0315607
0.20581
0.147861
-0.0639408
0.140191
-0.293649
0.349884
0.228563
-0.197589
-0.122969
-0.316014
0.0766324
-0.11393
-0.191723
0.130136
-0.214939
0.478932
-0.233396
-0.398912
-0.0631049
0.0947935
0.00903716
0.0577625
0.0269745
0.234232
-0.04945
-0.0986956
-0.188541
0.320308
-0.0843162
0.0460292
-0.361603
0.194676
-1.87475
0.362776
0.459887
-0.0823097
0.0503015
0.362419
0.199533
0.398678
0.0706573
-0.16254
0.222545
-0.229888
-0.0595388
-0.202355
-0.378012
-0.275172
-0.412937
0.397711
0.553359
0.565261
-0.180437
0.435246
-0.368478
0.36458
0.19679
-0.1134
-0.14364
0.259195
-0.289692
0.112003
0.173377
0.550393
-0.316466
-0.41494
0.422524
-0.146692
0.12409
0.478151
-0.168446
-0.324065
0.377936
0.353786
-0.424819
-0.33929
-0.122257
0.307564
-0.18384
-0.276356
-0.239356
0.0917207
-0.196781
-0.244596
0.0106929
-0.176038
-0.00969853
-0.680554
-0.502244
-0.529653
-0.535312
-0.055879
-0.0336896
-0.00790142
0.227783
-0.0721665
0.264156
-0.324281
0.129103
0.569442
-0.304415
-0.133233
0.0608067
0.229764
0.0383834
0.169324
-0.218462
-0.35738
0.295368
0.342748
0.0559682
0.264901
-0.139423
0.0276466
-0.19169
0.115798
-0.292806
0.260409
0.0496084
0.0898243
-0.182164
0.0841708
-0.322099
0.446431
-0.0697253
0.316054
-0.0887674
-0.76665
-0.852761
0.266485
-0.186903
-0.320352
0.390857
0.0488793
-0.361182
0.397764
0.183042
-0.448002
0.135168
0.421033
-0.398223
0.0995971
-0.138573
0.32116
0.138458
-0.0668784
0.222826
0.289874
0.153396
0.0257824
0.48008
-0.361376
0.126585
0.100287
0.0591648
-0.365996
0.251025
-0.24123
0.203073
-0.274884
0.366414
0.100522
0.157093
-0.141905
-0.0278678
0.120259
-0.214485
-0.359284
-0.346527
0.0474346
-0.073945
-0.419792
0.410477
0.106085
-0.362973
-0.02059
-0.128231
0.241066
0.0667859
-0.373649
0.334513
-0.241656
0.0857456
0.113942
0.0820846
-0.198996
-0.281333
-0.455402
0.206199
0.194125
-0.2439
-0.0193712
-0.226295
0.29251
0.51219
0.0384504
-0.352866
-0.0781392
-0.0245353
0.199557
0.0272583
0.309106
-0.301425
-0.0448517
0.256974
0.0779262
-0.214228
0.126005
-0.29023
-0.413716
0.207434
-0.283135
0.414666
-0.40718
0.223353
0.206996
0.408642
-0.14011
-0.336213
0.0986671
0.210046
-0.312181
0.266058
-0.154733
-1.02185
0.508145
-0.0641937
-0.230718
0.257049
0.0804796
0.124584
-0.0587039
-0.0377917
-0.000234693
-0.12835
-0.10629
0.537826
-0.144607
0.123378
0.227539
-0.119534
0.189868
0.180836
0.210109
0.129713
0.0438238
0.0821095
0.0153084
0.250146
0.527239
-0.31279
0.355991
0.361875
0.341159
0.133861
0.0783187
0.334206
0.0419788
-0.382657
0.319755
0.490748
-0.293106
0.171253
0.220432
0.206892
-0.0293698
0.281754
0.500408
0.132774
0.35431
-0.298252
0.261024
-0.241849
0.365966
0.0615446
-0.125788
0.371175
0.627726
0.468859
0.0208392
-0.384163
-0.214862
-0.307357
-0.497504
0.364297
0.386993
-0.0712507
0.5282
0.324842
-0.0415693
-0.0392737
0.499845
-0.269995
-0.382235
-0.10823
-0.00544184
-0.048157
-0.20825
0.171738
-0.379322
-0.134107
0.3477
-0.0654875
-0.137157
0.16545
0.273165
0.251267
-0.361602
-0.199101
-0.139393
-0.333111
-0.12669
0.486604
-0.141271
-0.418985
-0.438088
-0.0547071
0.141635
0.182104
-0.0144964
0.0512789
0.229685
-0.323824
-0.161056
0.0831518
0.616632
-0.188977
0.544698
-0.218859
0.168739
0.304188
-0.12223
-0.353258
-0.0796169
-0.334522
-0.254997
-0.268493
0.221345
0.140275
0.0911695
0.57622
-0.0255781
0.602526
-0.157012
-0.311362
-0.233996
-0.202432
-0.238668
-0.0484569
0.355012
-0.143713
0.166883
0.0309207
-0.340777
-0.003824
-0.345563
0.18208
-0.0227256
0.0175157
-0.462648
0.124591
0.237384
0.0195238
0.137464
0.24925
-0.384271
-0.38909
-0.127113
1.26201
-0.349523
0.218137
0.291928
0.0468765
0.032826
0.451617
0.248048
0.287983
0.331049
-0.0503288
0.211273
0.0750645
0.0993721
0.0954136
0.0807374
-0.267933
-0.251024
0.412053
0.251009
0.251879
0.0798747
0.119297
0.119565
-0.0271762
0.185492
-0.368753
0.0244449
0.0630323
-0.322994
-0.165527
0.0127497
0.373768
0.355972
-0.422199
0.0283022
-0.343569
-0.253619
-0.158373
0.462147
0.120693
-0.32528
0.446486
-0.131345
0.319744
-0.0706352
0.409275
0.530458
-0.768504
0.387421
0.19142
-0.232345
0.419926
0.164007
-0.333695
0.0202104
0.0197419
-0.253099
-0.510808
0.312821
-0.231066
0.292585
0.0681087
0.102054
-0.477971
-0.118291
-0.412029
-0.286275
-0.284703
-0.382048
0.21596
-0.350924
-0.069683
-0.0430539
-0.200266
-0.456684
0.368788
-0.360765
0.423355
0.127936
-0.226811
0.434876
-0.431047
-0.353725
-0.0295106
-0.188888
0.211745
0.214338
0.290463
0.211099
-0.129543
0.135855
-0.320684
-0.249417
0.160305
-0.11259
0.539583
0.484627
-0.00642191
-0.135192
-0.138629
-0.112021
-0.0548654
0.484442
-0.176184
-0.132612
0.0109484
-0.230321
0.0086033
-0.111376
-0.211203
-0.212663
0.128495
0.401773
-0.0924196
0.313672
-0.227066
0.125446
-0.320489
0.17659
0.00900423
-0.462934
-0.103383
-0.176138
-0.175429
-0.0240317
0.248279
0.367179
0.143146
-0.477941
0.172163
0.0260814
-0.218335
-0.467236
0.39142
-0.165225
-0.375512
-0.0642007
0.441216
0.0663915
-0.333479
-0.344533
0.199566
-0.400325
0.221696
0.0240558
0.171191
-0.0558753
-0.143122
0.324525
0.0523288
-0.265669
-0.136649
0.209179
-0.0683992
0.0698519
0.234867
-0.397816
0.199061
0.179969
0.0320358
0.14909
0.0260321
-0.184036
-0.286176
0.312222
-0.357137
-0.342838
0.0135339
0.247358
0.232744
-0.138143
-0.289254
0.0240261
-0.33554
-0.307173
0.36484
0.212977
0.0387638
0.256969
-0.24787
-0.156458
0.0793001
0.0354244
0.253511
-0.239897
-0.100697
0.117928
0.211316
-0.337104
0.106756
-0.0800894
1.2149
0.231609
-0.537588
-0.407739
0.294945
0.192053
-0.223331
-0.115461
0.26982
-0.239293
-0.178061
-0.249453
-0.201377
-0.394576
0.133128
0.00383187
0.275864
-0.283744
-0.175084
-0.214938
0.17144
-0.135643
-0.0800776
-0.529131
0.0709741
-0.400555
-0.430598
-0.0516502
-0.114045
0.0981992
-0.0153459
0.328755
-0.413218
-0.18373
-0.127818
-0.123215
0.144477
0.209435
-0.416574
0.298789
0.0918534
-0.112801
-0.31163
0.33688
0.456612
0.355243
-0.0315056
-0.295634
-0.352636
0.0524458
-0.0220575
0.153627
-0.261472
-0.40339
0.287548
-0.355406
-1.03447
-0.813415
-0.0728343
-0.0246583
0.168494
0.226472
-0.201938
-0.332425
-0.138033
-0.384365
-0.217993
0.494289
-0.055642
-0.414457
0.0680339
0.262765
0.351497
-0.471305
0.350901
0.144592
0.363836
0.198067
0.182435
-0.167171
-0.108002
-0.205577
-0.00718094
0.276814
0.209387
-0.0474129
-0.215218
-0.180903
-0.0476493
0.147369
-0.00994217
-0.421481
0.0743949
-0.137916
0.377868
0.283743
-1.27147
0.314067
0.308903
-0.177883
-0.131986
0.185311
-0.223106
0.542073
-0.0679992
0.348597
0.138999
0.402706
-0.18426
-0.283424
0.319423
0.107802
-0.255204
-0.450965
-0.215443
-0.130167
0.335287
0.168053
0.0939084
0.049205
-0.112026
0.068715
0.300045
0.499786
-0.219134
-0.279997
0.36421
0.195755
-0.0695187
0.0838825
0.311094
-0.235836
0.0355973
0.432654
0.0516936
0.068351
0.201379
0.0777749
0.441254
0.402007
0.347974
-0.0122452
0.118781
-0.379944
-0.533647
0.118038
0.210226
-0.110332
-0.0602869
-0.0987639
0.222534
-1.33373
-0.145842
0.0486968
-0.116279
0.0680135
-0.0549682
0.0570382
0.00979822
0.0320536
-0.194302
0.227565
0.179707
-0.282044
-0.253044
-0.0169098
0.0523525
0.076731
-0.23435
0.179921
0.139115
-0.069441
-0.270333
0.140354
0.193358
0.148539
-0.273873
-0.271659
0.227212
-0.086023
0.122992
0.0222287
-0.0141601
-0.22562
0.100467
-0.333383
0.433909
-0.168653
-0.101418
0.0605393
0.124697
-0.269987
-3.18934
0.121052
0.000481329
-0.200019
0.100794
0.44678
0.364567
0.452353
-0.11005
-0.14061
-0.0431422
-0.453766
-0.00668918
0.253993
0.202134
0.486437
0.317828
-0.0832837
0.450141
0.419146
-0.283844
-0.00172562
0.0571478
-0.398359
0.439145
0.136547
0.0518927
-0.0849207
-0.0218093
0.0716621
-0.0872273
-0.109073
-0.169217
-0.30479
0.120654
-0.0468485
-0.242816
-0.0575751
0.443499
-0.359623
-0.220025
-0.191453
-0.337802
-0.108989
-0.109597
-0.393127
0.119959
0.268142
0.228597
-0.146618
0.160764
-0.380161
-0.0279875
0.236441
0.0753998
-0.940766
-0.856042
-0.769219
0.0124514
0.181546
-0.285167
0.27962
-0.206085
-0.190207
-0.422766
0.278177
-0.168978
0.0523228
-0.214205
0.450868
-0.155049
-0.369643
-0.163121
0.0848527
0.195247
-0.168669
-0.0066196
-0.481649
-0.0278455
0.371782
0.350434
0.191488
-0.129983
0.263204
-0.159923
-0.301781
-0.0540739
0.223113
-0.278541
-0.32493
0.512783
-0.255492
0.498839
-0.179578
-0.152777
-0.336223
-0.535415
-0.223458
0.114365
0.530318
-0.286614
-0.33414
0.155247
0.584328
-0.236414
0.0876357
0.173824
0.395385
-0.0380784
-0.154974
0.238608
0.400278
-0.0163747
0.311573
0.228076
-0.0567775
-0.239333
0.121154
0.407911
0.0487265
-0.328144
-0.408726
-0.141706
0.157325
0.302705
0.367802
0.381826
0.489841
-0.369017
-0.275583
-0.231899
0.0247963
-0.0687888
0.383345
-0.202162
-0.069527
-0.130955
-0.412957
-0.188861
0.234126
0.101757
0.109974
0.0656576
0.0787838
0.952331
-0.521854
0.450661
-0.255826
-0.252106
-0.0176314
-0.447552
-0.153155
0.139209
0.125869
0.011248
-0.165701
0.102876
0.314701
-0.162941
-0.10331
-0.278715
-0.140231
-0.206618
-0.334388
-0.407612
0.247256
0.263001
0.211764
0.2183
0.0746292
0.541117
0.404795
-0.258901
-0.108251
-0.161017
0.0736656
0.558626
0.244062
-0.0676101
0.0807791
0.32254
0.229701
0.328068
-0.236043
0.260606
-0.030118
0.527938
-0.0329735
0.190018
0.0278319
0.231229
-0.338814
0.108435
0.180544
-0.105851
-0.506722
0.27803
0.493845
-0.474702
0.514018
0.0911139
0.442142
0.165625
0.251545
-0.00539291
0.426006
-0.0293588
0.0415848
0.13966
-0.319521
-0.230895
0.210855
-0.0912851
-0.0734626
-0.305415
0.248654
-0.0504168
0.0744565
-0.270556
0.484432
-0.356336
-0.171854
0.113064
0.0616563
-0.29207
0.245191
0.397914
-0.491228
0.176354
0.107857
-0.320875
0.0838744
0.449285
0.26694
-0.138968
-0.242712
0.162028
-0.18475
-0.45114
0.193512
-0.436091
-0.396166
-0.169252
-0.0801669
-0.218628
-0.194197
0.203794
-0.272572
-0.3758
0.0791314
-0.2032
0.349988
-0.445548
0.174404
-0.00299213
0.517061
-0.462429
0.409601
0.339025
0.432639
0.2389
-0.416559
-0.0910171
-0.193947
-0.508519
0.5117
0.0883999
0.356859
0.134995
0.151373
-0.116191
-0.423911
-0.114783
0.190699
0.167804
0.154763
0.127653
-0.217064
-0.505339
-0.679261
-0.00404873
0.310452
-0.201572
-0.288313
0.0762803
-0.579418
0.335555
0.465665
0.516268
-0.439236
0.110589
0.402494
-0.117743
-0.0859066
-0.467565
-0.297302
0.0237181
-0.350212
-0.217717
-0.433025
-0.212957
-0.379012
-0.455051
0.318759
0.250298
0.217254
-0.0153429
-0.264393
-0.441089
-0.124499
-0.482271
0.380359
0.301776
-0.160692
-0.0576676
0.365859
-0.209983
0.467083
-0.595236
0.420781
0.127758
-0.435327
-0.403638
-0.443232
0.473873
0.282096
-0.193491
0.182332
0.267735
0.33518
0.236277
0.262871
0.168673
0.216736
0.295644
-0.175608
0.342554
0.165624
-0.309689
0.0130475
-0.129224
0.507325
-0.210103
0.00508202
0.454378
0.542746
0.21772
-0.309382
-0.0434806
-0.355001
-0.0708425
-0.0812948
0.294294
0.312264
-0.062247
0.363939
0.446374
-0.0624268
0.445735
-0.0251181
0.0902759
0.354537
0.155188
0.0697502
-0.0598413
-0.00217632
0.226465
-0.273474
-0.0300466
0.152625
-0.462273
0.497015
0.434254
0.530862
0.143977
-0.365066
0.472413
0.103472
-0.201294
-0.117076
-0.320797
-0.169759
0.0293009
-0.0991885
0.16736
0.520013
-0.113244
0.51677
0.200098
-0.446886
-0.278322
0.01763
0.397446
0.218764
-0.430649
0.113993
0.0798085
-0.465546
0.20954
0.36192
-0.210492
-0.248464
0.00803994
0.0964014
-0.0835838
0.258437
-0.354143
0.25265
-0.538389
-0.0799809
-0.27595
0.354034
-0.234205
-0.325781
-0.206659
0.11023
-0.0131572
-0.373448
-0.323052
-0.374726
0.376016
-0.250825
-0.293405
-0.0405092
-0.325424
-0.111397
-0.0382522
-0.503872
0.264652
-0.294794
-0.338929
-0.358667
-0.0382466
0.0368528
-0.324018
-0.14534
-0.432851
0.0350186
-0.31375
0.377482
0.237482
-0.41837
0.148579
0.0696603
-0.0290368
-0.199352
0.509174
0.0211349
0.482115
-0.280497
-0.344409
0.331409
0.450808
0.405396
0.0179298
0.578534
0.239288
-0.230647
0.275344
-0.069818
-0.219861
0.42389
0.212817
0.302863
-0.0322589
0.262679
0.0708264
-0.526251
0.210453
0.285653
0.0618306
-0.0179862
0.167009
0.513404
0.129818
0.117046
0.247456
0.373343
0.396036
-0.218218
-0.218397
0.0973147
-0.0707022
0.282456
-0.255981
7.89143e-05
0.459053
0.574691
0.163882
0.27576
0.22221
0.0741597
0.476704
-0.161628
0.0733738
0.486135
0.0876154
-0.421932
0.391375
0.4759
0.301533
-0.0473661
0.0902017
0.2731
0.171295
0.0261647
-0.220241
0.21421
-0.266437
-0.31137
0.512779
0.241813
-0.251835
0.258035
-0.0427995
-0.0109291
0.172574
0.0733256
0.0498754
-0.174794
-0.398677
0.0910947
0.634395
-0.0982486
0.371169
-0.0499791
0.34492
-0.302279
0.0752236
0.350046
-0.0721678
-0.180015
-0.0665872
0.249011
0.0195381
0.156875
-0.0208937
0.404837
-0.34656
0.403007
0.350189
0.310027
0.116663
-0.0701277
-0.276107
-0.0649237
0.34761
0.121992
0.153714
-0.155024
-0.492673
-0.00861502
0.0694648
0.0137982
-0.0724961
0.231996
-0.128516
0.376155
0.278099
0.498917
-0.302227
0.410705
0.234863
0.146527
0.313262
-0.434779
0.301555
-0.227693
-0.208854
0.179482
-0.124181
-0.321424
-0.355995
-0.185231
0.0406254
-0.198389
-0.103396
0.103531
0.329818
-0.0467049
-0.303026
0.341077
-0.151695
0.370825
-0.387263
0.414566
0.456452
0.271291
0.114491
-0.187477
-0.127404
-0.336729
-0.149615
-0.137448
-0.279725
0.00152537
-0.350892
-0.30829
-0.391953
-0.356804
0.369338
0.1046
0.449004
-0.0757324
-0.339144
0.338192
0.424969
-0.472967
-0.441558
0.214139
-0.251481
0.599668
0.139578
-0.026354
-0.215044
-0.162262
-0.352735
0.27874
0.457824
-0.442396
0.349227
-0.300168
0.22812
-0.0359566
-0.491593
-0.151116
0.391521
-0.230177
0.203425
0.451478
-0.154749
-0.282477
-0.0330631
0.353944
-0.467026
0.231696
0.341714
-0.422995
0.202715
0.0880679
-0.467361
0.165561
0.304713
0.280781
-0.10454
-0.308838
0.00868493
-0.00447022
0.345802
0.270015
0.260662
-0.278795
0.3372
-0.398944
0.421133
-0.0198894
0.425164
0.240047
-0.0210976
0.00892876
0.149771
0.0645647
0.267912
-0.0670828
0.371872
-0.0738956
0.331389
0.00136455
-0.188366
0.382611
0.468927
0.309011
0.0967233
0.165498
0.498959
-0.085619
-0.283194
0.135931
0.256502
0.266401
-0.42878
0.211001
0.0332273
0.248248
-0.296317
-0.0565554
0.350921
-0.195498
0.153055
-0.355886
0.0420259
-0.183012
0.0880589
-0.35343
0.0803423
0.150177
-0.117553
0.415719
-0.42849
0.250362
-0.0323447
-0.0764289
-0.252607
0.148208
0.168893
-0.374311
-0.410246
-0.111744
-0.12356
-0.0622345
0.290542
-0.227598
-0.618506
-0.373972
0.0822398
-0.324178
0.346631
0.497613
0.128427
-0.3654
0.0893942
-0.287887
-0.220739
0.161936
-0.448065
0.0614917
0.482489
-0.21293
0.27351
-0.21682
0.377391
-0.274048
0.114387
-0.132433
-0.102654
0.214795
-0.0181016
-0.109828
0.261765
-0.0935405
-0.463267
-0.0307831
-0.305567
-0.452505
-0.461799
-0.412283
-0.152085
0.25831
0.333386
-0.0478138
0.0706281
0.176153
-0.22282
0.00415638
-0.0112253
0.361799
-0.527599
0.0620081
-0.012773
-0.0218708
-0.219069
0.261793
-0.160616
-0.204518
-0.315637
-0.262618
-0.00712807
-0.0733453
-0.0152314
0.342664
-0.196308
0.335102
0.0563023
-0.0864507
-0.427204
-0.218023
0.370964
-0.316323
-0.0976915
-0.513426
0.138623
0.165113
-0.214322
0.00407801
0.00817439
-0.449813
0.281456
-0.237421
0.10315
0.278649
0.252376
-0.0522932
-0.344749
-0.399323
-0.180485
-0.12106
-0.206763
-0.472436
0.0380111
0.248986
0.147151
-0.425152
-0.163846
-0.00163205
-0.0603057
-0.226552
-0.495314
-0.390213
0.233643
0.25234
0.299308
0.413043
0.345549
-0.0174876
0.0254698
-0.463474
-0.27823
-0.308103
-0.410877
0.368907
0.0917283
0.393079
-0.0102665
0.0852056
-0.507325
-0.085792
0.304157
0.208745
0.179942
-0.484363
0.308851
-0.251611
-0.283329
0.355683
0.235345
0.22395
-0.141486
-0.120506
0.000308406
-0.417595
0.0899915
0.328121
-0.12131
0.13684
0.265819
-0.380488
0.0402033
0.170324
-0.0441247
-0.471545
0.287098
-0.336524
0.0305915
-0.49858
0.338012
-0.274636
0.30257
-0.154054
0.115983
-0.459891
-0.406956
-0.089929
0.364447
0.394954
-0.24645
0.0256005
-0.401961
-0.104631
-0.486951
0.474152
0.440733
0.368845
0.226398
0.473692
-0.062123
-0.410047
-0.313415
-0.184695
0.13798
-0.0951975
0.165916
0.329116
0.141381
0.369989
0.0422435
0.141665
-0.332831
-0.23031
-0.0928024
0.0674458
-0.360135
-0.432449
-0.0669357
0.563995
0.37098
-0.380864
-0.350509
-0.417286
-0.347598
0.192843
0.393278
0.379593
-0.205896
0.266906
0.33667
0.188058
0.33107
-0.246056
-0.202671
-0.291222
0.129142
0.157176
-0.0987751
0.479313
0.225844
-0.405902
-0.466894
0.228142
0.2043
-0.0354039
-0.0611368
-0.53467
-0.425121
-0.432548
-0.128752
0.0873065
-0.0115042
0.205507
-0.193282
0.00640923
0.494564
-0.170776
0.423987
0.280223
-0.241437
0.105604
-0.284479
0.257054
0.222985
0.122066
-0.234163
0.277807
-0.195297
0.22539
-0.345897
0.058083
-0.129352
0.0942749
-0.0694246
0.20457
0.170474
0.283847
-0.127119
0.440337
-0.261394
0.478649
0.287288
-0.136015
-0.00984679
0.114676
0.53621
0.0472575
0.330847
-0.434154
-0.405959
0.439165
0.444837
0.263226
0.137938
-0.196715
0.298489
-0.211593
0.111304
0.372597
0.181129
0.343649
0.0707545
-0.325408
-0.348318
0.151925
-0.0360628
0.162813
-0.143894
0.153568
0.386422
-0.393292
-0.508835
-0.00572533
-0.224016
0.00984064
-0.0604061
-0.437023
0.353343
-0.242042
0.42177
-0.390141
-0.0302751
-0.253939
-0.11757
-0.0258289
-0.509447
0.460709
-0.424411
0.273929
-0.41271
-0.23992
0.0616387
0.441942
-0.0132288
0.355868
-0.412833
-0.363216
-0.388781
-0.239778
-0.0826882
0.197692
-0.336808
0.247829
-0.536883
0.0233416
0.052389
0.405944
0.0155483
-0.43201
0.00949444
-0.522282
0.160513
-0.229243
-0.425845
-0.181133
0.368871
-0.176674
0.172944
-0.373905
-0.189404
-0.114967
-0.275212
0.15919
0.342703
-0.429827
-0.0289111
0.111279
0.0545509
-0.200588
-0.313389
-0.369808
0.304284
0.209374
0.196202
0.0253283
-0.297374
-0.35876
-0.454518
-0.427344
0.0703462
0.474681
0.0137587
0.179829
-0.083593
0.388432
0.199602
-0.566601
-0.172478
0.186342
-0.160914
-0.272708
0.433896
0.199589
-0.429942
0.439943
0.366805
-0.46119
-0.0254795
0.185627
-0.504897
0.196204
-0.267619
-0.0246276
-0.509918
-0.157928
-0.149901
0.375672
0.388005
-0.48448
-0.192576
-0.297369
-0.138233
0.0535982
-0.0972932
0.0808221
-0.0523517
0.288661
-0.563001
0.0453314
0.269344
0.235752
-0.326779
0.0175804
0.276713
-0.144984
0.183245
-0.266939
-0.379154
-0.613155
0.263871
0.0183208
0.143472
-0.342637
0.0446347
0.0679205
0.187328
-0.487162
0.123029
-0.476175
0.0455191
0.253641
0.137383
-0.293456
0.136563
-0.348792
0.409796
0.383875
-0.134339
0.326341
0.134348
0.0253321
-0.154893
0.316071
-0.322579
0.0377925
0.303752
-0.0860514
0.134754
-0.109901
0.287004
-0.098874
0.365956
0.0538405
0.348072
-0.297451
0.496304
0.293872
-0.417592
-0.0624851
-0.0967419
0.277714
-0.162041
0.173957
-0.207633
0.241326
-0.246811
0.0406008
0.154149
0.075599
0.170081
-0.193555
0.10593
0.0583725
0.126324
-0.255098
0.374344
-0.0096311
0.0187603
-0.155944
-0.0569475
0.409528
0.304953
-0.125884
0.159241
0.387476
-0.304689
-0.19083
-0.421295
-0.421295
0.255235
-0.0719821
-0.0925943
0.120772
-0.428489
0.248013
-0.437651
-0.0902193
-0.163561
-0.304349
-0.374043
0.275417
0.23127
-0.317864
-0.203475
0.144372
-0.365856
-0.0303623
-0.502164
0.191608
0.410093
0.039891
-0.466867
-0.458992
0.397183
0.303876
0.35709
-0.262648
-0.105373
-0.15431
0.16889
0.323621
-0.129441
-0.54069
-0.490112
0.091127
-0.384129
0.187999
-0.0918169
-0.185811
0.415337
0.123925
-0.291244
0.106906
0.240324
0.305511
0.467597
-0.10689
-0.0800382
0.664584
0.285619
-0.129423
-0.487952
-0.192427
-0.198051
-0.567783
0.330839
0.413595
-0.409554
-0.372068
-0.510971
-0.268041
-0.252661
-0.0931743
-0.109678
-0.174111
-0.0996097
0.112888
-0.140569
0.478821
-0.509065
0.0592084
-0.313229
0.404014
-0.146465
-0.291897
-0.275883
0.121861
-0.055263
0.356703
-0.131725
0.130714
-0.391205
0.284489
0.0531117
0.101493
-0.271981
-0.36485
0.341979
-0.253672
0.545727
-0.138
0.338548
-0.475925
-0.121178
-0.192048
-0.284763
-0.497325
-0.235574
0.0725833
0.124579
-0.150366
0.167658
-0.346561
-0.145171
-0.0908243
0.119287
-0.197996
-0.107925
0.0869281
0.288549
-0.196205
-0.151525
-0.174135
-0.437488
-0.113116
0.151879
0.0420423
0.369169
0.428618
0.157486
0.103695
0.0683214
-0.342956
0.335925
-0.433817
0.483382
-0.159935
-0.542386
0.00674572
-0.100963
-0.465373
-0.0265864
0.0952252
-0.410646
0.150629
-0.403959
0.143204
-0.252315
-0.193586
-0.263187
0.538505
0.0172817
-0.432813
0.181833
0.16325
0.132359
-0.049262
-0.317892
-0.00771949
0.143977
-0.161215
0.0534028
0.262046
0.300964
-0.103716
-0.169302
0.479036
0.148474
-0.0475236
0.303944
0.00195616
0.00500281
0.0861606
-0.304726
0.0115287
-0.0469616
-0.133127
-0.326253
-0.00776905
-0.174277
0.279977
0.333767
-0.16039
-0.177853
-0.51155
0.0402699
0.431218
0.252863
0.0140724
-0.376235
0.251344
0.36095
-0.358217
-0.306024
0.32882
-0.047148
0.362861
-0.0317614
-0.124213
0.267416
0.403175
0.157169
-0.310544
-0.369739
0.410009
-0.642097
-0.296565
0.358804
0.544402
0.433296
-0.368115
0.310738
0.357252
-0.507567
0.247785
-0.430015
0.0635377
-0.20517
-0.157197
-0.072852
0.232576
0.0141042
0.34607
0.981718
0.417313
-0.167557
0.604133
0.071567
0.223995
0.146686
-0.510143
-0.386336
0.392737
0.722914
-0.0571701
0.269121
0.448021
0.220719
0.443266
-0.348299
0.000322198
0.641279
-0.386032
-0.0825675
0.38836
-0.19435
-0.187083
0.140258
0.381192
0.292219
-0.356398
-0.0658281
0.435642
-0.107843
0.349715
0.529374
0.130252
0.273287
-0.0649022
0.510888
0.252495
-0.197829
-0.395411
-0.317125
-0.268896
0.242582
-0.0587195
-0.489194
0.227396
0.158684
-0.279849
0.0635832
-0.202199
-0.434177
-0.0690973
0.191306
0.479209
-0.207587
0.321633
-0.238119
-0.146936
-0.435642
0.669626
-0.301216
0.369123
0.26051
0.455192
-0.0455069
0.122263
0.112828
-0.205459
-0.362457
-0.136229
-0.371897
-0.373323
0.478801
0.222615
0.302129
0.200828
0.0642759
0.279341
-0.279096
0.158085
-0.0307515
-0.0433416
-0.483523
-0.462081
-0.460032
-0.0323219
-0.225408
-0.326164
0.156984
-0.328862
-0.278358
-0.300715
-0.133778
-0.705846
0.120518
0.279006
-0.2256
-0.392538
-0.957875
-0.43436
-0.266345
-0.514804
-0.0699563
0.324957
0.289067
-0.338188
0.234483
-0.388702
-0.326422
-0.532987
0.194252
0.21656
-0.405647
-0.135908
-0.00531901
-0.531238
0.105383
-0.234321
0.272984
-0.222098
-0.148979
0.391963
-0.382153
-0.134607
-0.384574
0.261818
-0.0840818
-0.48002
-0.0440784
-0.0988762
0.346102
0.269754
-0.146653
-0.385552
-0.47011
-0.247816
-0.213851
-0.06433
-0.382821
-0.0145675
-0.366764
-0.325749
-0.455849
-0.263257
-0.0860153
-0.341418
-0.408354
0.166357
0.205294
0.322247
0.262094
-0.286509
0.140792
0.00217488
-0.306344
0.209959
0.518767
0.0643642
0.265511
0.356807
0.226247
0.362309
0.396825
-0.46798
0.319171
0.401958
-0.356257
-0.496291
0.334171
0.497323
-0.426294
-0.310608
0.562298
0.141869
-0.236701
0.250613
0.00718657
0.192696
-0.310417
-0.28557
-0.359707
0.439999
0.417353
0.0425273
0.195098
0.415135
0.21855
0.0465873
-0.307808
0.354979
0.292374
-0.0841284
0.262386
-0.493709
-0.326196
-0.069671
0.219308
-0.16864
-0.192119
-0.331984
0.0260865
0.294871
0.202774
-0.378603
-0.0130219
0.358531
0.0311276
-0.0273231
-0.441877
-0.0119585
0.126433
-0.236606
0.356037
0.544011
0.401493
-0.374107
-0.0248969
0.325098
-0.041655
0.358698
-0.179638
-0.0205276
0.35034
-0.0791461
0.363075
0.311957
-0.188084
-0.0477609
0.109963
0.0494873
0.173064
0.0798547
-0.017467
-0.0907251
0.414418
0.111243
0.0961029
-0.0457744
-0.301176
-0.525341
0.419934
-0.279332
0.30022
-0.154877
0.0013258
0.475619
0.403709
0.175795
0.568712
0.103865
-0.225811
-0.271728
0.0465175
0.104958
-0.285494
-0.210651
0.124842
-0.0592164
-0.365996
-0.107438
-0.224491
-0.537489
0.343633
0.0928055
0.0165134
-0.270963
-0.625387
0.0835784
-0.0775643
0.427468
-0.0108839
0.354355
0.294596
-0.312896
0.142773
0.165273
-0.24793
0.145344
-0.619538
-0.0792767
-0.315117
-0.54277
-0.221063
0.0286545
0.360762
-0.0378308
-0.282173
0.0290158
0.285565
-0.228682
0.19672
-0.434342
0.272538
-0.300815
0.199871
-0.473922
-0.44191
0.00712181
-0.529508
0.00107974
0.374636
0.307296
0.617898
0.175734
-0.0443533
-0.0842288
-0.0377906
-0.435903
-0.141415
-0.148221
0.332761
-0.54841
0.12945
-0.656678
-0.0110956
-0.403635
0.509601
-0.399149
-0.205135
0.0436406
0.183586
-0.186333
0.291702
-0.255776
0.0994082
-0.26263
0.234716
0.34291
-0.121517
0.518453
0.325145
0.36184
0.17653
0.378291
0.211783
0.133066
-0.108308
0.0370644
0.375297
0.436756
-0.402983
0.106682
-0.234425
0.543043
0.305365
0.389063
0.593897
-0.346317
-0.410288
0.0104567
-0.154008
-0.0694382
0.0362878
-0.40557
0.511154
0.302181
0.229249
0.374583
0.45171
0.0746027
-0.245149
-0.323298
0.0722665
0.0737772
-0.301843
-0.392208
-0.452278
0.0366301
-0.0388518
0.259874
0.558169
0.319311
0.151584
-0.0161922
-0.496191
-0.0893848
-0.241557
-0.35161
-0.00533367
-0.0685966
-0.517967
0.20669
-0.461134
0.45955
0.17278
-0.12606
0.342147
-0.446004
-0.387175
0.113401
0.278114
-0.383461
-0.313
0.343524
-0.250525
0.086698
0.049776
-0.476267
0.437897
-0.335619
0.173572
-0.249389
0.128866
-0.421289
-0.292705
-0.338954
0.173892
0.308678
0.176264
-0.188837
0.187763
-0.425376
-0.18085
0.0297384
0.183209
-0.366551
-0.030041
-0.240645
-0.313223
0.455054
0.330299
-0.133426
-0.0757257
0.170974
-0.49406
0.250945
-0.0321422
-0.367317
-0.445259
0.152319
-0.481743
-0.412577
0.479206
-0.32957
-0.177586
0.0313632
-0.0426468
-0.242712
-0.337459
-0.459711
0.156849
-0.449328
0.16447
0.207501
-0.60166
0.431393
0.356216
-0.38455
-0.0485779
0.147751
-0.221645
0.35922
0.317393
0.0872144
0.229834
-0.0477347
-0.0496184
0.0402076
0.026418
-0.343574
0.242231
-0.41032
-0.29921
-0.230444
0.058608
-0.541471
0.617331
0.279634
-0.369149
-0.453077
-0.0866128
-0.121387
0.982607
-0.642537
-0.0887647
-0.00313448
-0.825087
-0.129128
-0.181806
-0.575002
0.387154
-0.732127
0.00265336
-0.125672
0.312567
-0.597317
0.135713
-0.0396165
-0.169624
0.466018
-2.02057
-0.332761
0.385222
-1.97297
-0.229375
-0.0297567
0.510193
0.314168
0.589302
0.589385
-0.152622
0.390467
0.694908
0.0249678
0.0518878
-0.643026
0.49008
-0.365438
-0.577481
-0.672611
0.127245
0.97381
0.00525293
1.95975
0.0140924
0.522566
-0.613571
0.0502241
0.553416
-0.322785
-0.383059
0.0589699
0.478591
0.361718
-0.371219
0.304965
-0.388509
-0.364841
0.160357
0.2905
-0.0085825
0.0601432
0.0597556
0.427899
0.338084
-0.123588
-0.208285
0.247796
-0.0952978
0.228976
-0.00374021
0.351095
0.553461
0.47721
0.34831
-0.151182
0.429191
0.165387
-0.301873
0.352842
0.164768
-0.0796441
-0.10488
0.13837
0.209477
0.372582
0.398341
0.258271
0.474329
-0.296605
-0.489593
0.134677
0.27336
0.166348
0.477928
-0.298021
0.467922
-0.418895
0.22286
-0.42978
-0.251528
0.218821
-0.401063
-0.229987
-0.399279
0.0644158
-0.311107
0.109412
0.0150362
-0.216631
0.400603
0.134194
0.0176667
0.523233
0.215884
0.160606
0.262169
0.411188
0.208925
0.00306028
0.000835015
-0.260792
-0.520711
-0.262993
-0.132021
0.057878
-0.0059713
-0.151542
-0.242759
0.296798
-0.307719
-0.264234
-0.259726
0.50634
-0.0364522
0.261303
0.235682
0.160634
0.359284
0.119104
0.414405
-0.418911
-0.0166869
-0.184718
0.27387
0.0466782
-0.000717048
0.446057
-0.221625
-0.352676
-0.00429153
0.195527
0.675163
0.522172
-0.425111
-0.105584
-0.0158001
0.191857
0.317988
0.0970365
-0.0237533
-0.105756
-0.0294982
0.257092
-0.220217
-0.0454376
0.136528
0.830736
-0.109911
0.119896
0.769155
0.312922
0.403304
-0.226239
-0.0408641
-0.190959
-0.640897
0.0883241
-0.157349
-0.53178
0.37281
-0.328786
-0.129847
0.00385303
0.0518495
-0.0933681
0.366722
0.381439
-0.625856
-0.206607
0.0132746
0.0115127
-0.181453
0.429834
0.304487
0.275821
0.16514
0.651497
-0.159344
0.123296
-0.106336
-0.260335
0.118819
-0.0407275
-0.164979
0.226409
0.394591
0.31669
0.0977776
-0.29027
0.047316
0.535231
0.233748
0.486224
-0.0149612
-0.244624
0.297346
-0.43833
0.538971
0.284786
-0.0097906
-0.26642
0.441004
-0.00594454
0.31948
0.625698
0.337227
0.364963
0.096372
0.241243
0.244138
-0.248186
0.188633
0.00545544
0.47716
0.179509
0.429327
0.504702
-0.305711
-0.0254557
0.466661
-0.303673
-0.0303332
0.0903986
0.578827
0.476099
-0.383705
0.0452619
0.387106
0.160354
0.239853
0.00638084
-0.284282
-0.474766
-0.285156
0.259207
0.0453124
-0.163414
-0.0319526
-0.111865
-0.385329
-0.0335306
-0.496973
-0.356316
0.0635138
-0.153454
-0.161451
0.525536
0.196191
-0.355641
0.277858
-0.384175
0.000246571
0.102555
0.102207
0.119985
-0.473516
0.0713786
-0.286064
0.060878
-0.184933
-0.025118
0.0521235
-0.281187
0.514421
0.0809107
0.118665
0.0560756
0.0947001
0.258951
0.29988
0.58176
0.036965
0.241175
-0.0755576
0.377946
0.312866
-0.298121
0.44952
0.420997
0.389635
-0.379153
0.433326
-0.0258975
-0.27242
-0.275074
0.365594
-0.506065
-0.169947
0.305651
0.242855
-0.203972
0.289634
0.416442
-0.242044
0.383122
0.252731
-0.158617
-0.329547
0.0453819
0.346427
-0.388921
0.0466001
-0.196251
0.559703
-0.194547
-0.254414
0.434596
0.086237
0.0763496
0.136819
-0.463556
-0.0917712
-0.0418031
-0.142636
-0.554905
-0.340188
0.0013301
-0.343574
-0.14974
-0.200501
-0.542137
-0.360138
-0.089228
0.409123
0.171454
-0.312816
0.436306
-0.530818
-0.0747599
0.258376
-0.308161
0.0196038
0.00335188
-0.0664779
-0.0711635
0.205063
0.107123
0.383085
-0.418945
0.210591
0.129069
-0.306389
0.417555
-0.376814
0.163309
0.169124
0.621742
-0.297462
0.0569202
0.401798
-0.204495
-0.121726
-0.09489
-0.239941
-0.453906
0.308773
-0.141444
0.320822
0.570583
0.20674
-0.0186683
0.0877874
0.106586
-0.19953
-0.191053
0.572902
-0.406884
0.258997
0.26373
-0.00256193
-0.365387
0.36405
0.206972
-0.237566
-0.503053
0.246743
-0.303644
0.278894
0.00771308
-0.416502
-0.430829
-0.362412
0.128708
-0.408785
0.320611
0.0657337
-0.244321
0.423069
-0.424723
-0.160673
0.297864
-0.0372836
0.0552643
-0.358199
-0.299953
0.038769
-0.160328
0.127233
-0.482021
-0.155067
-0.180994
0.321693
0.297854
-0.364363
-0.0856001
-0.510085
-0.0863714
0.349986
-0.419377
-0.427633
0.0782858
0.199536
-0.0477831
-0.141909
-0.328916
-0.0242837
0.234446
0.534537
-0.278836
0.435264
0.279044
0.34987
-0.211309
0.482004
0.538816
0.460944
-0.2246
-0.278613
-0.245804
-0.044688
0.245181
0.349022
-0.0632909
0.509903
-0.101219
-0.227161
-0.238904
0.0334622
0.259563
0.247351
0.702694
-0.0679271
0.36644
0.673954
-0.0205649
0.204257
0.438489
-0.0870084
-0.360166
0.17719
0.336959
0.180414
0.0914141
0.26682
-0.285614
0.513771
-0.38792
0.507119
-0.0874565
-0.0956985
0.00226402
-0.0315052
0.234212
-0.437991
0.0132323
0.380152
-0.00204291
-0.326932
-0.471403
0.343704
-0.180233
-0.381174
0.0202778
0.066811
-0.138626
0.0508036
-0.0699702
0.368486
-0.212186
-0.30049
-0.381527
-0.291554
-0.392465
0.2678
0.428263
-0.486899
0.17501
0.331292
0.216414
0.199838
0.0365456
-0.602887
-0.214388
0.376697
-0.313935
0.222277
-0.447418
0.00963967
0.178599
-0.0531983
-0.339089
-0.282281
0.0455381
0.316343
0.0559845
-0.210247
0.391914
-0.31356
0.432593
-0.0862994
-0.299382
0.27887
0.137972
-0.375673
-0.132699
-0.419062
0.324415
-0.519492
-0.15604
0.127977
0.078947
-0.552351
-0.151781
0.0680982
0.0302013
-0.377665
-0.343081
-0.206513
-0.418081
-0.0315742
0.252739
-0.306093
0.171003
0.318493
-0.480835
-0.36646
-0.435308
0.229348
0.156984
-0.0962968
0.375803
0.129146
0.00648275
0.482812
0.154282
0.44802
-0.109329
-0.313993
0.190938
0.0770015
0.0154364
-0.270166
0.366189
0.352299
0.494645
-0.489031
-0.511682
0.488077
0.282312
0.0372329
-0.446915
-0.189156
-0.175083
-0.186979
-0.549626
0.162178
-0.195893
0.254316
-0.0706101
0.307866
-0.0287355
0.32027
-0.402386
0.351607
0.157151
0.406498
0.266897
0.494986
-0.111712
0.10455
0.485149
0.121416
0.0381618
0.154337
0.225545
-0.134591
0.00631139
-0.3141
-0.448696
-0.0440295
0.484669
0.412367
0.143531
0.293603
-0.224486
-0.273631
-0.0876245
-0.296714
0.479774
-0.109836
-0.173663
-0.108329
0.471364
0.288869
0.354843
0.0674935
-0.363067
0.511228
-0.154468
0.183245
0.5575
0.374315
-0.0520444
0.0145563
-0.163962
-0.271528
0.188113
-0.0625074
-0.116051
-0.342994
0.220641
-0.140946
-0.230819
-0.368906
-0.0138828
-0.330341
-0.37749
0.195869
-0.207561
0.436038
0.112687
0.282189
-0.262272
-0.56587
0.101689
-0.240955
-0.0424888
0.256144
-0.110974
-0.273233
-0.306958
0.25736
-0.112951
-0.167495
-0.437595
-0.416304
0.157332
0.420179
-0.533427
-0.0372413
-0.283489
-0.0463036
0.120883
-0.229832
0.429698
0.0637895
-0.296294
-0.146021
0.0890381
-0.134967
-0.346885
0.328283
0.124376
0.192992
0.427926
-0.311424
0.186834
-0.0449918
0.105018
-0.232274
-0.243678
-0.048888
-0.398165
0.000420705
-0.453817
-0.456607
-0.430005
0.0433886
0.136919
-0.265844
-0.0635114
-0.065867
0.138696
-0.376683
0.269427
-0.227125
-0.0889676
-0.430329
-0.266584
-0.28201
0.0368572
0.45758
0.213474
-0.310859
-0.37485
0.26873
-0.0409267
-0.154379
0.254678
-0.364211
0.403487
-0.106588
-0.358643
0.00531662
0.0548799
0.231446
-0.47662
0.546811
-0.246565
0.0943933
-0.46683
0.234042
-0.0827131
-0.297213
0.0235502
-0.127568
0.0324037
-0.184386
-0.118762
-0.00930697
-0.11587
0.240283
-0.236358
0.133138
0.0424911
-0.239908
-0.017746
-0.0291165
0.146746
-0.210772
0.15076
0.0590376
0.241112
-0.00291966
-0.10734
0.252257
0.116908
-0.225358
-0.0860718
-0.0981128
0.16621
0.164896
0.161426
0.585375
0.133934
-0.344073
0.381494
1.19354
-0.125315
0.0125071
0.250798
-0.331597
-0.136088
-0.0110005
-0.30349
-0.0453678
-0.0811521
0.0983563
-0.0254967
0.56604
-0.143672
-0.228257
