#input normalization
0.16056 0.26946
24.7135 32.9652
11.08 35.5344
8.67438 30.6968
0.0115338 0.0399199
0.00947419 0.0322269
0.52601 1.31785
0.823961 1.14631
1.01646 1.32786
1.23048 1.51654
1.47696 1.68552
1.73 1.83539
1.9743 1.96587
2.21076 2.0781
2.43718 2.17557
2.63908 2.23007
2.83415 2.26984
3.01462 2.27938
3.15896 2.26461
3.28283 2.21551
3.38534 2.14891
3.48469 2.03192
38.6193 50.1293
7202.66 5047.43
#output normalization
1 0
#neurons weights
0.232698
-0.187208
-0.0640324
0.299354
0.378581
-0.435796
-0.417318
-0.256042
0.139299
-0.158152
0.019233
0.0906616
-0.482655
0.406656
-0.0997026
0.237804
-0.255249
-0.491121
0.151814
0.124465
0.269023
0.15347
-0.293277
-0.368217
-0.213908
-0.337075
-0.253557
0.705421
1.02347
0.127469
-0.180401
-0.0306609
-0.092984
0.409198
1.91151
1.00083
0.42578
0.172393
-0.160278
-0.379243
-1.02365
-2.58869
-0.0167483
0.159803
-0.127143
-0.042655
0.315585
-0.418792
0.444509
-0.352514
-0.0462884
0.232197
-0.545274
-0.0128523
-0.411126
0.0704977
-0.0945955
-0.465154
-0.00377341
-0.167584
-0.250948
0.590903
0.210618
-0.421364
-0.402466
-0.404148
0.182025
0.615163
-0.468685
0.344705
0.189601
-0.0347186
0.299586
-0.0416558
#synapses weights
0.135747
0.0594076
-0.474678
-0.144982
0.339888
-0.202549
0.00330606
-0.431731
0.17588
0.43455
0.387274
-0.397473
0.342316
-0.056085
-0.0426231
-0.12836
0.431324
-0.106594
0.442843
-0.158216
0.400448
0.0533849
-0.382644
0.0684279
0.0839733
-0.134579
0.0581942
-0.0943142
-0.0761797
0.175211
-1.01385
-0.23522
-0.17947
0.00182938
-0.113843
-0.0917409
0.211752
0.0601118
0.127595
-0.107301
-0.215809
-0.164806
0.0916902
-0.169227
0.0257196
0.179407
-0.537885
-2.37767
-0.0620761
0.112027
0.124751
-0.226147
0.129581
0.121757
0.476747
0.0383413
-0.0822417
-0.0340909
0.157495
-0.113868
0.257471
0.129158
0.0681248
-0.190818
0.285061
-0.425556
0.0203781
0.0664129
-0.31574
-0.418443
-0.0711686
-1.68413
-0.0045408
0.185821
0.04514
-0.0716701
0.0728319
0.289767
-0.914175
-0.276285
-0.0247692
0.281866
-0.135873
0.342243
-0.532997
0.399206
-0.151834
-0.179734
-0.197554
0.380629
-0.151133
-0.134215
0.057316
-0.018836
-0.0983996
0.317549
-0.178213
0.50671
0.074712
-0.00266935
-0.0635432
-0.019059
-0.137886
-0.00974041
0.0879603
-0.0795956
-0.0142199
-0.0875106
0.169063
0.0945772
-0.312852
0.162993
-0.0995269
0.000790021
-0.15469
-0.0343772
0.126986
-0.188658
0.388614
2.33089
0.326885
-0.0808871
0.24474
0.269672
0.317853
0.140143
0.361516
-0.122313
-0.173375
0.338075
-0.219165
0.0093529
-0.228272
0.0631375
-0.422993
-0.297408
-0.264842
0.0896688
-0.201436
0.205136
0.173981
0.174607
0.719535
-0.394081
-0.43002
0.321411
0.174073
0.509264
0.0837136
-0.157353
0.216023
-0.486875
-0.551104
0.219457
-0.40772
-0.0123625
0.0792316
-0.155209
0.487419
0.253755
0.297741
0.0281796
0.223125
0.394994
-0.228148
0.0859283
0.276747
-0.117531
-0.352633
-0.393163
0.316612
-0.0458042
0.372342
0.373162
-0.724056
-0.521295
-0.575716
-0.194807
0.0363961
0.441651
-0.0928386
0.453802
-0.157746
-0.256888
0.0866511
-8.29717e-05
0.000566525
-0.422946
0.337649
-0.0811834
0.000444908
0.308054
-0.0305069
0.173752
0.293562
0.302272
-0.279378
0.148389
-0.505987
-0.2308
0.0819556
0.0754341
-0.15751
0.261835
-0.394895
-0.144876
0.461297
-0.277936
0.259249
-0.488157
-0.215461
0.365571
-0.433767
-0.508127
-0.0153923
-0.229193
0.277277
0.509458
-0.158432
0.281218
0.500841
0.0391383
0.366911
-0.0331004
0.145186
-0.0447118
-0.258876
-0.00223777
0.0184195
0.265124
-0.214355
-0.318739
-0.127381
-0.0251784
-0.00999913
-0.191302
0.303109
-0.0206512
0.0621207
-0.387146
-0.152961
0.0128024
0.229598
-0.137534
-0.24519
0.0603817
2.93777
-0.205913
-0.0487782
0.0624436
-0.117957
-0.0841111
0.139627
0.0126726
-0.0230684
0.0822885
-0.0821326
0.121542
0.0107673
0.0330723
0.0139372
0.0404936
0.16913
4.06757
0.0419597
-0.391982
0.0020792
0.187225
0.0946836
0.271249
-0.698341
-0.165872
-0.17692
-0.298347
-0.0509462
-0.12955
0.143957
-0.138119
0.342273
0.153162
0.232261
-0.32319
0.440615
0.0125034
-0.341225
0.151765
-0.138758
1.06879
-0.0884097
-0.173303
0.0192416
0.298581
0.362181
-0.0327212
0.586113
0.298672
0.374305
-0.308947
0.326017
0.421863
0.284053
0.283462
0.0352674
0.261595
-0.205629
0.23681
-0.509474
-0.0526438
-0.0815669
-0.432178
-0.133738
0.427185
-0.405183
-0.0498902
0.113472
0.167594
-0.311905
0.189809
0.435277
0.208884
-0.381278
-0.535744
-0.196822
-0.3476
-0.225571
0.255653
-0.0496606
-0.118235
-0.272905
0.205643
0.271945
-0.0561593
0.00321475
-0.286472
-0.0769628
0.471556
0.088159
-0.178555
0.0816636
-0.205514
-0.158786
0.0589317
-0.249343
0.372615
0.302144
-0.0263534
0.35713
-0.335733
-0.310874
-0.101095
-0.109059
-0.0769726
0.406466
0.26518
0.128897
0.0298025
0.103429
-0.12769
0.424282
-0.833919
-0.290741
-0.306895
-0.0129714
0.0584938
0.237915
0.180384
0.624818
-0.0525019
0.0142792
-0.080644
-0.233544
-0.135759
0.143274
0.213588
0.191525
-0.166341
0.16451
0.0216063
0.493179
-0.216737
-0.0732247
0.345192
-0.211698
0.952645
0.47571
-0.140416
-0.111451
0.0610216
0.186139
-0.154002
0.207767
-0.250983
-0.11395
0.097372
-0.0149571
0.0325967
0.195942
-0.120762
0.183175
0.198934
-0.0715207
-0.0492964
0.180572
-0.0852807
0.289836
0.00343434
-0.272347
-4.04927
-0.0412347
-0.41105
-0.0161992
-0.0697218
-0.249846
0.219594
-2.04689
-1.17307
-0.251931
-0.111066
-0.0461653
0.0505943
-0.00288926
-0.00358749
-0.122685
0.146229
0.00381591
0.181022
0.133095
-0.0168102
-0.0887377
0.244887
-0.386855
-3.90846
-0.181481
0.37712
-0.231668
0.254246
-0.0770743
-0.344759
-0.42127
0.034264
0.215257
-0.141144
-0.0468547
-0.364002
-0.428549
-0.19837
0.345982
-0.140537
-0.0646343
0.139079
-0.259888
-0.176156
-0.318372
0.492729
0.323071
-0.0543515
0.187835
-0.530477
-0.271823
-0.208722
0.384508
-0.282757
-0.858878
-0.482306
-0.258717
-0.177607
0.180859
-0.157197
0.310616
-0.00657095
-0.263664
0.250688
-0.16098
0.131269
0.314562
0.0945131
0.131518
-0.168566
-0.595925
-0.803253
-0.0873695
0.277499
0.312591
0.443679
0.0180858
0.361478
0.00528255
0.05708
0.260322
0.389515
-0.232246
-0.383331
-0.0622838
-0.136413
0.134343
0.348554
0.371459
0.473969
-0.0478992
-0.340697
-0.337112
-0.335005
0.121928
-0.563892
-0.153844
-0.00389167
0.165704
-0.344695
0.600013
-0.234865
-0.386389
-0.309868
0.14952
0.108779
0.145755
0.301209
0.530709
0.0375787
0.147721
0.149727
0.573363
0.198836
-0.256947
-0.350436
-0.444987
0.115435
0.11023
-0.911196
-0.427234
-0.030597
0.472787
-0.315805
0.130306
-0.381984
0.468547
0.272731
0.173738
-0.280967
0.0548078
-0.191034
0.473348
0.343266
-0.225569
-0.135011
-0.353165
0.596223
-0.186006
0.163244
-0.0899966
-0.0872803
0.813811
0.514941
0.102011
-0.0980014
-0.230145
-0.0567019
0.384588
0.388357
-0.0898382
0.44596
-0.00686291
0.211079
-0.0860106
-0.295634
-0.208624
0.071877
0.00603451
-0.397718
0.301406
-0.349252
0.267882
-0.234103
0.416645
0.587113
-0.0427186
0.502615
0.584938
0.220438
0.181986
-0.338633
0.428276
0.158489
0.0317723
0.332886
0.443354
0.337918
0.44186
0.341718
-0.296605
-0.316516
0.0533985
-0.431408
0.262568
-0.0907843
0.335227
-0.217216
0.0831918
-0.0150439
-0.0392449
1.53606
-0.5001
-0.143052
0.259417
0.331778
-0.197828
-0.0607143
-0.142236
0.0795276
-0.329402
0.362831
0.560482
-0.108549
-0.0772073
-0.337531
-0.228326
-0.414699
-0.233252
-0.165513
0.406943
0.224877
-0.208406
-0.36816
0.296077
0.408828
-0.0778992
0.159517
0.0220999
-0.238195
0.0865174
-0.0890509
0.161973
0.392736
0.597214
-0.165551
0.256581
0.0406398
0.797525
0.221528
0.0204175
-0.0607622
0.438926
0.10513
0.378062
0.107347
-0.12992
0.492144
-0.319483
0.410931
-0.0238239
0.495167
0.0152758
-0.48425
-0.455312
-0.277197
0.434009
0.0364034
-0.099181
-0.273829
-0.120236
0.271014
0.000195269
0.0208384
0.477054
0.305538
0.417483
0.0253541
-0.416896
0.170477
-0.449563
0.343852
-0.386753
0.450887
0.297585
0.290872
0.344169
-0.183983
0.41587
0.7071
-0.342602
-1.27618
0.526372
0.231708
-0.142199
-0.455718
0.356883
-2.25196
-0.638058
0.00128642
0.336001
0.223323
-0.0229831
1.82291
2.00108
0.000775308
-0.3113
0.0517656
0.145029
0.475109
0.0769567
-0.176274
0.0439725
-0.237696
0.0489383
0.188532
-0.181417
-0.46441
0.117287
0.382893
0.219597
-0.456462
-0.942942
-0.148969
-0.177131
-0.0466036
-0.24679
0.262664
-0.022646
0.4787
0.242644
-0.0476552
-0.334397
0.504752
0.28723
0.0639388
-0.352962
0.231169
-0.996631
0.418222
-0.791258
-1.06311
0.0708833
-0.25429
-0.205209
-0.276075
0.367757
-0.597339
-1.04705
0.181819
0.0720517
-0.381423
0.344553
0.502227
0.15212
-0.0602465
-0.944302
0.143911
-0.0588167
-0.182305
-0.0345127
-0.294977
-0.334388
0.181424
-0.337007
-0.398462
-0.168015
-0.202972
-0.509618
-0.174222
0.298834
-0.304638
0.852031
0.432533
-0.0764129
0.526915
-0.452374
0.0950809
-0.0733272
-0.564565
0.237504
0.187454
0.199164
0.0382107
0.095939
0.240127
0.321085
-0.0548618
-0.373304
-0.424387
0.389027
-0.07638
0.0863893
-0.425196
0.378619
-0.067258
0.220901
0.574671
0.324725
-0.383981
0.390113
-0.331161
-0.37715
-0.39852
0.171075
0.241679
-0.101955
0.0866267
-0.06534
-0.0922444
0.14212
0.309327
-0.394225
0.214447
-0.25946
0.328194
-0.165436
-0.312661
-0.176838
-0.367719
-0.306956
0.203037
0.0667057
0.0130244
-0.0234766
-0.157265
-0.42306
-0.620059
-0.552161
-0.393233
0.288328
0.0714199
0.0890233
0.0834888
0.052422
0.206118
0.368698
0.323334
-0.2488
-0.0325291
0.209744
-0.426949
-0.458223
0.102833
0.574203
0.308525
-0.234153
-0.47177
-0.322001
0.243954
-0.557078
-0.0296686
-0.145459
0.0427431
0.765189
-0.164758
0.336276
-0.187631
0.326689
-0.247241
-0.443564
-0.0141232
-0.265014
0.422271
0.252129
-0.254095
-0.112656
0.251701
0.383479
0.317365
-0.43339
-0.200438
-0.240554
-0.316274
-0.211496
0.410021
0.171785
0.0879219
0.135121
0.288705
-0.0598935
-0.491931
0.051104
0.153255
-0.0779033
-0.096187
0.14024
-0.391402
0.348052
-0.105867
-0.584139
0.323786
-0.267487
-0.379363
0.334476
-0.504959
0.467826
-0.328333
-0.127343
-0.216249
-0.034763
-0.112076
0.473543
-0.17589
-0.323785
-0.355281
-0.504997
-0.350041
-0.116013
-0.350728
0.000152775
-0.211202
-0.048688
0.54778
-0.451957
0.483786
-0.103052
0.19604
-0.242396
-0.318175
-0.0143704
-0.149092
0.315839
0.087927
0.0068341
0.474867
-0.124282
-0.316667
0.114477
0.361574
0.220662
-0.218762
0.0604625
0.29455
0.391608
0.33924
-0.341184
-0.0109127
0.212109
0.355398
0.44203
-0.0708718
0.211581
-0.563798
-0.152797
-0.204983
0.109754
0.617786
0.0107622
0.259645
-0.186291
0.478746
-0.236685
-0.569151
-0.658221
0.433966
0.337111
-0.0909736
0.192963
-0.0898835
0.433253
0.64438
-0.0555459
-0.0655312
-0.0451665
0.326841
-0.172077
-0.240644
0.356316
0.424614
-0.39848
-0.320144
-0.306203
0.215678
-0.265094
-0.494718
-0.00545528
-0.11458
0.676966
0.523109
0.206872
0.295891
0.13536
0.213693
-0.0976473
0.0572582
-0.130696
-0.541139
0.239593
0.305791
0.359001
-0.385323
-0.55419
-0.524916
-0.253084
-0.12099
-0.50822
-0.604817
0.119945
0.304613
-0.361144
-0.15076
-0.206438
0.417424
0.541538
0.423901
-0.306692
0.306085
-0.139332
-0.243609
-0.0889442
-0.511218
0.348634
0.344504
0.417057
0.0864878
-0.348312
0.0625731
-0.599133
0.063271
-0.281471
0.436451
-0.36884
0.158697
0.425527
-0.108649
0.473696
-0.178699
-0.00701822
-0.114761
0.169049
0.260974
-0.333863
0.405442
-0.326157
-0.369371
-0.19967
-0.294682
-0.389473
0.328701
0.328413
-0.378365
0.0290797
-0.406312
0.0908989
0.180512
-0.31935
-0.285239
0.0764765
0.270344
-0.388952
-0.263202
0.377786
-0.249789
-0.128379
-0.110428
-0.026967
-0.0037033
-0.183571
0.0638595
0.123587
0.423965
0.2806
-0.0970346
-0.333548
0.589197
0.514735
0.151149
0.214247
0.925818
0.362926
0.324289
1.01722
0.412422
-0.360649
-0.00640179
-0.3083
0.256194
-0.317412
0.0284717
0.492484
0.375441
-0.259933
-0.028815
-0.564009
-0.00889925
0.308541
-0.248929
-0.146677
-0.417425
0.17421
-0.288806
-0.0403637
-0.150168
-0.0655419
0.106022
-0.0703701
-0.433084
-0.353852
-0.250438
0.213551
0.256052
0.117037
-0.379172
0.194097
0.420108
0.261653
0.215712
-0.389956
-0.355358
-0.205898
0.218133
0.0583129
0.386246
0.348722
0.428522
0.291936
0.287968
-0.159347
0.25419
-0.337278
0.339006
-0.204936
0.309968
-0.218356
0.547157
-0.36697
0.298544
0.0901246
0.192557
-0.304927
-0.0658088
0.232039
0.303037
-0.0912291
0.0493372
0.582662
0.167892
-0.147317
-0.379174
-0.177943
0.108415
0.0248743
-0.34055
0.325685
-0.118656
-0.00771039
-0.0898368
-0.174084
-0.672497
0.371974
0.284928
0.262333
-0.318787
-0.0845888
0.0987728
0.110321
-0.423173
-0.252906
-0.201138
-0.389702
-0.609128
0.263267
-0.222773
-0.365857
0.0573713
0.376263
0.346917
0.068746
0.403139
0.304703
0.317021
-0.00692171
0.44136
-0.184897
0.451409
0.180412
0.253429
-0.639513
0.0496148
0.123005
-0.27203
-0.395589
-0.0103537
-0.53059
0.226087
-0.109686
0.170671
0.150216
0.15454
-0.0304105
0.35181
-0.348265
0.105567
0.252656
0.228317
-0.383074
-0.198183
-0.275049
0.0373104
-0.385487
-0.0789431
-0.305906
-0.277055
-0.276684
-0.233573
-0.384474
0.312023
0.302284
-0.101735
0.326054
-0.286585
-0.0340129
0.174391
0.251394
1.29115
0.0779348
0.943021
0.0785316
0.264755
0.3529
0.071779
-0.220602
-0.320111
-0.364012
-0.266789
-0.0532176
0.0579654
-0.0218273
-0.00488199
-0.617796
0.156758
0.0960899
0.169832
0.323174
0.298018
