#input normalization
0.160547 0.269439
58.083 56.7218
10.4523 39.118
8.39576 32.1089
0.011711 0.0435463
0.00930066 0.0331971
0.52601 1.31785
0.823961 1.14631
1.01646 1.32786
1.23048 1.51654
1.47696 1.68552
1.73 1.83539
1.9743 1.96587
2.21076 2.0781
2.43718 2.17557
2.63908 2.23007
2.83415 2.26984
3.01462 2.27938
3.15896 2.26461
3.28283 2.21551
3.38211 2.15303
3.46272 2.06189
3.51676 1.96916
3.54752 1.85503
3.5578 1.72878
3.54351 1.58884
3.49301 1.43749
3.43716 1.27838
3.34482 1.10378
3.22632 0.928516
3.11153 0.763094
2.98535 0.603665
2.85542 0.455468
2.7088 0.310791
2.56201 0.17409
2.42284 0.0454989
2.26911 -0.0743224
2.13999 -0.189748
38.6193 50.1293
7202.66 5047.43
#output normalization
1 0
#neurons weights
-0.390686
0.183989
0.25097
-0.434561
0.437153
-0.289773
0.0724022
-0.238372
0.0955919
0.0145845
-0.296852
-0.386292
-0.346949
-0.33074
0.238787
0.452042
-0.424882
-0.117774
-0.0767161
0.307858
0.469369
-0.394322
0.437727
0.447886
0.0650457
0.266627
-0.0549356
-0.339687
-0.329543
-0.273455
0.0657939
0.0592254
-0.196152
8.99117e-05
-0.0732668
0.134421
0.287234
-0.153084
-0.313718
-0.434148
0.468514
-0.0962942
0.488773
0.174868
0.720269
-0.246342
-0.287672
-0.517628
0.409631
0.0515304
0.702259
-0.3574
0.271218
1.41961
0.14826
-0.653662
-0.133183
-0.13389
0.236647
-0.24899
0.0399127
-0.0771655
0.19361
-0.300493
-0.0106682
-0.227673
-0.0334364
1.83301
-0.316854
-0.274343
-1.70332
0.231651
0.813335
0.141973
0.372027
-0.240864
-0.482193
-0.452856
0.613817
0.447314
0.910954
0.128392
0.41543
-0.0426462
-0.122649
-0.436365
-0.00872239
0.511458
-0.396834
-0.0454045
-0.143387
0.203144
-0.127558
0.568316
0.233669
0.208485
0.256198
0.368215
-0.269168
-0.455236
0.314489
0.0216154
-0.486105
-0.0325209
0.189737
-0.0478897
0.299321
0.407341
-0.539005
0.532345
0.269963
0.556642
0.238214
0.382234
0.137078
0.160993
-0.153491
0.275108
-0.201099
-0.216914
-0.046019
0.870573
#synapses weights
0.123889
0.27732
0.232
0.41147
0.0422595
-0.124864
-0.294134
-0.516798
-0.168854
0.303333
-0.432126
-0.19749
-0.30836
0.279553
-0.416206
0.118124
-0.427357
0.0827086
0.172016
-0.362695
0.0584098
0.341008
0.163764
-0.502095
-0.351701
-0.117443
-0.160174
0.0385512
0.286374
0.322865
0.168936
0.255754
0.308856
0.166143
-0.280825
-0.147995
0.269962
0.0214154
0.224087
0.0628931
0.558858
0.366617
-0.0296387
0.313806
-0.147362
-0.0194196
-0.623685
-0.301894
-0.339669
-0.744162
-0.0750824
-0.162831
-0.28223
-0.110397
0.0733775
-0.0571202
0.665166
-0.260831
-0.184046
0.334314
-0.269362
0.0617371
-0.373213
-0.136688
-0.406531
-0.0302121
-0.0358497
0.25495
-0.31002
0.188305
0.0585881
0.315924
0.384225
0.0709566
0.233202
-0.285721
0.380205
-0.286773
-0.386372
-0.561217
-0.29291
0.305947
-0.44621
0.146748
0.0107745
0.347584
-0.355096
-0.399139
-0.108007
-0.135754
-0.264243
0.483752
-0.0762
-0.452721
-0.426114
-0.355555
-0.0480902
-0.17333
-0.0762385
0.261001
-0.544956
0.289495
-0.335041
0.0537446
-0.0342686
-0.24403
0.411278
-0.223105
0.365624
0.479078
-0.201841
-0.475505
0.134981
-0.164181
0.0879568
-0.225864
-0.431153
0.197898
0.205587
-0.535572
-0.184038
0.158747
0.0556403
-0.074974
-0.289577
0.354401
0.32242
0.446342
-0.042285
0.177862
0.265288
-0.030114
0.140854
-0.0939778
0.291913
-0.186679
-0.162775
-0.417976
0.0195719
0.0175797
0.440889
-0.0795247
0.457544
0.0424466
0.482602
-0.148564
-0.358022
0.486702
0.0151584
-0.194949
0.38396
0.35802
-0.226382
-0.314916
0.197246
0.36025
0.285702
0.127417
-0.297255
-0.642347
0.0456202
-0.243667
-0.0590709
-0.127297
-0.259941
0.214467
-0.113096
0.0304646
0.0813205
-0.291831
0.0508972
-0.181469
0.138898
-0.443149
-0.385215
0.136236
0.237744
-0.297884
-0.2065
-0.0932842
-0.096677
0.384763
0.195534
-0.0708891
0.0960112
0.184751
0.261019
0.17725
0.114723
-0.241422
0.320287
0.221212
-0.0602088
-0.0333233
0.320239
-0.195071
0.0841251
-0.480112
-0.189279
1.00058
0.242063
0.0530421
0.223415
-0.250975
0.0373353
0.00376044
0.235157
0.221299
-0.145955
-0.224699
0.0245695
0.198505
-0.303333
-0.0780479
0.397908
-0.361735
-0.317908
-0.412751
-0.172822
0.254653
0.0807716
-0.0223003
0.302403
-0.417089
0.270379
0.155734
-0.147178
-0.392263
-0.108072
0.193037
0.232735
-0.387812
-0.45132
0.42421
-0.379388
0.277568
-0.49877
-0.327244
-0.457367
1.34576
0.287564
-0.0531992
-0.388392
-0.442357
-0.468587
-0.291393
-0.19881
-0.558262
-0.119943
0.40081
0.357047
-0.0393598
-0.350617
-0.0594532
0.276852
-0.429795
0.187728
-0.0986944
0.0107343
0.231962
0.406435
0.329617
0.122692
-0.226326
0.292587
0.0820268
0.258056
0.350929
-0.340045
-0.37023
0.206759
-0.21437
0.0114981
0.465335
-0.326719
-0.109072
0.108941
0.115541
6.48105e-06
-0.315892
0.284537
-0.24918
-0.477893
-0.206582
0.225027
0.0710145
-0.939324
-0.124365
-0.104964
-0.16221
0.132717
0.222697
0.255369
0.137657
0.0239932
-0.102557
-0.0511299
-0.156712
-0.419666
-0.0623664
0.386514
-0.522802
0.329867
0.258731
0.181903
-0.0359042
0.203546
0.394679
-0.4188
0.314971
0.325281
0.123868
-0.139942
-0.302562
-0.187425
-0.128028
-0.0862461
0.0181434
-0.733783
-1.57487
0.32739
-0.525902
0.0884682
-0.487306
-0.159247
0.158652
-0.2468
-0.250936
-0.125785
-0.035331
-0.197509
0.152975
0.320607
0.00807486
-0.0647298
0.104148
-0.187281
0.259518
-0.0886519
0.228868
0.184572
-0.436932
0.0369088
-0.0908252
0.165848
-0.228016
0.254255
-0.20955
0.0206819
0.12361
-0.128359
0.353383
0.193887
-0.388368
0.322516
0.0225403
0.283563
-0.273321
-0.267719
1.31718
-0.0790668
-0.448224
0.0504609
-0.0890214
0.361044
-0.271132
0.220826
-0.284845
0.142249
0.00535649
0.17225
-0.156478
-0.0326154
0.183421
-0.271577
0.191379
0.560892
-0.0337107
-0.341228
-0.282654
-0.187204
0.162126
-0.175861
-0.339292
-0.0605588
0.087256
0.0616155
-0.0304925
0.164285
0.129983
-0.0825956
-0.198588
0.38041
0.213485
-0.0916738
-0.368806
-0.29644
0.120856
0.296083
1.52994
0.097173
-0.265201
-0.114565
0.30424
-0.461278
-0.237245
-0.693472
0.078964
0.164912
-0.277474
0.123458
0.226904
0.00189918
0.359212
0.39007
0.0220573
-0.380688
0.412776
0.340895
-0.0869339
-0.373404
0.244634
0.120051
-0.517886
0.379782
0.302614
-0.194212
0.0732224
0.00369707
-0.240107
0.329083
-0.342739
-0.152683
0.12538
-0.505428
-0.445658
-0.416298
-0.277271
0.250624
0.276129
0.0426403
-0.0909214
-0.0256282
-0.229775
-0.435764
-0.422706
0.263926
-0.229194
-0.244665
0.495766
0.21497
0.201418
0.198313
-0.137594
0.321614
0.264512
0.200184
0.0941825
-0.132762
0.421312
-0.315776
0.252797
0.0702556
-0.168743
-0.0511396
-0.384214
0.298652
0.397121
-0.392996
-0.47893
0.248345
-0.288756
0.164041
-0.252729
0.0557536
-0.145217
-0.190918
-0.141536
0.720442
-0.220185
0.0325012
-0.0375087
0.350454
0.404506
0.159075
-0.269232
0.207413
0.354853
-0.0729968
0.305872
0.299695
0.495187
0.375556
0.313258
-0.221907
-0.338998
-0.0783003
0.226982
-0.119152
0.28382
0.288491
-0.43254
0.365391
-0.14166
0.249583
-0.275505
-0.21241
-0.0101102
-0.32615
0.133088
0.277098
0.367139
0.147522
-0.338401
0.320083
0.155217
0.179246
-0.215921
-0.394771
-0.114322
-0.408131
-0.308491
0.050604
0.0952756
-0.088356
0.0186329
1.0098
1.25909
-0.0214837
0.0442701
0.0765849
0.0351691
-0.0131735
0.0530831
-0.0854108
0.249733
-0.200164
0.0448199
0.0221687
0.213293
-0.274514
0.352005
0.0622484
-0.226415
-0.248085
0.102842
0.0852913
0.305641
-0.0219821
0.105377
-0.368577
0.247908
-0.0135249
0.0256506
0.0178867
-0.0303218
-0.225706
0.188919
0.121478
3.1536
-0.153874
0.613786
0.298694
0.0659296
-0.226109
-0.197684
0.906883
0.294197
-0.229089
0.0318758
-0.495954
0.366396
0.315322
0.0247674
0.514283
-0.14492
0.26231
-0.114703
0.266188
-0.123484
-0.174077
-0.158667
-0.0217529
0.365465
0.362145
-0.0354812
0.0320069
0.085663
-0.260832
-0.0278405
0.407483
-0.0429271
0.122918
-0.352584
0.109739
0.171784
0.150452
0.102342
-0.184366
1.6234
0.175417
0.0325838
0.284975
0.165704
-0.319231
-0.413662
0.483206
-0.108087
0.0318783
-0.124591
-0.147138
-0.283867
0.268793
-0.0745224
0.19288
-0.418954
0.0550721
0.0779712
-0.202566
-0.0629012
-0.288733
-0.272992
0.236416
0.0818537
0.430264
0.250978
0.00418677
0.0683269
-0.111442
-0.127752
0.40841
-0.0343331
-0.290637
0.295774
0.153158
-0.270279
-0.204237
-0.0720077
-0.262703
-1.42096
0.394373
-0.406782
0.0206892
0.312216
0.365881
-0.49346
0.199724
0.212776
-0.20599
0.474698
0.236721
-0.159688
0.304133
0.36645
0.477953
0.0578246
0.125182
0.117489
-0.25963
0.441491
-0.167957
0.477498
-0.00355808
-0.265104
0.337865
0.334453
0.21312
0.231402
0.35088
0.37951
-0.506846
0.111422
-0.13859
0.370522
0.367262
-0.169006
0.383201
-0.0823275
-0.0865301
0.362727
0.043516
-0.160183
-0.365723
0.465284
-0.0253009
0.064926
0.285038
0.326651
-0.133323
0.430591
0.00180074
-0.35189
0.0477748
0.447958
0.36355
0.172811
0.19143
0.0241239
-0.491282
-0.0870769
0.0381484
0.143323
-0.497906
0.321936
0.259938
0.440288
0.350128
-0.116555
-0.155081
0.274245
0.325119
0.0980159
0.454475
0.0958141
-0.290688
-0.257897
0.223822
0.246366
0.0432549
-0.0807625
-0.0449981
0.119148
-0.144241
0.111932
-0.18281
-0.299818
-0.25771
-0.46969
-0.126359
-0.574845
-0.180624
0.19475
0.177503
-0.208128
-0.482817
0.233494
-0.181888
0.37555
0.291381
-0.436692
-0.106064
0.565292
0.333035
0.421142
-0.105218
0.0499567
0.175858
-0.140178
-0.284717
-0.274478
0.00856425
0.384523
0.41649
0.24447
0.0413369
0.255402
0.0151673
-0.393633
-0.0700131
0.045595
0.00510006
0.0929708
0.341562
-0.135292
-0.273893
-0.202108
1.08788
-0.159493
0.604911
0.0620105
-0.209231
-0.139909
-0.19215
0.197999
0.422042
0.206512
-0.421324
0.0940978
0.142799
0.0758286
-0.195603
-0.228644
-0.241294
-0.0713195
0.383123
-0.368355
0.325471
-0.398821
-0.542935
0.150223
0.0785799
0.199783
0.269888
-0.395285
-0.106229
0.0789027
0.215981
-0.267718
0.826312
1.5086
-0.109715
0.0724327
0.373403
-0.396558
0.0152206
-0.364725
-0.23618
-0.589826
-0.524667
-0.18065
-0.127152
-0.153616
-0.280126
0.00716057
0.180373
0.0111988
-0.231086
0.287516
-0.289686
0.230952
0.238293
-0.397278
0.372631
0.0320287
-0.105122
-0.0246809
-0.014113
0.244823
-0.396114
0.304895
-0.40788
0.408346
0.333541
-0.132622
-0.0973051
0.382106
-0.330717
0.0131763
-0.109871
-0.415278
0.383886
-0.419872
0.388938
-0.303474
-0.24918
0.275839
0.29065
0.0778651
-0.356177
0.148408
-0.0628609
0.268187
-0.252707
0.0194133
0.320964
0.0499774
0.319668
0.089173
-0.0303244
0.0693077
0.279624
-0.247647
0.351501
-0.357929
-0.454424
0.401917
0.485613
-0.00623379
-0.268153
-0.215396
0.0879552
0.33679
0.22189
0.329257
-0.0308865
0.214941
0.0203828
-0.410549
-0.683161
-0.173941
0.0618485
0.339524
0.283272
-0.211075
-0.166317
-0.159681
-0.166844
0.189741
-0.114295
-0.16493
-0.11539
0.341234
-0.136778
-0.103486
0.212532
0.0360289
0.423328
-0.0563342
-0.261278
-0.318117
-0.454129
-0.00429486
-0.197761
-0.283196
0.454226
-0.369839
-0.168981
0.535135
-0.232036
-0.396025
-0.207416
0.395616
0.0161245
0.460359
-0.364232
-0.391112
-0.221911
-0.23243
-0.241467
-0.486567
0.00267442
-0.0098975
0.422064
0.309091
-0.397333
-0.283912
-0.251952
-0.3889
-0.0217324
-0.0523231
0.232282
0.105731
0.271809
-0.0700408
0.552944
0.251105
0.457268
-0.0456543
0.0371042
0.206764
0.274913
0.367007
-0.291467
-0.403878
0.120842
0.270033
-0.319795
0.325782
-0.247645
-0.171679
-0.271657
-0.243792
0.173553
0.143583
0.00653089
0.389754
-0.118153
0.553862
-0.0698958
0.796677
-0.187275
-0.465256
0.0263557
-0.212554
0.289379
-0.325984
0.655959
0.636939
0.205559
0.0505371
0.160044
-0.348174
0.245636
-0.0873272
0.437992
-0.437018
0.0971191
-0.323937
0.0261415
0.393943
0.187511
-0.134161
-0.262626
0.0815447
0.0735985
0.4228
0.174181
-0.0596595
0.0306486
0.0453306
0.272005
-0.135467
0.258661
0.482489
-0.139896
-0.415253
0.287913
-0.205022
-0.335478
0.0406306
0.5689
0.00554602
-0.322317
-0.351654
0.0189736
-0.0737457
0.658116
0.423309
-0.261558
0.226353
0.382714
0.0782273
-0.472937
-0.122712
-0.233482
0.260521
-0.0817468
-0.00334178
0.176298
-0.0265535
-0.320475
-0.328826
-0.200641
0.232516
0.432049
0.102785
-0.246612
0.39959
0.363646
-0.326263
0.0324865
0.409064
-0.389898
-0.450403
-0.429058
0.231915
-0.0746921
0.455527
-0.445787
0.086819
0.258493
0.135637
-0.199261
-0.469976
-0.352213
0.299585
-0.0630632
0.647715
-0.367928
0.521748
0.00837564
-0.356415
-0.316832
-0.420577
-0.391811
-0.195196
-0.426436
-0.432997
-0.478201
0.301033
-0.454221
0.006709
-0.16695
0.361188
0.27074
-0.0758647
0.173802
-0.0231922
-0.16242
-0.00935761
-0.0998985
-0.371758
-0.509753
0.0714772
0.0850319
-0.192043
-0.244195
0.204524
-0.196956
-0.213337
-0.232381
-0.299026
0.106887
-0.0445411
-0.0191499
0.00229653
1.98893
-0.0401065
0.00199511
-0.082949
0.114958
-0.019546
-0.0115046
0.0547168
-0.0510598
-0.0737296
0.114323
0.315628
-0.0750324
-0.101784
0.116919
0.377162
-0.162596
0.274759
-0.188107
-0.0641224
0.0863296
-0.325644
0.0331939
-0.0150552
-0.237217
0.154102
0.0983636
-0.233941
-0.215323
0.298095
0.0509464
0.0679219
0.259438
3.83334
0.113032
0.302444
0.230387
-0.483774
-0.283823
-0.107334
-0.305275
0.135679
-0.23589
-0.265197
0.152648
0.129965
-0.0532194
-0.211902
-0.372693
-0.0516405
0.0939862
-0.00194631
-0.1739
0.084368
-0.368263
-0.00119877
-0.233559
-0.0310355
0.43923
0.0654655
-0.162226
0.475692
0.112653
-0.0143201
-0.131409
-0.233525
-0.335194
0.236406
0.18921
-0.431133
-0.25618
-0.0930431
0.0360205
0.59667
-0.105339
0.291932
0.356974
0.175861
-0.456038
-0.103959
-0.704436
0.461526
0.452826
0.385591
0.0630029
0.325095
-0.222619
-0.138971
-0.511558
0.332567
0.465018
0.0864893
0.101751
0.201076
-0.0302966
-0.215049
0.0556773
-0.108197
-0.349471
-0.176125
-0.0645768
0.296745
0.125939
-0.45539
0.433361
-0.115737
-0.203524
0.0749287
0.256558
0.0221706
-0.179423
0.241171
-0.487919
-0.429766
-0.057636
-0.54577
0.0552411
0.0513305
-0.0233563
0.180345
-1.9333
0.0132385
0.0252896
0.0751291
0.259218
-0.120382
0.0933767
0.104833
-0.00593845
-0.09762
-0.0183373
0.227159
0.0265419
0.148749
-0.0597664
0.310527
-0.384472
0.128511
0.0661653
0.166775
-0.0352341
-0.0559087
0.117048
-0.297083
0.0783181
0.0939373
0.208192
-0.180836
-0.0358617
0.12628
0.459022
-0.324789
0.0596971
-3.65427
-0.120254
0.217228
-0.00338754
0.20816
-0.411162
0.0153586
-0.852433
-0.558882
-0.560869
-0.424066
-0.0740412
-0.438697
0.502232
-0.116661
0.194142
0.148522
0.166948
-0.147511
-0.453786
0.13303
0.180554
0.0429587
-0.273298
-0.263232
0.21967
-0.00559195
0.138405
-0.220857
-0.0617493
0.0309277
-0.239132
-0.0857585
0.0336411
-0.0588857
0.0328376
-0.10522
0.0565702
0.0714813
-0.725053
-0.659398
-0.134824
0.113598
-0.254477
0.176984
0.00431323
0.0251995
-0.525129
0.287142
0.068013
0.219937
0.0418054
0.0913505
0.256183
-0.174253
0.3866
-0.0502462
-0.242828
0.0751387
-0.0850191
-0.114972
0.0902495
-0.240564
0.270021
-0.0447485
0.231017
-0.0580336
-0.241373
0.158528
-0.0649795
-0.236378
0.21564
-0.168241
0.257704
-0.231894
-0.356403
-0.235701
0.217178
0.179971
0.252072
3.06512
0.11526
-0.42541
0.018583
-0.481137
0.436335
-0.30235
-0.0575144
0.433683
-0.328635
0.0213235
-0.272208
-0.378564
-0.00467728
-0.40703
-0.420654
0.0290241
0.27722
-0.304931
0.188107
0.382
-0.276805
-0.168539
0.275663
0.375531
0.298518
-0.400022
0.427296
-0.12594
-0.232031
0.387891
-0.342311
-0.419156
0.270063
-0.199059
-0.465296
-0.0653907
0.121386
0.27495
0.214
-0.576299
-0.33442
-0.39513
0.165117
-0.38627
-0.310501
-0.390197
0.643895
0.293139
0.0289373
-0.205257
-0.0192723
0.149721
-0.21837
0.395662
-0.264255
0.0772842
-0.0355058
-0.0165787
0.199867
-0.236299
-0.298389
0.141596
-0.0586625
0.334195
-0.112258
0.0525111
-0.426888
-0.19543
-0.216014
-0.0739405
-0.0121044
-0.401561
-0.153126
-0.14672
0.118409
0.485509
0.143566
0.126113
-0.112203
0.092739
-0.326329
0.0726475
-0.313123
-0.0816731
0.206841
0.293796
0.399692
0.0211719
-0.317703
-0.0485993
-0.296349
-0.203865
0.375446
-0.26944
-0.27701
0.223828
0.106075
0.155639
-0.14851
-0.340794
0.0482741
-0.366637
0.131018
-0.315354
-0.493411
-0.338756
0.114834
0.25229
0.149661
0.375788
-0.331514
0.304904
-0.165991
0.134489
-0.401731
-0.066191
0.125422
0.45527
-0.0256166
0.980212
0.114036
0.43674
-0.0407597
0.159732
-0.174635
0.12149
-0.129554
-0.0276342
-0.0247162
0.0417894
-0.0953712
-0.216549
-0.428835
0.384908
0.0895832
0.257097
0.199462
-0.231344
-0.373216
0.291837
-0.346451
-0.350051
-0.278007
0.337408
0.117108
0.22336
-0.291099
0.229229
-0.240391
0.0725461
-0.182344
-0.234115
-0.303158
-0.380045
-0.215632
0.377407
0.287095
-0.0630067
-0.388542
1.29558
-0.0828509
-0.45724
0.213355
-0.210122
0.399954
-0.165532
-1.15364
-0.00158955
-0.21686
-0.025138
0.216013
-0.237817
-0.128937
0.183102
0.118566
0.381942
0.0633674
0.119672
0.225251
-0.21329
-0.316063
-0.155184
-0.297867
-0.23661
0.282175
0.289574
0.4282
-0.0587302
-0.210078
-0.334436
-0.100734
0.519412
-0.165801
-0.225838
0.330184
-0.157307
0.0818025
0.233186
-0.541895
-2.43286
-0.238615
0.117198
-0.310976
0.112385
0.0578238
0.444906
0.112001
-0.313885
-0.30109
0.312473
-0.265137
0.242103
0.00426478
-0.0779015
0.163441
0.34313
-0.312377
0.0258645
0.26575
-0.277203
-0.0967312
0.075253
-0.169206
0.294482
-0.242939
0.0692562
0.0565429
-0.175807
0.0720929
0.194901
0.158189
-0.258493
-0.16582
0.448035
0.42979
0.0501394
-0.266516
0.176686
-0.0328801
-0.120736
-0.20134
-0.235796
0.584366
-0.338893
-0.468359
-0.0264184
0.0770852
0.151327
0.037899
0.0145228
-0.402587
0.149745
-0.442703
-0.344581
-0.456997
-0.101139
0.0456495
0.297022
-0.281745
-0.109172
-0.343663
0.349097
-0.373039
0.165725
0.0259359
0.243364
-0.126447
-0.391162
-0.343048
-0.23174
-0.34692
-0.271476
0.359997
0.00146163
-0.0727504
-0.328472
0.261447
0.143439
-0.150629
0.258891
-0.00482956
0.181461
0.284868
-0.038954
0.0276219
-0.119021
-0.63316
-0.316664
-0.21722
0.0446669
0.044478
0.124264
-0.0377437
0.381425
-0.0781683
-0.233024
-0.203966
0.334844
0.0206207
0.148271
-0.221622
0.206389
-0.362477
0.271842
-0.0396498
-0.0244908
0.280479
-0.154452
-0.272986
0.2588
-0.43127
-0.0298395
-0.226219
0.438288
0.352108
-0.165662
-0.375998
0.0459888
-0.0979716
1.67096
-0.382864
0.144358
-0.0019374
-0.262854
-0.344722
-0.218799
-0.505855
0.0731192
0.173509
-0.229296
-0.665655
0.298642
0.279192
-0.471466
0.234964
0.694161
0.0639866
-0.334851
0.181718
0.332883
-0.431777
0.312645
0.17246
-0.347241
0.374156
0.440349
0.431024
-0.457715
-0.563233
-0.652544
-0.184276
-0.780497
-0.896315
-0.435245
0.279386
-0.273499
-0.00287533
-0.172525
0.0847598
-0.39847
-0.621679
0.110067
-0.230263
0.063563
-0.194252
-0.257938
0.220098
-0.466286
0.221735
0.0172856
0.0333656
-0.424118
-0.374828
0.372037
-0.40614
0.498421
0.367817
-0.177098
-0.380028
-0.0891075
0.365695
0.315524
0.0745886
-0.0253579
-0.484902
0.324203
-0.339851
-0.221373
0.18873
-0.443269
0.233771
-0.322656
0.169751
0.408044
0.0867842
-0.347122
-0.269446
0.0431778
-0.191297
-0.161737
-0.284141
-0.36307
0.225919
0.0874981
0.070468
0.248686
0.0799429
-0.178011
0.15332
0.274713
0.0324274
-0.154993
0.109722
-0.393551
-0.130034
0.66587
0.312306
-0.0672746
-0.0708415
0.0616022
-0.122425
0.144295
0.174496
-0.125821
-0.0576533
-0.0905509
-0.0875344
0.467318
-0.412629
0.130495
-0.299872
0.128691
-0.827122
0.29294
0.178608
0.211038
-0.00829782
0.200468
0.315349
0.274386
-0.0695905
-0.205781
-0.300385
-0.217664
-0.406169
0.0369492
0.383631
-0.189576
0.275555
0.387014
0.00991227
-0.000595259
0.129931
0.151958
-0.361163
0.357985
0.556413
0.524371
-0.247131
-0.172845
0.288393
0.167504
0.294069
-0.212574
-0.161147
0.26872
0.190874
-0.35784
0.0955504
-0.143824
0.266305
0.260714
0.236007
-0.329837
0.392845
0.519689
0.516677
0.296581
0.335278
0.211837
-0.645628
-0.0552467
-0.0778455
-0.115207
-0.465694
-0.0952341
-0.150772
-0.427951
-0.0341619
-0.329807
-0.0410917
-0.133768
-0.058278
-0.646008
-0.522593
0.234012
-0.421511
-0.58905
-0.457388
-0.196326
-0.175399
-0.437095
0.466536
-0.162127
-0.377166
-0.221329
-0.092336
-0.362693
-0.14257
-0.54574
0.143188
-0.0876014
-0.185129
0.564732
0.228103
-0.0554351
0.0595472
0.187746
0.500005
-0.419807
-0.219654
0.181713
-0.26843
0.000717736
0.0608913
-0.0547402
-0.586899
0.244977
-0.352911
0.0340435
0.27199
0.0494734
0.430482
0.456448
0.445314
0.413161
0.516064
0.0214363
-0.316955
-0.28029
-0.236386
-0.0647931
0.390936
0.328308
-0.0699631
-0.434346
0.332853
0.00233968
0.0662004
0.124687
-0.373606
0.187366
0.472736
-0.225559
0.51334
0.0427159
-0.129386
0.597086
0.0950755
0.14285
-0.284301
0.430614
0.740609
-0.109669
-0.0160867
0.373394
0.335941
-0.244482
-0.118563
0.309004
0.39464
0.568771
-0.441949
0.0384928
-0.148625
-0.196417
0.156359
0.403966
0.157035
-0.287723
0.511264
-0.0463337
-0.199001
0.0918899
-0.0945591
0.135172
0.396602
0.312951
0.122369
0.638003
0.234689
0.30915
0.344792
-0.331177
0.00607564
0.173793
0.049909
0.221142
0.17887
-0.00281271
-0.172437
0.546539
-0.0664184
0.140922
0.262164
0.388393
0.107133
-0.115897
-0.0713585
0.198521
-0.483433
0.172689
0.487587
0.172136
0.11957
-0.188635
0.279055
0.12202
0.202511
0.221335
0.693762
-0.0957382
-0.159303
0.112277
0.0559763
0.443256
0.28833
-0.224924
0.503124
-0.0758607
0.182788
0.254545
0.237098
-0.224306
-0.210976
-0.103447
0.153457
-0.594193
0.0126555
0.578921
-0.324918
0.0459827
0.326531
-0.00898734
0.103974
-0.26639
0.18454
-0.0264125
0.102879
0.342972
0.240757
-0.40551
0.120564
-0.50718
-0.379005
0.258617
0.280338
-0.295849
-0.201463
0.166746
0.313126
0.375645
-0.284287
0.312407
-0.25299
-0.275446
-0.269327
-0.458725
0.370837
-0.33859
-0.33453
0.00506363
0.229946
0.47988
-0.101145
-0.242671
0.194323
-0.459349
0.230161
-0.00336633
-0.0852685
-0.0722183
-0.399402
0.471518
-0.464848
-0.278056
0.335136
-0.452333
-0.334172
-0.435309
0.408026
-0.261648
-0.286913
0.307123
-0.174449
0.292816
-0.231348
-0.345576
-0.422939
0.131869
-0.280997
0.383562
0.150643
-0.325042
-0.179171
-0.116736
-0.390788
0.147849
-0.0565044
-0.25779
0.0541801
-0.00881092
-0.418578
0.467311
0.350311
-0.210849
-0.257637
0.250375
0.202411
0.214095
0.125467
-0.47421
-0.0064807
0.401264
-0.161666
0.423639
0.184474
0.204163
0.435027
-0.513427
0.0355236
-0.499156
-0.0350154
0.256109
0.276784
-0.0146595
-0.339898
-0.351276
-0.352967
-0.303698
-0.0855867
0.0399359
-0.190097
0.109901
0.294383
-0.0224161
0.448747
-0.0628313
-0.185422
0.438397
0.345107
-0.333224
0.206322
-0.514781
0.311903
0.269686
0.0532387
0.0736014
-0.000508725
0.423948
-0.197786
-0.324548
-0.259161
-0.126938
-0.0855442
-0.101692
0.258789
-0.0562416
-0.307313
0.345368
0.400648
-0.0212274
0.0816926
0.175169
0.453385
-0.157965
0.00224624
-0.184233
-0.153592
0.13525
0.459866
-0.455616
0.175772
-0.351189
0.0391001
-0.0276535
-0.448423
0.0342461
-0.140141
0.315296
-0.550303
-0.122309
0.473243
0.338297
0.233187
-0.482479
-0.385804
0.227496
0.111532
0.275142
0.131049
-0.739772
-0.12973
-0.302835
0.128009
-0.45092
-0.244352
0.448753
-0.450666
-0.108046
0.1826
-0.203045
0.821986
0.681681
0.0387819
-0.0270852
0.374321
-0.110823
0.559582
-0.0526919
0.562386
0.813843
-0.154106
0.381484
0.0586527
0.245005
0.0993302
0.0230545
0.240434
-0.121127
0.504242
0.405759
0.745885
0.122719
-0.394032
0.406264
-0.574861
0.252469
-0.207172
0.950902
-0.278755
-0.552574
-0.887649
0.318652
0.199418
-0.083312
0.409193
0.356243
0.0731746
-0.519099
0.305431
-0.151035
0.246087
0.270407
-0.302154
-0.00446481
-0.0432939
0.0501403
-0.489124
-0.249622
-0.367005
0.429768
0.33355
-0.240488
-0.31393
-0.486335
0.475292
-0.461415
0.0170481
-0.690055
0.0529234
-0.376016
-0.799685
-0.215253
-0.284319
0.338694
-0.283434
-0.160636
-0.35999
0.24175
-0.264248
0.280486
-0.156921
-0.795401
-0.22338
0.244322
-0.4048
0.0860828
-0.60605
0.129501
0.124285
0.0269432
0.056585
-0.0767701
-0.542047
-0.128723
-0.14859
-0.0631461
-0.553675
-0.332493
-0.45164
0.137951
-0.387825
-0.506987
-0.0774194
0.0755362
0.052649
-0.34087
0.316719
-0.0851692
0.164179
-0.325947
0.0865311
-0.0805006
-0.0365587
-0.460006
-0.531093
-0.16282
-0.384196
-0.0404999
-0.213628
-0.260812
-0.292782
0.0250359
0.597649
-0.15621
-0.307069
0.0559838
0.355345
-0.0168995
-0.0402383
0.246908
0.129833
-0.106614
0.113561
-0.0693418
0.0800116
0.468168
-0.30117
0.0928195
0.0821247
-0.0709987
-0.018284
0.114053
0.434694
-0.238784
-0.357661
-0.576665
-0.371773
-0.282524
0.527571
-0.151728
0.484735
-0.181414
-0.0944107
0.196403
-0.138466
-0.0175876
-0.329982
-0.195721
0.259403
0.115429
-0.431514
0.0449652
0.477513
0.15848
-0.435947
-0.390492
0.299854
-0.344317
0.394284
0.37795
0.0897896
0.123729
0.307387
0.0552077
0.00353953
0.346197
0.265769
-0.464142
0.145574
-0.126986
-0.123605
0.694547
0.555296
0.470673
0.335189
-0.165632
-0.089033
0.384417
0.18736
-0.477246
-0.148981
-0.452088
0.496744
-0.185621
0.217319
-0.151504
-0.192998
0.510884
-0.33873
-0.540906
-0.310018
0.568024
0.490688
0.0643058
-0.121806
0.558971
0.515084
0.121333
-0.141669
0.137613
0.421213
-0.416213
0.37978
0.014715
0.710969
-0.155121
-0.410796
0.471589
-0.120153
0.274081
-0.0752065
-0.363246
-0.0188168
-0.420136
0.553016
-0.185683
0.308892
-0.065079
0.0148172
-0.347747
-0.213625
-0.0996939
-0.15766
0.023208
-0.337119
0.243618
-0.173976
0.431321
-0.301592
0.136574
-0.064956
0.0626009
-0.420124
0.176309
-0.33673
0.100879
0.310085
0.270572
0.443686
-0.123379
-0.00343387
-0.299361
-0.443283
0.25676
0.438076
0.2832
0.376285
0.265828
-0.0969778
0.229548
0.172334
0.26792
-0.44738
0.0900496
-0.0388335
0.223849
-0.546197
-0.339315
0.355453
0.117526
0.00794253
0.315029
0.320776
0.162236
-0.372688
0.542547
-0.353516
-0.269222
-0.287778
-0.122334
0.357037
-0.070234
0.195408
0.14888
0.490186
-0.227711
0.383874
0.0556853
0.238485
0.384623
0.118091
-0.537766
0.239717
0.220583
-0.0959623
-0.128336
-0.160409
0.0542529
-0.481631
-0.101568
-0.0527256
-0.0270431
0.0527091
0.251201
-0.481413
-0.545747
-0.173742
0.376013
-0.111682
-0.38136
-0.187257
0.0720938
-0.12502
0.316055
-0.0335534
0.164922
-0.36609
-0.51653
-0.512913
-0.0610046
-0.412394
-0.25475
-0.293751
0.0761437
-0.62354
-0.160336
-0.0190692
0.220799
0.165836
-0.204388
0.240123
0.165964
0.125702
-0.269326
-0.129643
-0.565761
-0.237094
0.250184
-0.278081
-0.155789
0.224951
0.589593
0.0932686
0.180494
-0.202135
-0.282665
0.48878
-0.175604
-0.329758
0.040523
0.330468
0.883893
-0.0767864
0.378114
-0.405513
0.55028
-0.0350824
0.166224
-0.207801
0.00481123
-0.420859
0.358929
0.115998
-0.172167
0.147556
0.889812
0.11734
-0.181597
-0.902575
-0.400436
0.329643
0.170341
0.0617484
-0.020271
0.274865
-0.764467
0.318003
-0.119347
-0.459663
-0.396047
0.502289
0.0793422
-0.363198
-0.338473
0.121629
0.392684
-0.172017
-0.0664488
-0.320249
-0.0482051
-0.446301
-0.537664
0.213192
-0.395014
-0.391332
0.162383
-0.16995
-0.452656
-0.430212
0.348275
-0.344373
-0.0604311
-0.135497
0.319288
0.378803
0.291664
0.424626
0.137721
-0.0220092
-0.443514
-0.350062
-0.205465
-0.119471
-0.239147
0.0217577
-0.040785
0.0525807
0.293856
0.100036
-0.399491
-0.154252
-0.120003
-0.030815
-0.477471
0.0141132
0.189801
0.616762
-0.253297
-0.295045
0.384183
0.30388
-0.246984
0.373641
-0.0695898
0.211616
0.528145
-0.220557
0.170402
0.0957217
0.147564
0.129719
0.162247
-0.426873
-0.192032
-0.32756
-0.322526
0.384384
0.457743
-0.391967
0.153108
0.0956012
0.201551
-0.346734
-0.223264
-0.30439
-0.31159
-0.293123
-0.511358
-0.428296
-0.162693
0.35144
0.0113528
-0.33009
0.413775
-0.13457
0.188359
-0.16531
0.0571755
-0.077207
-0.244351
-0.39721
-0.00698201
-0.203402
0.429268
-0.117814
-0.203503
-0.130654
0.0845739
0.0513719
0.286029
-0.0861397
0.107636
0.538836
0.125562
-0.193271
-0.507283
-0.224358
0.406921
0.689372
-0.0812771
0.145679
-0.659653
0.219278
0.22848
-0.0688933
0.11094
-0.127885
0.20286
0.00605716
-0.0519761
-0.130526
0.504465
0.202382
0.294675
0.0869628
-0.347476
0.587312
0.044321
-0.161045
0.279445
0.268525
0.495976
0.180815
0.586934
0.37276
-0.389358
-0.195652
-0.237022
-0.303364
0.0244376
0.278512
0.11972
0.297641
-0.0794456
0.280356
-0.0878677
0.311141
0.080972
0.0505715
-0.137247
0.274945
0.0434651
-0.60072
0.539011
0.119832
0.481301
-0.308176
0.432035
-0.176283
0.430302
-0.0799076
-0.235304
0.480391
-0.223944
0.358553
-0.0898097
0.516146
-0.0254584
-0.0220944
0.243977
0.246008
-0.0784557
-0.027896
-0.297576
0.0515664
-0.169663
0.19935
-0.276121
0.249992
0.0642951
0.421619
-0.0237469
0.270248
-0.472515
0.403653
-0.381513
-0.00482751
0.363676
0.146009
0.107957
-0.0639724
0.243442
0.209126
0.206684
-0.0126117
0.127666
0.0147218
0.459456
-0.337166
-0.422229
0.120069
-0.394609
0.0534234
-0.431213
-0.34844
0.399723
-0.407977
-0.30861
0.349458
-0.0945862
0.00694146
0.110593
-0.246514
0.0846316
-0.452806
-0.0274963
-0.129943
-0.655145
-0.0791335
0.212397
0.226623
-0.134169
0.061091
-0.307227
0.20532
-0.605111
-0.200769
-0.129449
-0.306419
0.378927
-0.00242553
-0.0974057
-0.469414
-0.254122
0.247257
0.0960335
-0.355665
-0.102144
0.278795
-0.585072
0.575716
0.100931
-0.00970083
0.24503
0.0814334
-0.155956
0.174388
0.365003
0.088976
-0.458473
-0.238868
0.104779
-0.0983827
-0.286114
-0.122293
-0.140391
-0.0148845
-0.208758
-1.08211
-0.776628
0.341713
-0.370475
-0.192279
0.144324
-0.513878
-0.236506
-0.47776
0.379651
0.169015
0.0513148
-0.372356
-0.104114
-0.853594
0.0175251
-0.166602
0.783083
0.192903
-0.0488696
-0.6728
-0.217042
-0.668713
-0.15187
0.813026
-0.418258
-0.479416
-0.789622
0.27451
0.439125
-0.0173233
0.331485
-0.0101526
-0.111253
-0.310025
-0.14635
0.465152
-0.02131
-0.0218986
-0.333264
-0.238554
0.498261
0.288242
-0.00341487
0.35963
-0.0733715
0.318502
-0.403519
0.169016
0.39648
0.21566
-0.330534
-0.0117327
0.156969
0.389233
0.718196
-0.298488
-0.139835
-0.456356
-0.187801
0.214762
0.274879
-0.169151
-0.181985
-0.0853776
-0.163795
0.256442
0.0724586
0.0987788
-0.312024
0.0989929
0.201632
-0.0248686
0.136755
-0.280533
0.306575
0.424076
-0.501033
0.159282
-0.0522632
0.385032
-0.136596
-0.514368
-0.254306
0.0341654
0.315762
-0.0410732
0.416495
-0.37608
-0.157198
-0.395027
-0.342176
0.412025
0.163514
-0.43644
0.241684
-0.556423
-0.388201
0.22709
0.115582
-0.280439
-0.505756
0.104441
-0.248044
0.410661
0.425756
0.0827535
-0.252542
-0.0499518
-0.0534451
0.097391
0.209365
0.25037
-0.13049
-0.107797
0.267924
0.76056
-0.156793
0.312787
0.117849
0.162058
-0.374268
-0.372516
-0.0566876
-0.0934642
0.155247
0.152179
-0.201979
0.373636
-0.330791
-0.056963
-0.0664852
0.324656
0.00625023
-0.0679444
0.183471
0.0439603
0.792304
-0.107128
-0.139704
-0.98821
0.655402
0.727084
-0.136276
-0.476458
0.290094
0.321665
-0.0077763
0.101028
-0.324246
0.624751
-0.129378
0.232827
-0.437205
0.165433
0.254896
0.0494221
-0.0405858
-0.245335
0.147827
0.169098
0.348721
-0.143735
0.126051
-0.483867
-0.236608
0.00824054
-0.0278447
-0.159801
-0.186846
-0.213082
0.342434
-0.342969
0.314641
-0.170572
-0.416773
0.0845439
0.0791627
-0.143676
0.234064
-0.118211
0.0346219
-0.445431
0.0815598
-0.307667
0.457827
-0.314984
-0.194155
0.354096
0.282058
0.377172
-0.355015
0.136912
-0.143767
-0.337893
0.274066
-0.226092
0.401487
-0.0866142
-0.149384
0.703462
0.333849
0.388077
0.167392
-0.261752
0.464648
0.443037
0.0879522
0.227057
-0.0805748
0.294473
0.495783
-0.0762593
-0.122878
0.0596339
0.291102
0.114351
-0.0696849
-0.11045
-0.296735
0.428046
-0.226896
0.537838
0.117165
-0.0689232
-0.0134416
0.0803101
0.150135
4.83187e-05
-0.115505
0.0176759
0.092035
0.604414
-0.180068
0.451753
0.254336
-0.146097
0.321632
0.406417
-0.0327709
-0.36101
0.183845
-0.275726
0.289834
0.287574
-0.210251
0.147384
-0.0187436
-0.230964
0.317491
0.366471
-0.102728
-0.148436
0.324356
0.308033
-0.203606
-0.29889
0.448025
0.291688
0.106069
0.172544
0.268267
-0.167378
-0.0334755
-0.117554
0.473642
-0.415536
0.323575
-0.015482
-0.357897
-0.0911259
0.300307
-0.170781
0.233716
0.322517
0.126419
0.209732
-0.265339
0.489166
-0.0902215
0.373355
0.164247
0.427851
0.227528
0.538729
0.486845
0.181365
-0.063672
0.518875
-0.381922
-0.242883
0.221064
-0.359553
0.351509
0.385818
-0.177369
0.172985
0.303781
0.571019
0.231787
0.325968
-0.244833
0.281801
-0.0914208
-0.497878
-0.313158
-0.0939476
0.160812
0.0514241
-0.0953538
0.193778
0.119008
0.357312
-0.319279
0.425106
-0.321983
0.179509
0.144035
-0.374884
0.177587
-0.00511183
-0.573854
0.263352
0.268471
-0.274458
-0.289381
0.0952235
-0.0395095
0.354322
0.0242822
0.0591774
-0.0247504
0.203607
-0.240491
0.0843955
-0.307403
-0.29575
-0.147735
-0.441384
0.356503
0.233353
-0.469416
-0.252671
0.317628
-0.449214
-0.26998
-0.44486
-0.191056
0.219016
-0.308704
-0.469888
0.00459298
0.134817
-0.217366
-0.0565777
-0.54349
-0.0997734
0.0738256
-0.12459
0.0536153
-0.00266849
0.0192467
0.237402
0.276934
-0.181732
0.341921
-0.39503
-0.357648
-0.0236541
0.0300415
-0.390039
-0.157411
0.0847914
-0.0398022
0.405952
0.351652
-0.0978815
0.351061
0.225528
0.370788
0.394071
0.349826
0.0848038
0.117535
0.238505
0.208788
0.375567
0.445567
0.309286
0.369926
0.112135
0.141689
0.477634
-0.10623
-0.288971
-0.138621
-0.029845
0.377043
0.242965
0.633344
0.345158
-0.691484
-0.686647
-0.0684321
0.774057
-0.22281
-0.803394
-0.0487488
0.427366
-0.433501
-1.57986
-0.41889
0.702579
-0.21056
-0.0373335
0.375637
-0.770009
0.521049
-0.0866114
0.114157
0.223063
-0.348544
-0.473965
-0.0847588
-1.46603
-0.0718592
-0.330372
1.76865
0.445096
-1.10873
0.368326
-0.182471
-0.0502986
-0.127907
0.556854
0.387382
-0.0352372
-0.760811
-0.434858
-0.431164
-0.586668
-0.0707726
-0.421055
0.103775
-0.231123
-0.432818
-0.0754594
-0.297993
-0.481519
-0.664617
-0.505822
-0.269896
-0.3501
-0.288204
0.23947
0.0264785
-0.241317
0.106092
-0.121984
-0.462411
-0.325325
0.249987
0.280351
-0.196432
0.150787
-0.643242
-0.671851
0.0954732
0.0792311
-0.144478
0.323414
-0.329976
-0.540165
0.154842
-0.624272
0.269895
-0.342549
0.113738
-0.209955
-0.372879
-0.445636
-0.0927786
-0.246608
-0.344913
0.344548
0.0225454
0.268409
-0.625327
-0.574242
-0.651862
-0.190041
0.206753
-0.538895
-0.444169
-0.00261965
-0.110106
-0.0605155
-0.78088
0.126418
0.0348736
-0.605612
-0.162621
-0.547319
-0.0740877
0.256184
0.267861
-1.08288
-0.16382
0.409202
0.311309
-0.394399
-0.640426
0.143031
0.0861146
0.150307
-0.121956
0.0300493
-0.844228
-0.266047
-0.891978
0.702654
-0.0560441
-0.0246545
0.268437
0.091532
-0.212067
0.0749392
0.306892
-0.0387821
-0.0792105
-0.186903
0.13142
-0.749885
0.22803
-0.0606955
0.00478904
-0.370955
0.000546827
-0.0856098
-0.0476708
-0.265802
0.173424
0.177512
0.0719525
-0.142272
-0.150482
0.156688
-0.375296
-0.0617362
-0.114359
-0.59293
-0.192059
0.668799
0.192003
-0.236852
0.166564
0.398359
1.10437
0.542647
0.522078
