#input normalization
0.160288 0.266839
36.0497 39.9082
11.5141 39.3017
9.00337 32.0217
0.0121846 0.0419728
0.00990257 0.0321827
0.51009 1.27706
0.81698 1.01849
0.970592 1.18721
1.15303 1.36175
1.37751 1.4934
1.60213 1.60896
1.81592 1.70013
2.01916 1.76833
2.22458 1.83245
2.39232 1.85731
2.55904 1.86856
2.7106 1.85718
2.81984 1.81914
2.92451 1.75828
2.99266 1.68493
3.05123 1.59174
3.079 1.4968
3.10363 1.38658
3.10696 1.26875
3.07601 1.13675
3.00682 0.993866
2.94838 0.848626
2.87122 0.676966
39.4778 50.7951
7187.56 5307.42
1 0
#output normalization
1 0
#neurons weights
0.463645
-0.0788287
0.118323
-0.307863
-0.461954
-0.128503
0.351719
-0.390938
0.0429519
0.322127
0.130054
0.189734
0.0168073
-0.283322
-0.0650686
-0.217181
-0.18907
-0.336915
0.206268
0.231059
-0.0404661
0.0636049
-0.457219
-0.497645
-0.0846187
-0.0652186
-0.251053
0.166627
0.274545
0.163756
0.321508
0.340771
0.125178
0.357956
-0.471504
-0.817978
-0.884531
-0.359534
0.222397
-0.569569
0.345027
-0.0187132
-0.0232208
0.223232
0.0829966
0.415229
-0.631481
-0.0628181
0.368675
0.301081
0.0167509
-0.173922
-1.09804
-0.282756
-0.243598
0.165092
-0.0152355
-0.253438
0.60787
0.135917
1.01716
0.141815
-0.173378
0.148836
-0.462945
-0.0296228
0.661448
0.412333
0.154643
0.247378
-0.150732
0.441642
0.651999
0.355675
0.449103
0.24767
-0.138175
-0.391919
-0.00635326
-0.413306
-0.552791
0.320741
-0.447309
0.0295659
-0.498982
0.26812
-0.0947171
0.0145492
0.132489
0.455384
-0.319593
-0.485005
0.0466092
0.0957318
0.37791
-0.622859
-0.215169
-0.0829517
#synapses weights
-0.483743
0.338145
-0.183208
-0.246129
-0.247175
0.292198
-0.714822
-0.159696
0.172919
-0.459041
0.200688
0.351772
0.199636
0.0470318
-0.339261
-0.0267347
-0.48759
-0.155418
-0.00882247
-0.232337
0.347502
-0.439143
0.197611
-0.0204246
-0.0185494
0.0383493
0.197816
0.384149
-0.519611
0.0273383
-0.879907
0.423742
-0.0436575
0.133989
-0.0409903
0.175779
0.106019
-0.0383361
-0.90623
0.0404314
-0.24408
-0.141383
-0.0556124
0.33738
0.000713385
-0.340228
-0.03579
-0.207255
0.246712
-0.046297
0.0740297
0.0331359
0.131264
-0.509698
-0.0231193
0.00367182
0.201905
0.0418157
0.155256
0.146464
-0.474687
-0.507675
-1.30272
0.240181
0.366536
0.347953
-0.525687
0.0223925
0.410908
0.35982
0.116437
-0.0179269
-0.304033
-0.422998
-0.348354
0.349178
0.412684
-0.13961
-0.243723
0.240272
-0.100288
-0.1371
-0.168884
-0.051554
-0.022458
-0.435922
0.293799
-0.176663
0.404789
-0.220622
-0.474444
0.264256
0.117056
-0.257475
-1.31976
0.345514
-0.435951
0.101486
0.204286
-0.138599
-0.0468853
0.0573868
-1.37391
-1.03638
-0.383256
-0.00916545
-0.270883
0.217665
-0.261937
-0.00391947
-0.41812
0.114375
0.315973
-0.212379
-0.0821914
-0.114765
-0.13669
0.12683
-0.204218
0.290452
-0.147874
0.00167375
-0.0949485
0.237637
0.119478
0.213375
-1.26622
-0.263332
0.206569
0.00345012
-0.163632
0.170908
0.102245
-0.0662729
-1.38968
-0.393735
-0.503726
0.107898
0.0203586
-0.118637
-0.274661
0.129195
0.31795
-0.21542
0.0504302
-0.0752175
0.205072
0.243522
0.045165
-0.330657
-0.248969
0.00410312
0.323185
0.181927
-0.247618
-0.0147552
0.198459
-0.282915
-2.16285
0.210386
0.374058
-0.055603
-0.376412
-0.186685
-0.252944
0.555838
-0.990552
-0.36906
0.0929773
0.0790537
-0.138919
-0.324012
-0.110455
0.222228
-0.300163
-0.00418186
0.0483301
0.622644
0.0946686
0.202901
-0.365137
0.522381
-0.185521
-0.267691
-0.197549
0.279033
0.139857
0.286627
-0.150846
-0.329564
-1.3731
-0.474899
-0.169083
-0.26941
0.229404
0.167577
0.41158
0.336622
-0.476598
-0.341848
-0.277648
-0.110809
-0.285433
0.208586
0.176419
-0.400825
0.247465
0.365195
-0.0705315
-0.238974
-0.00581217
-0.120368
-0.274923
0.285718
0.476786
0.0486272
-0.45032
0.192151
-0.262141
-0.167646
0.386506
-0.0115802
-0.359558
0.0292906
0.345447
-0.195279
-0.0620035
-0.0905687
-0.0715046
0.269973
-1.17992
0.0525281
-0.131414
0.125516
-0.0886887
0.259929
-0.153569
0.0778866
-0.215428
0.266635
-0.104023
-0.120611
0.37919
0.0403321
-0.177227
0.101614
-0.0611032
-0.235617
0.142198
0.331946
0.386529
-0.262368
-0.182645
-0.448372
-2.57807
0.184335
0.119629
0.0649761
0.168753
0.278042
0.124366
0.0330227
-1.11405
0.183342
0.219371
0.124314
-0.251497
0.418054
-0.0606344
-0.193642
-0.237547
-0.0313271
-0.110455
-0.340746
0.226678
0.349983
-0.0313591
-0.235505
-0.286607
-0.286463
0.416909
-0.277389
0.10369
0.324263
0.283937
-0.434043
-0.475795
0.384023
0.279487
-0.170896
-0.130956
-0.321162
0.0281874
0.249639
-0.289724
-0.379519
0.126004
0.00203456
-0.168264
0.215167
-0.221442
-0.287197
-0.258244
-0.0261977
-0.349994
-0.252262
-0.225365
0.468202
0.349438
0.293741
0.0870934
0.210199
-0.358011
-0.122535
0.169649
-0.255569
0.478701
-0.1109
0.734765
0.0508531
0.203353
-0.0550748
0.343122
-0.325768
0.00372141
0.19656
-0.200771
-0.273192
-0.239754
-0.0832037
-0.0571255
-0.273073
0.430218
0.116553
-0.408982
-0.0156876
0.154989
0.329592
0.0983363
-0.395445
0.0653236
0.0143201
0.413091
-0.141621
0.435391
-0.0251685
-0.0110094
-0.00181534
0.337003
-0.255572
0.345834
0.0410676
0.346723
0.0460969
-0.20113
0.386142
0.366501
-0.225265
0.150253
0.0726801
-0.135237
0.128634
-0.0900345
-0.0135307
0.194239
-0.151929
-0.145
-0.198521
0.477355
-0.145038
-0.075629
-0.0220812
0.0242113
0.364975
0.015336
0.083993
-0.156468
-0.223137
-0.448801
0.162873
-0.433953
0.493171
-0.711362
0.383561
0.350865
-0.276696
-0.451526
0.039426
-0.443492
0.40409
-0.564583
-0.183811
-0.499831
-0.247204
0.399121
-0.227813
-0.15343
0.326094
-0.0419459
0.175547
0.361398
0.43746
0.312003
-0.164905
-0.217971
-0.428287
0.414399
0.326627
-0.320067
0.311147
-0.436474
-0.239154
-0.419537
-0.444354
-0.090604
0.216828
0.254996
0.397751
0.0715091
-0.122963
0.202298
-0.0144039
1.35303
-0.16362
-0.235155
-0.0220877
0.0322574
0.0235153
-0.0575297
0.0869739
-0.346078
-0.0588622
0.051302
-0.150132
0.154999
-0.268718
0.0331885
-0.353358
-0.217752
0.165693
0.0122527
0.0497788
-0.10349
0.425672
0.0673156
-0.172093
1.14029
0.167477
0.123357
-0.0780182
-0.302757
0.487488
0.274908
0.212879
-0.0517207
0.0444078
0.142432
0.023967
0.0298488
0.219959
0.408093
-0.54301
-0.00862047
-0.390326
-0.120276
-0.132179
-0.149981
0.169537
0.283814
-0.129821
0.426424
-0.123079
0.0690336
-0.117207
-0.149281
-0.0632084
-0.149697
0.0904465
-1.25722
0.49349
0.383207
0.0104845
0.221842
0.0225638
0.352984
0.323279
-0.373037
0.519523
0.432579
0.243993
0.397251
-0.366056
-0.344998
-0.316794
-0.18539
0.207372
-0.143472
-0.349443
-0.0953178
0.275726
-0.446487
-0.0614405
0.489742
-0.152903
0.452946
-0.225031
-0.152488
-0.124661
-0.0665396
0.0251099
-0.190547
-0.138097
0.0497133
0.131329
-0.277154
0.106683
0.0414943
-0.00324566
1.18143
0.227232
-0.127195
0.055456
-0.197672
0.0199614
-0.0794905
0.0636488
0.0525583
-0.0911487
0.25356
0.139857
-0.428302
-0.0763699
-0.024963
-0.0722355
0.128142
-0.248757
0.133702
0.263994
-0.239555
0.397161
-0.436673
-0.195494
2.25245
-0.137605
0.410136
0.380677
0.178178
-0.119109
0.25941
-0.115788
0.08649
-0.00703953
0.195922
-0.000301996
0.137151
0.0733089
-0.108812
-0.398881
-0.124901
0.229659
0.00619984
-0.125467
-0.424708
-0.336301
0.0737788
0.290217
-0.146955
0.015914
0.0916742
-0.0109426
-0.0644211
-0.17047
0.460035
-0.347219
-0.916915
0.219904
-0.325125
-0.165945
-0.127439
-0.490014
-0.153355
0.0563908
-0.0931783
-0.332388
-0.389894
0.204326
0.385294
0.451192
-0.434628
-0.426854
-0.274347
-0.0576437
0.385962
-0.199576
0.170459
-0.364347
0.25583
-0.383452
-0.144279
-0.435271
-0.451114
0.261252
-0.239457
0.0523079
-0.132716
-0.0139788
0.730057
0.269414
-0.448711
0.0137318
-0.533293
-0.18149
0.364033
-0.122981
-0.0716972
-0.190324
-0.0124079
0.226871
-0.160838
-0.31981
-0.103658
-0.39749
0.0617307
0.247136
-0.440376
0.51366
-0.400667
0.321607
-0.0206486
0.473774
0.483809
0.00401893
0.152569
0.343689
0.379466
-0.141834
0.2767
0.176114
-0.459762
-0.237277
0.284106
0.442682
0.0701632
0.101753
-0.18124
-0.148859
0.126099
-0.0450499
-0.0262937
0.0465567
0.0797289
-0.0663819
-0.064546
0.123017
-0.253199
-0.0801367
-0.119082
0.0930149
0.00363202
0.0515897
0.0501147
-0.281616
0.109342
-0.206255
0.348138
0.130215
-0.11856
0.253089
-0.185151
-0.289122
-1.8975
-0.0711236
0.365968
-0.359804
-0.201912
0.501405
-0.253731
0.499546
-0.399634
-0.12867
0.166757
-0.367754
-0.140898
-0.175154
0.341221
-0.270934
0.0891925
-0.129911
0.331809
-0.126346
-0.4581
0.339803
0.200142
0.140641
0.165118
0.105486
-0.219679
-0.134691
-0.588765
0.0285349
0.132245
-0.339964
-1.07472
0.36379
0.0175908
-0.367571
-0.151918
-0.344742
0.346026
0.0560214
0.91137
0.315007
0.377129
0.0682941
0.0228021
-0.163553
-0.503146
-0.0317825
0.289362
0.144483
-0.258884
-0.48824
-0.140093
0.0292195
-0.0154143
0.0922617
0.241608
-0.21362
-0.146531
0.0741142
0.049706
0.419465
-0.332524
0.353643
0.622547
0.198091
0.0280468
0.177825
0.0299762
-0.168951
-0.360669
0.323695
-0.309314
0.195853
-0.314164
0.238132
0.362003
0.0941564
-0.217258
0.137893
-0.00826947
0.169212
-0.51736
-0.0443687
-0.061957
0.295508
0.270847
0.0789192
0.398908
-0.489421
0.174399
-0.376189
0.361781
0.137042
-0.234585
0.279939
0.894073
0.371365
0.185924
-0.206556
-0.401131
-0.290215
0.356884
-0.184899
0.339502
0.210059
0.151126
0.0930141
0.00572968
0.212055
-0.164355
0.0165747
-0.107679
-0.147687
-0.147226
0.423934
-0.410271
0.187956
-0.286229
0.253931
-0.358229
0.0568987
0.239918
-0.370505
0.190031
0.28568
0.25692
-0.221219
-0.418162
-0.360874
-0.0839387
0.458622
-0.157983
0.115071
0.0700427
-0.102901
0.657529
-0.239414
-0.0113636
0.129695
-0.138995
0.248315
0.420925
-0.248851
-0.311768
-0.251798
0.111058
0.120054
0.457907
0.415724
-0.169749
-0.398092
0.0558409
-0.262705
0.164416
-0.200922
0.163756
-0.030318
-0.300923
-0.222464
0.858274
0.0668978
-0.138448
-0.127945
-0.040886
0.199532
0.0170133
-0.16876
-0.219467
0.106891
0.409918
0.0194147
-0.319224
-0.0769381
-0.0400479
0.134174
-0.120025
-0.158925
0.229748
-0.15932
-0.165033
0.127896
-0.0185578
0.147333
-0.13285
-0.249507
0.533877
-0.0919021
-0.182545
0.205028
0.13725
0.167639
1.69664
0.408684
0.356136
0.47759
0.474675
0.391183
0.0584239
-0.280214
0.220844
-0.290347
-0.227835
-0.265202
-0.156701
0.460882
-0.0583592
0.0876914
0.0944435
0.114895
-0.142835
-0.235636
-0.380212
-0.387078
0.204363
0.0485105
-0.0621877
0.324022
0.129334
0.0329135
-0.194642
-0.0778444
0.00955237
0.0111374
-0.18472
0.13277
-0.278617
0.34652
-0.0998752
0.142223
-0.286039
0.188477
0.474692
-0.00635322
-0.0344534
-0.111598
-0.13106
0.0139116
0.00187402
-0.220717
0.107789
-0.0592778
-0.0809955
0.0128236
-0.0804422
0.194636
0.0668172
-0.203343
0.00521966
-0.0575118
-0.0732928
-0.00751503
-0.049058
-0.0092664
-0.13304
0.124369
4.57866
0.457504
0.153799
-0.102169
-0.131381
0.448378
0.238152
-0.0674105
-0.418974
-0.584411
-0.378817
-0.446037
-0.119723
-0.325538
-0.249946
0.187922
0.238408
-0.264571
0.232069
-0.340669
-0.404141
-0.222303
0.307776
-0.102602
-0.0336925
-0.00195351
-0.337164
0.0585931
-0.0822429
0.164971
-0.22018
0.0955298
0.022595
0.258235
-0.446113
0.432287
0.305996
0.394501
-0.0843382
-0.511455
-0.145613
0.337611
0.118586
0.128415
0.503748
0.267168
-0.338451
0.312527
0.530402
-0.134078
0.133584
-0.0852482
0.265237
0.430344
-0.136546
0.0833029
-0.0288987
-0.395192
0.45861
-0.318886
-0.363275
0.100258
-0.402973
-0.303847
0.362522
0.197082
-0.315601
0.223952
-0.162318
0.300174
0.168627
0.0663654
0.277585
0.153488
-0.165411
-0.0318179
-0.304246
-0.228513
0.2268
0.249418
-0.451292
-0.4442
0.290817
-0.131234
0.229405
0.0463179
-0.0545138
0.338433
-0.034235
0.247105
0.188165
-0.363412
-0.0608675
-0.173913
0.122546
-0.25349
-0.873692
0.160256
0.172767
0.0634468
-0.491102
0.128704
0.462381
-0.258698
-0.573964
-0.395131
0.204185
-0.326452
0.021583
-0.387406
-0.473424
-0.472621
-0.385339
0.12636
0.202377
-0.0287345
0.0330955
0.401261
-0.267819
0.10792
-0.105471
-0.163176
-0.139194
-0.111326
-0.0207216
0.258501
-0.047007
-0.0658628
-0.468792
0.118113
-0.112743
0.0920196
0.392906
0.406105
-0.466433
0.157923
-0.429925
-0.0977504
-0.465639
0.11499
0.210506
-0.352498
0.0211648
0.0833496
0.296253
0.502198
-0.366352
-0.48982
0.140733
0.0898852
0.464932
0.303958
-0.360088
0.181119
0.302157
0.253957
-0.548859
-0.409379
-0.428822
0.0530173
-0.110739
0.173604
-0.330721
-0.154132
0.210288
-0.0366225
-0.246483
-0.332822
-0.513172
-0.247033
-0.253568
0.474904
0.168379
-0.194638
-0.5594
-0.0875975
0.66662
0.0782121
-0.542425
0.664906
0.274696
0.0790777
-0.0464981
-0.33144
-0.158146
-0.226129
0.347325
-0.223898
0.17836
0.464329
-0.00109206
0.905726
0.411434
0.339322
-0.186056
-0.0337356
-0.450901
-0.139127
0.453703
-0.0371928
0.485934
-0.180818
0.174629
-0.320614
-0.112345
0.26596
-0.313994
-0.443833
0.453487
-0.427268
0.106134
-0.0818724
-0.082135
-0.338429
-0.365328
0.398285
0.0496984
-0.211039
-0.453375
-0.484197
0.223639
-0.431183
0.445128
0.170188
0.442352
-0.14745
-0.358539
-0.326799
0.0952186
0.129885
0.215873
-0.546144
-0.43617
-0.267894
-0.541055
0.402135
-0.208282
0.348469
0.20276
0.128975
-0.278426
0.519999
0.294546
-0.415073
0.22152
-0.193218
-0.394823
0.327394
0.609903
0.00165471
0.193167
-0.217173
0.271721
0.270625
0.164102
0.158645
0.128814
0.364007
0.343981
-0.124451
-0.306623
0.0844291
-0.38124
-0.448853
0.424556
0.325748
-0.171441
-0.245132
-0.494796
-0.523047
0.229637
-0.480818
-0.0872627
-0.244402
-0.0245204
-0.224768
0.00723611
0.27195
0.35302
0.352184
-0.357247
-0.106226
-0.479821
0.0792102
-0.186533
0.260678
-0.273645
-0.0480389
-0.198297
-0.204826
0.267599
0.384947
-0.200253
-0.0972233
-0.395147
0.22057
0.448893
-0.264456
0.63076
0.405318
0.172826
0.166129
0.485717
0.0562697
-0.362714
-0.478989
0.583387
0.341929
-0.452005
0.0553422
0.317398
-0.868647
0.311147
-0.334548
-0.203718
0.596683
0.0202205
-0.266101
-0.222647
0.501632
-0.532387
-0.235874
0.102098
-1.18113
-0.0758683
0.0920095
-0.0312296
0.258496
-0.141496
0.228963
0.1499
-0.326908
0.380075
0.505335
-0.378805
-0.180055
0.331168
-0.37854
0.230539
0.0311106
-0.285124
-0.278293
-0.239594
0.481382
0.34348
0.358339
-0.358716
0.407023
-0.117869
-0.0839654
0.0814696
0.313366
-0.220332
0.388533
-0.181088
0.0819668
0.413291
0.05299
0.470212
0.120253
-0.357534
0.611684
0.63506
-0.0998797
0.801262
0.346519
0.568442
0.0131494
-0.155451
0.388408
0.484836
0.6503
-0.240153
0.609947
-0.104251
-0.0455062
0.0937868
0.1209
-0.566988
0.223837
-0.0126041
-1.03947
-0.22681
-0.251371
0.826058
-0.397663
-0.129971
1.03565
-0.158198
0.373095
0.763938
0.471178
-0.435819
-0.145176
0.310514
-0.384018
0.274489
0.213999
0.0303406
-0.253931
0.311795
-0.392322
0.425718
0.104379
-0.34246
-0.403112
-0.109625
-0.273077
-0.153413
0.00286648
0.248617
0.243479
0.160631
-0.297646
-0.414441
-0.0890241
-0.230851
0.289458
0.000781071
0.333712
-0.301403
0.0794188
0.31206
0.484941
0.433282
-0.255924
-0.25989
0.074905
-0.30594
0.176593
0.0265381
-0.373232
-0.0141538
0.00666135
-0.564229
0.274121
0.332583
0.343372
-0.0968378
0.370964
-0.0591377
-0.513586
-0.371851
0.625494
-0.380113
-0.20125
-0.236606
0.160197
0.296824
0.488508
0.459635
0.151174
-0.411157
0.0154326
-0.38452
0.0162703
0.202171
0.376466
0.17593
-0.348281
0.0613306
-0.383703
-0.424865
0.163339
-0.468178
-0.28636
-0.00795769
-0.302087
-0.133458
0.335758
-0.094261
-0.537181
0.194898
0.00839917
0.0380059
0.221959
0.260551
0.336796
0.360921
-0.264988
0.300567
-0.0402705
-0.341781
0.313701
-0.286607
0.343072
-0.303741
0.101769
0.20937
-0.220377
0.315536
0.109844
-0.285066
-0.045702
0.442406
0.396449
0.087683
0.135022
0.329045
-0.180683
-0.146729
0.297561
0.152504
-0.188665
0.0103188
0.390199
-0.22356
0.30566
0.463422
0.509521
0.35565
-0.301874
0.0617384
0.0532065
0.473532
-0.441789
0.0424312
0.276856
-0.448345
-0.101642
-0.408206
-0.362353
-0.15905
0.162118
0.295056
0.418879
-0.210677
-0.246485
-0.170616
0.326481
0.532606
0.387057
0.196604
0.219889
-0.152554
0.0217114
-0.184345
-0.0925176
-0.0030483
0.355225
-0.182271
-0.130685
0.0235014
0.0680089
0.563698
-0.155835
-0.375584
0.361166
0.189132
-0.10563
0.375456
-0.311208
-0.516068
-0.290869
0.361914
-0.260847
0.334313
-0.11736
-0.30696
0.0564656
-0.280211
-0.239686
-0.369454
-0.00454889
0.174952
-0.050844
0.330907
-0.0582911
-0.331644
0.417867
-0.484135
-0.00570182
0.00846927
-0.231
0.0517631
0.00438203
0.13803
-0.113579
-0.18246
-0.272315
-0.440774
0.283862
-0.206401
0.325225
-0.497508
-0.424325
-0.200186
0.134991
-0.47134
-0.169657
0.25216
-0.0642249
0.484617
0.446447
-0.494078
-0.0375475
-0.374851
-0.643606
-0.243191
-0.424664
-0.389021
-0.0503751
-0.0301011
0.177752
-0.113689
-0.435406
-0.0647701
0.196434
-0.142378
0.105203
-0.203458
0.338496
-0.49502
-0.0935919
0.22261
-0.115494
-0.609164
-0.393917
0.189419
0.269641
-0.0814893
0.299968
-0.2374
0.412822
0.220018
0.205603
0.61627
0.541606
1.07656
1.03623
0.560576
0.0318603
1.02478
0.102682
-0.350093
-0.502779
-0.118852
-0.302116
-1.06859
0.403642
-0.0690612
-1.29986
-0.0223571
-0.31625
0.166694
0.543917
0.303232
-0.37542
-0.347044
0.0230448
-0.550216
-0.423031
-0.361494
-1.93
0.400366
-0.38238
0.06578
0.328666
0.12987
-0.327903
0.119404
0.332734
0.0378606
0.225157
-0.21422
-0.128074
0.634394
0.185734
0.135002
0.404377
0.533038
0.158831
0.498785
0.435126
0.155543
-0.400874
0.201308
0.258081
0.379063
-0.316194
-0.208471
0.058018
-0.198965
0.086066
-0.118222
0.271352
-0.451887
0.376679
-0.336278
-0.31273
-0.246442
0.0818602
-0.0729578
-0.122828
0.333629
-0.0284539
0.0337076
0.305416
-0.0551781
0.205204
-0.0868943
-0.386566
-0.350086
-0.319016
-0.421957
0.324849
-0.101786
-0.478725
0.250416
-0.06581
-0.773272
-0.00960369
-0.0635571
-0.0745834
0.387589
-0.418093
-0.470761
-0.123326
-0.723441
-0.546149
0.147918
0.0900263
0.217875
-0.0974613
-0.13975
-0.034173
-0.0823715
-0.362067
0.462957
-0.135796
-0.160945
-0.262868
-0.170928
0.135814
-0.185383
0.0342375
-0.385893
0.159692
-0.308808
0.337534
-0.0927164
0.0461319
0.244346
0.127914
0.130932
0.144262
-0.340617
-0.223423
-0.416417
-0.18018
-0.0405422
0.158122
-0.241783
-0.271423
-0.454535
-0.177365
-0.362474
-0.262922
-0.314808
0.382024
0.102305
0.261582
-0.511992
0.201762
0.0663068
-0.160702
-0.00288179
0.358475
0.259998
-0.399635
-0.169203
-0.115884
-0.138281
0.71526
-0.187219
0.318405
0.00291569
0.151748
-0.18029
0.204791
-0.0148323
-0.384057
-0.349841
0.449782
0.286547
-0.29688
0.217691
0.110376
0.202842
0.232057
0.396318
0.297113
-0.229346
0.39529
-0.547327
0.110517
-0.0572229
-0.0444654
0.456121
0.475719
0.0928627
0.0793685
-0.249685
0.28502
-0.349858
0.237729
0.0196303
-0.0732074
-0.428545
-0.415378
0.128272
0.0899744
-0.53884
-0.428792
0.184496
0.118635
-0.219505
0.134813
0.28633
-0.243883
0.377034
-0.287429
0.41477
0.169915
0.227693
-0.178255
-0.311548
0.0563109
0.1942
0.39238
0.230471
0.14896
0.221089
0.182424
-0.0973563
-0.30095
-0.228215
-0.00929682
-0.201959
0.426746
0.0619971
0.356065
0.389275
0.167056
-0.423757
-0.129826
-0.185144
-0.169692
-0.162019
-0.0686211
-0.15852
0.0145884
-0.0504213
-0.18198
-0.566057
0.262524
-0.0773526
0.38374
-0.319793
0.164034
0.486314
-0.409341
-0.0459342
0.258432
-0.0449445
0.320865
-0.36088
-0.144736
-0.296817
0.0718865
0.348383
0.35012
0.355507
-0.492656
-0.248685
0.214453
0.0389538
-0.368795
-0.287342
-0.370286
0.344436
-0.0779658
-0.323832
0.12615
0.0373181
0.391563
-0.307437
0.225503
0.465759
-0.20823
-0.443401
-0.27626
0.0859769
-0.48534
-0.229405
-0.114097
-0.281338
-0.160763
0.555584
-0.254214
-0.457271
-0.203203
0.367234
0.0993061
-0.117425
-0.269854
-0.418429
0.245925
-0.254014
0.0767008
-0.00379535
0.215246
-0.625826
0.101424
-0.0987233
-0.175832
-0.00903302
0.301852
-0.570013
-0.0461993
0.329499
0.0282207
-0.362696
-0.447186
0.552579
0.472995
0.0298065
-0.405203
-0.0316734
0.26489
-0.0466237
0.016759
0.400626
0.240082
-0.268428
-0.0315051
-0.0598689
0.276848
0.315206
-0.283552
0.176315
0.414136
0.334912
0.468454
0.504202
-0.248018
-0.137139
-0.403835
0.291031
-0.161667
0.295826
-0.267275
-0.188833
0.148924
-0.48881
-0.200726
-0.202803
-0.366333
-0.328349
0.131346
-0.119511
-0.171461
-0.11784
-0.15101
0.52653
0.475382
-0.23138
-0.455618
-0.0652357
0.315387
-0.451152
-0.317848
-0.139816
0.166177
-0.211838
-0.064482
0.257703
0.0503263
-0.223869
0.282436
-0.284374
-0.224182
-0.378203
-0.0351553
-0.406996
-0.492663
0.0210635
0.0173359
-0.327687
0.277175
-0.285506
-0.322983
-0.154895
-0.0266412
0.530554
0.29899
0.343858
-0.146354
-0.0117502
0.241167
0.046357
0.226321
0.115533
0.317775
-0.173996
0.0881027
0.153328
-0.464662
-0.0516241
0.312691
0.537637
-0.237617
0.282979
0.230994
-0.173189
0.0806524
-0.215365
-0.129809
0.184972
-0.143421
-0.0309103
-0.354877
-0.107242
-0.00747326
0.00580787
0.287345
0.0804656
-0.113866
-0.428136
0.302721
0.229503
0.230437
0.374821
-0.0407953
-0.0878323
-0.0553507
0.0694408
0.261715
0.338087
0.480799
-0.213669
-0.0814521
-0.526339
0.401301
0.0453334
-0.292566
0.425668
-0.0805508
0.0253695
-0.486299
-0.0814909
0.180129
-0.00283921
0.251335
-0.30807
-0.463169
0.0534993
0.137323
0.0352404
-0.288315
-0.682521
-0.302894
-0.0103459
-0.0320866
-0.00400685
0.230544
0.00480597
-0.357748
0.491089
-0.416397
-0.111183
-0.379861
-0.556339
0.10484
0.464613
-0.21099
0.557216
-0.463794
0.461408
0.0683152
-0.688474
-0.395096
-0.556913
0.226748
0.0385918
-0.222014
-0.138348
-0.336932
0.134688
-0.320673
0.297459
-0.349891
-0.390375
0.355978
0.0155665
0.0505422
0.0413213
-0.473149
-0.327262
-0.365475
0.332237
0.064659
-0.15234
0.100471
0.275362
0.444205
-0.349284
0.136547
0.444074
0.187605
-0.405219
-0.214525
-0.457992
-0.0185951
0.335306
-0.362856
-0.100582
0.0432242
0.290098
-0.408339
-0.0807958
-0.0108231
-0.0842468
-0.45051
-0.221386
0.116157
-0.367828
0.389164
-0.55174
0.192161
0.147708
-0.281083
-0.269138
-0.546762
0.385004
-0.17233
-0.156213
0.2385
-0.128479
-0.23102
-0.35307
-0.0963889
-0.319868
-0.519326
-0.378714
-0.19496
0.023184
-0.0254015
-0.466754
0.18553
0.37271
-0.359816
-0.0204242
-0.493591
-0.241541
-0.258091
0.163947
0.359
-0.040504
-0.249683
0.267866
0.0954195
-0.387728
-0.530896
-0.0952365
-0.556
-0.44117
-0.170813
-0.238513
-0.715481
-0.409223
0.267163
0.111743
0.203089
-0.526211
0.0219524
-0.0477362
-0.283957
-0.402809
-0.219626
-0.202353
-0.981748
-0.290606
-0.235794
-0.0239812
-0.272053
0.151531
0.0863078
0.0831192
-0.246527
0.0365593
0.172176
0.0882336
-1.25563
0.0644988
0.471641
0.279257
0.0631368
-0.00721901
-0.100733
0.0457073
1.0381
0.264263
0.108064
-0.153814
0.106225
0.122607
0.345604
0.0281877
-0.070316
0.0185018
-0.130142
0.0531918
0.11628
0.519693
0.0853392
-0.11193
0.183251
