#input normalization
0.160287 0.266835
45.3802 45.4947
11.4306 40.0726
8.99289 32.311
0.0123384 0.0426231
0.00989278 0.0322862
0.51009 1.27706
0.81698 1.01849
0.970592 1.18721
1.15303 1.36175
1.37751 1.4934
1.60213 1.60896
1.81592 1.70013
2.01916 1.76833
2.22458 1.83245
2.39232 1.85731
2.55904 1.86856
2.7106 1.85718
2.81984 1.81914
2.92451 1.75828
2.99266 1.68493
3.05123 1.59174
3.079 1.4968
3.10363 1.38658
3.10696 1.26875
3.07601 1.13675
3.00682 0.993866
2.9466 0.852514
2.86075 0.702192
2.74539 0.545429
2.6438 0.410769
2.52463 0.273339
2.40497 0.147431
2.27766 0.0275803
2.15287 -0.103004
39.4778 50.7951
7187.56 5307.42
#output normalization
1 0
#neurons weights
0.256739
-0.073324
0.447341
0.374266
0.113915
0.0295395
0.113594
0.384322
0.317049
-0.467564
-0.0587987
-0.250515
0.421591
0.207577
-0.487727
0.223844
-0.272558
0.22136
-0.188517
-0.390742
-0.222835
0.114948
0.0615578
-0.290441
0.341315
0.434541
-0.192278
-0.473036
-0.269162
0.490547
-0.135525
-0.281371
0.425528
-0.157993
0.304293
0.361521
0.400784
-0.042416
0.332194
-0.285533
0.106884
0.426824
0.255503
0.317755
0.181319
-0.296985
-0.00897951
-0.0242918
-0.107261
-0.461982
0.270447
0.47131
0.550725
0.273318
-0.536745
0.279487
0.148783
-0.388759
0.437545
-0.21958
0.202712
-0.317957
0.650894
-0.158037
0.173255
0.341721
0.347245
0.0613874
-0.132853
0.314601
-0.0927394
0.4895
-0.230496
1.11564
0.0800239
0.00402924
0.374994
0.576084
0.018586
0.217511
-0.343624
-0.00434503
0.32499
-0.617942
0.389079
-0.454423
-0.306566
-0.0119541
0.0953861
0.291927
-0.11258
0.411767
-0.251406
0.487059
-0.0993492
-0.095702
-0.00573694
-0.0620896
0.477717
0.136599
-0.312742
0.268717
-0.0972637
0.0966889
0.198221
0.165529
0.363508
0.436627
0.107779
0.357484
0.252767
0.49682
-0.0488094
#synapses weights
-0.152027
-0.522471
0.0695283
-0.0801497
0.151248
-0.186232
-0.257794
0.0209699
-0.601889
0.31148
0.097423
-0.327033
0.119865
0.395771
-0.194301
0.00112266
-0.446658
-0.541631
-0.259498
0.179873
-0.273491
0.434887
0.0528865
-0.0823505
-0.42371
-0.0506078
-0.246091
-0.00843986
-0.041228
0.145296
-0.132036
-0.230564
0.271021
-0.035142
-0.343033
-0.159717
-0.925243
-0.367479
0.001672
0.187514
-0.234893
-0.132469
0.133736
-0.247056
0.191729
-0.00158549
0.0347875
-0.17436
-0.0668162
0.0432909
0.107737
-0.0423975
-0.209899
0.107673
-0.129499
0.00426413
0.0373995
-0.0188003
0.213925
-0.0806433
-0.114819
0.0315648
0.213118
-0.064652
-0.0741923
0.34085
-0.155177
-0.255613
0.163451
-0.113838
0.107764
-0.113301
0.208173
3.52212
0.0898171
-0.14792
0.316047
0.171473
-0.160487
0.0758066
-0.806423
-0.175748
-0.182166
0.111437
0.0231936
0.00931455
0.15273
0.227782
0.114062
-0.314542
-0.424582
0.0920603
-0.114267
-0.00433456
0.35683
0.364417
-0.609314
0.128017
0.140921
-0.349814
0.0196404
-0.0780366
0.329163
0.0290604
0.401575
-0.407593
-0.0444321
0.299881
0.14521
0.263719
-1.49402
0.0155919
0.493652
0.229578
-0.338926
-0.326657
0.335008
0.128275
-0.314987
-0.0530966
0.281851
0.240297
-0.016743
-0.181803
0.12946
0.289595
-0.329306
-0.113388
-0.406609
0.264235
-0.0229946
0.0367283
-0.176052
0.0196104
0.367604
0.466456
-0.306216
-0.322447
0.137234
0.517654
-0.25044
-0.160018
0.113595
-0.281722
-0.370855
0.187645
-0.356608
-1.43866
-0.296825
-0.411338
-0.24629
0.395238
0.0591483
0.160361
-0.0160891
0.457985
-0.228443
-0.368757
0.486641
-0.0508651
-0.054728
0.325847
-0.264924
0.181674
0.0215639
0.0763074
0.0701056
0.110672
-0.504679
0.469202
0.0340397
0.118668
-0.0821601
-0.397237
0.267989
-0.284579
-0.0200011
0.206241
-0.331811
-0.187056
-0.236889
0.483332
-0.255725
-0.25296
0.650035
-0.284756
-0.32029
-0.123028
-0.127335
0.279915
0.00323091
0.597335
0.299078
-0.154442
-0.0268307
-0.0236104
-0.116519
-0.270487
-0.0631088
0.218007
0.399046
0.0244495
0.273673
-0.058707
-0.380655
-0.37511
0.395098
-0.0144118
0.370221
0.339567
0.1474
-0.232255
-0.400228
-0.138041
-0.335987
-0.112948
0.254041
-0.0868274
-0.222935
0.159728
0.522724
-0.0323246
0.0408885
-0.339844
-0.396355
-0.219038
0.19499
0.492043
-0.480817
-0.1263
-0.253047
-0.156579
0.21087
-0.406828
0.421707
-0.320201
-0.241552
-0.290222
-0.256886
0.0563801
0.122023
0.386097
0.383188
0.201286
0.46288
0.458143
-0.454553
-0.253954
0.254639
-0.412303
-0.129905
-0.111718
0.224395
0.422811
0.0755596
0.0553905
-0.291014
0.17742
0.592948
-0.126517
0.0982075
-0.132101
0.0245555
0.540281
0.00814586
0.30841
-0.147141
0.259297
-0.249409
0.268468
-0.217195
0.259648
-0.117217
0.432584
0.298019
-0.256539
0.340348
-0.171036
0.0398422
-0.0809753
-0.174124
-0.152699
-0.310484
-0.223871
-0.399827
0.0193334
0.470641
-0.34663
0.0708014
-0.243845
-0.251696
0.107052
-0.141974
-0.401629
-0.613906
-0.123129
0.222993
0.279611
-0.0959898
0.191267
-0.0505619
-0.175218
1.04056
0.101495
0.423075
-0.104242
0.340664
-0.491051
-0.0366635
0.235357
0.326263
-0.481859
0.211398
0.330066
-0.217349
-0.276606
-0.346394
0.0594812
-0.19982
0.0302221
0.382979
-0.303
-0.277029
0.491292
0.289217
-0.374865
0.102561
-0.355321
0.220394
-0.255677
0.120617
-0.611813
1.11156
0.0828648
0.000522741
-0.39955
-0.191438
0.306618
-0.349063
-0.358653
-0.280696
-0.125499
0.0921323
-0.249746
-0.156064
0.0948904
-0.379718
0.376013
0.260549
-0.175766
0.0374567
-0.463244
0.36484
-0.353138
-0.351509
-0.220649
-0.319527
0.305005
-0.395043
0.326887
-0.21562
0.176341
0.154325
-0.0245015
-0.21204
0.530655
0.522187
0.220537
-0.205266
0.359283
0.0609661
-0.195565
-0.382769
-0.010887
0.186806
0.109564
-0.369957
-0.178897
0.417199
-0.13551
9.66699e-05
-0.430296
-0.0135804
0.264562
0.322653
-0.340285
0.333849
-0.0781467
0.093598
0.123546
-0.0951074
-0.18562
0.348873
-0.318888
-0.104669
-0.000494855
-0.298781
0.473616
0.0174607
-0.272245
0.416651
-0.314974
-0.152055
0.189004
0.00976765
-0.0457208
-1.6503
-0.533959
-0.250404
0.10733
0.096874
0.408227
-0.396111
-0.831194
-0.487468
0.0873519
-0.221077
0.0535774
0.197268
-0.437548
-0.156459
-0.0398567
0.124847
-0.170299
-0.0669976
-0.194617
0.13989
0.194279
0.0225659
0.129429
-0.0111123
0.104717
0.21328
0.392235
-0.133561
0.0535104
0.229761
-0.15858
-0.234539
-0.377445
0.378495
0.0621183
0.0323023
-1.57619
0.198948
-0.425791
-0.168064
-0.211856
0.24648
-0.0338609
-0.0263422
-0.260843
-0.107938
0.402588
-0.13936
-0.197256
0.372458
-0.0444589
-0.244093
-0.0699848
0.406392
-0.293575
-0.126561
0.272664
0.150866
-0.303819
0.0384226
0.202012
-0.0459825
0.323502
0.383207
0.444718
0.490812
-0.286699
-0.272907
0.309459
0.0872674
0.387608
0.392028
-0.123671
0.287155
0.223906
0.289781
0.272896
-0.356722
-0.159231
-0.236283
1.09686
0.747268
0.456898
0.605381
0.239938
0.195506
0.218909
0.207569
-0.211435
0.203278
-0.261379
-0.205669
0.548879
0.33438
0.252789
0.279371
0.295647
-0.438222
0.168287
0.0486582
0.0674427
-0.10316
0.394543
-0.499512
0.414947
-0.296607
0.0875279
-0.269793
-0.269821
-0.172963
0.992522
0.103402
-0.359753
-0.240922
-0.337467
-0.223829
0.112545
-0.886408
-0.350305
-0.134374
-0.399562
0.0809161
-0.0611876
0.149591
-0.148583
0.100587
0.324411
-0.279227
0.0433613
0.315105
0.120919
-0.269802
0.0650992
0.337741
-0.372863
0.337391
0.388058
0.201758
-0.0821546
0.234059
-0.05713
0.373522
0.183109
0.00065716
-0.554256
-0.376707
-0.747156
-0.599665
-0.0462564
0.159498
-0.121385
0.155078
-0.270929
-0.344929
0.26855
0.437967
0.230649
0.418612
0.294939
0.300184
-0.198533
0.4768
-0.13751
0.0842762
0.466378
0.181308
-0.213113
0.222241
0.354698
-0.404108
-0.107518
0.100378
0.271266
0.345993
0.0543879
-0.506783
0.27474
0.147345
-0.440845
0.277447
-0.471338
0.315911
-0.289269
0.916241
1.54947
0.193557
0.168203
-0.108272
-0.0306775
0.250885
0.164621
-0.445483
-0.0276353
-0.102094
-0.0251541
0.112253
-0.281409
0.223308
-0.357753
0.0500252
0.106462
0.424238
-0.163161
0.0695858
-0.120812
-0.333959
-0.036255
0.153908
-0.245835
-0.154915
0.357325
-0.334346
-0.257547
0.0856416
-0.222711
0.28562
-0.201603
-0.311849
-0.0608912
-0.0180916
0.237092
1.06526
-0.0293802
0.148385
0.608094
-0.111066
0.0901236
0.420871
0.00383113
-0.201223
0.30421
0.252041
-0.510261
-0.266129
-0.0971449
-0.251787
0.347118
-0.192489
0.2363
-0.312389
0.263369
-0.156463
0.0799633
0.497675
-0.424872
0.351386
-0.263589
-0.257945
-0.263528
0.113703
-0.0860333
0.033872
0.309315
0.381656
-0.288934
0.213276
0.0931046
0.212357
-0.753035
-0.225009
-0.135901
-0.17416
0.107936
0.129898
0.275749
-0.320239
-0.537028
-0.498846
-0.376806
0.289019
-0.0225964
-0.00874826
-0.164219
-0.15945
-0.331584
0.408511
0.107714
-0.163276
-0.0532265
-0.273026
-0.0650302
0.106984
0.0628388
0.205411
0.22937
0.154381
-0.149735
0.199133
0.208376
-0.13902
0.160735
-0.351126
0.11888
0.0387674
-0.800336
-0.38731
0.195671
0.404033
-0.227436
0.109594
-0.194081
0.131081
-0.783561
-0.122081
-0.17189
0.21711
-0.21861
0.316396
-0.0275403
0.121586
-0.124291
-0.0177836
0.309299
-0.112622
-0.138936
-0.157444
-0.299704
-0.0622275
0.380595
-0.241288
0.137002
0.0177578
0.0315643
0.415566
-0.385986
-0.414522
-0.0750799
0.0388462
-0.497622
0.389177
0.102697
-0.323491
-1.57721
-0.321739
-0.426306
0.179117
0.0639741
-0.318899
0.189088
0.337999
0.140018
-0.0658002
-0.3532
-0.288902
0.271181
0.197464
-0.306151
-0.238681
0.0768631
0.275169
-0.0917814
-0.162956
-0.298792
0.00475669
-0.315886
0.0515999
0.0217917
0.284526
0.392169
-0.0881643
0.21711
0.0825125
-0.278316
0.381574
0.0640581
-0.45387
-0.24995
-0.380373
-0.106328
0.769879
0.327313
-0.0751812
0.01046
0.46638
0.0462546
0.0596767
0.0486596
0.0940368
0.236471
0.375537
-0.0216694
-0.00857621
-0.496394
0.383121
0.141155
0.337158
-0.368107
-0.224914
-0.0811778
-0.376752
0.204137
0.444492
0.15437
0.0615521
0.0816688
0.0765372
0.292895
-0.286596
-0.318251
-0.456079
0.300183
-0.197409
-0.453954
-0.133022
-0.15579
0.630529
0.464219
-0.147298
-0.310018
0.0531242
-0.00974581
-0.146948
0.282401
-0.395489
0.312243
0.255348
0.242402
-0.421821
0.289219
-0.430391
-0.269527
-0.0770134
0.293249
-0.129072
0.143696
-0.286972
-0.374415
-0.251144
-0.00324082
-0.0585699
-0.235403
-0.176708
-0.333423
0.407773
-0.252183
-0.277208
0.279805
0.104616
-0.292337
0.0972499
0.412917
-0.476677
0.0660691
-0.0144057
0.162756
-0.0678261
-0.152931
0.273849
-0.0297983
-0.0192337
-0.853562
-0.404332
-0.369596
-0.139491
-0.143002
-0.171468
-0.294468
0.0199442
0.142329
0.218483
0.491875
-0.00250644
0.293793
-0.0980718
0.139002
-0.158876
-0.452019
-0.227865
-0.396053
0.229659
0.0662627
0.0743363
0.22504
0.362967
-0.10704
0.295897
-0.353601
-0.298434
-0.373299
-1.04377
-0.956176
0.411534
-0.193593
-0.10407
0.329503
0.215134
0.495292
-0.478603
-0.571987
0.098709
-0.0973545
-0.265597
-0.24461
0.0330676
0.522494
-0.262991
0.110062
-0.202107
0.263335
-0.234432
-0.334226
-0.221305
-0.116715
0.1852
0.29053
0.269157
-0.336901
0.209979
-0.0562553
0.493758
0.0986566
0.206693
-0.374832
0.487613
0.239977
-0.136667
-0.125192
-0.285859
-0.218667
0.0696069
0.0575372
0.147765
-0.192075
0.0536857
0.0127797
0.130088
0.132568
-0.0313008
0.0117247
0.112107
-0.191089
0.0014503
0.0751108
-0.103147
-0.156403
0.0622106
0.00463553
-0.0168835
0.180239
-0.108687
-0.0115617
0.268007
-0.197624
-0.117689
0.0200612
0.0496709
-0.130713
0.0326382
-0.0455297
-0.0273091
0.0715266
-0.0884974
0.0637944
0.252443
3.12477
0.258792
-0.0115903
0.105603
-0.335537
-0.0547296
-0.0524684
-0.639252
-0.2569
-0.30145
-0.150078
-0.37349
0.0254826
-0.402458
0.018797
0.222033
0.408818
0.0665456
0.178174
0.0527301
-0.23603
-0.128435
-0.0737254
-0.187334
0.330373
-0.369849
-0.370005
0.420824
0.170153
-0.096916
0.125697
-0.39672
-0.0425246
-0.381152
0.212458
0.00665302
-0.0716271
0.645939
-0.176021
-0.2093
-0.207622
-0.280227
0.18019
-0.0375141
-0.694925
-0.461883
-0.341309
-0.231892
-0.231001
-0.0484079
-0.201132
0.464308
-0.0344958
0.40653
-0.159547
0.135887
-0.0914969
0.422206
-0.00949739
-0.0565338
0.289627
-0.264756
-0.15462
0.366807
0.0707571
-0.369286
0.0171761
-0.0655148
-0.0314981
-0.107634
-0.308062
-0.0863892
0.306361
0.195783
-0.267087
-0.0217788
0.00647073
0.0922948
-0.0581188
-0.0394538
0.0133019
0.861571
0.332169
0.391029
0.0256639
-0.261432
-0.100279
-0.27279
0.314295
0.26853
-0.215202
-0.101147
-0.0359939
0.220263
-0.104632
0.0875965
-0.241814
0.39681
0.146256
-0.39585
0.113245
-0.194714
0.0143926
0.186245
0.185624
-0.365948
0.391671
-0.401131
-0.339233
0.478798
0.576673
1.68688
-0.0258937
-0.394384
0.417757
-0.420995
0.25635
-0.333073
-0.551477
0.237796
-0.130481
-0.109884
-0.074204
0.0588686
0.37155
-0.391195
-0.408155
-0.473369
0.190327
0.0981844
0.145303
-0.0790373
0.240704
-0.196992
-0.113361
-0.0693122
-0.0946991
0.286661
0.256087
-0.0627691
0.485125
0.211117
-0.335443
0.149248
0.289451
0.232586
0.381976
0.0237361
-0.81393
0.225054
0.113974
0.0661594
-0.0715977
-0.334799
0.213704
-0.558914
-0.435074
0.19787
-0.00984982
-0.380386
-0.399374
0.28724
0.255856
-0.232481
0.412919
0.406863
-0.37264
0.0519267
0.154164
-0.0186662
-0.382063
0.0144975
0.12375
0.434511
0.117559
0.417334
0.170204
0.2857
0.0676645
-0.473751
0.325633
-0.184883
-0.40435
0.109229
0.37009
0.344948
0.430114
0.283641
-0.0221702
0.0141055
0.323353
-0.17266
-0.351433
-0.05031
-0.056023
-0.155831
0.436197
-0.0226983
-0.427032
-0.351634
0.323652
0.122049
-0.351648
-0.363038
0.0518489
0.374664
0.111671
0.204281
-0.18438
0.134446
0.0452479
-0.394443
-0.0894354
0.0192838
0.0100456
0.208708
-0.00451506
0.255945
0.566453
0.240968
0.197533
-0.729245
0.0422225
0.111962
0.254071
-0.242979
-0.250375
-0.00983942
0.00608645
0.119286
0.0353489
0.209167
-0.291911
0.538504
-0.370391
0.019402
-0.273916
-0.134634
-0.232012
0.240846
0.385948
0.0669719
0.0488011
-0.271725
0.141283
0.0175931
0.0101621
-0.0447897
0.386691
0.471998
-0.157336
0.123973
0.484734
-0.0880852
0.448911
-0.330017
-0.320231
-0.0332938
0.397843
-0.285029
-0.432193
-0.319323
0.191238
0.184062
-0.249058
0.243286
0.505255
-0.325729
-0.326984
-0.361947
0.045917
0.234564
-0.187076
0.466119
-0.448581
-0.415935
0.427064
0.131337
-0.104103
-0.0804594
0.473072
-0.101347
-0.328548
-0.0997525
0.143207
0.412331
0.229708
0.0372232
0.419384
-0.331993
-0.487923
-0.442768
0.381287
-0.0935674
0.488698
0.584648
0.616525
0.390731
0.414095
0.455967
-0.262624
0.406844
0.405363
-0.644771
-0.00930414
0.41698
-0.119022
0.260878
-0.241236
-0.425672
0.221378
-0.299341
-0.148297
-0.171527
-0.134655
-0.222145
-0.173459
0.067218
-0.231177
-0.236206
0.0303268
0.253861
-0.180467
-0.135473
-0.164286
0.265101
0.105778
0.0281373
-0.240146
-0.439671
0.0462193
0.319275
-0.1346
0.148131
0.275967
-0.0851836
-0.424334
0.456911
0.223535
0.355501
0.172979
0.376819
0.187789
-0.239168
-0.262503
-0.445149
-0.253684
0.348495
0.29185
0.307758
-0.478736
-0.126922
0.415732
0.251554
0.225641
-0.0794263
0.079087
-0.292119
-0.0984917
0.0201542
-0.381425
-0.147652
-0.392946
-0.135806
0.116569
0.239917
0.40792
-0.394455
-0.340795
-0.277066
-0.224782
0.0632245
0.297441
-0.0172913
-0.0280059
0.0118241
-0.045474
2.61391
-0.250622
-0.163972
0.00232098
-0.1338
-0.0857246
0.17857
-0.106773
0.0849506
-0.0697082
-0.0584837
-0.0559755
-0.045758
0.093177
0.0172251
-0.00957982
0.0933263
-0.123465
-0.110456
-0.152812
0.184916
-0.0884427
-0.0904364
0.00444699
0.152735
0.000651481
-0.123297
-0.0236999
0.0247226
0.00970648
3.39482
0.219616
0.358243
-0.0808592
0.177244
-0.141475
-0.172991
0.092564
0.0720083
-0.248328
-0.232677
-0.495417
-0.0297288
-0.576809
0.181468
0.124591
0.113279
-0.464639
-0.087822
-0.175545
-0.222541
-0.00254236
-0.253916
-0.0978615
0.353445
-0.134625
0.284278
-0.132256
-0.368343
0.505118
-0.304864
-0.239278
0.0718837
0.322333
-0.329718
0.169349
-0.367148
-0.989289
-0.259052
-0.110696
0.292234
-0.215298
0.366882
-0.106838
0.260524
0.390511
-0.072009
-0.409435
-0.181128
-0.478108
-0.0536506
-0.250738
-0.0504819
0.0980179
-0.188556
-0.419274
-0.392268
-0.0627941
-0.479826
-0.599573
0.116567
-0.252439
-0.146265
0.487848
-0.313414
-0.163592
-0.358864
-0.423935
-0.228954
0.546399
-0.145428
-0.546355
0.330971
0.199114
0.291884
-0.267144
0.399546
-0.272571
-0.327703
0.131446
-0.403501
0.0978919
-0.256575
0.1422
-0.0873966
0.413694
0.00996122
-0.297159
-0.206962
0.259135
0.156996
0.152369
-0.29194
-0.513172
-0.0599616
0.453233
0.280555
0.241936
-0.544107
-0.278371
0.204208
-0.25421
0.0992881
0.228055
-0.301034
-0.163209
-0.412993
0.244813
-0.283862
-0.0840109
0.131143
0.128535
0.00882432
-0.396209
0.385668
-0.349998
-0.132898
0.381637
0.389651
0.347079
0.153423
-0.209911
-0.270097
0.23149
-0.322571
0.490392
0.387935
0.0518036
-0.384896
0.401125
0.325429
-0.128171
0.0403516
0.0538432
0.134204
0.436123
-0.346843
-0.325232
0.289348
0.190236
0.322511
-0.177763
0.050958
0.473711
0.410897
0.413496
0.46962
0.0514405
0.381242
0.264712
-0.213938
0.12377
0.134634
0.342156
0.0375839
-0.401101
-0.428396
0.326514
0.207496
0.328169
-0.349422
0.324865
0.114034
-0.14459
0.00130182
-0.397078
0.506042
-0.328829
0.217438
0.0825161
-0.179044
-0.495569
-0.0883494
0.347654
0.315334
-0.413638
-0.159661
-0.485776
0.27295
-0.0121434
0.249398
-0.240442
-0.156075
-0.35499
-0.296317
0.0285879
0.377802
0.0548351
0.272549
0.367406
0.179572
0.22533
0.408665
0.294116
-0.352692
0.133384
0.524029
0.0353822
0.104523
-0.542306
0.288573
-0.1002
0.0688781
-0.0425689
0.178473
-0.310917
-0.111135
0.278503
-0.34669
0.514485
0.0479324
0.204712
-0.160282
0.450743
-0.194561
0.361603
-0.377891
-0.423464
-0.471775
-0.156316
-0.266007
-0.16672
-0.308461
0.427192
-0.172471
-0.333885
-0.223139
0.390238
0.289706
-0.29851
0.302832
-0.289411
0.0261754
0.0918789
0.37092
0.478923
0.14698
-0.138063
-0.177451
-0.341793
0.448122
-0.0397729
0.0108723
0.00149878
-0.264455
-0.106484
-0.281499
0.526071
0.395935
0.123504
0.230161
0.354677
0.220485
0.15564
0.0483816
-0.438562
0.352114
-0.219436
0.139408
-0.527147
-0.215691
-0.466934
-0.134008
-0.304051
-0.0839463
0.0715548
-0.199159
0.355001
-0.0762906
0.458587
0.110208
-0.035048
-0.00210343
0.488057
0.5001
-0.426017
0.434952
0.410273
0.129614
0.258113
0.122875
-0.0118568
0.260414
-0.105681
0.206974
-0.0644522
-0.206465
-0.414828
0.3817
0.0245204
0.0773969
-0.0375271
-0.20409
0.0134343
-0.118466
-0.0745804
0.399253
0.182179
0.505567
-0.142204
0.148955
0.243141
-0.323448
-0.0450341
-0.0600361
0.0417244
0.304156
-0.41905
-0.441711
0.0217571
-0.292349
-0.290012
0.370231
0.246387
-0.0485516
-0.143288
0.378922
0.336688
-0.310438
-0.209476
-0.368684
0.0897614
-0.0957156
0.173169
0.150574
-0.447916
0.415524
0.349013
0.0889199
-0.208468
0.481358
-0.468169
-0.356713
-0.231523
-0.108356
0.310063
-0.502405
-0.00356354
-0.158335
-0.150718
-0.54619
0.0194567
0.128024
-0.344067
0.277805
-0.425493
-0.159429
-0.171852
-0.264619
-0.48343
0.133674
-0.297803
-0.37416
0.34066
0.105317
-0.088282
-0.235405
-0.14748
0.212067
-0.377744
0.152992
-0.40143
-0.00476829
-0.357218
-0.0804466
-0.448272
-0.0485464
-0.11561
-0.46417
0.510004
-0.340525
-0.0774316
-0.0080126
0.331169
-0.20437
0.415898
-0.302575
-0.0947852
0.299869
0.52712
0.0925174
-0.318538
-0.414605
0.246089
-0.249928
-0.000601425
0.132045
-0.441583
0.439182
0.175724
-0.46971
-0.0623714
0.0473796
-0.0789472
0.505313
-0.224714
0.47583
-0.0793018
0.457817
-0.136097
-0.191647
-0.511473
-0.459917
0.156222
0.130244
-0.260963
-0.220105
0.434335
-0.0688226
-0.352586
0.111328
-0.399789
-0.410959
-0.375459
-0.368678
0.201174
0.459538
-0.388378
0.459348
0.00505385
0.392677
-0.233334
0.333479
-0.296596
-0.41389
-0.0697649
-0.405491
-0.466414
-0.193372
-0.526069
0.290609
0.290224
-0.102344
0.170226
-0.134551
0.111321
0.317242
0.298197
-0.135126
0.131123
-0.0224485
0.028039
0.14452
-0.338529
0.335025
0.477076
0.249339
0.410905
0.059172
-0.261725
-0.447758
0.104568
0.1482
-0.309384
0.162665
0.00370823
-0.48988
0.316683
-0.113031
0.236983
0.513009
0.376396
0.165455
-0.452438
-0.06662
0.547766
-0.257594
0.495367
-0.240269
0.39191
0.00994317
0.613804
0.17203
0.336141
-0.0947377
0.413332
0.406907
-0.0967993
0.346749
-0.515297
0.0304072
0.209341
0.51759
0.209179
-0.0771753
0.295406
0.597854
-0.368246
0.308965
0.531367
0.11699
0.307089
0.180098
0.29607
0.0954039
1.23267
-0.70453
-0.32371
0.0636666
0.136236
-0.221182
0.0796535
0.912325
0.523881
-0.786518
-0.895499
0.17803
0.971862
-0.169629
0.552372
0.215072
-0.245111
0.17291
-0.830847
0.512226
0.0834049
-0.296717
-0.509589
-0.19288
0.943515
0.270567
-0.454243
0.949915
-0.179241
-0.0818267
0.362581
-0.403992
-0.0633412
0.168391
-0.0742097
2.04016
-0.242499
0.0945857
-0.5763
0.026326
0.296575
-0.172491
0.101207
-0.0141542
0.452553
-0.213155
-0.0316883
0.41966
-0.424744
0.419978
0.337001
-0.668277
-0.375074
0.0732293
0.37242
0.0685952
-0.419328
0.151686
-0.494301
0.260771
-0.313659
-0.462452
-0.555475
0.0405068
-0.00718713
-0.110583
-0.192275
-0.446568
0.148042
0.139691
-0.433721
-0.45254
0.138113
-0.529531
-0.402561
-0.221577
0.303242
0.429491
-0.115216
0.316271
-0.182666
0.15749
0.181487
-0.432498
-0.200884
0.0868114
-0.380004
-0.0531139
-0.0607896
-0.0493915
0.253713
0.0322842
0.43674
-0.283295
-0.0476066
-0.436077
0.072301
-0.368678
-0.507994
0.307904
-0.571203
-0.0831132
-0.425872
-0.175557
-0.458386
-0.00439217
-0.396062
-0.414542
-0.253802
-0.114405
0.0853237
0.163298
0.0292597
0.206337
-0.616836
0.104841
-0.315179
0.238113
-0.256608
-0.0231976
0.223387
-0.127369
0.118742
0.14156
-0.0191651
-0.158039
-0.219657
0.114794
-0.443725
-0.540343
-0.133962
0.44069
-0.0330467
-0.0344638
0.345528
-0.292281
-0.0653307
-0.590821
-0.323194
0.474213
0.249913
0.117732
0.284927
0.113905
-0.275751
-0.365031
0.0792721
-0.537916
0.0443409
-0.393042
0.0752896
0.0991019
0.0538313
0.496735
-0.218303
-0.47323
-0.264395
0.546704
0.46474
-0.538162
-0.1576
-0.161518
0.117062
-0.392334
-0.331955
-0.00527006
0.266694
0.141847
0.316302
0.0304744
-0.147285
-0.458375
0.18109
0.362462
-0.0919182
-0.185486
-0.616187
0.216873
0.246691
0.14679
0.244221
0.0774411
0.261132
0.371803
0.242657
0.307915
-0.0721975
-0.331057
0.311629
-0.00992374
0.0923029
0.249463
0.336346
0.0110023
-0.0915614
-0.313264
0.314708
-0.37361
-0.577332
0.519573
0.394788
-0.274477
-0.220902
-0.155451
-0.192029
-0.422144
0.322196
-0.538864
0.0395568
-0.534424
-0.258265
-0.0386324
-0.189468
0.168171
0.113854
-0.197757
0.330283
-0.317536
0.255377
0.0490133
-0.387131
0.00475698
-0.00937595
0.166662
0.118112
0.552333
0.432171
-0.494707
-0.566188
0.426056
0.0188296
-0.428222
0.0346283
-0.310313
-0.299371
-0.284637
-0.341689
-0.325173
-0.328237
-0.115463
-0.201102
0.378194
0.273901
-0.0606318
0.0806256
0.433769
0.333138
0.473949
-0.380017
0.3426
-0.398768
0.365065
-0.543895
0.502256
0.0404518
-0.078776
-0.283233
0.144403
-0.271205
0.255472
0.455025
-0.222616
-0.423873
0.0734822
-0.171846
-0.199687
-0.147485
0.227358
0.117878
0.336301
0.140484
0.377482
-0.422849
0.223414
0.259952
-0.108529
0.385224
-0.366542
-0.342584
0.0389459
0.162926
-0.17769
-0.255253
0.342631
-0.0290896
0.419037
0.34406
-0.09481
0.0648403
-0.247405
0.28432
-0.225688
-0.11061
-0.197422
0.0326614
-0.334475
-0.00406145
0.0520482
0.237613
-0.495829
-0.527017
0.0487334
0.298524
0.100892
-0.382084
-0.303956
-0.0461041
-0.00260413
-0.0745002
-0.342595
-0.206208
0.543174
-0.365053
0.36421
0.251728
-0.0287397
0.41949
-0.672642
-0.330051
-0.475364
-0.0676584
-0.543584
0.191554
-0.19385
0.173563
-0.159501
-0.638417
-0.264335
-0.958222
-0.283679
-0.849881
0.263506
0.303832
-0.224943
-0.182731
0.383053
-0.401451
-0.146562
0.169114
-0.644146
0.338418
-0.00839589
0.190285
0.168326
0.13054
-0.126325
0.325937
-0.208653
0.234726
-0.118617
0.27451
0.0685588
-0.13751
0.142353
0.327256
-0.010266
0.107874
-0.205743
-0.39655
0.20423
0.496692
0.291296
0.535571
-0.128413
-0.0272452
0.15234
0.490833
0.174965
0.00735938
-0.635854
-0.273901
-0.313013
0.177792
0.27625
0.298869
0.185739
-0.117
-0.0782328
0.0216692
0.244113
-0.531919
0.402519
0.131636
-0.468512
-0.254198
-0.0781098
-0.4727
-0.141104
-0.169892
0.483312
-0.102458
0.122267
-0.338434
-0.500369
0.0260585
0.176701
0.105046
0.432852
0.61024
-0.436947
-0.134148
-0.235203
-0.263659
-0.200443
-0.0699912
-0.0453378
0.0199687
0.166272
0.089773
-0.256494
-0.372891
0.308514
-0.581174
-0.38825
0.0984957
-0.0973012
-0.0693721
0.259086
0.0686893
-0.138599
-0.0106726
-0.133889
0.4848
0.312296
0.368315
0.135505
0.346856
-0.392074
-0.2548
0.31421
-0.265602
0.287388
-0.153768
-0.0412216
0.160141
-0.410612
-0.0248293
0.243424
0.181991
0.179298
-0.0691728
-0.535867
-0.322239
0.0237344
0.36895
-0.13612
0.198793
-0.230351
-0.223543
0.451833
-0.227789
0.269812
0.171045
-0.341363
-0.192246
0.628479
0.171818
0.0110722
0.507128
0.322046
-0.208907
0.446151
0.456931
-0.133579
0.0681537
0.337913
-0.260678
0.153781
0.397699
-0.0472891
0.130351
0.325092
0.454365
0.41968
0.196374
0.124421
0.122183
0.0137645
-0.347558
-0.15453
-0.0436339
0.182391
0.601061
-0.228911
0.387143
0.304599
0.145728
0.364994
-0.00404669
-0.231387
-0.136709
-0.172144
0.522574
-0.182187
0.290482
-0.444339
0.504367
0.455008
0.199501
0.035123
-0.0192133
-0.316316
0.269219
0.159606
0.184749
0.241697
0.111138
0.209354
0.298768
-0.417657
-0.217874
0.439689
-0.178196
-0.125328
-0.392434
-0.00560941
0.0540836
-0.257832
-0.0290102
-0.386996
0.270529
-0.279452
-0.119139
0.313931
-0.238023
-0.166068
0.504254
0.193308
0.0298623
-0.270371
0.114996
-0.0320043
-0.650756
-0.0541192
0.310443
-0.211153
0.367281
-0.276121
0.293598
0.0986013
-0.207153
-0.168239
0.0891844
-0.0836512
-0.272317
-0.345533
0.203354
-0.300296
-0.166113
-0.219953
-0.473262
-0.364236
0.107618
-0.431105
-0.0857335
-0.0347008
-0.662504
-0.5973
-0.210646
-0.00854058
-0.305567
-0.172594
-0.199933
-0.224586
0.312522
-0.43162
-0.0604936
-0.666932
-0.168165
0.33171
0.367202
0.353431
-0.28155
-0.497792
-0.621946
-0.0482955
-0.326023
-0.170106
0.161003
0.209992
-0.283336
0.346545
-0.424905
-0.422171
-0.572283
-0.113981
0.383906
-0.44397
-0.302031
-0.351659
-0.125759
0.23525
-0.40191
0.282975
0.397523
0.175591
0.106058
-0.340115
-0.222999
-0.21223
-0.169053
-0.0993975
-0.392664
-0.38171
0.221266
0.373496
0.205888
0.0264991
0.216804
-0.363392
0.438786
-0.0901214
-0.355697
-0.240123
-0.015741
-0.176984
-0.156632
0.423329
-0.374428
-0.223537
0.177776
-0.159722
-0.103623
-0.266395
0.231898
0.472392
-0.0970357
-0.402714
-0.112864
0.412162
0.219767
0.17323
-0.328964
0.428004
0.10876
0.0356822
-0.0687893
-0.0927971
-0.315242
-0.21882
-0.410074
0.24662
-0.114865
0.240144
0.433237
-0.260555
0.3241
-0.0111344
-0.0694535
0.258291
-0.568413
-0.417662
-0.143547
-0.125125
-0.354819
0.226625
-0.592387
-0.2328
0.117216
-0.165052
-0.0284311
0.480353
0.377659
-0.16788
0.202251
-0.118304
-0.106028
0.0902217
0.169684
0.33516
0.436221
-0.184121
-0.212066
-0.102344
0.470462
-0.0607386
0.647342
0.38865
-0.189866
-0.0280908
0.0444051
0.325985
0.36085
-0.272568
0.406104
-0.00712391
0.306414
0.495067
-0.500201
-0.136178
0.253848
0.179549
-0.232984
0.0833688
0.269375
-0.0384618
-0.256298
0.200807
0.177582
-0.367988
0.0120897
-0.0402592
-0.0602862
-0.0332569
0.0744667
-0.163883
0.410898
-0.186112
-0.364323
-0.349557
0.131132
0.415566
-0.0959678
-0.0558423
0.444271
-0.0354276
-0.0267973
0.543298
-0.0160718
-0.0700488
0.247113
-0.239682
-0.40302
0.384406
-0.358604
-0.109169
-0.285799
-0.328137
-0.41152
0.320463
0.0289963
0.332018
0.338629
0.26538
0.374237
0.0101883
-0.0605533
0.417112
0.148
-0.117805
-0.136992
0.139948
0.0756959
-0.457687
0.366118
0.32174
-0.0582256
-0.126639
0.334075
0.0576556
-0.0532042
-0.294728
-0.50966
5.58532e-05
0.261249
-0.0291213
0.093968
-0.45185
0.354021
0.262194
0.792672
0.211255
-0.0305003
0.634144
-0.386662
0.421954
0.39854
0.138852
-0.134005
-0.253612
-0.490668
0.357811
0.156891
-0.112679
-0.296922
0.476855
-0.173689
-0.254657
0.257777
0.12028
0.203114
0.035139
-0.330393
0.276651
0.700024
0.544494
0.211919
0.481282
-0.39994
-0.151737
0.24344
0.15375
0.562132
-0.14668
0.0415231
0.703438
0.567501
-0.226629
-0.288873
-0.125291
0.189442
0.504141
0.223123
-0.266121
0.141255
-0.0329696
0.422969
0.173133
0.132771
0.000691022
0.487769
-0.0241109
-0.00445547
-0.104273
-0.0798679
0.414098
0.297488
0.422733
0.128475
0.369361
0.386273
-0.022851
0.510086
0.0481153
0.311636
0.420811
-0.431392
0.400831
0.520972
0.047856
0.229634
-0.428315
0.378942
0.0286853
-0.462294
-0.477695
0.247929
0.00109121
0.394093
-0.358943
-0.414183
-0.00569915
-0.27529
0.455538
0.386485
0.48607
0.123427
-0.417067
0.370953
-0.0928693
-0.489607
0.464546
-0.178637
-0.412645
0.208052
-0.120254
0.00684018
-0.117374
0.350899
-0.0256833
-0.0928929
-0.362262
0.335418
-0.223102
-0.306784
-0.445282
0.276874
-0.416956
0.0446729
-0.44666
-0.453729
-0.044539
-0.0978252
-0.0522011
-0.0855175
-0.489615
0.0881368
-0.270525
-0.410402
-0.319227
-0.332106
0.248603
0.181642
-0.26969
-0.260223
0.0980436
-0.229339
0.418279
0.145425
0.147023
-0.2613
-0.369369
-0.241388
0.289294
0.207157
-0.117835
-0.340293
0.408977
0.0644149
0.0516484
-0.309112
0.230301
0.32503
0.159128
-0.106162
0.355923
-0.0906283
-0.21393
0.441274
0.388643
0.154275
0.187235
0.428236
0.210825
-0.490067
0.420244
-0.33453
0.333088
-0.218202
-0.414126
0.483442
-0.053779
0.636019
0.0595416
0.0965613
0.129685
0.106104
0.424991
-0.300468
0.236978
0.105999
-0.120897
-0.0272618
0.218063
0.304439
0.269602
1.08924
0.436023
0.430871
-0.198859
-0.108115
0.610905
0.123973
-0.132622
-0.250509
-0.0794698
0.0482101
0.550144
-0.571828
0.0534847
0.0185875
0.445354
0.104671
-0.139446
0.148904
0.0958444
0.118203
0.172967
0.155353
0.142742
0.463645
-0.947701
0.271729
0.129504
0.124423
0.440693
-0.444547
0.0778624
0.0327289
0.886357
-0.363823
-0.166659
-0.0457084
0.20896
0.00339009
0.725176
-0.0285172
0.0343057
-0.129567
0.274451
0.132256
0.185915
0.187665
0.0931241
0.019855
-0.951896
