#input normalization
0.160321 0.266886
9.50813 15.8714
13.3326 32.2121
10.81 28.2836
0.013153 0.0332998
0.0112175 0.0276746
0.51009 1.27706
0.81698 1.01849
0.970592 1.18721
1.15303 1.36175
1.37751 1.4934
1.60213 1.60896
1.81592 1.70013
2.01916 1.76833
2.2365 1.82102
2.45867 1.78802
39.4778 50.7951
7187.56 5307.42
#output normalization
1 0
#neurons weights
0.171416
0.311789
0.345996
-0.432469
-0.252393
-0.294304
-0.0418947
-0.315275
-0.287265
0.0610374
0.0849221
0.428964
0.414073
-0.454383
-0.447503
0.397489
-0.473402
-0.49408
0.449819
-0.666006
-0.311161
0.405985
0.641824
0.387792
0.402233
0.399339
-0.463502
0.921622
0.284286
-0.451771
-0.333837
0.329148
0.0922988
0.201109
-0.202025
-1.37956
-0.480153
0.399198
-0.41713
-0.352806
-0.14631
0.75204
0.375629
-0.0913683
0.03641
0.476015
-0.383599
0.490968
0.121052
0.223301
0.536716
0.532508
-0.440644
0.224115
-0.242309
0.541688
#synapses weights
0.132867
0.262395
0.374742
-0.00654906
-0.138495
-0.0301065
1.18719
-0.016789
-0.10286
0.126849
0.240185
-0.19193
-0.181632
-0.137622
0.0721062
0.0432498
0.116894
1.71406
0.00626768
0.143729
-0.130879
-0.0258095
-0.151141
0.0114137
0.321764
0.114404
-0.228406
0.222744
0.331453
-0.446752
0.289804
0.135758
0.000793507
-0.430085
-0.373144
-1.67381
0.438096
0.490727
0.243306
0.0937444
-0.200978
0.00584505
0.639636
0.110786
-0.293527
0.134636
0.0777314
-0.204208
0.157822
0.0525581
-0.235851
-0.285785
0.285966
0.823977
-0.375784
-0.235609
0.0745585
0.0700364
0.177986
-0.298891
-0.219734
-0.195341
-0.364053
0.0726672
-0.00348423
0.0164559
0.329143
-0.43982
0.232417
0.25135
0.60696
-0.779834
0.270069
0.382433
0.0535153
-0.0594686
0.382901
-0.273841
0.207818
1.51536
0.610074
0.305057
0.00937112
0.0169492
-0.0950117
-0.0461159
0.204058
-0.213164
0.046972
1.55331
-0.167814
0.102559
-0.229568
-0.147284
0.130797
-0.308045
0.878122
0.180743
-0.0790848
0.112278
-0.0793462
-0.219149
0.136506
-0.00306416
-0.355732
-0.445067
0.233524
0.791986
-0.133768
-0.129953
0.241638
-0.31051
-0.221962
0.0851175
-0.533165
-0.0240464
-0.389279
-0.116168
0.348883
0.285146
-0.0585386
-0.284114
0.251
-0.328616
0.22685
1.02897
0.239635
0.534233
-0.0645915
-0.148484
-0.131085
0.421764
0.2787
-0.116715
0.232561
0.181457
0.187892
-0.0520285
-0.23089
-0.0538698
0.470734
0.192916
-0.237875
-0.717544
0.047167
-0.325283
-0.123805
-0.032071
-0.144097
0.344653
-0.512597
-0.244965
-0.366406
-0.0239865
0.13341
-0.174997
0.225945
0.236652
0.0872616
-0.13559
-0.92477
-1.63012
-0.153055
0.387417
0.0482671
-0.0779133
-0.190246
0.0351896
-0.16008
0.182794
0.043121
-0.0912764
-0.045523
-0.102464
-0.21498
0.106084
-0.183308
-0.149983
0.119552
5.01834
-0.195853
-0.392513
0.0836263
-0.20888
0.19691
-0.011352
0.750155
0.330616
0.314544
0.139557
0.188244
-0.0253903
-0.0940815
0.0338599
0.0920244
0.0324325
1.05576
2.56515
0.0167293
-0.289852
0.591767
-0.223424
0.260189
0.295513
0.196012
0.454047
0.265394
0.322912
-0.0223098
0.261224
-0.17412
-0.151329
0.37918
0.110698
0.156782
0.923975
0.474694
0.0264856
0.259775
-0.0667926
-0.263669
-0.45087
-0.207472
-0.151624
-0.000246633
-0.145393
-0.497992
-0.0219562
0.228337
-0.338748
-0.105999
0.0724675
-0.779678
-0.240256
0.107005
-0.209114
0.259419
0.415353
0.165204
0.106989
-0.164307
-0.18629
0.152921
0.364016
0.178633
-0.0450829
0.326676
0.108978
-0.0122135
0.012118
-0.652964
-0.35892
0.0914631
-0.310938
0.253978
-0.219808
0.15852
0.218276
-0.489539
-0.383613
-0.00509658
0.373199
0.398345
-0.229166
0.278402
-0.384158
0.37999
0.0919483
0.0168567
-1.82259
0.0977988
-0.12731
0.327903
-0.184002
0.188526
-0.136956
1.16878
0.2493
-0.0235496
-0.184591
0.369834
0.389803
-0.123252
-0.108687
0.0758035
0.0689339
0.160823
2.17547
0.0670573
-0.355931
0.179729
0.351689
-0.0486372
-0.66509
-0.213108
0.0676763
0.00179162
-0.530249
-0.460836
-0.256352
-0.40025
-0.0737723
-0.477604
-0.544633
-0.0705043
-0.455715
0.232978
0.194285
-0.0915968
0.0867236
0.0919016
0.0908874
-3.65567
-0.0783207
-0.192737
-0.12316
0.00190207
0.00352983
-0.185472
0.15117
-0.156556
0.0866946
-0.900574
-3.56009
0.193835
-0.179888
0.195986
-0.315763
-0.146424
0.126402
-0.382775
0.0923397
-0.0175463
-0.175286
0.023173
0.00839383
0.0862564
-0.164866
-0.144199
0.097667
-0.564562
2.05246
-0.0442024
-0.425312
0.581274
0.440766
0.136557
0.10051
0.498102
-0.189339
0.39409
0.139785
-0.413899
0.179994
0.0546059
-0.096164
0.246721
-0.416803
0.271339
0.16541
0.453747
0.00750738
-0.220562
0.120814
0.343468
0.0555795
-0.20736
0.308458
-0.0997599
0.0717173
-0.466662
0.502242
-0.0299849
0.452588
0.231448
0.498764
0.305744
0.588158
0.232771
0.351031
-0.14792
0.0872227
-0.565846
-0.221944
-0.147296
0.0786284
-0.566486
-0.423577
0.262623
-0.738991
-0.32571
-0.495174
0.247972
0.140946
0.426918
-0.0516831
0.470786
0.515696
-0.316996
0.34188
-0.192938
-0.247165
0.405982
-0.136508
-0.0457088
0.214512
-0.374635
0.416709
0.589871
0.158325
-0.0204696
0.405616
-0.15904
-0.321776
0.408919
-0.521852
-0.177187
-0.252146
0.487469
-0.457112
-0.0480137
0.0761383
0.1133
-0.443075
0.865146
-0.263621
0.109218
1.29957
-0.374078
-0.425443
0.317636
-0.185602
0.160686
0.0973909
0.0336507
-0.186784
0.198744
0.376332
-0.48141
0.506503
0.351701
0.342999
0.26415
0.341869
-0.187587
0.444876
0.421817
0.183899
-0.0444096
0.660744
0.0399542
-0.417016
0.508273
0.261394
-0.735963
0.725921
0.012049
-0.194007
-0.271446
-0.319221
-0.550334
-0.140354
-0.264615
-0.275765
0.081409
-0.181079
-0.520735
-0.0770222
-0.557734
0.326433
0.0480474
-0.454838
-0.332055
0.0088171
-0.257167
-0.147489
-0.426988
0.51344
-0.45767
0.344408
-0.423843
-0.124115
0.178065
0.505473
0.110868
-0.161629
0.245116
0.289426
0.102656
0.383197
-0.500667
-0.378932
-0.409787
-0.0862659
0.19462
-0.314619
0.494253
0.306916
0.224274
-0.0200258
0.212438
-0.185971
0.126524
-0.567154
0.490862
0.0125778
-0.132441
-0.538039
0.362404
0.444534
-0.203445
0.316731
-0.169319
0.42071
0.0428156
0.111083
-0.20225
0.455592
-0.327907
0.388882
-0.246344
-0.323464
-0.0919224
0.59444
-0.0155969
0.438122
0.0913733
-0.415323
0.292075
-0.170579
0.195458
0.892185
-0.224191
-0.417382
-0.466069
0.0314878
-1.17285
0.0168291
0.0806392
-0.0182644
0.164319
-1.43452
-0.275716
-0.134214
-0.202593
-0.328251
-0.0334734
-0.90461
0.30774
2.07643
-0.388003
0.150502
-0.698042
-0.60957
0.0907155
0.222316
0.123583
0.257595
-0.204329
0.221745
1.65895
-0.536268
-0.19199
0.0101291
0.247863
0.451018
-0.00456309
0.0955621
-0.930919
0.476293
-0.0566702
0.317242
-0.395908
-0.335434
-0.334645
0.0547838
0.414397
0.00188974
0.170927
0.197573
0.663284
0.384291
0.318832
0.35252
-0.418437
-0.0233666
0.0124452
0.109206
0.0397767
-0.134617
-0.386222
0.158804
-0.104494
0.202181
0.11253
0.32369
-0.291093
-0.0454652
0.870001
0.0797271
-0.33573
0.13756
0.0754386
0.0226095
-0.390794
0.117368
-0.403928
0.39337
0.253109
0.225943
0.139219
0.0698098
0.280159
-0.116768
-0.439396
0.437667
0.111275
-0.361153
-0.298385
0.316977
0.290463
0.321935
0.033466
0.509929
0.0452488
-0.306943
0.171815
0.103082
0.0908278
0.183016
0.369659
-0.32241
-0.177074
0.354827
0.377906
-0.173574
-0.00185909
-0.045176
-0.228597
0.200046
-0.288661
0.542115
-0.498326
-0.221936
-0.227746
-0.106393
0.3231
-0.110788
-0.377033
0.29539
-0.385305
-0.201567
-0.0353239
0.231358
0.169687
-0.385465
0.490672
0.0501017
0.0803498
0.303718
-0.290395
0.277293
0.559629
0.0558073
0.185882
-0.125217
0.0141413
-0.00125921
-0.424161
0.3753
-0.12723
0.064319
-0.368321
-0.273904
-0.95784
-0.0243464
-0.107161
-0.38009
-0.0242311
0.242699
-0.46586
-0.383341
0.382442
0.0388677
-0.327469
0.570308
-0.246222
0.0997167
-0.929909
0.14416
-0.0321868
-0.158317
0.00337238
0.817966
1.06232
-0.805179
0.552607
-0.374745
-0.247236
0.14286
0.0423972
0.22935
