#input normalization
0.160297 0.266853
21.3346 28.4035
11.939 36.9331
9.21366 31.0709
0.0121 0.0394631
0.0100081 0.0313574
0.51009 1.27706
0.81698 1.01849
0.970592 1.18721
1.15303 1.36175
1.37751 1.4934
1.60213 1.60896
1.81592 1.70013
2.01916 1.76833
2.22458 1.83245
2.39232 1.85731
2.55904 1.86856
2.7106 1.85718
2.81984 1.81914
2.92451 1.75828
2.99677 1.67929
3.07752 1.55287
39.4778 50.7951
7187.56 5307.42
#output normalization
1 0
#neurons weights
0.349215
0.393121
0.252338
0.441012
-0.091001
-0.327775
-0.130176
0.264506
0.414232
-0.491593
0.465982
0.0460993
0.348203
-0.371842
-0.0235874
0.338171
0.476616
0.0391763
0.436639
0.168973
-0.0329074
0.336206
-0.309302
-0.0457574
0.0939466
-0.339095
0.116713
-0.31582
0.313814
-1.4503
0.492214
2.37237
0.337039
-0.352297
0.545427
-0.264374
-0.948127
0.0737771
-0.0535769
0.148363
-0.1958
0.216236
0.232427
0.138972
0.148294
-0.179395
0.452133
0.250815
-0.513727
-0.255243
-0.570538
-1.27593
-0.0105791
-0.147638
0.0468662
-0.0498898
-0.532179
-0.00712179
0.443741
-0.134768
-0.138895
0.108194
0.284675
-0.0876333
0.369085
-0.209763
-0.389621
-0.13821
0.049023
-0.222467
-0.383179
0.360907
-0.318952
0.680392
#synapses weights
0.234399
0.100527
0.240088
-0.225103
0.41947
0.377382
0.240831
0.0406763
-0.0890026
0.476923
0.291968
-0.151736
0.00197453
0.433823
-0.301705
0.0708948
0.167792
0.0100917
0.239922
-0.0935855
0.241941
0.101857
0.141405
0.897439
-0.174988
0.225782
-0.0968401
0.0848
0.413316
-0.111324
0.369589
0.534237
0.282464
0.432546
-0.139912
0.280143
-0.345703
-0.0285381
-0.24349
-0.0044988
0.267713
-0.272925
-0.0593096
-0.444014
0.222023
-0.285453
0.653222
-0.310573
-0.285441
0.102637
-0.130003
0.0640328
-0.197299
0.188206
0.00664731
0.135101
0.100634
0.0305065
0.0110579
-0.0680355
0.0940566
-0.0139987
-0.119161
0.161972
0.107421
-0.300961
-0.0667724
-0.0757998
0.30554
-0.0916137
0.637771
2.04413
-0.418742
-0.0206298
-0.172612
0.0484896
0.44846
-0.272174
-0.4702
0.051639
0.392371
-0.127502
-0.186724
-0.286834
0.425536
0.363472
-0.24165
-0.0431392
-0.0939814
-0.351888
-0.351947
-0.163562
-0.151622
0.220849
0.29435
0.305489
0.480172
-0.0370331
0.433683
0.332451
0.46916
0.478579
0.311014
0.352598
-0.345364
-0.412199
0.353531
-0.45958
-0.233478
0.178493
0.127535
0.0534517
0.258858
-0.243539
-0.137325
0.195344
0.40378
-0.0764435
-0.467584
-0.161663
0.232475
-0.392165
0.0400071
0.0432928
0.143207
-0.0415988
-2.36022
0.029716
0.131544
-0.139048
0.124237
-0.078413
0.00123295
0.226521
-0.0802547
0.223054
0.0905084
0.0559253
0.209074
-0.0366679
0.0378799
-0.0249183
-0.11497
-4.0841
-0.0138781
-0.232353
0.345092
0.372741
-0.191909
0.308256
0.582646
0.0155876
0.191495
0.240463
-0.301469
0.28946
0.166439
0.0736228
0.192543
-0.278168
-0.155971
0.168909
-0.35057
0.40243
0.497616
-0.226311
0.429023
-0.115606
0.349691
0.248096
0.298106
-0.145003
0.0831713
-0.145143
2.75288
0.964932
0.298015
0.218309
0.17349
-0.151485
0.0280128
0.081763
0.0962873
-0.0522347
-0.0403059
-0.00293681
-0.00789586
-0.056026
0.0697315
-0.0588622
0.115998
2.89712
-0.126768
0.0123959
0.26267
-0.113945
0.267328
-0.339596
-0.450182
-0.0942388
0.323841
-0.0528849
0.122565
0.265849
-0.325033
-0.229964
0.195751
-0.151977
-0.0189442
-0.0374891
0.115687
-0.0664009
-0.225772
0.314355
0.0666964
-0.962064
0.514977
0.166465
0.391661
0.0252007
0.456014
0.391188
-0.0141838
0.525767
-0.074356
0.271324
-0.385322
-0.072227
0.238853
0.136624
-0.385598
-0.191617
0.252362
-0.0682252
-0.286731
0.21311
-0.0823349
-0.112525
0.613135
-0.052828
0.000654808
-0.385807
0.12655
0.251906
-0.186163
-0.0224204
-0.576183
-0.0724561
-0.316069
-0.291417
0.0991643
0.274663
-0.111715
-0.178119
0.157935
0.381295
0.101125
0.0928273
-0.136919
-0.116793
0.337972
-0.239831
-0.215972
0.661576
-0.17306
0.252934
0.277528
0.0330865
-0.282156
-0.327569
0.423056
-0.0244172
0.42209
-0.288397
0.425168
-0.459749
0.551242
-0.362997
0.389757
-0.339935
-0.218933
0.0313584
-0.258702
0.192636
-0.144717
0.194768
-0.184419
-1.20308
0.276303
0.135075
-0.387381
0.423739
0.333028
-0.0671259
-1.32958
-0.344346
-0.456596
-0.218082
-0.0542656
0.0852476
-0.0586946
0.00210568
-0.25511
0.0933171
0.0384037
-0.157908
-0.154743
0.00138401
-0.137336
-0.144647
-0.408555
-2.54252
-0.0731305
0.513088
0.077663
0.413436
-0.10996
-0.0548781
-0.372413
-0.0560644
-0.0932005
-0.23271
0.0355671
0.0349171
-0.309948
-0.142676
-0.251693
0.264945
-0.174758
0.441107
-0.298615
0.242851
0.053021
-0.45035
-0.0808969
1.62906
-0.149684
-0.317412
0.258933
-0.203071
-0.0324696
0.365486
-0.378269
0.109092
-0.268819
-0.0530732
-0.00336761
0.130859
-0.19196
0.157134
0.412873
-0.389041
-0.0368791
-0.127964
0.354093
0.0830236
-0.385392
0.295304
0.139493
1.2788
0.345806
-0.0081826
-0.0236299
0.0561101
0.226639
-0.0864375
0.790882
0.405479
0.458023
-0.137081
-0.139059
0.22645
-0.399761
0.113576
-0.289298
0.346159
-0.27766
0.220676
0.0450646
-0.288501
-0.0672776
0.0958305
-0.223163
1.53819
-0.196957
0.397025
-0.386982
0.15401
0.0868346
0.0483477
-0.0752826
-0.192448
0.0697387
0.267587
-0.171997
-0.169859
0.329699
0.425097
-0.0309295
0.0441406
0.225584
0.0203667
-0.348319
-0.331459
-0.223541
0.164895
-0.176628
-0.516348
-0.4841
0.224493
0.321016
-0.226378
0.163137
0.0299578
0.286351
-0.594903
-0.0976008
-0.367804
0.0876202
-0.0788766
-0.418417
0.278417
0.211341
0.100528
-0.18288
-0.0183669
-0.192525
0.307667
0.115807
-0.132834
0.0354472
0.186461
0.475551
-0.26357
0.0853945
0.245156
0.406353
-0.231267
-0.08653
-0.201776
-0.302646
-0.134593
0.342732
-0.0231102
0.0981648
-0.476634
-0.0423998
-0.0712304
-0.201603
0.0276416
-0.369894
-0.0387275
0.295605
0.125247
-0.471281
0.271554
-0.22231
-0.193989
-0.12252
-0.302362
-0.460323
0.526502
-0.325837
0.0899955
-0.261349
-0.0949029
0.360506
-0.0392255
0.161489
-0.0582732
0.0925839
-0.243023
-0.0494512
0.0249185
-0.172853
-0.393505
-0.132224
-0.179327
-0.121039
0.698785
-0.0539283
-0.125187
0.0940737
-0.119737
-0.155196
0.529441
-0.404924
-0.0118502
-0.0303343
-0.152108
-0.012419
-0.0990336
0.0121576
-0.253987
0.249562
0.194269
-0.188972
-0.245077
0.256603
-0.222526
-0.164099
0.322803
-0.547642
-1.36926
-0.0602763
0.167075
0.0232467
0.341442
0.272274
-0.275061
-0.297144
-0.256735
0.0118929
0.129766
-0.336584
-0.448898
-0.289256
0.283976
-0.227254
0.732015
0.0300813
0.161537
0.180486
0.0242049
0.09116
0.106329
-0.0642413
-0.463157
0.0907552
-0.338337
-0.161969
0.0694721
0.00741507
-0.129588
-0.365782
-0.0972958
0.323637
-0.101452
0.0706571
-0.0953176
-0.159969
0.154234
0.152979
-0.15182
0.0500133
0.000710575
-0.325704
0.317315
-0.260476
0.205783
-0.0727929
1.75494
-0.10415
0.0322231
0.142989
0.0777828
0.144228
-0.274125
0.517271
0.0666864
-0.133145
0.0366145
-0.0133559
-0.00335705
-0.405232
0.0366018
0.110797
0.234054
0.35153
-0.357157
0.20491
0.240248
-0.528628
0.137381
0.210007
1.53578
-0.117192
-0.516161
-0.365306
-0.111257
-0.141584
-0.266621
0.620125
0.348792
0.304859
-0.122957
0.268175
-0.215457
-0.17903
0.0920001
0.0659372
0.199999
-0.0817288
-0.257501
-0.168245
0.0273942
0.28419
0.351385
0.345654
-1.01616
0.46218
-0.366817
0.443998
0.587238
0.430204
-0.274723
0.0792981
0.55483
0.205827
0.513461
0.405461
-0.172269
0.441567
0.313606
-0.00170368
-0.0171808
-0.388779
-0.0625143
-0.227312
-0.164805
0.473239
0.201315
0.195109
0.0501188
-0.0318299
-0.37357
0.118635
-0.664827
-0.073503
-0.103303
0.531935
-0.381287
-0.118922
0.282491
-0.34017
0.354616
0.150768
-0.0690628
-0.301658
-0.357388
-0.559966
-0.246864
0.187437
-0.13655
-0.607645
0.413887
-0.348854
-0.161467
-0.572483
-0.289368
-0.0886209
-0.573887
-0.4236
-0.273905
-0.362428
0.480933
-0.954324
-1.57158
-0.627694
-0.141006
-0.282663
0.161152
0.390865
-0.965657
-0.668744
-0.941287
-0.324274
-0.711548
-1.00337
-1.06318
-0.675436
-0.261917
-0.920242
-0.844603
0.219383
0.391918
-0.18353
0.140039
0.495849
0.392459
-0.186099
-0.0356466
-0.0650602
0.171092
0.143666
0.137147
-0.202312
-0.895089
-0.432872
0.229755
0.181256
-0.213901
-0.54355
-0.0988395
0.207602
0.33248
0.0327335
0.0056651
0.218278
-0.331091
-0.148568
0.454097
-1.13847
-0.618837
0.267862
2.11782
0.443436
-1.93921
0.0937874
0.571756
-0.45708
0.455749
0.954182
-0.565499
-0.603088
-0.0158061
0.135714
0.13345
-0.0889238
-0.040719
0.27924
-0.0927434
-1.09983
-0.337438
1.01978
0.359567
0.47444
-0.301002
-0.322351
-0.405642
0.198355
0.200567
0.394373
-0.0106503
0.495549
0.270106
0.42819
-0.153312
-0.141753
0.299359
0.40672
-0.193346
0.0767849
0.183906
-0.209427
0.262848
0.190434
-0.190586
0.0436444
0.519839
-0.129934
-0.460843
0.37759
-0.4386
0.205809
-0.306357
0.254069
0.480919
-0.158142
0.0101669
-0.180052
0.123856
-0.356405
0.084217
0.1053
0.342688
0.192446
0.394525
-0.147669
-0.0197743
0.377631
-0.371921
-0.408438
0.103102
0.0672686
-0.184719
-0.23069
0.0551859
-0.0959489
-0.462888
0.234742
-0.116389
-0.946684
0.30456
-0.19782
0.433018
-0.380244
0.099276
0.181276
0.410847
0.0652866
0.0744161
-0.12371
-0.487497
-0.143794
-0.258923
0.0340437
0.112732
-0.348983
-0.0108384
0.0726137
0.334218
0.318892
0.484601
-0.453286
-0.311307
0.411723
0.166992
-0.475007
-0.695316
-0.348741
-0.483354
0.210117
0.302253
-0.229324
0.193168
-0.119318
0.0245044
-0.191194
-0.144997
0.0353217
0.358125
-0.31298
-0.388129
-0.328656
0.0151661
-0.497176
0.606552
0.121611
-0.20302
-0.278102
-0.241927
0.450209
-0.329261
0.293952
0.477317
-0.499716
0.503133
0.102105
0.00945931
-0.237428
0.356852
-0.00658054
0.0557237
0.319286
0.471095
0.22274
0.597932
0.163507
-0.184296
-0.0723995
-0.172071
0.0377818
0.371318
0.431353
-0.0376511
-0.60711
-0.422943
-0.137186
0.159898
-0.0894284
-0.430702
0.303336
0.423973
-0.237172
-0.431609
-0.236982
-0.165976
0.427656
0.446685
-0.258378
-0.198184
0.157361
-0.257984
0.0606227
0.169078
0.117507
0.0694925
-0.334535
-0.314589
-0.309328
0.223934
-0.225965
-0.176607
-0.0746863
-0.41791
-0.207946
-0.707549
0.379885
0.0444802
0.0224335
-0.00538598
-0.325288
0.439608
-0.26193
0.150832
0.325378
-0.226719
-0.194797
0.447726
-0.0114579
-0.26428
-0.340869
0.329192
0.254627
-0.407512
-0.0670154
0.21256
0.0525507
-0.225584
0.312543
-0.366505
-0.12441
0.233581
-0.299715
0.0530931
0.120023
0.15434
0.33521
0.608774
-0.486108
-0.0576695
0.467659
0.341775
0.0635526
0.251557
-0.168885
-0.132646
-0.387134
0.356818
-0.505996
0.0126041
0.315502
0.067164
0.418442
0.221387
0.058645
-0.269365
-0.00671584
0.0703337
0.453824
0.019604
0.146499
-0.327705
-0.221783
0.15498
-0.0692532
0.424755
-0.415464
-0.226946
-0.408622
0.095774
0.34943
-0.437614
0.331144
0.0167918
-0.256475
-0.207251
0.420114
-0.37809
-0.205355
-0.349425
-0.143993
-0.103769
-0.505829
-0.23174
0.400735
-0.176897
0.0798816
0.00131231
0.134733
-0.487912
0.0233291
0.00956275
-0.370086
0.110455
0.160655
0.818225
0.174728
-0.219109
-0.320084
-0.278922
0.0895645
0.642798
0.199205
0.420089
-0.54934
0.394575
0.649824
0.780199
0.0933555
-0.000296449
0.219465
0.101734
0.47499
0.425643
0.517941
0.941207
-0.207752
-0.475918
0.165066
-0.444584
-0.0372505
-0.0154363
-0.476329
-0.115622
0.433738
-0.833069
-0.394598
-0.150473
0.0313142
-0.169124
0.532049
0.170483
-0.0436018
-0.369974
0.152311
-0.0984438
-0.132585
-0.318203
0.200719
0.419038
0.15619
0.36134
-0.235824
-0.179317
0.264523
0.381443
0.111822
-0.377357
-0.470335
0.554907
0.284989
0.110054
0.0125917
-0.0407201
-0.407044
0.0691206
0.126459
-0.148548
0.132448
0.185772
0.215999
-0.406843
-0.1005
0.300074
0.189112
-0.0910176
0.0554953
-0.0930112
-0.0340453
-0.383758
-0.13451
-0.170169
0.139435
0.45285
0.0163713
0.0543803
-0.34619
0.20685
0.306799
-0.454929
0.036782
-0.16193
-0.161116
-0.241218
-0.101492
0.24435
-0.137984
0.253936
-0.366018
0.101737
-0.0896187
-0.355864
0.0324349
0.243176
0.172252
0.111486
-0.188308
-0.0238971
-0.308531
0.491329
0.822652
0.191065
0.264485
-0.420767
0.347113
0.105549
-0.270707
0.218011
-0.239745
0.21668
-0.392273
0.0670787
0.00479433
0.0650638
-0.458132
0.383705
-0.15295
0.0595254
-0.455376
-0.302935
-0.166222
-0.0304373
-0.41265
0.113926
-0.337711
0.09624
-0.294533
-0.250936
0.397435
-0.301121
-0.0333286
-0.0336765
0.388819
-0.34897
0.192243
0.352097
-0.29602
-0.21499
-0.142288
0.501131
0.268019
0.302562
-0.675126
-0.123208
-0.255857
0.131358
-0.298379
-0.476408
-0.452045
-0.484486
-0.0580468
0.255368
0.390203
-0.0284457
0.178821
0.105216
-0.132739
-0.152652
0.0924181
0.0856925
0.0538532
0.487049
-0.306541
-0.384388
-0.171979
-0.0245115
0.283855
-0.0629797
-0.0357348
-0.197989
0.311781
-0.262749
-0.298114
-0.500069
0.169756
0.81742
0.465387
-0.164798
0.369051
0.215019
0.00543226
-0.422998
-0.347032
0.430204
0.105254
0.102206
-0.324145
-0.278862
-0.402853
-0.482156
0.351574
0.173095
-0.394836
-0.430972
-0.407636
-0.12772
0.11544
0.00251642
0.00160499
0.235748
-0.314139
-0.157193
0.00691257
0.0216223
0.285767
-0.438937
-0.500015
-0.299791
0.148473
0.264201
0.0427019
0.173557
-0.00407708
-0.20985
-0.487299
-0.0458703
0.0932236
0.126985
-0.0957891
-0.506432
1.51232
0.153536
1.25862
-0.0623042
-0.0498837
0.255276
-0.198161
-0.51067
0.112389
0.168774
0.334186
0.179399
0.00205815
-0.692789
-0.00316408
0.146149
-0.213147
-0.0452004
0.348597
-0.0549849
-0.0210231
0.0386435
