#input normalization
0.161108 0.275357
59.1269 67.0945
8.77631 35.1429
7.45987 30.6291
0.0103065 0.0436912
0.00825683 0.0346381
0.564818 1.48093
0.795869 1.50863
1.10038 1.73119
1.41277 1.97868
1.75552 2.22052
2.08751 2.45795
2.40622 2.68133
2.72523 2.88225
3.03084 3.05648
3.31412 3.186
3.58281 3.27987
3.83858 3.35045
4.07283 3.38738
4.2536 3.37307
4.41487 3.3303
4.55369 3.25422
4.6588 3.16101
4.72377 3.04432
4.77386 2.90532
4.76856 2.74
4.73577 2.55593
4.68964 2.35737
4.56912 2.12019
37.2451 49.5352
7243.21 4702.56
1 0
#output normalization
1 0
#neurons weights
0.371773
0.323564
-0.0136105
-0.238318
0.360607
-0.411291
0.256172
-0.232575
-0.0674483
0.0738441
-0.449489
-0.191401
-0.181361
-0.20723
0.357081
0.324677
0.183428
0.367142
-0.229689
-0.236913
-0.246552
-0.236151
0.139045
-0.413984
0.0417044
0.066991
0.24508
0.381401
-0.0395373
0.218488
0.29714
-0.463001
-0.11946
-0.161875
0.22312
-0.301212
-0.293548
0.30377
-0.0803747
-0.467351
-2.4073
-0.378007
0.501307
0.262414
0.0684347
-0.489669
0.0670226
-0.514311
-0.559409
-0.0951747
0.38394
-0.195427
0.217882
-0.348553
-0.13779
-2.64564
-0.00174977
-0.0735686
-0.277997
-0.173697
0.789806
-0.500398
0.131864
-0.0632936
0.0605249
-0.151808
0.256883
-0.0985666
-0.135322
0.0404112
0.191748
-0.298686
-0.146692
-0.027782
0.062047
-0.128805
-0.253235
-0.292082
0.348347
0.0195388
-0.204887
-0.303806
-0.0249912
0.0809133
-0.267287
-0.448979
-0.316614
0.199723
-0.464742
0.468643
-0.0868275
-0.797522
0.00393521
0.36081
-0.519218
-0.566578
0.036858
0.482581
#synapses weights
-0.382943
0.123591
0.0264432
0.299141
-0.44374
0.0328623
-0.0986424
-0.147698
0.309345
-0.32285
0.194431
-0.27968
0.24009
-0.18819
-0.278188
0.276385
-0.24886
0.0247132
0.333033
-0.246224
-0.216529
0.374952
-0.127511
-0.361855
0.407342
-0.163188
-0.153737
-0.289449
-0.362409
0.13238
0.72831
0.00734299
0.036571
-0.00202109
0.051985
0.257938
-0.189251
-0.00133708
1.53427
0.384122
0.201305
-0.050164
0.0382271
0.268846
0.351945
-0.147491
-0.246087
0.117166
0.0774314
-0.173162
-0.0372201
-0.0425473
0.181794
0.351749
0.269897
0.081478
0.170743
-0.27557
-0.309071
-0.000129291
0.338109
-0.68029
0.45131
0.195321
-0.100628
-0.119793
0.165099
-0.296744
0.388712
-0.313719
1.4542
-0.145619
-0.388404
0.151909
0.187787
-0.274932
-0.0322295
-0.173589
-0.146336
0.165133
-0.0470108
0.110958
0.134369
-0.0820911
0.24932
0.284291
-0.480713
0.0985343
-0.326133
-0.126797
0.338039
-0.196393
0.0252235
-0.183347
1.84385
-0.0191826
-0.316076
-0.254154
-0.36499
-0.15791
-0.371357
0.157381
-0.361438
-0.11349
-0.375411
0.235973
-0.126033
-0.223063
-0.119045
0.252608
0.0600709
-0.370893
-0.330519
-0.248439
0.16677
-0.22921
0.218604
-0.409446
0.411721
-0.495996
-0.218564
-0.357604
-0.0916949
0.283493
-0.020799
-0.0246737
0.383718
0.394662
-0.202269
-0.442525
0.119037
-0.0249668
0.0460675
0.200848
0.838444
-0.0063561
-0.0409316
-0.081465
-0.078341
-0.494097
-0.011784
0.275293
-0.448822
-0.179762
0.000996753
-0.319455
-0.146671
0.115454
0.284744
-0.0270345
0.230992
0.361748
0.244093
-0.116892
-0.281803
-0.316498
-0.0167094
0.664728
0.342806
0.41701
-0.15705
0.275274
-0.0879132
0.299417
-0.341669
-0.0673218
0.553279
0.310552
-0.277851
-0.460548
0.287325
0.324916
-0.160718
0.21067
0.190443
0.0267446
0.188357
0.136427
0.457292
0.290916
0.364047
0.279362
-0.277341
-0.356129
0.0698387
0.392227
-0.423641
0.408101
0.478939
0.3689
-0.0766868
0.192769
-0.326852
-0.0417257
0.478867
-0.374144
0.413403
-0.076649
-0.0817799
0.0211457
-0.280891
0.0328186
0.165774
-0.368308
0.171685
-0.174386
-0.266721
-0.355648
-0.180336
0.134587
-0.422806
-0.259493
0.0846507
-0.251529
-0.0560951
0.339517
-0.0375448
-0.170029
-0.44144
-0.312242
-0.404696
-0.157482
0.741412
0.326635
-0.0611721
-0.252693
0.141258
-0.141963
0.224583
-0.125118
0.152377
-0.0583097
0.314901
0.0246212
0.141635
-0.525381
0.326317
0.040909
0.311838
-0.268327
0.419577
0.246954
0.107471
0.303601
0.0587141
-0.0222953
-0.308874
0.442137
0.527535
-0.0768455
0.252563
-0.128645
-0.129296
-0.000443505
0.393273
0.394827
0.0732389
0.213748
-0.0531446
0.114839
0.0909194
-0.0239186
-1.75952
-0.103537
-0.0495326
-0.0854895
-0.0252428
0.134073
-0.0619794
0.029073
-0.110708
0.0106088
0.0392908
-0.114603
0.121012
-0.0727288
-0.0343354
-0.145816
0.299239
-0.0351259
-0.110724
-0.0948371
0.0153336
0.136636
-0.00154349
-0.152926
-4.5892
0.0900325
0.200651
0.10393
0.0449774
0.323365
0.069333
-0.436435
-1.00679
0.37283
-0.532954
-0.0686539
0.153503
-0.559827
0.0435739
-0.396455
0.259554
-0.15015
0.151244
-0.263016
0.106944
0.0831462
-0.217512
-0.29914
0.0729394
-0.177308
-0.420488
0.306014
-0.158357
-0.509661
-0.114641
0.281712
0.451244
0.22858
0.279298
-0.437249
0.341815
0.197328
0.0843722
-0.122153
-0.669698
0.0587335
-0.544324
0.21204
-0.160445
0.0150609
-0.244373
-0.0562297
-0.138615
0.312722
-0.132062
-0.432709
0.0554793
0.220918
0.234664
-0.333868
0.355943
-0.231304
-0.31907
0.415499
0.259687
0.0344144
0.248631
0.638331
0.725014
-0.394199
0.0107251
-0.44586
-0.235309
-0.0397789
0.335527
0.0198407
-0.184017
0.0436477
0.00498091
-0.197492
-0.0105275
-0.0329617
-0.224917
0.0311655
0.15285
-0.00292173
0.111099
-0.37266
0.134911
0.0554299
-0.253841
-0.000990029
0.187981
0.028318
-0.221545
0.0856166
-0.101585
0.150713
0.31621
-0.145223
1.72652
0.283247
0.235969
-0.0531247
-0.294925
-0.162688
-0.336612
-0.230278
-0.527172
0.0540767
0.00735203
-0.0605192
-0.490391
-0.435314
-0.193545
0.142247
-0.00169068
-0.187972
0.123863
0.194052
0.402028
0.188462
0.0637596
-0.221817
0.474218
-0.0185402
0.426605
-0.0557086
-0.302119
0.0363795
-0.135962
0.284227
-0.143899
-0.46307
-0.170959
-0.199067
-0.185745
0.405382
-0.320694
0.109652
-1.83161
-0.00874691
-0.0794179
0.293149
-0.0367638
-0.666248
-0.235738
0.117049
0.106421
0.366957
0.179368
0.0920355
-0.139037
-0.294623
0.328695
-0.247622
-0.0925985
0.180568
-0.157391
-0.0336339
-0.0280937
0.217861
-0.0918359
0.0969237
-0.968408
-0.16565
-0.380221
0.0724803
-0.180216
0.348119
-0.217032
-0.0909955
0.729757
-0.00568429
0.418975
0.376296
-0.343439
-0.1976
0.136332
0.030247
0.105205
-0.315396
-0.223391
0.407763
-0.213122
0.306279
0.373998
0.512531
0.159505
-0.0775571
0.324989
-0.314095
-0.141605
0.374718
-0.322474
-0.430398
-0.141572
0.397744
0.169087
-0.293253
0.322551
-0.00969177
0.276572
0.343904
0.296386
0.451161
0.120563
0.466954
-0.38581
-0.218646
0.409273
0.214174
0.434638
-0.2552
-0.283527
-0.153498
-0.396254
-0.258401
0.213254
0.467475
-0.353934
-0.296879
0.458426
0.165833
-0.229807
0.0844964
-0.223164
0.100207
0.574223
0.31156
-0.0721408
0.31929
0.229698
-0.218099
0.18766
-0.158972
-0.652921
0.133619
0.326846
0.426196
-0.444142
-0.540514
-0.100018
-0.166334
-0.394097
0.0993699
0.292528
0.353248
-0.0398517
0.242756
0.362093
-0.48765
-0.250988
0.10584
0.30586
0.0648468
0.367428
-0.128474
-0.510494
0.25678
-0.831439
0.282818
-0.28574
-0.295388
-0.447025
0.0450202
0.0876622
0.344817
-0.172642
-0.183076
0.281888
-0.0128973
-0.387459
-0.000349312
0.361076
0.236949
-0.00798228
-0.108567
0.263274
0.177596
0.0731267
0.197996
-0.0715951
0.0888311
0.123042
-0.307532
0.47118
0.311858
0.0289865
-0.220593
-0.148025
0.150695
0.699176
-0.13733
-0.370628
0.309972
0.100366
0.225717
0.0651617
0.363511
0.0742422
0.389359
0.31168
0.354381
0.312044
0.045539
-0.161103
0.148236
0.404963
0.141711
-0.352546
-0.00374057
0.3241
0.276492
0.500094
-0.337582
0.464744
-0.370602
0.524458
0.211287
0.239051
-0.443691
0.2147
0.445105
0.317377
0.12168
0.179504
-0.391718
0.364586
0.14129
-0.0314613
-0.272577
0.127639
-0.103046
0.473089
-0.30761
-0.400077
0.240791
-0.337853
0.0150878
-0.26658
0.268589
-0.157964
-0.188359
0.245842
-0.219767
0.391844
0.222489
0.275089
-0.284881
-0.21069
0.433212
-0.145705
-0.355166
-0.346548
-0.141841
-0.619226
-0.313297
0.204649
-0.00406145
-0.0777111
-0.257835
-0.0133853
0.35259
0.220782
-0.0403121
0.463982
0.0236169
-0.149518
0.189684
0.101878
0.530865
-0.396211
0.530172
0.103289
-0.369288
0.23753
0.326476
0.276186
0.204682
0.287129
0.360323
-0.136788
0.378249
0.1035
-0.393473
0.366913
0.372006
0.221401
-0.206374
0.183249
0.115803
-0.0823595
0.288115
-0.377596
-0.217335
-0.506162
-0.161932
-0.116175
-0.0502413
0.166419
0.257635
-0.467739
-0.365231
0.0372031
-0.172384
-0.154195
0.0412857
0.141413
-0.47895
0.0522054
-0.188826
0.242339
-0.016897
-0.0170589
0.284241
0.0680408
-0.291324
0.107034
-0.157406
-0.0125812
-0.320416
0.30297
-0.502779
-0.382474
0.0986224
-0.111686
0.285972
-0.0927461
-0.0589023
-0.106254
-0.251045
0.147666
-0.0526588
-0.196033
-0.202399
0.23303
0.280351
-0.0297362
0.390545
-0.41218
0.575053
0.0952012
-0.237042
0.22711
-0.127189
0.271968
0.313986
0.336266
0.0940569
-0.015363
-0.197984
0.00208526
-0.405186
0.11396
0.17264
0.0432251
0.00143918
-0.0156079
0.016754
-2.10209
-0.0286202
-0.0602389
0.00793595
0.0488606
-0.0632988
0.0252874
-0.0179461
0.0291114
0.00420605
-0.0939088
-0.124197
0.255963
-0.0168314
0.0173788
-0.26464
0.195855
-0.106853
0.319741
0.0801887
0.0207745
-0.29489
0.242277
-0.185039
-3.74309
0.420547
0.0787496
-0.222666
-0.388913
-0.1333
0.169883
-0.0485261
-0.408534
-0.207354
0.0651535
-0.420719
0.0166219
0.104842
-0.164931
-0.210683
-0.101442
-0.1966
-0.294185
0.414275
-0.449573
-0.00853336
0.27516
0.373719
-0.318026
0.281656
0.160689
0.073137
0.311625
0.354613
-0.441861
-0.373102
-0.72094
-0.0857234
-0.158538
0.480312
0.218876
0.0254457
0.221928
0.0143907
-0.315467
0.148433
0.225051
-0.140829
0.188354
-0.325533
-0.350283
0.194304
0.0202442
0.327079
0.54129
-0.134934
-0.516551
-0.0284177
0.0950983
-0.236677
0.369449
0.292233
0.0149065
-0.409682
-0.28653
0.472864
0.158912
0.137701
0.281347
-0.115483
-0.0323958
0.221223
0.195056
-0.128167
-0.149253
-0.121855
-1.16146
0.127291
-0.196233
0.156281
0.0407944
0.0735073
0.0664216
-0.295412
-0.0995006
-0.0694714
0.030948
0.164077
-0.166134
-0.968252
-0.22271
0.353332
-0.321195
0.0980465
-0.0329349
-0.304393
-0.156849
-0.490322
-0.302727
-0.317046
-0.765739
-0.0227643
0.164688
0.171114
0.387358
0.00256335
-0.0237544
-0.234744
-0.526678
0.0640717
-0.474779
0.0499849
0.287695
-0.106827
-0.0443491
0.00631523
0.176456
-0.450958
-0.031085
0.179392
-0.356885
0.167907
0.325871
-0.197084
-0.214058
-0.0371188
-0.174797
-0.171603
-0.255045
0.0483248
0.189884
0.326355
0.088053
-0.240717
-0.165429
0.298847
0.0308143
0.0137971
-0.180239
0.1956
1.25872
-0.132909
-0.128374
0.00794849
0.120857
-0.0716265
0.254777
-0.143874
0.100215
0.184507
0.0523045
-0.137181
-0.14739
-0.223095
0.166401
-0.181111
-0.228789
0.140846
-0.304707
-0.35945
0.23447
-0.291017
-0.0287365
0.448079
1.72372
0.106239
0.00596381
-0.137858
0.215173
0.168695
-0.284392
0.072667
-1.37968
0.11968
-0.158839
0.390131
0.0486435
-0.00077112
0.260889
0.0124381
-0.0355753
-0.0908667
-0.212624
-0.0293147
0.273459
-0.241141
-0.038861
0.480425
0.0454021
0.30893
0.067485
-0.298205
-0.324396
0.43806
-0.197562
-0.690053
-1.65218
0.223409
0.357598
0.304934
0.252273
0.128845
-0.363365
0.254009
0.573113
-0.540058
-0.423908
0.398094
-0.266924
-0.273795
-0.0887185
-0.269729
0.0404613
-0.118435
-0.54704
0.224931
0.410805
0.132576
-0.0387341
-0.33948
0.0732474
0.193829
-0.0025874
0.31142
-0.326413
0.291828
0.197895
0.0563339
0.66774
0.232089
0.177742
0.508139
-0.199839
0.0769092
0.172815
-0.347822
-0.346875
-0.0423553
0.0433379
0.17617
-0.394905
-0.388168
-0.157858
0.577825
-0.0216952
0.131905
-0.235979
0.391471
-0.303345
-0.0591518
-0.231144
-0.158322
0.444676
-0.2775
0.36205
-0.0607292
0.44073
-0.264684
0.399165
-0.523735
0.115476
0.402312
0.157771
-0.398585
-0.0784935
-0.00317223
0.272857
0.243891
0.163722
-0.198133
-0.408421
-0.142713
0.0919492
0.243174
0.20926
0.120648
-0.227207
0.345189
-0.503145
-0.185075
0.308167
-0.268763
0.285467
-0.246596
-0.152062
0.204259
-0.311388
0.257884
0.328892
-0.179185
-0.00355066
-0.202857
1.01402
-0.484221
-0.306147
-0.0269752
-0.335816
0.24448
0.303606
0.379934
0.134879
-0.273029
-0.341042
-0.32779
0.378691
-0.100335
-0.40788
-0.353993
0.22316
-0.316523
-0.266071
0.071343
0.250026
-0.118193
0.326789
-0.239333
0.346467
0.0835888
-0.250043
0.106218
-0.00126861
-0.0478874
-0.250945
-0.43278
-0.423508
-0.440959
-0.180089
-0.47876
-2.41018e-05
-0.580764
-0.124528
0.0436397
0.010367
-0.285011
-0.0161682
0.439676
-0.293034
-0.162924
0.157446
-0.242179
0.286131
0.377127
-0.294962
0.409982
-0.198065
-0.486515
-0.357826
0.241435
0.225501
-0.538106
0.165084
0.0457734
0.0644486
0.141564
0.29191
-0.504393
-0.248467
-0.192842
-0.253116
-0.192757
-0.168618
-0.220798
0.703752
-0.0903468
0.465295
0.466121
0.49749
0.234372
0.791881
0.0242151
0.302871
0.0375137
0.0504296
0.00337729
-0.0468158
-0.302752
-0.066892
-0.141707
0.165736
-0.185295
-0.083767
-0.381063
-0.0912505
0.70831
-0.0666445
-0.528079
-0.77656
-0.0915287
-0.000589364
-0.582462
0.0373718
0.436424
0.326465
0.385353
-0.301474
0.250783
0.279191
-0.19412
-0.274278
0.107199
0.323083
-0.339716
0.0845174
-0.33769
-0.0335877
0.328014
-0.481297
-0.017483
0.230434
0.499887
-0.237897
0.300171
-0.395342
0.415355
0.355646
0.301608
0.252374
-0.247225
0.00177537
-0.448637
-0.220068
-0.220524
-0.261893
-0.282903
0.131373
0.120322
-0.505397
-0.529486
0.185626
0.226231
-0.123883
-0.603262
-0.503387
0.300217
0.106061
0.326576
-0.366536
-0.055044
-0.305155
-0.385013
0.129848
-0.262283
-0.536187
-0.224009
0.319528
-0.282345
-0.44229
-0.123956
0.373961
-0.413622
-0.0463523
0.20585
-0.090071
0.365342
-0.39104
-0.426937
-0.366901
0.21329
0.120358
0.599419
-0.00827586
0.0959194
0.201911
0.432993
0.109812
0.11674
-0.483593
-0.410421
-0.168163
0.290608
-0.215447
0.157677
-0.311316
-0.0117661
-0.106766
0.212484
0.22939
0.444817
-0.000932455
0.314095
-0.202175
-0.396707
-0.335588
0.125132
0.665829
-0.229182
0.244008
0.14338
-0.415817
0.279118
0.069679
0.348336
-0.186441
-0.245628
0.237515
-0.270686
-0.181193
-0.58313
-0.330838
-0.228807
-0.388952
-0.0829568
-0.136733
-0.338497
-0.148106
-0.00283735
-0.103627
-0.140575
0.206602
0.372301
0.0998226
-0.413544
0.435762
0.40646
0.371706
-0.577588
-0.529107
0.225689
-0.26285
0.185378
0.206083
-0.638148
0.0741128
0.140578
0.224399
0.0147122
-0.594834
0.196806
0.3549
-0.232272
-0.368199
0.398315
-0.0371455
0.0104573
0.198802
-0.0774969
-0.2136
0.553948
-0.164781
-0.499967
-0.504292
-0.0529158
-0.178121
-0.292722
0.220955
-0.194998
0.502403
-0.331611
-0.413162
0.0926039
-0.188296
0.131288
0.112761
0.370037
-0.296587
-0.291852
-0.233871
-0.214828
-0.217201
0.168385
-0.191278
-0.403787
0.371476
-0.200094
-0.19976
-0.0947283
-0.347793
-0.143771
-0.0356184
0.149588
0.114955
0.0869146
0.0152315
-0.617692
-0.115388
-0.601255
-0.356684
0.205134
-0.321415
-0.476864
0.286428
0.0774976
-0.120114
0.135704
-0.277374
-0.354564
-0.0842901
-0.586097
0.191113
-0.168392
-0.121164
-0.416611
0.483084
0.487506
-0.694213
-0.0920164
0.430203
0.118527
-0.442973
-1.00594
-0.10333
-0.342545
0.302363
0.0351378
-0.582558
0.352629
-0.0436372
0.356555
0.0675732
0.219482
0.623102
-0.129676
0.175409
-0.470053
-0.295363
0.384943
-0.23123
0.0884637
0.112951
0.534928
-0.324771
-0.311977
0.240846
0.0814347
-0.44257
0.0536397
0.267406
0.301942
0.378724
0.0943498
0.45458
0.380117
0.152885
0.416153
0.427155
0.233504
0.317395
-0.135945
0.0810823
0.202049
-0.0986791
-0.39979
0.359225
0.27593
-0.292314
0.033445
-0.368587
-0.098768
0.140894
-0.443942
-0.313101
-0.057536
0.619834
-0.492935
-0.0558328
0.157679
-0.0179941
-0.0306549
0.464269
-0.480917
-0.216517
-0.166139
-0.396715
-0.26533
-0.450103
-0.404089
-0.136502
-0.142169
0.271623
0.306346
-0.170809
0.157199
-0.39815
0.256982
-0.110268
-0.0750322
-0.246407
0.305953
0.448892
0.102316
-0.275507
-0.359694
-0.0341287
-0.0486978
0.387914
-0.241405
0.548681
-0.347688
-0.221997
-0.241583
-0.0456771
-0.441479
0.280245
0.0401029
0.00293188
-0.232079
0.40462
0.331065
-0.340941
-0.403546
0.31846
0.245889
0.488923
-0.304662
0.0507049
-0.285852
-0.366249
-0.395259
0.234265
0.0187986
0.247974
-0.322155
-0.319333
0.508105
-0.316944
-0.253989
-0.223419
-0.00512739
0.330865
0.394484
-0.456369
-0.190343
0.187032
0.192215
0.478008
0.562511
0.315003
0.375289
-0.105621
0.318587
0.468769
-0.92747
0.0749571
0.136487
-0.27174
0.102513
0.0517652
-0.161304
0.135438
0.137151
0.363616
0.339484
-0.373625
-0.317719
-0.304952
-0.0302683
-1.01668
-0.532718
-0.088692
0.268008
-0.184948
0.417623
-0.517784
0.549663
-0.154511
0.0998576
-0.192556
0.354691
0.356253
-0.168591
0.277212
0.0874158
0.324164
0.426902
-0.47758
0.187768
0.142834
0.387596
0.383183
-0.442171
-0.337454
0.409939
0.304595
0.243494
0.101513
0.0586573
-0.121118
0.0516347
0.203226
-0.621033
-0.0111767
-0.00726095
-0.479096
-0.257005
0.259797
-0.000307883
0.166177
0.079746
0.281042
-0.310801
0.467922
-0.17998
-0.448718
0.0900988
0.289246
-0.552242
-0.0831603
0.510129
-0.0786699
-0.446695
-0.665539
0.0832437
-0.296589
-0.16495
-0.274557
0.222106
-0.337128
-0.172836
0.149213
0.0816206
0.315431
-0.394574
0.607911
0.353231
0.229777
0.239958
-0.31022
0.0823551
-0.314853
0.0694465
-0.180017
-0.490885
0.164457
-0.392925
-0.176029
-0.114536
-0.362443
-0.2626
0.0438354
-0.139254
0.251186
-0.095345
-0.151066
0.221879
0.149725
0.353473
-0.239387
0.474207
0.258827
0.516143
0.171189
-0.395385
0.194498
0.162536
-0.169872
0.165016
-0.111703
-0.375503
0.355026
0.350312
0.172565
-0.467546
-0.0143677
-0.415882
-0.355015
0.197414
0.101592
0.111882
-0.362496
-0.305384
-0.161045
0.226411
0.127117
-0.48127
-0.245312
-0.423509
-0.503299
0.095208
0.08733
0.55113
-0.447449
-0.293435
-0.392936
-0.0607186
-0.0225441
-0.0363703
0.374741
-0.0771092
0.10119
0.294648
0.0122872
-0.0345874
-0.422959
0.153189
0.255759
0.163464
0.0943111
-0.182356
0.323569
0.0122354
0.553431
0.294643
0.195453
0.239987
0.281337
0.428089
-1.7965
0.210117
0.221492
0.715086
0.136972
-0.342836
0.186392
-0.0989845
-0.45809
-0.07503
-0.490167
-0.238427
0.332438
0.180949
-0.0412461
-1.43061
-0.034678
0.528688
-0.267997
0.159974
0.512562
-0.611749
0.630504
-0.0479781
0.551335
-0.388781
-0.074206
0.163647
-0.464757
0.00150282
0.0215128
0.0513514
-0.294182
0.180765
-0.402066
-0.0585346
-0.254748
-0.412354
0.0458646
0.159182
0.306644
-0.353162
-0.243895
-0.362568
0.255205
-0.352734
0.00835971
-0.500664
0.10967
-0.407731
-0.448206
-0.375501
0.173822
0.120274
0.391659
-0.133231
0.321806
0.244311
0.0470095
0.0897654
-0.573477
-0.18251
0.304542
-0.247163
-0.265966
-0.264283
1.10241
0.181822
-0.449425
0.163233
0.216892
0.0924666
-0.110003
-0.0506382
0.0544299
-0.267861
-0.25214
-0.243903
0.188675
0.330445
-0.346556
0.736696
-0.345378
-0.208972
0.0150533
-0.0330952
-0.216927
0.309708
-0.437966
-0.151227
-0.366773
-0.18309
-0.185084
-0.0887192
-0.29381
-0.412757
-0.343671
-0.0278861
0.171733
0.106867
0.103369
0.23029
-0.597026
0.234562
0.0590693
-0.0244252
0.00904277
-0.203306
-0.163823
-0.143921
-0.385656
-0.615998
0.0176575
-0.12031
-0.135251
-0.125514
-0.081695
0.31109
-0.262598
-0.770647
0.309956
-0.396226
0.355263
-0.34409
0.467764
-0.136677
0.117312
0.204293
0.421339
-0.287489
0.0505303
0.358842
-0.287008
0.381245
-0.314227
0.16539
0.527623
0.305845
0.00908126
0.142753
0.240759
0.439057
0.424448
-0.0681146
-0.530702
-0.404812
-0.344587
0.125919
0.0380454
0.444395
0.308997
0.547243
-0.271668
-0.00219961
0.414959
-0.327055
0.258147
-0.193703
-0.0561362
0.369301
0.380784
0.181938
-0.512947
-0.256656
0.0676433
0.5917
0.387362
-0.46714
-0.55067
0.0931942
-0.155288
-0.0613987
-0.182508
0.252847
0.0592209
0.0508069
-0.132497
0.185613
0.154335
0.443233
0.585853
-0.302085
0.253063
-0.309952
-0.308677
0.171892
0.0751711
0.0904941
-0.333621
-0.502255
-0.318968
0.279904
-0.0789203
0.206214
0.122018
0.442405
0.279172
-0.195002
-0.503756
-0.265936
-0.284349
0.437283
-0.218601
0.201137
0.305502
-0.197373
-0.303153
0.0409264
-0.443528
-0.00281923
-0.213747
-0.392501
-0.00650776
-0.613682
0.323406
0.510622
-0.438658
-0.460602
-0.17362
0.0616223
-0.361334
0.351945
0.265889
-0.00726334
0.108767
-0.198629
0.34647
0.419895
-0.339442
0.251903
0.277228
0.0554722
-0.48062
-0.390034
0.096594
0.0384208
-0.0768787
-0.284127
-0.175199
-0.292519
0.198628
0.159025
0.48194
-0.00885663
0.416074
0.0872865
-0.132712
-0.247434
-0.339493
0.074926
-0.0529942
-0.258369
0.159091
-0.472537
0.0879587
0.0810068
-0.282146
0.456398
0.556733
-0.367257
0.201958
0.140009
0.0337814
-0.0672188
0.866298
-0.0884842
-0.439023
-0.258118
0.186988
0.0273912
0.217817
0.0916318
-0.389438
-0.365769
-0.461209
-0.0078149
-0.113868
-0.0506389
-0.155083
0.553388
0.230123
0.190626
0.268856
-0.350125
-0.217927
-0.351855
-0.0989158
-0.252969
-0.288539
0.464803
0.324629
0.210309
0.343959
-0.100013
0.3424
0.450433
-0.284509
0.512082
-0.267036
0.0168994
0.205226
0.345175
0.228254
0.471065
0.27052
-0.490684
-0.308626
-0.322209
0.205036
-0.156084
-0.00315386
-0.181308
-0.0353221
-0.264113
-0.0246508
-0.0690303
-0.297086
0.292358
-0.237428
-0.255912
-0.0750299
0.452335
0.26093
-0.224307
0.131359
0.0700261
0.0480014
0.188211
-0.410461
0.35296
-0.0900904
-0.322585
0.00456299
0.125633
0.0272482
0.299306
0.340873
-0.0211627
-0.0686794
-0.282752
0.408919
-0.106387
0.116486
0.103771
-0.0785042
0.164195
0.260736
-0.190123
-0.221655
0.199206
-0.0766556
-0.54902
-0.0183679
0.194883
0.430646
-0.400034
-0.216055
0.0955748
0.226726
-0.317799
-0.406776
-0.156868
0.286117
0.0347822
0.297476
-0.160457
-0.340336
0.300818
-0.269975
-0.562375
-0.186068
0.127906
-0.231004
-0.568343
0.31983
-0.26742
-0.345817
0.238545
-0.35856
-0.379401
-0.191525
0.173099
-0.271098
-0.352812
-0.266901
-0.216878
-0.327426
-0.155606
-0.466606
-0.225577
0.0363257
0.312106
-0.165692
-0.443563
0.409981
0.29457
0.182282
-0.478846
0.272139
-0.375698
-0.168765
0.342743
-0.139865
-0.191694
0.318401
0.254113
-0.235348
0.0834235
-0.667457
-0.391609
0.271285
0.437894
-0.115767
0.190988
0.128115
-0.103415
-0.491762
-0.290706
-0.452048
-0.0778029
0.161006
-0.259147
0.1634
0.154332
-0.174025
0.0193679
-0.198845
0.0973017
-0.0155466
-0.412259
-0.164413
0.284628
0.45976
-0.362428
-0.308994
0.235932
-0.147944
-0.299675
0.156812
-0.112663
-0.124021
0.00622767
0.0549657
-0.0779866
0.257337
-0.247488
-0.0661135
0.492074
-0.47089
0.210405
-0.304435
-0.471853
0.406068
0.251635
-0.0989291
-0.160496
0.272216
-0.115701
0.150203
0.158612
0.240804
-0.0710344
0.346995
-0.331041
0.591088
-0.703296
-0.158506
-0.0537681
-0.106308
0.317841
0.367693
0.176835
-1.0047
0.0899548
0.379441
-0.39956
-0.397021
0.20344
0.00688579
-0.153471
0.56633
0.216855
0.0422481
-0.318745
0.0599372
0.0669954
