#input normalization
0.161104 0.275352
82.8334 82.4612
8.6125 36.3426
7.41828 31.0727
0.0104801 0.044774
0.00821744 0.0347559
0.564818 1.48093
0.795869 1.50863
1.10038 1.73119
1.41277 1.97868
1.75552 2.22052
2.08751 2.45795
2.40622 2.68133
2.72523 2.88225
3.03084 3.05648
3.31412 3.186
3.58281 3.27987
3.83858 3.35045
4.07283 3.38738
4.2536 3.37307
4.41487 3.3303
4.55369 3.25422
4.6588 3.16101
4.72377 3.04432
4.77386 2.90532
4.76856 2.74
4.73577 2.55593
4.68896 2.35847
4.5651 2.12719
4.43679 1.89423
4.29803 1.66325
4.14893 1.44562
3.97396 1.23507
3.79515 1.0317
3.60256 0.83438
3.40957 0.648641
3.21656 0.474682
3.04105 0.31612
37.2451 49.5352
7243.21 4702.56
#output normalization
1 0
#neurons weights
-0.334027
-0.457696
0.195817
0.215462
0.106725
-0.476398
-0.355102
0.25032
0.0380652
-0.0876274
-0.0504784
0.0707956
-0.291959
0.408593
-0.0744543
0.367468
-0.257861
-0.180586
-0.475461
0.111129
0.456039
0.42313
0.0668439
-0.461822
0.459713
0.493523
-0.0198541
-0.0474527
0.0626415
0.159942
-0.0599592
0.263869
0.0988855
-0.291385
-0.212456
0.443055
0.321642
-0.256407
-0.2775
0.430453
-0.337433
0.293128
0.294922
0.0843153
0.229401
-0.419952
-0.246169
-0.374031
-0.0471037
-0.535933
0.514189
0.314494
0.479286
-0.269511
-0.178157
0.50898
-0.317377
-0.182524
0.286401
-0.336251
0.386984
-0.0257744
-1.9374
0.112671
0.136975
0.144259
-0.425045
0.20695
0.255861
-0.218739
0.120273
-0.526737
-0.250018
1.15184
-1.50644
-2.71275
-0.479609
-0.511299
0.536608
-0.250671
-1.14463
0.319605
0.199179
-0.305507
0.363819
0.419153
-0.488163
-0.0607214
-0.304005
-0.467188
-0.222518
-0.00705102
0.618313
0.386507
-0.552918
0.528182
0.35939
0.265287
-0.423046
0.0690613
-0.105451
0.38934
0.0474527
-0.510028
-0.476582
-0.437267
0.0937632
1.02564
0.31161
-0.629392
-0.212477
0.0735264
-0.222817
-0.816774
0.269842
-0.0206695
-0.027085
-0.216653
-0.188644
0.0735632
-0.301362
0.680645
#synapses weights
0.231633
0.118589
0.4121
-0.0040231
0.419903
-0.078873
0.320959
0.328526
0.140397
0.332417
0.428262
-0.292241
0.163415
-0.105344
0.525037
-0.0289523
-0.0263499
-0.248116
-0.242336
0.280784
-0.415838
-0.153286
0.496066
0.500902
0.481094
0.101276
-0.406578
-0.350767
-0.330127
0.0912522
0.3812
0.350754
-0.338376
0.354701
0.317265
0.3281
0.35278
-0.0488117
0.121564
0.182978
0.425848
-0.407362
-0.0509147
-0.351233
-0.126979
0.11865
1.05203
0.169544
0.066355
-0.0313007
-0.353972
0.0428167
-0.594365
0.27799
0.289266
0.185201
0.108682
0.157074
-0.327399
0.338969
0.380071
-0.119051
0.147683
-0.294813
0.404996
-0.478953
0.147173
-0.281291
0.266028
-0.121076
-0.0899425
0.138299
-0.284725
-0.0497309
-0.054566
0.216179
0.115435
-0.452601
-0.633151
0.358162
0.107557
-0.0330338
0.139875
-0.26665
0.371456
-0.0644
-0.445615
0.0598462
0.125894
0.167723
0.375893
0.308655
0.0628618
0.179037
-0.279091
-0.49471
0.32417
-0.0664303
0.0238857
0.454611
0.219496
0.00334309
-0.0967312
-0.12224
-0.309293
0.494222
-0.0557675
-0.151826
0.458211
0.00114079
0.158542
0.331588
-0.0222925
0.537327
-0.12445
0.0461587
0.2612
-0.15277
-0.0706181
1.21634
0.324431
0.432412
-0.138383
-0.28924
-0.164233
0.0611142
0.539786
-0.343304
0.185541
0.372826
0.347334
-0.236457
0.241278
-0.295825
-0.307482
-0.290871
-0.0710004
0.152573
0.109093
0.00816941
0.292226
0.49278
-0.400786
0.0320132
0.289425
-0.101044
0.0427746
-0.22519
0.315418
-0.0200605
0.474554
0.343918
-0.274447
0.0167809
-0.321228
0.280713
0.442778
0.10542
-0.29749
-0.353971
0.468365
-0.0824387
0.394702
0.437881
-0.0875161
0.0657662
-0.244718
-0.323351
-0.420849
0.115557
0.396483
0.3511
-0.0757555
-0.0846529
-0.321448
-0.120624
0.288104
0.422996
-0.103616
0.0232344
-0.317135
0.436662
-0.29619
-0.148446
-0.368638
0.121164
-0.212024
0.360634
0.466494
0.381226
0.0927277
0.441906
0.132593
0.530097
-0.341727
0.33087
0.414434
-0.405432
0.198104
-0.440324
0.03721
-0.0478343
-0.265932
0.0203436
-0.233378
0.400351
-1.07354
0.47031
-0.214019
0.202967
0.299395
0.186623
0.295995
0.0447249
-0.249072
-0.0405254
-0.324162
0.11706
0.154654
0.168141
-0.0995545
0.288442
0.323757
0.15396
0.223008
-0.322498
-0.243429
0.137532
0.277079
0.343164
-0.294354
0.381504
-0.125861
0.417475
0.0652227
0.335661
0.419928
0.162997
-0.244359
-0.100683
0.332912
0.300371
-0.288406
0.122413
-0.0981952
-0.429763
-0.0509906
-0.25671
0.238298
-0.222419
-0.122663
-0.0786247
0.184488
-0.281202
-0.29276
-0.0951118
-0.10403
0.326202
0.0351345
-0.377472
0.167874
0.119886
-0.568257
-0.51582
-0.0881898
-0.0474577
-0.231387
-0.515786
0.187676
-0.17446
-0.229996
0.0242381
0.185932
0.199139
-0.0924876
0.0286106
-0.290018
-0.45
-0.0278464
1.17826
0.299724
-0.339014
0.261082
-0.0842488
0.101328
0.0461553
-0.387708
0.121625
0.0659589
0.267362
0.108029
-0.324097
-0.20918
0.595788
-0.309549
0.428463
0.456885
-0.178384
0.421925
0.0340546
-0.0664778
-0.202099
-0.209285
-0.239743
0.156371
-0.0627279
0.378731
-0.0507317
-0.228489
-0.0807927
-0.160036
-0.18205
0.56739
-0.141223
-0.26043
0.287978
0.382809
0.51515
-0.46222
0.523944
0.193335
0.129909
0.097747
0.609831
0.228763
-0.398974
0.200716
0.123382
-0.269122
-0.275064
0.348256
-0.242259
0.0795982
-0.0233974
-0.222654
0.227126
-0.414201
-0.137995
-0.243013
0.101089
0.177994
-0.369128
-0.10085
0.124804
-0.204637
-0.350512
-0.0762041
0.0221796
-0.0259276
-0.401576
-0.365396
0.288739
-0.412516
-0.506348
-0.0846627
-0.343854
-0.361942
0.199742
-0.222899
0.688838
-0.0694622
0.341566
-0.0720764
0.204044
-0.224623
-0.012387
0.691534
-0.00690079
-0.222672
-0.172341
0.0554226
0.166449
0.377754
0.126411
-0.329593
-0.0501095
0.0984111
0.333461
-0.186694
-0.21764
0.372851
0.0151572
0.105308
2.66042e-05
-0.390526
-0.403344
-0.160649
0.460369
0.0569441
0.264666
-0.0839352
0.110005
0.0189553
-0.0124312
-0.119499
0.157795
-0.0445632
0.231287
0.157615
-0.539937
0.169415
-0.0120488
-0.260408
-0.00925682
0.0756785
-0.248438
-0.807515
0.393282
-0.234037
-0.326477
0.384656
0.199866
-0.151524
0.0968652
-0.110315
-0.127487
-0.0171047
-0.443016
-0.225039
0.322562
-0.235441
-0.291153
0.256593
0.295076
-0.399154
-0.293812
0.255327
-0.249868
0.370498
0.0177818
0.0741806
-0.0970928
0.537134
0.141185
0.0947832
-0.159822
-0.327657
-0.25815
0.394329
0.686514
-0.324584
0.143653
0.0860691
0.0860391
-0.410621
-0.000758307
-0.0633875
-0.0198082
0.374024
-0.118985
0.133103
-0.0758285
0.176411
-0.278787
-0.067287
-0.121863
0.05924
-0.00228928
-0.062775
0.183435
0.0980053
-0.0674214
0.45433
-0.103049
-0.242439
0.341779
0.309122
0.228545
-0.0131777
-0.0802328
0.134053
-0.392351
0.131508
0.125885
0.277354
-0.327452
-0.317259
0.386089
0.257568
0.598234
0.0320514
-0.0229499
0.268496
0.105044
0.39906
-0.408564
-0.117511
0.0703239
0.303282
0.156082
0.417955
0.312275
0.144727
-0.358698
-0.295222
-0.0527428
0.383503
0.455951
0.279721
-0.255399
0.431754
0.265068
-0.139944
0.398045
-0.383969
0.15331
-0.0214228
0.335451
0.103759
0.0765071
-0.149874
0.313636
-0.0261026
-0.367993
0.547806
0.224267
-0.41079
-0.396579
-0.101381
0.617186
-0.326743
-0.362314
-0.500999
0.396372
0.171103
0.187832
-0.596092
0.357374
-0.138356
-0.0249739
0.28011
0.00573355
-0.253734
0.286087
-0.323589
0.0895979
0.160227
0.222633
-0.256995
0.324831
0.319896
-0.232758
-0.0894865
-0.191905
0.327039
-0.208053
0.303008
0.376349
-0.0522242
0.241182
-0.334137
-0.35523
0.106669
0.142187
0.291636
-0.147801
0.251489
-0.305199
0.44856
0.547343
-0.141983
-0.19637
-0.292999
0.0694466
0.326962
0.183884
-1.32197
-0.211838
-0.141961
0.0226064
0.286409
-0.186239
0.381476
-0.0206105
-0.216889
0.241038
-0.224791
-0.0439632
0.328045
0.0211191
-0.112157
-0.163785
0.0265009
0.214338
0.144859
0.442468
0.338631
0.287489
0.0630574
0.206701
0.539192
0.659293
0.260456
0.332426
-0.0606529
-0.0635669
-0.0231798
0.0372583
-0.287946
-0.261988
-0.0761849
-0.271926
0.0865062
-0.532415
-0.213512
0.210551
0.195842
0.257522
0.0104006
-0.212867
0.28681
0.478561
0.120167
-0.0159143
0.476929
-0.126489
-0.234555
-0.408911
0.314734
-0.163597
0.399318
0.011641
-0.228643
-0.32647
-0.164301
0.0456397
0.420116
0.263318
0.0252533
-0.132853
0.250427
-0.373269
-0.26504
0.476735
0.519933
0.314398
0.0606588
-0.293067
-0.184735
0.141525
-0.0951146
0.349485
0.164053
-0.289814
0.221347
-0.169996
-0.161943
-0.450636
0.238349
-0.208794
-0.111967
-0.283208
0.457764
-0.0584094
0.275608
0.252072
-0.383795
-0.0386784
0.240928
0.0576506
0.16202
0.060874
-0.264143
0.133981
0.117553
-0.0439471
-0.184078
-0.0175021
0.0842978
-0.176244
0.156075
0.217494
-0.176351
0.30449
0.158941
-0.235817
0.259213
0.214176
0.218245
0.283993
0.189977
0.126582
0.27668
-0.453278
0.390532
0.0580991
-0.443306
0.436956
0.304237
0.448522
0.431451
0.272872
0.304482
0.0751787
0.117236
0.145717
-0.269378
0.00596606
0.359571
0.278394
0.38913
0.271823
-0.574159
0.249144
-0.402314
-0.0591646
-0.491567
0.461586
0.305999
0.337207
0.0592512
0.265405
-0.182682
0.482219
-0.0237188
0.142379
-0.0878274
0.1543
0.464228
-0.251734
-0.0567435
-0.0558126
-0.300742
0.319001
-0.141008
0.330762
-0.16302
-0.13765
-0.0260404
-0.226798
0.206722
0.525016
-0.280007
0.0577422
-0.373303
0.462169
0.0331089
-0.0244789
-0.208951
0.131334
-0.210399
0.245448
0.131732
-0.364842
0.133947
0.145202
-0.0115762
0.259778
0.430189
0.12049
-0.00774894
-0.116559
-0.477758
0.132884
-0.380725
-0.0428256
0.15788
-0.365096
-0.166163
0.835352
-0.0557351
0.345734
0.264083
-0.128172
0.105798
0.294917
0.330124
0.417888
-0.0721116
0.348944
-0.253576
-0.203938
0.0507868
-0.328984
0.106134
0.319436
0.0970327
0.400197
0.222193
0.298314
-0.0119461
-0.08726
-0.0799714
-0.322633
-0.314682
0.247459
-0.280681
0.143679
0.297442
0.266493
-0.0554759
0.231529
0.211125
0.262612
0.200903
-0.388547
-0.13447
0.125215
0.556245
0.51355
0.187491
0.298441
-0.0952164
-0.132539
-0.138325
0.399541
0.342967
0.143964
0.0533885
-0.388691
-0.447477
-0.0130609
-0.146558
-0.0251378
-0.108896
0.492738
-0.351299
0.377322
-0.531982
0.351565
-0.0229863
0.16319
-0.413929
0.0465845
0.40833
-0.0279516
0.347388
-0.22384
0.419007
0.325899
-0.124796
0.117757
-0.168844
-0.0548703
-0.236421
0.0101167
-0.257509
0.496877
0.573863
0.327009
0.330291
0.489209
0.296882
0.392423
0.39546
-0.111067
-0.108077
-0.167238
-0.553358
-0.311785
0.0903988
0.137322
0.585436
-0.191443
-0.343435
-0.289312
-0.027935
0.303923
-0.448015
-0.23645
-0.314998
-0.321321
0.48371
0.0530391
-0.361439
-0.19529
-0.324067
-0.00660044
0.318011
0.526981
-0.353731
0.28335
-0.0998275
0.477145
0.191507
-0.00499273
-0.367391
-0.270935
0.0185882
0.168341
0.452096
0.410759
0.132502
0.0492967
-0.238938
0.123496
-1.16924
-0.0132693
-0.0442977
0.0906333
-0.037758
-0.301438
0.217059
0.200929
-0.198426
0.0790894
-0.0454268
-0.0162037
0.193969
-0.387477
0.132264
-0.210063
0.391639
-0.170756
0.0576826
-0.0622082
-0.131464
0.20893
0.105153
-0.0759722
-0.255775
0.359118
-0.0231181
-0.0862659
-0.318549
-0.10237
0.227157
0.0716793
-0.297026
-3.86747
-0.335163
0.166749
0.0928615
0.457019
-0.142504
0.269003
-0.045978
0.238737
-0.0978117
-0.133748
-0.0896392
0.0348578
-0.0282224
0.163194
0.38023
-0.430135
-0.396305
0.575266
-0.371018
0.0391215
-0.0818815
0.418333
0.123404
0.00519439
-0.33462
0.223152
-0.0610274
-0.420933
-0.407793
-0.0179591
0.22218
-0.568855
-0.0201371
0.234326
-0.255609
-0.515676
0.292888
0.361122
0.419582
0.546755
0.288117
-0.0408119
-0.286861
-0.13111
0.607116
0.181238
0.171657
0.0846206
-0.223429
-0.0640332
0.362406
-0.363011
0.163664
0.427006
0.242118
-0.396737
-0.15707
-0.384092
-0.00873442
-0.127014
-0.475532
0.157685
0.401834
-0.289852
0.471637
0.419693
-0.0194523
-0.245677
0.148836
0.0282247
0.43196
-0.00609552
-0.0685789
0.350952
-0.294015
-0.100989
0.250663
0.26811
0.0738135
-0.328829
-0.168637
-0.324754
-0.126684
0.379617
0.105844
-0.49203
0.0367442
0.170431
-0.0388246
-0.301207
0.547573
-0.348547
0.511652
-0.202798
-0.0806394
0.0552035
-0.394248
-0.175644
-0.217362
0.0535629
-0.200039
0.030125
0.121744
-0.243492
-0.437704
-0.30988
0.0776849
-0.203249
0.0589271
-0.225285
0.0888742
-0.0691464
0.0456353
0.279149
-0.108858
-0.431897
0.155854
0.263562
0.403264
0.570486
-0.248089
-0.399933
0.458389
-0.0437806
-0.278442
-0.0700941
0.359401
-0.402846
-0.306635
0.159171
-0.142025
0.459722
-0.193834
0.423291
-0.103508
0.0937477
0.349893
0.428926
0.276847
0.332883
0.390623
-0.431452
-0.343564
0.205088
0.403975
-0.0261192
-0.416765
-0.289046
0.0920884
-0.223993
0.272183
0.0705662
0.211015
0.38832
0.363728
0.416687
0.306777
0.40102
-0.245316
-0.304341
-0.522392
-0.224871
0.192411
0.399789
-0.225853
-0.199133
-0.423557
0.376665
0.316733
-0.0362506
0.249848
0.486596
0.222888
-0.451314
0.417059
0.426523
0.0810903
0.145396
0.426324
0.103415
-0.40276
-0.302857
0.38583
0.30159
0.477614
0.119848
0.459147
0.488863
-0.175517
0.490041
0.109182
-0.0437765
0.300038
-0.155709
0.39139
-0.401751
0.511107
0.22858
-0.0615382
-0.139183
0.0870293
0.034562
0.223553
-0.206952
-0.158014
0.0675661
1.0582
-0.178102
0.030661
0.0217901
-0.0582567
-0.171221
-0.140596
-0.130117
0.0548946
-0.243451
0.0745698
0.186959
0.225049
-0.361427
-0.149972
0.3086
0.339611
-0.158515
0.0321943
-0.0913864
-0.124672
-0.0732173
0.332156
-0.0641431
-0.232553
-0.168212
-0.166133
0.252116
-0.0355469
-0.361751
0.471806
0.296869
0.0784396
1.48571
-0.455867
0.280517
0.0510135
-0.409978
-0.0409373
-0.342602
0.49439
-0.0859637
0.0484494
-0.229954
0.0280244
-0.256849
-0.405927
0.458949
0.507871
-0.251124
0.230238
0.391758
0.375424
0.213396
0.173982
-0.173559
-0.450019
-0.14045
-0.403992
-0.231485
-0.313251
-0.0596343
-0.532292
0.318747
-0.334029
0.205116
0.434631
0.032649
-0.0149208
0.136839
-0.126927
-0.167892
0.0934945
0.195773
0.306108
0.281336
0.0416225
-0.233395
0.143324
0.308159
0.523441
0.073811
-0.00456139
-0.235721
0.411743
0.459193
0.067129
-0.171662
-0.29591
-0.0688387
0.346512
0.523862
-0.0685911
-0.0836384
-0.396458
-0.406951
0.356859
0.466828
0.536598
-0.131489
-0.230321
0.453599
-0.0623874
0.0937401
-0.480675
0.38861
-0.272904
0.356568
0.409285
0.125792
0.271159
-0.120876
-0.0895928
0.166411
-0.0688435
-0.311466
0.0957976
-0.263668
-0.238547
-0.153733
-1.06211
-0.0326606
0.00419393
0.596274
-0.0831535
0.0310485
-0.171118
0.329586
0.48036
-0.140225
0.202317
0.101545
0.393804
-0.303679
0.341639
-0.172925
0.350976
0.0949985
0.0281014
0.313977
-0.113837
-0.110621
-0.399299
0.0217022
-0.0654004
-0.214002
0.563622
-0.16935
-0.194851
-0.345269
0.477681
-0.200231
-0.461904
0.151692
0.261742
-0.143776
-0.278315
0.122344
0.228633
0.374587
-0.937629
-0.296765
0.584675
0.208815
-0.49443
-0.322086
-0.134141
0.0658578
0.125953
-0.183391
0.0498899
0.496575
0.103219
0.0941243
-0.458245
0.500062
-0.310947
-0.586739
0.360599
-0.08602
-0.0448078
-0.330034
0.267859
0.30115
0.252134
0.398269
-0.257441
-0.0487977
0.134019
0.463417
-0.156745
0.51163
-0.548356
-0.0982019
0.319337
0.43562
0.184737
-0.144007
-0.0648009
0.0689734
1.19347
0.0869362
0.0338445
0.0642803
-0.000561329
0.168437
-0.249672
0.133141
0.190618
-0.280649
-0.0421406
0.130602
-0.163631
-0.108489
0.189801
-0.159925
0.10129
-0.221681
-0.113958
-0.470689
0.162155
0.227148
-0.189405
-0.0141626
-0.0377202
-0.0568139
0.0490889
-0.240463
-0.133041
0.349512
0.0266521
-0.005604
-0.515215
2.88172
0.0323224
-0.0291313
-0.214747
-0.073365
-0.00135412
-0.0664747
-1.74056
0.0883985
0.115741
0.310035
0.0966498
-0.0352188
-0.0600051
0.0948319
0.237599
0.20594
0.0195011
0.112185
-0.178789
0.170834
0.0698057
0.172514
-0.214507
0.121074
-0.0415914
0.160733
0.16825
-0.147105
-0.207649
0.0189064
0.162485
-0.000266128
-0.333901
0.0840097
0.0276313
-0.273514
-0.15101
0.196192
-0.349566
-2.85067
0.232545
0.294487
-0.0648004
0.0497451
0.0297042
0.0262944
-1.32086
-0.0562161
-0.162941
0.0635034
-0.108791
0.047477
-0.172186
-0.0631183
-0.171286
-0.16064
0.0272741
-0.0684035
-0.0773608
0.0191276
-0.185112
-0.0877355
0.42068
-0.0978619
-0.104926
-0.290021
0.291763
-0.351383
0.177869
0.132718
-0.232172
-0.0463941
0.0138945
0.284425
-0.340465
0.223774
0.203105
-0.19517
-0.271908
-4.12339
0.0384791
-0.0026078
-0.399939
0.44894
-0.197817
0.253116
-0.351289
-0.366604
-0.0824775
-0.254488
0.562926
-0.281219
-0.249599
-0.111625
0.256709
-0.183471
-0.12152
-0.0164632
0.208955
0.527539
0.245167
0.00358145
-0.319803
0.536721
0.54558
-0.231382
0.431487
0.0135652
0.39911
0.130124
0.472131
0.131216
-0.184134
0.327855
0.59467
0.0762337
-0.177044
-0.00904608
-0.5608
-1.04413
0.410939
-0.290756
-0.332106
0.154255
-0.106365
0.179345
0.574563
0.157913
0.123332
0.0793156
-0.263357
0.179127
-0.346742
-0.0141576
-0.375323
-0.194472
-0.0150651
-0.0526677
-0.254671
0.440468
0.223999
0.142587
0.277836
-0.215925
-0.28878
0.487817
-0.421536
0.0107132
-0.262236
0.284476
0.295455
-0.443857
0.360837
-0.429843
0.0356605
-0.445714
0.400844
-0.422124
0.167961
-0.313579
0.195322
0.409452
0.421709
-0.233101
-0.444276
-0.486977
-0.100262
0.0615087
-0.0309958
-0.174478
-0.401536
-0.242551
-0.359882
-0.252896
0.00685931
-0.380626
-0.302323
-0.399579
-0.130273
0.331243
-0.443163
-0.4035
-0.00940054
-0.0818038
0.41982
-0.325065
-0.347024
-0.00992228
0.138553
-0.434145
0.235919
-0.0836159
0.0289592
0.357649
0.0414317
0.219288
0.16703
-0.132866
-0.0974633
0.566819
-0.201757
-0.0102154
-0.216064
-0.36822
0.214087
0.346452
-1.09566
-0.0445145
-0.0271392
-0.0397802
-0.182274
-0.0794014
-0.154252
-0.144714
-0.00760221
0.280537
-0.0479575
0.0293525
-0.450314
0.208134
0.226445
0.0403639
0.0929374
0.0121875
0.215883
0.0492399
-0.221249
0.259764
-0.127039
0.0119269
-0.222873
-0.251064
0.141904
-0.222564
0.416455
0.532043
0.070317
-0.181632
0.384989
-1.15744
-0.0806916
-0.294706
-0.00887343
0.256352
0.0913055
-0.222884
-1.58877
0.216431
-0.0242425
-0.0634497
0.335128
0.0945107
-0.207141
0.19819
0.0623265
0.167224
0.0767157
-0.289428
0.189441
-0.414196
0.421437
-0.227151
0.119287
-0.08223
0.18916
0.0631625
-0.238034
0.135514
0.132586
0.0749956
0.0513099
-0.252052
-0.221181
-0.0318959
-0.211347
0.258492
0.0806535
-0.304271
-0.293009
-2.04709
0.0553994
0.0668857
-0.471029
-0.418865
-0.280013
0.216537
-0.0270736
-0.534277
0.122954
-0.351003
0.122643
-0.13461
-0.364467
-0.0212159
0.0385487
-0.0775147
0.200889
0.338387
0.0748385
-0.320333
0.162812
0.116015
-0.0277302
-0.37943
-0.455344
-0.403791
-0.455939
-0.32672
-0.0639819
0.0473617
-0.573388
0.139008
0.277609
-0.467379
0.177221
-0.452864
0.261453
0.0395063
-0.507526
0.280794
-0.260593
0.06833
0.350546
0.149042
0.322584
-0.3885
-0.123752
-0.0285935
0.00845306
0.393112
-0.0279364
0.191141
-0.101276
-0.348672
0.322406
-0.320936
0.183289
0.129877
-0.0445807
0.366149
0.169265
-0.240871
-0.0585899
0.42554
0.120533
-0.322083
0.270596
0.549966
0.305392
0.139606
-0.30407
0.621305
0.0763596
-0.270481
-0.405535
0.141655
0.123483
0.0202271
-0.304357
0.245918
-0.31254
-0.270944
-0.336076
0.242627
-0.0645893
-0.0775174
0.342884
-0.00821816
0.316113
-0.338703
0.37313
0.233154
0.0979554
-0.347163
-0.0832531
-0.438428
0.46506
-0.0863512
0.174225
-0.295695
0.417671
-0.28723
-0.288124
0.0386199
0.368476
0.406202
-0.177864
-0.0187481
-0.123799
-0.485313
-0.077985
0.034051
-0.38964
0.0311241
0.235119
0.00535725
-0.448699
0.255697
-0.402944
-0.385161
0.155179
0.126177
-0.10233
-0.0846005
-0.31454
-0.0729643
0.312241
-0.371372
-0.435246
-0.50239
0.312949
-0.247055
-0.453506
-0.292886
-0.465706
-0.510879
0.498225
0.383865
-0.0784286
-0.0927186
0.0103522
-0.0704641
0.324883
-0.404831
0.214287
-0.487809
-0.218858
-0.0379475
0.0600608
0.292624
0.486112
-0.439015
-0.216547
-0.621035
0.203853
0.243401
0.351037
0.330731
-0.0583879
-0.43348
0.337122
0.0144352
-0.178808
0.159306
0.13435
0.37081
0.432493
0.00261905
-0.0392856
-0.0165972
0.338261
0.0487579
0.431952
-0.283774
0.329681
0.459853
-0.104074
0.199063
0.249442
-0.06508
-0.095906
0.417982
-0.0814865
0.389564
-0.17487
0.207365
0.356037
-0.183472
-0.185307
0.214972
-0.0602051
0.128159
0.515448
0.269176
0.438707
0.175085
0.359697
0.19307
0.238883
0.230954
0.428371
0.377879
0.323875
-0.100765
-0.105377
0.183949
-0.0669372
0.0367542
0.158634
-0.396128
-0.393632
-0.138463
0.159135
0.418449
0.188279
0.0527351
-0.101205
-0.451741
0.116884
-0.373986
-0.106985
0.398468
0.358088
-0.448721
0.150186
-0.0435497
-0.139079
0.144133
-0.166447
-0.12828
-0.148144
0.154113
-0.147276
-0.0110345
-0.203641
0.183522
0.319142
-0.411146
0.153799
-0.251685
0.59606
0.241099
0.224674
-0.329993
0.283633
-0.10547
0.160938
-0.621433
0.248687
-0.000388434
0.0657018
-0.336023
-0.23639
-0.436851
-0.456118
0.150994
0.0242839
0.486851
-0.35889
-0.223076
0.143004
0.139649
-0.271559
0.219696
-0.113051
-0.521713
-0.125936
-0.282054
0.0976667
-0.303808
-0.450027
-0.406777
-0.0574839
-0.27303
-0.176185
-0.353544
-0.28199
-0.0684349
0.222279
-0.334894
0.336795
-0.18924
-0.341907
0.158224
0.172647
0.384235
-0.247784
-0.38129
0.213167
0.388587
0.333296
-0.121841
-0.376153
0.18978
0.0596569
-0.335766
-0.353197
-0.286828
-0.50108
0.184823
-0.55498
0.297953
-0.489903
-0.118665
0.0374009
-0.0897466
0.161037
-0.104314
0.390858
0.0518391
-0.218955
0.392378
-0.53825
-0.388987
0.408763
0.162145
0.343004
-0.0679931
0.207308
-0.325541
0.0335361
-0.297876
-0.332576
0.0709945
-0.157654
-0.418036
-0.109107
0.112543
0.275168
0.576581
-0.371573
0.289084
0.336097
-0.0488364
-0.264834
0.31577
-0.423646
0.453493
0.389062
0.364705
0.214088
0.227861
0.0105536
0.0335603
0.0634031
0.223491
0.37374
-0.0732539
-0.361716
0.357176
0.132014
0.0151144
-0.0273578
-0.302035
0.469745
-0.0219851
-0.399931
0.263992
0.422748
-0.308141
0.48506
0.225872
0.35231
0.280331
-0.445314
0.117293
0.202941
-0.226668
-0.0457909
-0.202941
0.447713
0.179961
0.412067
0.0126856
0.161134
0.26586
-0.141817
0.105688
-0.301079
-0.431412
0.544383
0.269485
-0.113513
0.0914759
-0.350502
-0.0917233
-0.0100795
-0.475996
-0.00994675
-0.0115374
-0.257967
0.551629
-0.224446
0.271585
-0.309584
-0.398195
-0.328929
-0.0407427
-0.0711368
0.323338
-0.149589
-0.168308
-0.534968
-0.0416357
-0.00780189
0.204868
-0.495415
0.064956
0.477085
0.624924
-0.339645
0.377007
0.24754
0.0178559
-0.287945
0.337175
-0.508395
0.304801
-0.0991671
0.544808
-0.231068
0.342493
-0.402644
0.491878
-0.096361
-0.251574
-0.356427
-0.232489
0.127788
0.0236394
-0.444483
0.338922
-0.466512
0.158353
0.312317
0.356351
0.418054
-0.128716
0.300564
-0.241835
-0.277779
-0.218058
0.0480211
0.0890952
-0.137658
-0.392634
0.0838958
-0.0714621
0.358156
0.172685
0.21743
0.269146
-0.494103
-0.35089
0.0230362
0.0484214
0.215302
0.00505933
0.34353
0.207285
0.416985
0.130028
-0.0818882
0.139132
0.0885108
-0.280267
-0.0205776
-0.0551639
0.0270292
0.396361
0.142934
-0.462445
0.57992
0.191958
-0.103585
-0.00305775
-0.371228
0.330765
0.495619
0.049726
0.335177
0.284267
0.0485531
0.524875
-0.296057
-0.00405795
-0.0391472
0.438611
0.19872
0.170784
0.11268
0.459577
-0.26216
0.455567
0.0213453
0.0934036
0.111449
-0.321422
0.245659
0.0346517
0.591512
0.025849
0.343829
0.326948
0.441269
0.0679636
0.0130792
0.174812
0.0944415
0.211849
0.189624
-0.183338
0.46648
-0.144446
-0.702234
0.104285
0.203916
0.167743
-0.0654029
0.390039
-0.17482
0.222075
-0.222201
-0.387126
-0.450497
0.229585
0.0482842
-0.535503
0.251786
0.391803
0.160359
-0.509054
-0.187541
0.287715
-0.00910542
-0.276362
-0.305583
0.336469
0.272162
-0.249342
-0.52021
-0.371689
-0.450737
-0.154514
0.115399
-0.353984
-0.555614
0.336671
-0.322999
0.206182
0.405706
-0.23134
-0.0189676
-0.35376
0.291667
-0.193993
-0.38684
0.500998
0.0181571
0.284203
0.281575
0.314287
-0.178768
-0.19264
-0.0711617
0.211214
-0.286414
-0.284477
0.422485
0.0697522
-0.368356
0.328825
-0.414694
-0.16273
-0.326718
0.0106768
0.60117
-0.276267
-0.324719
0.294336
0.297433
0.10332
0.238912
-0.316438
0.726051
0.144525
-0.288044
0.741646
-0.0368036
-0.291348
0.0579862
-0.076957
0.365365
0.690855
0.119058
0.167275
0.336828
0.171055
-0.360573
0.336307
-0.112475
0.0312399
0.242601
0.489189
-0.257819
0.262364
-0.0346532
0.0226122
0.265142
0.387503
0.00224236
-0.375281
0.484602
0.159976
0.353917
0.241212
0.0486149
0.27787
-0.0829221
0.0022036
-0.216519
-0.209467
-0.383697
0.293865
-0.450253
0.164392
0.381059
0.183667
-0.37158
0.127312
-0.379528
-0.161277
-0.453616
0.0298268
0.405136
-0.372168
0.482686
0.336294
0.389058
-0.0765922
-0.242031
-0.0688485
-0.575207
0.519746
-0.0139196
-0.0606894
-0.44348
-0.370759
0.233329
0.00702249
0.495052
0.140817
-0.208957
0.0718109
0.207396
-0.18222
0.0641174
-0.0185476
0.482489
0.311432
0.195851
-0.101366
-0.356286
-0.050852
-0.0700926
-0.377651
0.0923628
0.301007
-0.16824
0.370424
0.377977
0.0243931
-0.225123
0.362899
0.134514
-0.128063
0.0541095
-0.440685
-0.183855
-0.276303
-0.112098
-0.445076
-0.517263
-0.0858169
0.0249424
0.157676
0.395629
0.161239
0.0397291
-0.11168
-0.468444
-0.137615
0.0952176
-0.275378
0.286243
0.194974
-0.192516
-0.219531
0.358839
-0.0613506
0.482597
-0.470327
0.255718
0.592369
0.184944
0.181912
0.491054
-0.312674
0.408412
-0.267189
0.079102
-0.382643
-0.154969
0.129677
0.155292
0.385967
-0.110281
0.588745
-0.200819
0.0888124
-0.0529772
0.237393
-0.266969
0.421817
0.409612
-0.444442
-0.146165
-0.345614
-0.325469
0.426933
0.0947066
0.424825
-0.245007
0.0894396
0.166459
-0.148486
0.207758
0.54898
0.0253213
0.162498
0.285476
0.131779
-0.234047
-0.0577199
-0.0745913
0.0134497
-0.436379
-0.386432
0.259443
0.0288098
-0.0582776
-0.169666
-0.395355
0.492959
-0.00276174
0.25666
-0.398814
-0.28272
-0.383797
-0.00482785
-0.320454
-0.373458
0.118881
-0.501808
-0.310198
0.0732303
0.295043
-0.259204
-0.26338
0.27171
0.298504
0.145579
-0.112398
-0.157676
-0.121068
-0.121099
-0.0332143
0.248358
0.114658
0.325809
-0.0211065
-0.00811628
0.106947
0.126423
-0.68631
-0.435969
0.0330391
0.0287976
0.109924
-0.444481
-0.209722
-0.200477
0.133549
0.161039
0.0395286
-0.314314
0.323168
-0.399412
0.469053
0.310452
-0.532726
0.452684
-0.278866
-0.172404
0.003471
-0.00939927
-0.530412
-0.253411
-0.0314338
-0.379205
0.132201
-0.20187
-0.321034
-0.208463
0.454494
0.260053
-0.317659
0.104849
-0.530334
-0.157064
0.0526512
0.408351
-0.0115044
0.206614
0.000513481
0.534259
-0.227426
-0.190662
0.362959
0.210222
-0.265057
-0.115085
-0.144304
0.119934
0.0812188
0.196356
-0.296884
-0.48988
0.109888
-0.230643
0.354477
-0.321217
-0.386345
-0.0533699
0.00945876
0.164506
-0.0113084
-0.368041
0.515173
0.386248
-0.0828068
0.365934
0.127659
0.650445
0.0449641
-0.433585
-0.464736
0.0862289
0.269415
0.10509
-0.675774
-0.320201
0.461072
0.320359
-0.379775
0.501648
0.283889
-0.207154
-0.279284
0.174263
0.325175
0.108005
0.403725
-0.463521
0.286986
0.220677
0.0651877
0.323205
0.391823
0.236303
0.100928
-0.161621
-0.0451793
0.0554588
-0.0978784
-0.0462056
-0.037358
0.384347
0.310997
0.0555192
0.0190848
-0.310328
-0.236312
0.120715
0.142309
0.317986
0.0809036
-0.0732265
-0.260833
0.163355
-0.258353
-0.302121
0.0384092
-0.106268
-0.449409
0.306586
-0.138551
-0.0992277
0.046999
0.39166
0.220696
0.0153701
-0.297328
-0.449743
0.408298
-0.165807
-0.198957
-0.201234
-0.303871
-0.292051
0.254579
-0.311675
-0.548781
-0.0649201
-0.330074
-0.259796
-0.15331
-0.357244
-0.145725
-0.423106
0.11765
-0.127476
0.303789
0.346528
-0.417112
-0.367954
-0.147583
0.33052
0.0291386
-0.321458
-0.089151
0.246215
0.108786
-0.272981
0.185124
-0.395249
-0.312788
-0.369922
-0.192166
-0.117176
-0.172486
-0.026844
-0.129407
-0.462742
-0.267144
0.338037
-0.375464
-0.0653268
0.119098
-0.0877353
-0.457503
-0.0428608
-0.291262
0.0936784
-0.0819578
0.357138
-0.0553592
0.0662566
-0.574127
-0.187071
0.280505
0.158013
-0.461697
-0.467925
0.236444
0.347731
0.338971
-0.0907484
-0.0693401
-0.134654
-0.302295
-0.240127
-0.174758
-0.132333
0.283315
0.108056
-0.120947
-0.307297
0.141784
-0.323116
-0.118657
-0.0763856
0.238958
0.286109
0.286535
-0.0375648
-0.0613802
0.060104
-0.0881101
-0.0328555
-0.151293
0.28616
-0.406693
-0.362966
-0.382094
0.0663101
0.132832
-0.564475
-0.147223
-0.0010294
-0.192567
0.391999
-0.579899
-0.284341
-0.213761
-0.0314674
0.106327
-0.331658
0.680221
0.313526
-0.0305762
-0.0297637
-0.35904
0.242468
0.486619
-0.343663
-0.195221
-0.366358
-0.147501
-0.130667
0.263657
-0.375667
-0.449591
-0.326092
0.277666
-0.350895
0.16189
0.259775
-0.346899
0.340304
-0.318714
0.412786
0.428242
0.0742122
0.386412
-0.211232
-0.190946
0.0926969
-0.213204
0.190547
-0.112621
0.196837
0.140393
0.176211
-0.393232
-0.013739
0.325153
-0.121866
-0.0882673
0.338259
0.404632
0.352315
0.29428
-0.333663
0.0553627
-0.113487
-0.187784
0.260345
0.222196
0.408184
0.219584
0.00602427
0.457764
0.124206
0.484546
0.237345
0.00559099
0.0137027
0.332911
0.218803
-0.19034
0.385565
-0.244943
-0.318947
0.564529
-0.0753989
0.432471
0.133138
-2.07555
-0.0873955
0.357535
0.176827
0.0456172
-0.303618
0.875624
0.282221
-0.0459515
0.0101562
0.211213
1.828
-1.65492
-2.47256
0.00386748
0.12558
0.400021
-0.744755
-1.10125
-0.0431748
0.0116243
0.29582
0.395543
0.246545
-0.184578
-0.279823
0.512807
-0.0362199
-0.0551592
-0.415559
0.0832757
-0.311057
0.424923
-0.140783
0.436562
-0.110727
-0.414098
-0.0635502
0.415767
0.285022
-0.0344054
0.330358
0.205794
0.0415077
0.485898
0.220602
-0.122529
0.438351
-0.0881855
0.117947
0.0201399
-0.39943
0.150374
-0.466783
-0.462599
-0.342803
0.0964597
0.272844
-0.260878
-0.307951
-0.113175
-0.13868
0.433628
0.15848
0.194129
-0.228676
-0.124938
0.184125
-0.552503
-0.365795
-0.38753
-0.171065
-0.117612
-0.149734
0.260313
0.0333385
0.378841
-0.267231
0.157436
0.0657069
-0.130442
0.0753183
-0.180408
-0.304727
0.0168674
-0.126638
-0.551173
0.0325414
-0.657577
0.0247455
-0.164095
-0.0371333
0.381951
-0.510675
0.579243
0.60454
-0.154394
0.441624
0.268887
0.163959
0.0387179
-0.233029
-0.343318
-0.0170472
0.315083
-0.410079
0.247834
-0.256473
0.133182
-0.43996
-0.255314
-0.0307877
-0.470428
0.295978
0.130885
-0.487117
0.349989
0.19162
-0.374864
-0.142929
0.15931
0.0746308
0.266652
0.0882025
-0.264472
-0.184724
-0.288506
0.457583
-0.111571
-0.206725
-0.428318
-0.211162
0.00725368
-0.132322
-0.513604
-0.046817
-0.478872
0.0203867
-0.18586
0.0746739
0.266977
-0.010822
-0.324626
-0.342035
0.590557
0.442626
-0.249046
0.495397
0.16605
-0.0689004
-0.104532
-0.151732
-0.139382
-0.258064
-0.0197952
-0.194995
0.0108147
0.177923
-0.0401201
0.15619
0.477438
0.180488
0.432429
-0.291107
0.724965
-0.400131
0.319532
0.363083
0.0382979
0.207405
0.370221
-0.199199
-0.0719988
-0.331839
0.52146
0.279114
-0.0495472
0.12017
0.194335
0.183482
-0.039507
-0.240939
0.0337481
-0.167802
-0.0429275
-0.141921
-0.436271
-0.151817
0.0720344
-0.270537
0.0992235
0.195019
0.266955
0.290861
-0.284463
-0.217325
-0.282538
0.160943
-0.464012
-0.470972
-0.36657
0.111498
0.395831
-0.0174068
-0.194512
0.389134
-0.359322
-0.181171
-0.35935
-0.322481
-0.443309
0.155631
0.210043
0.420109
-0.261726
-0.00363856
-0.294996
0.111401
0.0255871
-0.153156
0.0806754
-0.0559503
-0.516914
-0.0681265
-0.0569134
-0.310126
0.464602
0.0399328
-0.533988
-0.0596138
-0.1724
-0.353207
-0.282388
-0.0497663
-0.599718
-0.457963
0.00866843
-0.0693786
-0.129691
0.34229
-0.585535
-0.0515013
0.144603
-0.334054
-0.151644
-0.300194
0.694714
-0.211892
0.176799
0.320642
0.0191987
-0.0575954
0.267985
-0.0780818
-0.287757
-0.244937
-0.0401297
-0.780773
0.430024
0.795993
-0.160133
-0.0266779
0.0473023
-0.60407
0.325382
-0.398842
-0.0592855
-0.263484
-0.0673534
-0.0104587
-0.496502
-0.117126
-0.277881
-0.492839
-0.419705
-0.185525
0.140913
0.245562
-0.40167
-0.296547
-0.434706
0.0977066
-0.429805
0.197971
-0.179656
-0.165379
-0.208898
-0.129455
-0.305531
0.00370576
0.344618
-0.199789
0.35242
-0.18752
-0.209163
0.201132
-0.432625
-0.484997
-0.352664
0.101111
-0.0931863
0.370281
-0.43822
-0.219066
-0.32521
-0.4053
0.169809
0.45925
0.42523
-0.392789
-0.194817
0.211236
0.481937
-0.296685
-0.0887365
-0.229403
-0.137528
-0.245375
-0.32478
-0.107738
0.235744
0.303834
-0.419919
-0.55078
-0.000194897
0.0783427
0.0869661
-0.460726
0.242264
0.125871
0.0492332
-0.263525
0.462362
-0.453739
-0.454386
-0.165372
-0.379866
-0.0529444
0.311492
0.0736441
0.234819
0.649947
-0.333126
-0.184076
0.146216
-0.379911
0.262986
0.174452
0.343166
0.230921
0.0279086
-0.263516
0.271658
0.343074
-0.471104
0.247263
0.46506
-0.171774
-0.0654003
0.56028
-0.0328447
-0.342854
0.139239
0.284749
-0.352206
0.377108
0.00543915
-0.237603
0.589292
-0.34191
0.0109864
-0.108645
-0.187142
0.00344807
0.152959
-0.00747582
0.308292
0.000446122
-0.272293
0.107334
0.63197
-0.498108
-0.171308
0.0579864
-0.140099
0.237795
0.264397
-0.408992
0.1964
0.204586
0.392429
0.341171
0.344801
-0.22489
0.188731
-0.368548
-0.316203
-0.361919
-0.0511803
-0.342199
-0.157425
0.277184
-0.304996
-0.450915
0.237895
0.395031
0.112985
-0.309749
-0.295412
0.0251455
-0.165477
-0.157727
0.44705
-0.118285
0.0742345
0.122592
-0.41891
-0.209303
0.280008
-0.364138
0.271975
-0.466244
-0.0189002
-0.451335
-0.230541
-0.388166
0.365367
-0.0125327
-0.409438
0.258637
0.0104362
0.0764343
0.175819
-0.0190782
-0.266392
0.163751
0.52242
-0.0978515
-0.434768
0.304599
0.0971587
0.430306
0.511851
0.317638
-0.333837
0.0381422
0.216859
-0.0210964
0.35656
0.0347693
0.501744
0.261583
0.0129852
-0.074996
-0.230893
-0.169884
0.381817
0.114174
0.376372
-0.199364
-0.0479146
-0.43243
0.202152
0.584107
0.190748
0.0923155
-0.0564794
0.402874
0.160449
-0.173215
-0.128833
-0.480695
0.0390835
-0.138675
-0.108346
-0.0658492
-0.465035
0.113841
-0.18342
-0.301068
-0.262074
-0.0467334
-0.223927
0.163936
0.412088
-0.333452
-0.300223
0.0717425
-0.215955
-0.483782
-0.313128
-0.195917
-0.271756
-0.0611023
0.0649283
0.16025
-0.0594753
-0.208167
-0.0171451
-0.126186
-0.566868
-0.374776
0.392705
-0.0272755
0.00559822
-0.0926808
-0.11656
-0.399443
-0.101169
-0.224306
0.158878
0.0959387
0.0580484
-0.0229173
-0.0432328
0.0314365
-0.167381
0.0663454
-0.153423
-0.111835
0.347999
-0.651445
-0.277775
0.351482
-0.557066
0.220825
0.0751911
-0.329896
-0.164455
-0.505404
-0.132342
-0.167091
0.282731
0.940999
-0.307161
0.495763
-0.0418893
-0.188634
-0.179152
-0.389887
0.278916
0.13365
-0.213279
-0.37564
-0.834989
0.677091
1.09575
0.37572
0.66929
-0.0560876
0.477821
0.740308
-0.107624
-0.280261
-0.0231856
0.0879694
0.440165
-0.016844
-0.0777334
0.0128051
-0.129921
-0.171357
-0.183598
0.149231
0.365277
0.0635965
-0.493003
0.0599906
0.0794313
-0.0116321
0.0638023
0.220827
0.196087
0.263
0.0543804
-0.0910869
-0.223706
-0.0868396
-1.44935
0.250021
-0.181814
0.0354114
0.0857807
0.158562
0.0857911
0.260119
-0.125163
0.316212
-0.131266
-0.240925
0.00294629
0.365446
