#input normalization
0.161106 0.275354
68.565 73.7903
8.6868 35.7221
7.43273 30.8386
0.0103677 0.0442451
0.00823883 0.0347176
0.564818 1.48093
0.795869 1.50863
1.10038 1.73119
1.41277 1.97868
1.75552 2.22052
2.08751 2.45795
2.40622 2.68133
2.72523 2.88225
3.03084 3.05648
3.31412 3.186
3.58281 3.27987
3.83858 3.35045
4.07283 3.38738
4.2536 3.37307
4.41487 3.3303
4.55369 3.25422
4.6588 3.16101
4.72377 3.04432
4.77386 2.90532
4.76856 2.74
4.73577 2.55593
4.68896 2.35847
4.5651 2.12719
4.43679 1.89423
4.29869 1.66194
4.15208 1.43888
37.2451 49.5352
7243.21 4702.56
#output normalization
1 0
#neurons weights
0.407933
0.404304
-0.437293
-0.0176706
0.471562
-0.306665
-0.134169
0.207829
0.428752
-0.4372
-0.442779
-0.435406
-0.378688
-0.159223
-0.154998
-0.27102
-0.237069
0.4637
0.251111
-0.292358
-0.444396
-0.215799
-0.349238
-0.383204
0.009849
0.248644
-0.0494207
0.459541
-0.0605823
-0.16938
0.0814379
0.0956424
0.465655
-0.0123703
0.452524
-0.911149
0.536077
-0.320345
1.33085
0.242883
0.24735
-0.120615
0.536192
0.589967
0.477105
0.00181052
0.279368
1.29904
-0.205533
-0.176825
-1.12357
0.307358
-0.666589
0.458904
0.130697
-0.481307
-0.944017
2.84673
-0.307594
0.38948
-0.255728
-0.498502
0.0924571
-0.0730835
0.175095
0.256712
-0.483888
-0.414504
0.684041
0.597178
-0.26591
-0.299473
-0.554151
0.35748
0.311538
0.037795
0.515992
0.121184
0.465884
0.41492
0.0820696
0.446185
-0.055453
0.0221326
0.0732965
0.176036
0.109104
-0.185006
-0.631784
-0.390626
0.426313
-0.0730451
0.066347
-0.439175
-0.27512
0.485397
-0.0940364
0.361197
0.135659
0.0738859
-0.564411
0.430978
-0.828911
0.912799
#synapses weights
0.677619
0.113882
0.0977714
0.12622
-0.127683
0.472306
0.336692
-0.154721
0.206884
-0.013033
-0.261245
-0.0562605
0.432541
0.274292
0.208068
-0.270452
-0.412818
-0.0774503
0.244147
-0.194461
0.178952
-0.290102
-0.293737
-0.0946038
-0.16093
0.332339
0.355519
-0.221999
-0.217792
-0.21732
0.0843408
-0.473896
-0.616808
0.575003
0.166874
-0.249745
-0.128755
0.269559
0.222165
-0.159104
-1.79752
-0.116785
0.076037
0.256908
0.145615
-0.1632
0.184427
0.0338206
0.0378045
0.43075
0.415781
-0.0584009
-0.36217
0.0876205
0.463197
0.339682
0.262111
-0.239974
-0.154463
0.621696
0.0113053
0.374149
0.299786
-0.270513
-0.162692
-0.131254
-0.895865
-1.64717
0.0384572
0.19607
0.0740031
0.248355
0.325558
-0.192999
-0.0321584
0.350587
-0.0179207
0.264472
-0.116521
0.23022
-0.0839879
0.45353
0.342981
0.179354
-0.378018
-0.244693
-0.264098
0.06783
-0.1696
-0.347744
0.364095
0.384521
-0.449214
0.49236
-0.0639763
-0.317984
0.0270292
0.464979
0.234121
0.0705831
0.291322
0.15494
0.0190703
0.350733
-0.209954
-0.248739
-0.136063
-0.137535
0.0191454
0.406287
0.251045
0.426682
0.135381
0.0598523
0.084676
0.201861
0.331477
-0.0510151
0.567995
-0.125979
-0.238997
0.527482
0.0870243
0.511224
0.257039
0.300095
0.0409283
-0.15306
0.442334
0.38093
-0.100608
-0.171995
-0.330154
0.451952
-0.328215
-0.048199
-0.372013
-0.340534
0.136778
-0.298993
-0.530949
0.150324
1.25263
-0.0150082
0.00243946
-0.116626
0.195669
-0.338267
-0.110369
-0.216287
0.103322
0.0971686
-0.282721
0.202279
-0.104166
0.0669741
-0.280884
-0.0788173
0.361112
0.032322
-0.108172
0.558892
-0.0754337
0.287113
-0.156824
0.00227663
0.341449
0.155617
0.041092
2.67696
-0.498231
0.384012
-0.450297
0.13094
-0.46165
-0.0464631
0.44921
0.203625
0.41648
0.31523
-0.467293
-0.326865
0.400199
0.330093
-0.343426
-0.463614
-0.517043
0.362876
0.335085
-0.221031
0.311332
-0.315316
-0.51146
0.372401
0.424938
0.173966
0.16098
0.0989269
0.0923312
-0.084311
-0.317767
-0.3528
0.468233
-0.269383
0.271861
-0.408673
-0.0636163
-0.10941
-0.279242
-0.0879962
-0.521186
-0.116437
0.0147387
-0.0125013
0.523377
0.311409
0.175245
0.288329
-0.0633239
-0.0339671
-0.335537
0.240342
0.137593
-0.428324
0.42548
-0.159468
-0.0426531
0.0602162
0.300882
-0.102711
0.328764
0.343979
0.139389
-0.275328
-0.197374
-0.106078
0.617339
0.721221
0.0531257
0.0857822
0.0140378
0.168539
-0.126415
-0.0229656
-0.461003
-0.382407
0.202898
-0.356292
-0.29038
0.218076
0.36074
-0.07206
-0.164618
0.316822
0.298142
-0.230627
-0.411147
-0.0720898
-0.0932519
0.427875
0.471342
0.0411199
-0.0723541
0.134882
-0.378236
-0.0111153
-0.40174
-0.0325272
-0.316198
-0.128506
0.0596283
-0.600521
0.045057
-0.605703
-0.00336763
-0.0936292
-0.255984
-0.375016
0.859504
0.266248
0.0388957
0.116122
-0.396283
0.0325795
-0.131249
-0.159592
-0.134701
-0.0149793
-0.151143
-0.0347652
-0.227743
-0.0819599
0.278319
-0.0460772
0.268348
-0.239078
-0.338381
0.418097
0.014745
-0.310012
-0.392512
0.0675021
0.082827
-0.434232
-0.0951378
0.873018
-0.0660923
-0.111592
-0.106397
0.336622
-0.0648314
0.10519
0.0441043
-0.110702
-0.149721
-0.293282
-0.282607
-0.354566
-0.276135
-0.0944856
-0.146813
0.113018
0.114291
-0.299557
-0.0455592
-0.119319
0.262394
0.562358
0.24965
-0.0920678
0.570291
0.392691
0.269399
-0.242255
0.459602
-0.148858
-0.347563
-0.269623
-0.188685
0.265187
0.451812
0.218277
-0.290335
-0.0183365
0.174012
-0.369409
0.537925
-0.00472985
-0.14926
0.420031
0.293781
-0.406156
0.110487
0.0160853
0.144661
-0.248134
0.291828
-0.041369
-0.242732
-0.487667
0.0157678
-0.119373
-0.45867
0.398679
0.394675
0.410976
0.312426
0.160581
-0.173838
0.0228019
-0.210389
0.106438
0.0153085
0.358518
-0.0863344
-0.465084
-0.349825
0.0575793
0.079718
0.0049117
-0.630416
0.56968
-0.0253312
0.0130189
0.343663
-0.184934
-0.0623694
0.0986932
0.12831
0.0153318
0.109101
-0.00247651
0.292468
-0.375138
0.0650125
0.0236445
0.165366
-0.130812
0.312555
0.349067
0.31772
-0.450801
-0.482022
-0.451871
0.382249
0.00686978
0.173638
0.0254826
-0.25845
0.181562
0.327798
0.367079
0.233598
0.300624
0.0103165
-0.157183
-0.0315117
-0.264694
0.150699
-0.366597
-0.336652
-0.333915
0.329292
-0.213928
-0.369075
0.508109
0.339674
0.366394
-0.134958
-0.327655
0.471481
0.282322
-0.231453
0.111331
0.212076
-0.207358
-0.231384
0.411282
0.310331
0.306774
-0.0610563
-0.224118
-0.144078
-0.0893806
-0.199859
-0.0722895
-0.0714131
0.112009
1.282
-0.0798447
-0.0275059
-0.135957
0.170245
-0.298382
0.175895
-0.0194286
0.161342
0.158178
-0.0676151
-0.196208
-0.011323
-0.199317
0.0157982
0.412764
-0.197643
0.409984
0.106321
-0.221098
-0.323099
-0.234676
-0.302388
-0.140926
-0.413629
0.277134
-0.0438491
2.26008
0.176465
-0.517305
-0.106395
-0.0477248
-0.122317
0.0292026
0.921346
0.136144
0.0548075
-0.225074
0.300531
0.270952
-0.296032
-0.123636
-0.410617
-0.441085
-0.160117
0.124754
0.0329649
-0.211867
-0.163163
0.286796
-0.281074
0.00627244
0.0298861
0.157406
-0.501568
0.278036
0.123853
0.124113
-0.398934
-0.283428
0.701138
-0.0328006
-0.545608
-0.0764456
-0.0175316
-0.185662
0.265327
-0.221647
-0.21458
0.589668
0.0832417
0.307282
0.518585
-0.00516192
-0.0358123
0.281835
-0.0563543
0.408144
-0.294649
0.269622
0.240388
-0.411973
-0.12014
0.324794
0.00453048
0.00534509
0.26443
0.294669
0.261598
0.0266754
-0.594597
-0.504062
0.358145
0.386967
0.14939
0.192285
0.45059
0.00111664
-0.16237
-0.218857
0.106786
0.00540807
-1.21387
-0.13527
-0.111929
0.0119227
0.0859322
0.254405
-0.334424
0.0698938
-0.101341
-0.0652356
0.180218
-0.190244
0.135367
0.201016
-0.286607
-0.132583
0.140869
0.0612643
-0.0325125
-0.331976
0.111624
0.268978
-0.20509
0.4765
-0.251822
0.153609
-0.49531
-2.68323
-0.0979749
-0.359303
-0.161437
0.13883
0.248528
-0.2719
-0.242296
0.237437
-0.088535
0.359507
-0.192028
-0.0777408
-0.386349
0.0784732
-0.186285
0.278482
0.051621
0.119272
-0.168595
-0.0171013
0.224879
-0.234609
0.424838
-0.425038
-0.0331832
0.300106
-0.101535
0.0104455
-0.0155295
-0.362244
0.0773953
-0.133246
0.0110308
0.913224
0.0944331
-0.192399
-0.13362
0.0294511
-0.282219
0.0438965
-1.03082
0.172086
-0.147257
-0.242161
0.350812
-0.0563389
0.21545
-0.352149
-0.190702
0.30047
-0.292131
-0.304797
0.107682
-0.00620663
0.206237
-0.349522
-0.0729947
0.13
-0.0368975
0.0320451
0.0616276
0.081148
-0.1069
-0.246409
0.0434066
0.239809
-0.10251
-1.78785
0.0642464
-0.463324
0.322551
0.117445
-0.314271
-0.157337
0.24214
-0.0675533
0.270601
-0.233095
0.25836
0.289204
-0.231323
0.427426
0.180316
0.0969519
-0.369244
-0.406845
0.354464
0.265059
0.292229
0.362872
0.338607
-0.0715322
-0.393093
0.091925
0.482347
-0.305225
0.10183
-0.344977
-0.328677
-0.292133
0.513456
-0.269129
-0.00502661
0.326777
-0.234961
0.339971
-0.289819
-0.23656
-0.345973
0.173682
0.271283
-0.0757357
0.293386
0.272502
0.308248
0.31223
0.133116
-0.0490086
-0.383407
-0.40217
-0.422764
0.296417
0.262514
0.0662127
0.266868
-0.0258435
-0.428343
0.159297
-0.201482
-0.227561
-0.124329
0.264936
0.122932
-0.265873
0.234354
0.657507
-0.184107
0.0163677
-0.0130766
0.0697879
-0.235767
0.301426
-0.723719
0.0542016
-0.353802
-0.0341349
-0.153277
-0.109694
-0.296857
0.413267
0.0173323
0.119826
-0.130992
-0.0582009
-0.19488
0.00645044
-0.152844
0.0419278
0.0607246
0.103361
-0.273639
0.354564
0.176938
-0.0893087
-0.433844
0.261062
0.216095
-0.290466
0.543026
-1.57963
0.112254
-0.36475
0.109466
-0.164155
-0.262485
-0.0376895
-1.25948
0.118316
-0.412782
0.159313
0.369132
-0.151684
0.0727574
0.314958
-0.175178
-0.165162
-0.0190045
0.138811
0.17889
0.245026
-0.143941
-0.407432
-0.336429
0.224986
-0.0584036
-0.311771
0.283184
0.287875
-0.0716955
-0.253037
0.0949384
-0.0868597
-0.126724
-1.76642
0.198084
-0.100933
0.0320899
0.0292031
-0.0826014
0.115799
0.941927
0.0574983
0.0580273
0.0300669
0.0593167
0.015467
-0.0943151
0.183477
0.0479882
-0.0136657
-0.188088
0.0309198
0.0383357
-0.031623
0.0719838
0.10151
-0.235141
0.348174
-0.101877
0.111269
-0.0668737
-0.207825
0.102995
0.0279309
-0.171316
-0.0165918
0.109607
4.81957
-0.286358
-0.309169
0.0829364
-0.290931
-0.249354
0.380257
0.419075
-0.100605
0.193364
0.332741
-0.333006
0.057079
-0.355693
0.406241
0.28238
0.42365
-0.450889
-0.297969
0.0673929
-0.106916
0.133145
0.138724
0.0370457
-0.0107375
0.308071
0.103279
0.327246
-0.45274
-0.476785
-0.0826776
-0.593276
-0.00780216
0.375496
-0.760915
-0.106145
-0.01228
-0.13502
0.149604
-0.031987
-0.0715875
-0.273176
-0.156778
-0.168735
-0.0495414
-0.239733
0.245458
0.111986
0.0947552
0.0394396
-0.51556
-0.0179173
-0.215896
0.0954691
0.196004
-0.29752
0.229646
-0.268997
-0.128545
-0.177259
0.160352
0.0602466
0.0277337
-0.134703
0.316151
-0.505983
0.10428
0.139996
1.49333
0.206117
-0.299437
0.288879
-0.175809
-0.376081
-0.431179
-0.0761447
0.547978
0.465201
0.281205
-0.398342
-0.362998
0.153757
0.312577
-0.492044
0.0921084
0.173672
-0.361457
0.285607
-0.185269
0.162899
-0.235109
-0.421122
-0.383098
-0.131424
-0.390696
0.194448
0.184649
-0.500155
0.312468
0.421746
0.116583
0.527717
0.43395
0.44395
-0.366751
0.145384
0.205992
-0.15234
-0.0976504
1.19499
-0.244268
0.245135
0.250351
-0.0583836
-0.0277036
0.0119431
-0.0950775
-0.498585
-0.0365742
0.230229
-0.434285
0.206466
-0.162996
0.304921
-0.101236
0.340547
-0.354018
-0.124363
0.0653658
-0.0142582
0.440011
-0.21068
-0.236963
0.190414
0.221065
0.663045
0.438689
-0.0328665
0.0451241
0.17037
-0.0291424
0.337836
-0.00297549
0.018394
-0.391182
-0.119042
0.538089
0.0649569
0.0773516
0.0190152
0.22738
-0.0515906
0.0699702
0.0625523
0.396765
0.280699
-0.217012
-0.240034
-0.182033
-0.129798
-0.129666
0.500234
0.54703
-0.275319
0.129222
0.227495
0.406933
0.0152896
0.371855
0.388648
-0.750298
0.121424
-0.382866
0.281861
-0.0413062
-0.223865
0.262069
0.707312
0.219177
-0.100128
-0.267283
0.149286
-0.0631572
-0.234813
-0.0859622
0.581397
-0.101468
-0.377403
0.357299
-0.271993
0.165451
0.33877
0.0883777
-0.396242
0.315923
0.433212
-0.245151
-0.219298
-0.391049
0.168016
0.0764145
0.401285
-0.582829
0.0586785
0.610882
-0.00588235
0.0729239
0.383049
0.054371
-0.126695
0.088721
0.078024
-0.0267476
-0.344292
0.0813004
-0.285299
-0.4094
0.00768427
0.0338986
-0.00475422
0.154331
0.45782
-0.0538599
-0.203877
0.0517204
-0.457343
0.675589
0.246017
-0.329434
0.506828
-0.344594
-0.381114
-0.0327474
-0.183431
0.0240603
0.333822
0.280737
-0.556706
0.684199
0.26465
0.323382
-0.183004
0.0558408
0.409886
0.493424
-0.488172
-0.554377
-0.105684
-0.272069
-0.45352
-0.0733475
0.0175819
-0.0340413
-0.279927
-0.411293
-0.393108
0.252776
-0.067685
-0.00441886
-0.00140072
-0.157298
-0.354644
0.418374
-0.431177
-0.244899
-0.561663
-0.105558
-0.304209
0.114282
-0.52253
-0.225482
-0.126417
0.0121451
-0.138424
0.554912
-0.211704
-0.245443
0.553142
0.0926781
0.360245
0.265984
0.19593
0.217832
-0.077075
0.0111257
-0.406984
0.119891
0.243518
0.17401
0.101145
-0.103053
-0.291727
0.35559
-0.334688
0.0234779
0.422532
0.334449
0.210363
0.457522
0.0477889
-0.109837
-0.366503
-0.177636
-0.279347
0.313872
-0.271181
-0.0346552
-0.0381601
-0.387723
-0.0300168
0.17386
0.0498929
-0.017147
1.37571
0.190473
-0.0173052
-0.218489
0.298879
0.170434
-0.279981
0.0748444
0.362112
-0.281865
-0.289815
0.444654
-0.437439
0.134515
0.012533
0.353054
-0.17868
-0.0732131
-0.149115
0.408485
0.133521
0.0823963
-0.300038
0.0532159
-0.380598
-0.268547
-0.301406
0.229591
-0.160938
-0.25209
0.0389785
-0.478958
0.189231
0.315896
-0.441939
-0.302898
0.18501
0.215249
-0.052165
0.100974
-0.00910028
0.331755
-0.162448
0.21021
0.35844
0.0968094
-0.256608
0.320698
-0.0415801
0.267138
0.230022
-0.432318
0.419561
-0.146576
-0.449703
-0.0239111
-0.405769
-0.185826
0.0817577
0.293369
0.224331
0.899227
0.234153
0.101157
-0.0811351
0.414202
0.841781
-0.546707
0.137568
0.415524
0.278193
0.287264
0.588902
-0.162052
0.596666
0.751032
-0.204774
0.309131
-0.211568
-0.182359
0.170223
0.139534
-0.217154
0.341194
-0.0694718
1.33322
-0.0665137
0.28775
-0.254376
-0.0333253
0.515471
-0.0101794
-0.164243
0.749302
-0.342663
0.013286
-0.0344613
-0.229031
-0.220138
0.478216
0.207933
0.268325
-0.306558
0.0273979
-0.0840018
0.213802
-0.0688432
0.504806
-0.296409
0.242333
-0.264192
0.483013
0.229305
-0.0728745
-0.00173793
0.319869
0.0115071
0.349606
-0.459695
-0.260679
0.491861
0.520847
0.0966185
0.41033
-0.306353
0.536355
0.47189
-0.181137
-0.0377692
-0.318939
-0.139891
0.0672475
-0.0526984
0.342824
-0.347537
0.150933
-0.358726
-0.245958
-0.41595
-0.460865
-0.124816
-0.235505
-0.409033
0.395903
-0.0119799
-0.0189025
-0.0407582
0.2954
-0.332262
0.0889238
0.303321
-0.482315
-0.127559
-0.0570874
0.182685
-0.0209882
-0.264648
-0.260435
-0.655409
0.345273
-0.363364
0.303684
0.108067
-0.281888
-0.34058
0.533086
-0.119936
-0.428454
-0.289988
-0.106368
-0.597279
0.422109
-0.402189
-0.296561
0.00630276
-0.0572892
0.139819
-0.214796
0.254937
-0.213152
-0.429864
-0.0118477
-0.521153
0.17879
-0.00240882
-0.171766
-0.155538
-0.434324
0.375835
-0.460439
-0.460207
-0.215185
-0.215356
0.309002
0.249282
0.405738
-0.212347
-0.512491
-0.322409
0.279386
0.0631609
0.0832156
-0.0999678
-0.268064
0.450124
-0.0255568
0.525156
-0.0956341
0.430691
-0.242382
0.706568
-0.248014
0.397367
-0.416187
0.295534
0.138112
-0.289486
-0.265926
-0.0509431
0.145101
0.179219
-0.0719059
0.107208
0.256503
-0.0442211
-0.538127
0.406798
0.366387
0.612615
0.486991
0.456332
0.556238
-0.0645371
0.168318
0.413369
0.0452294
0.237326
0.210822
-0.0442474
0.273922
-0.337948
0.699427
0.417043
0.134322
0.598496
0.412501
0.583864
0.60207
-0.246378
0.14126
0.855397
0.469752
0.445626
0.0542006
-0.235015
0.0506232
-0.0624409
-0.139633
-0.0887013
0.0145751
1.06223
0.306834
0.153184
-7.47187e-06
0.536622
0.628001
0.0521426
0.40373
0.308394
0.14219
0.331332
0.507329
0.38545
0.332794
0.246991
0.0663545
0.174258
-0.247937
0.169908
0.200048
0.438172
0.0219486
-0.316982
0.641915
0.408849
-0.335437
-0.076982
-0.286911
0.471685
-0.383667
0.203589
0.146094
0.174264
0.173284
0.137566
0.226352
0.0475826
-0.0113976
0.371672
0.0664772
0.088574
0.31347
-0.122823
0.474936
0.385364
0.425984
-0.27632
-0.376184
-0.149873
0.0221519
0.245108
0.38842
-0.448918
0.0283423
0.57522
0.0735985
0.281879
-0.573666
0.17936
-0.194697
0.37478
0.0124252
-0.495785
0.0173005
0.0793435
-0.135049
-0.0756705
0.580029
-0.220256
-0.000357933
0.475088
-0.104134
0.18757
0.0314202
-0.248989
-0.0963631
0.329969
0.120164
0.433833
-0.0708946
-0.418344
0.444605
-0.0863706
-0.342936
-0.441097
0.158063
-0.231166
-0.519766
-0.370469
-0.093058
0.389884
-0.136381
-0.426574
-0.34148
0.295086
-0.553494
-0.285661
-0.462472
-0.244851
-0.205025
-0.460143
0.204689
0.199047
-0.350232
0.434796
0.4657
-0.488934
0.387102
-0.0621262
0.126664
0.00785436
-0.192873
-0.442139
-0.146006
0.174339
-0.478688
0.16195
0.480343
0.346759
0.328394
-0.473679
0.392422
0.169778
-0.0698033
-0.261854
0.0472642
0.259471
-0.186678
0.283257
-0.264461
0.183707
-0.0801486
0.338441
-0.287122
-0.148846
0.189071
0.0323247
0.203893
0.311631
-0.0300338
0.127825
0.102209
-0.16886
-0.447655
0.335854
0.515368
0.158233
0.405115
-0.172656
-0.0789141
-0.431166
0.236549
0.0654967
0.229723
-0.44577
-0.29651
-0.29095
0.0913515
0.425391
0.310432
-0.403499
-0.46811
-0.535748
0.190851
-0.23507
0.153587
-0.282694
0.224388
0.505981
-0.112731
0.265341
-0.569091
0.0560238
0.384142
-0.276814
-0.125891
-0.0703239
-0.0559868
-0.0161382
-0.275018
0.378344
0.069857
-0.025795
-0.439588
-0.273178
0.309896
-0.111605
0.120237
-0.258944
-0.18813
0.259584
-0.213895
-0.207406
0.0477423
-0.104111
0.483968
-0.0839489
0.174082
0.214055
-0.655799
0.375408
0.0158481
0.111498
-0.279033
-0.329674
-0.372731
-0.23426
-0.204549
0.107346
0.297198
-0.425988
-0.250178
-0.205676
-0.0169947
0.339139
-0.0131439
0.114817
0.473825
0.513788
0.216031
-0.308489
-0.445892
-0.212664
-0.107556
0.399556
0.0211368
0.41845
-0.505013
-0.210759
-0.052179
-0.139464
-0.0256012
0.353421
-0.278444
0.40429
-0.0956936
-0.101974
-0.16714
0.272306
0.179971
-0.333851
-0.0400698
-0.23818
-0.313947
0.435032
0.0971576
-0.0651193
-0.401236
-0.291753
0.387795
0.476837
-0.0202509
-0.0769357
0.17885
-0.165721
0.132473
-0.0233553
0.121602
0.336681
0.0250292
0.171133
-0.299069
-0.193582
0.122726
-0.21866
0.417724
0.287546
-0.193106
0.142468
0.0608491
0.112707
-0.375422
-0.0693918
-0.000427166
-0.322902
0.277333
-0.0851776
-0.523434
0.404038
0.335235
-0.797636
-0.442398
-0.517993
-0.0699325
-0.0133581
-0.411355
-0.393223
-0.137532
-0.0477154
-0.522239
-0.0193002
0.19613
0.00990884
-0.0805326
0.221152
0.368865
-0.0935445
-0.309587
-0.209339
0.00732819
0.395145
-0.506229
-0.218304
-0.29013
-0.0996485
-0.152247
-0.420004
0.0407858
-0.257603
0.390448
-0.236198
-0.550801
-0.260863
-0.188983
0.481769
0.303419
-0.210227
-0.210986
-0.591401
-0.339885
0.192348
-0.263799
-0.547914
0.119446
0.235369
0.225102
-0.428406
0.029279
0.282588
0.0775132
-0.194778
0.0480166
0.0357577
-0.151406
0.127733
-0.175695
0.121387
0.186294
-0.3122
0.203196
0.554989
0.271167
-0.343329
0.164549
-0.340643
0.124624
0.402101
0.234095
-0.277417
0.268549
-0.847739
0.187137
-0.586461
-0.362723
0.0662372
-0.171205
0.265431
-0.251524
-0.240277
-0.264543
0.147476
-0.333125
-0.206302
0.224622
0.68228
0.122526
0.351141
-0.334584
0.391745
0.497042
0.513968
0.250878
-0.0351186
0.526378
-0.248266
-0.0876832
-0.187358
0.546279
-0.0536281
-0.256374
-0.236575
0.0557497
0.338629
-0.0550681
0.189894
0.166474
-0.0808128
0.398819
0.773339
0.078988
0.236044
-0.0163296
-0.282981
0.155655
-0.169219
-0.113471
0.532945
0.569877
-0.310248
-0.170957
0.514759
0.473621
0.368722
-0.297207
-0.053404
-0.327267
-0.00101224
0.391575
-0.227568
-0.0322071
-0.0722727
0.341647
0.0551473
0.176679
0.383429
-0.0652547
-0.174218
-0.26991
-0.422
-0.102735
-0.720781
0.147978
0.253751
-0.0929418
-0.183413
0.150759
-0.118668
0.150054
0.317765
-0.318254
0.0182225
-0.196174
-0.198338
-0.193441
0.272497
-0.282007
-0.405813
0.152238
-0.205826
-0.260181
-0.108025
0.100762
0.0898427
0.114379
-0.31779
0.187834
0.128732
0.307346
0.0097862
0.455379
0.183161
0.250735
0.404683
-0.0655275
0.0581361
0.182076
0.0262457
-0.485145
-0.397166
-0.449845
-0.0708005
0.0220517
-0.0127528
0.375165
-0.300765
-0.0943856
-0.460191
-0.186376
0.46687
-0.302293
0.517726
-0.370205
-0.410827
-0.572401
0.0890698
-0.139623
0.279005
-0.334179
0.337841
-0.485115
-0.326799
-0.239474
-0.255312
0.465989
0.425934
0.398507
-0.296346
0.0429514
0.295456
0.430054
-0.598385
-0.436981
-0.353067
-0.247979
-0.16503
0.0333266
-0.61241
0.075216
0.197447
-0.566838
-0.476663
-0.13197
-0.319419
0.141311
0.416683
0.267854
0.573277
0.0418874
0.0238062
-0.137582
-0.0790041
0.0418829
0.125136
-0.121009
0.356046
0.115312
0.181144
0.152607
0.23947
0.0404833
0.054291
-0.0221724
0.246148
0.333444
0.296387
-0.11948
-0.251129
0.482696
-0.281052
0.427491
0.0873058
-0.233092
0.536266
-0.0696207
-0.133612
-0.16027
-0.102035
-0.45043
0.0784375
0.0384776
-0.435259
0.23638
0.417459
-0.323041
-0.274244
-0.0871243
0.337333
-0.446371
0.0698906
-0.354868
0.491837
-0.377942
-0.0543192
0.168195
0.358487
-0.234493
0.249772
-0.107464
-0.276425
-0.424016
0.595157
0.0119705
-0.292369
0.296605
0.523347
-0.25911
0.358326
-0.136857
0.449341
-0.322898
0.397978
0.288817
0.163588
0.542576
-0.432733
0.0197843
0.0380215
0.114132
0.417443
-0.0777707
-0.375445
-0.314934
-0.294333
-0.511142
-0.228287
-0.0655198
0.415198
0.497093
0.318598
-0.399382
0.000968155
-0.0358951
0.0399776
0.395467
-0.0192252
-0.664112
-0.307318
-0.227993
-0.394435
-0.0969599
0.230758
0.233307
-0.480875
0.422174
0.4583
-0.369677
-0.290293
-0.31203
-0.329491
-0.0967183
0.0662027
0.469065
0.375424
0.553247
0.202236
0.319922
-0.371031
-0.00640468
0.220097
0.361519
0.38676
-0.339757
0.477788
-0.0717705
0.0916389
0.307804
-0.136236
0.34288
0.353742
-0.0282989
-0.253887
-0.529557
-0.341416
-0.134991
-0.276726
-0.482156
-0.370289
-0.108553
0.499747
-0.35509
0.173897
0.449512
0.340096
-0.170555
0.268069
-0.553969
0.522475
0.287599
0.246894
-0.375865
-0.00763183
-0.276836
-0.320762
0.264689
-0.00251352
0.185098
0.179873
-0.0958558
-0.173712
-0.574689
0.0649666
-0.1915
-0.255162
-0.0515673
-0.174032
-0.24962
-0.484749
-0.27178
0.101281
-0.212165
0.196094
-0.478355
-0.528697
-0.316869
0.0963264
-0.140859
0.0679497
0.292438
-0.407034
-0.535184
0.210361
-0.186022
0.150837
-0.0984188
0.382097
0.0140136
0.462019
0.0589062
-0.268903
-0.0736838
-0.165939
-0.163784
0.0332145
0.0427483
-0.396187
0.38077
0.39428
0.0930045
-0.113646
-0.357738
-0.19271
-0.324525
-0.375062
-0.413869
0.163948
0.481595
0.0362539
-0.00734942
0.0453313
-0.267701
-0.360755
0.251986
-0.179141
0.183012
-0.276673
0.305658
-0.218964
0.0947349
-0.122125
0.00247926
0.260262
0.158316
0.169983
-0.441472
0.134196
0.280092
-0.12503
0.327904
-0.332433
-0.236418
-0.228173
0.526426
0.343091
0.104333
-0.556237
0.101503
0.344448
0.116706
0.095493
0.0109277
-0.147263
-0.0123672
-0.156508
0.0130429
0.161223
0.00362409
0.360869
0.362456
0.145368
-0.130582
0.447747
-0.546912
-0.211869
0.339479
0.144724
-0.415833
0.488833
-0.380608
0.380949
-0.318026
0.331004
-0.0314921
0.114907
0.2924
-0.392629
-0.0767222
-0.161083
-0.0845281
0.00402827
-0.277959
-0.715833
-0.387574
-0.148329
0.0432169
-0.406253
0.157292
-0.0654798
-0.387377
-0.364388
0.00356908
0.124523
-0.0783549
0.402154
-0.040645
-0.0439489
0.0318115
-0.677067
0.195429
0.199566
-0.276236
-0.363337
0.2846
0.325451
-0.338308
0.0356249
-0.491648
0.0314978
0.438764
0.202292
0.390783
0.303475
-0.0514125
0.0112955
0.0994044
0.37711
-0.0450601
-0.322529
-0.487408
-0.266017
-0.134109
-0.0254612
-0.311568
-0.295549
0.152259
-0.000372253
-0.293314
-0.294447
0.480051
-0.546166
-0.146098
-0.136184
1.59726
-0.464011
0.0435456
-0.508314
0.239568
0.0188863
0.153011
-0.113359
-0.373677
1.58831
-0.00210638
-0.0274264
-1.67525
0.238705
-1.40299
-0.214735
0.0349919
-1.15255
-0.981735
2.7921
-0.529616
0.402643
0.0571336
0.291504
-0.518317
0.72197
0.169182
0.14202
0.343446
0.111807
0.0892041
0.573524
0.06187
0.085832
-0.234622
0.167626
0.462915
0.263321
-0.165224
0.128328
-0.294785
-0.123053
-0.0780451
-0.113832
-0.333107
0.316407
0.267164
-0.258165
0.371333
0.338196
-0.0125701
-0.394532
0.383208
-0.333941
-0.418254
0.145955
-0.257693
-0.182601
0.350852
-0.0710851
-0.342696
-0.0736761
-0.110151
0.367117
0.483942
0.308048
-0.247475
0.318483
0.0554572
-0.399528
-0.17034
-0.166624
-0.619964
-0.0785014
0.249459
0.319057
0.224484
-0.201662
0.0743241
-0.402623
-0.254198
-0.215639
0.345374
-0.404825
0.440502
-0.125212
0.162142
-0.0914046
0.370529
0.209395
0.00758801
0.0604341
0.175863
-0.502392
-0.305622
0.23334
-0.120713
-0.552147
-0.282911
-0.44085
0.0790725
0.192363
-0.202818
0.368731
0.051691
0.355719
0.286271
0.0778932
0.0989024
-0.255077
0.302321
-0.222844
-0.17677
-0.273003
-0.130439
0.22832
-0.0218183
0.0999407
0.342348
-0.0246389
0.0759306
-0.137126
-0.187691
0.364491
0.132482
-0.314994
-0.0765887
0.125157
0.278519
0.326229
0.0655594
-0.30993
0.498019
0.152556
0.394716
-0.146377
-0.665289
-0.279203
-0.352065
-0.471635
-0.795997
-0.105767
-0.231638
-0.601046
-0.193115
-0.51531
-0.136313
-0.0275762
-0.33455
-0.986964
0.436831
-0.0779997
-0.0656817
-0.238692
0.0843962
-0.121076
-0.56727
0.0831308
-0.405002
-1.32377
0.0403475
-0.181809
0.342016
-0.121534
-0.696785
-0.707275
-0.743307
-0.118751
-0.0624027
0.130494
-0.280579
-0.297922
0.0222614
0.228134
0.211155
0.648415
-0.0523404
0.0343748
-0.258309
-0.0133269
0.394568
-0.0140025
0.369212
-0.0892707
0.0958472
0.405458
0.265566
-0.226773
-0.069867
0.0159151
-0.362122
-0.0584835
0.402176
-0.0613226
-0.0958219
0.545536
0.26002
0.0957733
0.132967
-0.296831
-1.37518
-0.251869
-0.229314
-0.229677
0.795636
