#input normalization
0.161119 0.275368
41.0338 52.169
9.09376 33.4631
7.60582 30.0048
0.0103318 0.0418531
0.00835159 0.0342005
0.564818 1.48093
0.795869 1.50863
1.10038 1.73119
1.41277 1.97868
1.75552 2.22052
2.08751 2.45795
2.40622 2.68133
2.72523 2.88225
3.03084 3.05648
3.31412 3.186
3.58281 3.27987
3.83858 3.35045
4.07283 3.38738
4.2536 3.37307
4.41487 3.3303
4.55369 3.25422
4.66013 3.15932
4.73016 3.03579
37.2451 49.5352
7243.21 4702.56
#output normalization
1 0
#neurons weights
0.288907
-0.271984
0.0546996
0.0759611
-0.00597416
-0.0726976
0.357099
-0.0157156
0.10911
-0.371588
-0.362673
0.398998
-0.267846
-0.446687
0.075358
0.182375
-0.293168
-0.0210511
0.496881
-0.382884
-0.0863397
-0.274137
0.335472
0.162521
-0.0600663
0.252557
0.51045
0.0310199
0.25136
-0.241852
-0.541842
0.274578
0.392234
-0.316631
-0.394166
-0.0521279
0.215303
-0.338835
0.957761
0.0386927
-0.724365
-2.83983
-0.105835
-0.408379
-0.60828
-0.169757
0.412974
-0.387534
0.238905
-0.478474
-0.559782
-0.240971
0.512587
-0.175468
0.260692
0.390893
-0.25345
-0.455202
0.397598
-0.190275
-0.479129
0.105631
0.175286
0.123273
0.370206
-0.342776
0.0693382
0.483311
-0.267974
0.520322
-0.244355
0.464411
-0.632203
0.350945
-0.462337
-0.572439
-0.349372
-0.368889
0.0154769
0.120604
#synapses weights
0.262787
0.421166
0.110223
-0.343647
0.0585155
-0.294831
1.0239
-0.111671
0.0370975
-0.00681197
-0.165683
-0.154081
-0.0750654
0.266607
-0.084076
-0.192055
0.31799
-0.127435
-8.93595e-05
-0.192286
0.348729
-0.334817
0.0114128
-0.10354
0.125199
0.569638
0.00784266
0.013267
-0.122288
-0.263969
0.210911
-0.377101
-0.151793
0.184396
-0.0977779
0.447588
-0.222973
-0.12763
-0.109648
-0.0048958
0.333468
0.436886
0.0663106
0.318877
-0.510649
-0.0152015
-0.079066
-0.203015
0.319792
0.154857
0.0443694
0.725693
0.00543488
-0.525441
-0.208058
-0.104084
-0.355398
0.044038
-0.75322
0.0246074
-0.438217
-0.123225
0.280323
-0.463751
-0.0540978
-0.218191
0.544711
-0.301028
-0.414136
0.152344
-0.103339
0.287805
0.182026
0.0154948
-0.161179
0.305188
-0.188845
-0.630397
0.142972
0.12598
0.145054
0.0210046
-0.0117608
0.0771052
-0.451205
-0.299369
0.234244
-0.268617
0.355258
0.335785
0.140536
0.164715
-0.16176
-0.0942205
-0.280836
0.0727811
-0.182556
-0.354661
0.125512
0.285388
-0.329802
-0.0604271
-0.328577
0.934592
0.0945284
0.356693
-0.00646362
-0.0602951
0.112526
-0.247973
0.200428
0.157989
0.0577591
0.0780373
-0.375757
0.168257
-0.36844
-0.149325
0.212475
0.0713876
-0.0956135
0.240058
-0.0998413
0.15906
0.12997
0.0516801
-0.253393
0.220831
-0.170979
-2.0307
0.139715
-0.495498
-0.143233
-0.0613326
-0.0927987
0.111297
0.138687
-0.195283
0.207817
-0.265979
-0.237624
0.017445
-0.219182
-0.111864
0.357354
0.0961645
0.32948
-0.441656
0.0489726
0.362901
0.46278
0.259748
0.377508
-0.322262
0.23732
0.663717
0.211057
-0.115081
0.0645047
0.0947277
0.0297933
-0.332953
1.78112
0.303753
-0.144418
0.288227
0.060046
-0.219001
-0.258561
0.100709
-0.138037
0.00180323
-0.181307
0.38085
0.00520425
-0.0480191
0.52661
-0.29932
-0.308735
0.465199
-0.301402
0.232155
0.191362
0.337958
-0.050774
0.0944482
0.300494
0.183049
-0.0202588
0.212324
-0.305796
-0.146525
-0.375794
0.28868
-0.291192
-0.160046
-0.0498736
0.294232
0.0789416
-0.107493
0.167399
0.127942
-0.353313
-0.40545
-0.367775
0.0546132
0.170265
1.06901
0.00159276
0.0522219
-0.177484
-0.203425
-0.0811037
0.130075
-1.09261
0.0782666
0.22146
-0.0999708
-0.0236558
-0.0661213
-0.333175
-0.0823161
0.22851
0.174999
0.22793
0.394335
-0.0555715
-0.166554
0.463729
-0.0897907
-0.244834
-0.241875
-0.225441
-1.20971
-0.0655194
0.371669
0.388995
0.385988
-0.169189
0.251311
0.109427
-0.342556
-0.054039
-0.000858725
-0.115254
0.34322
0.288792
-0.126592
0.182749
0.28966
0.190967
0.0459532
-0.338039
0.23133
-0.307258
0.122789
0.0999696
0.125307
-0.180779
0.211372
-0.150345
-0.211806
-0.321396
-0.373335
0.348986
-0.114385
-0.782019
0.124953
-0.0137241
-0.127676
0.106033
-0.167356
0.0315924
0.0569576
-0.118296
-0.230685
-0.0581057
0.0903082
-0.0461944
-0.176865
-0.0642477
0.18017
-0.143721
0.2431
0.425333
-0.308231
0.256323
0.392373
0.0842088
0.337111
-0.12854
-0.167403
-1.0224
-0.123598
0.11889
-0.381085
0.252011
0.212798
-0.139776
-0.157449
0.10516
-0.156469
-0.296676
-0.149166
0.258444
0.378369
-0.53435
-0.193929
0.0790029
0.313903
-0.437612
-1.52564
-0.335701
-0.475855
-0.226361
0.183568
0.186742
-0.351829
1.49795
0.0426732
-0.0120437
-0.159525
0.0518605
0.0622334
0.195315
-0.140769
0.0511179
-0.30739
0.0358945
-0.00860749
-0.381238
0.276552
0.127711
-0.0272475
0.148887
-0.0632397
0.498984
2.29917
0.0984326
0.17792
-0.405574
0.229562
-0.393715
0.291135
0.328439
-0.486392
-0.033292
-0.431584
0.22334
-0.0293304
-0.276577
-0.0452126
0.0771581
0.156142
-0.136201
-0.0590561
0.371921
0.0556254
-0.0437045
-0.0796812
-0.204271
0.168134
-0.646972
0.0804107
0.18364
0.360101
-0.357215
0.304636
0.18118
-0.224941
-1.13818
-0.0169819
0.115931
0.328365
-0.187611
0.254162
-0.257091
0.319725
-0.265216
-0.389641
0.27977
-0.0908081
0.426174
-0.478309
-0.471817
0.388044
0.410479
0.14489
-0.587781
-1.18336
0.111798
0.116201
-0.0667274
0.117043
0.022809
0.0792705
-1.84288
-0.201869
-0.0947538
0.00188589
0.082085
-0.214493
0.0349512
0.0967381
-0.0426202
0.063389
0.181451
-0.119652
0.189983
-0.151031
0.0715295
-0.174381
-0.00181179
0.0949759
-0.0222216
-5.86692
-0.269202
-0.458349
-0.25233
0.146558
0.174411
0.193172
0.24881
-0.35316
-0.079978
0.419654
0.169982
-0.257402
0.399735
0.427279
-0.379267
0.545514
0.14295
0.319669
0.012848
-0.184818
-0.317041
0.390335
-0.0251894
-0.212769
0.181811
-0.877274
-0.0357532
0.3709
-0.0280212
-0.32862
0.179652
-0.00453475
0.130419
0.614674
-0.289732
0.0687104
-0.151182
0.0916819
-0.117655
0.0102547
-0.296307
0.19947
0.0558285
0.000653005
-0.0591097
-0.41371
-0.268537
-0.361525
0.265601
-0.278757
0.0466033
-0.802533
-0.150667
0.0387308
0.000354745
-0.0409909
-0.205038
-0.288899
-1.14461
0.193731
-0.161782
-0.338001
0.262029
-0.32333
0.152189
-0.190858
0.0714674
0.225635
-0.371824
0.31303
-0.025424
0.235854
0.0163155
0.175442
-0.100595
-0.138414
-0.316141
-1.76335
0.396419
0.200275
-0.287284
0.644224
0.00015259
0.216757
-0.517367
-0.493342
-0.406606
-0.307603
0.503933
-0.295313
-0.098961
0.416604
-0.00958398
-0.31038
0.0589745
0.341936
-0.0215816
-0.154928
-0.128927
-0.284887
-0.027088
-0.0683426
-0.0318134
-0.154282
0.148193
0.026987
0.152367
-0.342604
0.178393
0.321172
-1.07818
-0.0758405
-0.0775051
0.220507
-0.167927
-0.0428643
-0.00925475
0.28856
-0.267507
0.402994
0.397222
0.198754
-0.496161
0.25531
-0.0419162
-0.243964
-0.124245
0.078538
-0.418329
-0.481012
0.115242
-0.18581
0.0893735
0.348086
0.316701
0.297511
0.536585
0.299019
0.0928963
0.309778
0.164604
-0.153169
0.241351
-0.344705
-0.0616507
-0.117476
0.483724
0.0734268
-0.0802013
0.18488
-0.182033
0.190799
0.178233
0.221101
0.122414
0.370999
0.000624977
-0.20581
-0.292629
-0.177848
-0.352336
-0.321447
-0.705794
-0.178006
-0.227361
0.251648
-0.432899
0.169343
-0.173145
-0.134864
-0.393458
0.141141
-0.035009
0.263299
0.385268
-0.108655
-0.228227
0.333705
-0.0444706
-0.246418
-0.159683
0.628434
-0.186494
0.390146
0.0732214
-0.337726
0.410083
-0.203023
0.605484
0.199184
-0.115741
-0.369061
-0.210765
0.00732234
-0.039799
0.145584
0.236038
0.0395234
-0.143453
0.352677
-0.219072
-0.137203
0.264995
0.0189949
-0.171126
0.471216
0.252409
-0.0907167
0.348149
-0.193156
-0.400793
-0.0321683
0.24455
-0.246549
-0.571976
-0.0853246
-0.175888
0.361047
0.383559
-0.0337899
-0.343483
-0.0837519
-0.0507083
-0.309441
-0.00979772
-0.362608
-0.152219
0.278918
-0.188384
-0.0436619
0.104855
-0.349914
0.0770769
0.0580479
0.433476
0.552987
-0.323217
0.143916
-0.100029
0.164491
0.134823
0.2452
0.0269371
-0.256939
-0.348336
-0.310621
-0.453983
-0.109539
-0.230242
-0.139093
0.2006
0.370809
-0.03636
0.0328709
-0.290709
0.173858
0.0908804
0.0863313
-0.661964
-0.598744
-0.452886
-0.538083
-0.177087
0.46033
0.206214
-0.0598598
-0.549497
-0.505778
-0.439386
-0.137191
-0.184966
0.351568
0.227313
-0.457846
0.345288
0.190982
-0.328542
-0.376821
0.284216
-0.0210632
-0.105125
-0.36753
-0.393966
-0.0812928
0.242107
-0.243149
0.159844
0.211451
0.065437
0.270878
-0.420262
0.0363566
-0.487867
0.0946795
-0.140554
-0.206177
-0.216965
-0.226989
0.424015
0.224289
0.064848
-0.452638
0.237108
0.232545
-0.319266
0.368299
0.604753
-0.243102
-0.094206
-0.466712
-0.028965
0.0184584
0.111509
0.413463
0.0786573
-0.245719
0.167537
-0.135998
0.425354
0.0841539
0.284663
0.399384
-0.336705
0.108363
-0.174516
-0.0215206
0.378957
-0.210742
-0.968365
0.106931
-0.38803
0.141503
0.272778
0.0148521
-0.194359
-0.114003
-0.00183576
0.302067
0.0523051
0.104692
-0.298445
-0.443208
-0.195465
-0.37322
-0.294096
-0.106903
0.320323
0.0934866
-0.038136
-0.435921
-0.0775259
0.00587522
-0.413189
-0.203749
0.282196
0.266265
0.291452
0.181842
0.367959
0.286528
-0.589228
-0.0884202
-0.0176153
-0.256169
0.268496
0.293749
0.32353
0.337439
0.252494
0.354244
-0.159078
0.0943859
-0.446391
-0.463979
-0.0820058
-0.0104211
0.00345759
-0.382228
-0.395619
0.212091
-0.116179
-0.541286
1.00025
-0.244385
-0.358505
0.197392
0.267658
-0.0995324
-0.0184855
0.192178
0.224104
0.0582586
0.133227
0.406378
-0.565522
-0.284428
-0.105276
-0.140238
-0.354039
-0.0584002
0.0259261
-0.137995
-0.115902
-0.23478
0.048487
0.511059
-0.209071
-0.291246
-0.0121347
-0.486963
0.263288
0.563785
-0.239256
0.338814
-0.282373
-0.107455
-0.304996
0.0680838
0.448746
0.290961
0.226589
-0.280757
0.102078
-0.138864
0.141004
-0.279084
-0.164654
-0.0642416
-0.175786
-0.200857
-0.234871
0.20064
-0.196839
-0.135114
0.488274
0.0346412
0.0185194
0.320011
-0.284454
0.0468542
0.373361
-0.31008
0.38308
-0.530287
-0.0652595
0.0896397
-0.414831
0.551874
0.0971598
-0.175217
-0.186934
0.136499
0.471953
0.413813
-0.290921
0.391328
-0.503176
-0.236988
0.0849712
0.211599
-0.458381
0.0411208
-0.000553806
1.10137
0.369581
-0.210556
0.0751621
0.125191
-0.648903
-0.239306
0.336822
0.114714
0.183982
-0.256429
-0.119796
-0.341261
-0.2177
-0.0683009
-0.185309
0.152175
0.152102
0.307314
-0.247792
0.296928
0.104938
0.248659
0.12513
-0.298581
-0.345888
0.525418
-0.754528
0.254107
-0.396064
0.0348874
-0.096299
0.174265
-0.169856
-0.37671
-0.0631021
-0.425768
-0.283634
0.220762
0.266203
-0.489679
0.0996069
0.295391
0.450586
-0.396951
-0.426847
0.146143
0.103092
-0.251021
-0.486576
-0.0364039
0.309397
-0.138072
0.313689
-0.30044
-0.50273
-0.218259
-0.483274
-0.179447
0.0636006
-0.446297
0.392683
-0.112035
-0.120896
-0.0189943
0.0273677
-0.191081
-0.536522
-0.475876
0.235931
-0.0634442
0.142099
-0.032323
0.438851
-0.153193
-0.448635
0.33627
-0.0446331
0.277191
-0.194552
-0.0874325
0.540329
-0.273748
0.429516
-0.49241
-0.206376
-0.464975
0.295251
-0.138721
0.112733
0.358063
-0.291122
0.286816
0.402441
-0.492929
-0.430398
-0.0742505
0.131534
-0.103849
0.43452
0.190839
0.203312
-0.134835
-0.13159
0.147094
0.104651
-0.206382
0.395457
0.296007
0.00192493
0.093145
0.136152
-0.140707
-0.212686
-0.46888
0.205559
-0.301832
-0.0949636
-0.254578
-0.325158
0.0380631
-0.262132
-0.16226
-0.4557
-0.49772
-0.420917
0.106292
0.189449
0.0550318
-0.0527431
-0.37223
0.202429
-0.53238
0.319615
0.0253297
-0.386051
-0.294888
0.0134484
-0.167424
-0.0203563
-0.0849102
0.213485
0.31855
-0.00889123
0.143082
0.130165
-0.0846416
-0.34852
-0.286793
0.0946696
-0.28287
-0.18382
0.329814
0.124632
-0.385475
-0.438849
-0.49886
-0.0642016
-0.25445
-0.0347847
-0.387601
-0.456573
-0.0462641
-0.120642
0.164992
0.173416
0.370054
-0.437091
0.101871
-0.106998
-0.235684
-0.447939
0.319153
-0.452019
-0.0604523
-0.265346
-0.102764
-0.24027
-0.0586307
-0.270923
-0.0986136
-0.13493
-0.0840856
-0.40612
-0.222354
0.0800235
-0.672059
-0.0109599
-0.255457
-0.15439
-0.413252
-0.200187
-0.0482223
0.376099
-0.0240455
0.0180552
-0.343193
-0.266239
-0.45838
0.057906
-0.102002
-0.260073
0.0664012
0.198135
0.456866
0.465882
-0.035126
0.148011
-0.146141
0.153344
0.0700862
-0.0692881
0.497311
-0.0143185
0.331616
0.0819888
0.045062
-0.0246538
0.485307
0.0695343
-0.122247
0.140793
0.247188
0.459189
0.376868
0.161424
0.357696
0.104234
0.487135
0.317797
0.0311027
-0.303635
0.202245
0.272095
0.16225
0.185735
-0.104959
-0.332802
-0.00027187
-0.346859
0.456628
-0.00354636
0.0975933
-0.921159
0.186734
0.363001
0.0959052
-0.224086
-0.0129098
0.145298
0.418544
0.240635
-0.12863
0.164888
0.037101
0.0532069
0.380941
0.0178839
0.57878
0.249469
0.521673
0.0421328
-0.140307
0.147927
0.277844
-0.197111
-0.358754
0.425936
-0.170573
-0.0899677
-0.549463
-0.495734
0.023407
0.00835958
-0.342743
-0.204065
-0.397219
0.392163
0.0383143
-0.105731
-0.621451
0.348476
-0.1849
0.0702266
0.103397
-0.246875
-0.313287
-0.0939847
-0.0870498
-0.328487
0.438913
0.0990471
0.0379401
-0.16555
-0.506599
-0.148106
0.152259
-0.23827
-0.0193922
-0.0762528
0.528426
-0.36239
0.421315
0.167521
-0.18896
0.276935
-0.551907
0.209729
-0.22594
-0.109452
-0.525719
0.0376052
0.664194
-0.299945
-0.35458
0.0265117
0.0402224
-0.071991
0.309093
-0.244784
-0.212356
0.504506
0.206253
-0.235026
0.126133
-0.282525
0.0600101
-0.025045
0.274743
0.0211479
-0.0949303
0.0615357
-0.160358
0.22045
-0.46721
-0.385463
0.0293873
-0.168327
-0.468141
-0.197271
0.574222
0.234423
0.108197
-0.477822
0.0702137
-0.317198
0.00304406
-0.211007
-0.361276
-0.489737
-0.747042
0.856645
-0.249176
0.43525
-0.0900004
-0.429188
-0.0950969
0.472211
-0.142451
0.0934781
-0.349912
0.256838
0.0228036
-0.380536
-0.22034
0.115317
0.0216839
0.392255
-0.0600546
0.336061
0.147352
0.112848
0.157828
-0.347937
0.153828
0.336433
0.463176
0.28557
0.172677
0.444147
0.211477
-0.433088
0.46181
0.169618
-0.402218
-0.101773
-0.363694
-0.108938
-0.383472
0.00259791
0.229498
-0.475187
0.0447428
-0.807169
0.298078
-0.356733
-0.267627
-0.466234
0.24237
-0.0531681
-0.28118
0.0308704
0.0257899
0.592265
0.267035
1.48504
0.506975
0.346219
-0.0979936
0.165079
-0.133494
-0.230421
-0.573867
0.0654497
-0.0307046
0.586776
-0.157504
-0.807292
-0.409094
0.0262366
-0.410205
0.948786
-0.396281
-0.313231
-0.368215
0.313224
-0.437941
0.32252
0.641351
-1.4769
-0.502735
0.651601
2.77722
-0.0399194
0.0832557
0.570923
-0.167827
-0.0664472
-0.191922
-0.167039
-0.558449
-0.334262
-0.500576
-0.103234
0.312342
-0.243094
-0.0936008
0.422254
-0.454555
-0.249912
-0.206299
-0.171195
-0.0937989
0.222168
0.394701
0.37667
-0.0858569
-0.211932
-0.0150162
0.130582
-0.361475
0.137496
0.210254
-0.231279
-0.297115
-0.21994
0.155252
0.224695
-0.230372
-0.128384
-0.233021
0.0225616
-0.174083
-0.190108
-0.316215
0.197382
-0.0913665
0.452318
-0.116813
-0.271279
0.205985
0.468004
-0.209201
-0.10696
-0.333728
0.397582
-0.0291485
-0.0427143
-0.160909
-0.379518
-0.0308931
0.0700831
0.18453
-0.0127705
-0.317353
-0.422387
-0.234161
-0.436555
-0.535181
-0.399037
0.138004
-0.283389
0.171538
-0.340471
-0.025113
-0.0115913
0.395235
0.385793
-0.23781
-0.244198
-0.350046
0.200559
0.510826
0.559343
-0.376364
0.0902009
-0.123598
0.262751
-0.0087425
-0.211951
-0.439699
-0.55346
-0.295929
-0.0562113
0.0634286
0.17953
-0.324174
-0.377812
0.304548
-0.405242
0.0335654
0.0866316
-0.40148
0.319556
0.14873
-0.165753
-0.458459
0.16905
-0.306063
-0.0128315
-0.0518272
-0.0776759
-0.478336
0.221131
0.564387
0.0947206
0.71544
0.966049
-0.0786323
0.137614
-0.207301
