#input normalization
0.161111 0.272713
55.8776 59.6663
9.67791 37.4879
7.93437 31.5603
0.0110227 0.0436671
0.00882482 0.0338465
1 -1
0.823511 1.27769
1.05267 1.47112
1.29982 1.67897
1.57855 1.87949
1.86027 2.06281
2.12999 2.22636
2.39629 2.3791
2.64341 2.50023
2.87854 2.5868
3.10222 2.64749
3.30893 2.68228
3.48879 2.68793
3.62724 2.6498
3.75209 2.59835
3.85097 2.5101
3.92847 2.41397
3.96982 2.29961
3.99558 2.16779
3.98964 2.01953
3.9519 1.86013
3.89572 1.68228
3.7862 1.48252
3.65921 1.28429
3.54441 1.09538
3.42333 0.906903
1 -1
1 -1
#output normalization
1 0
#neurons weights
-0.348374
0.483606
0.289254
0.412564
-0.327404
-0.454029
0.438217
0.391614
0.029064
0.275555
0.471568
-0.21563
0.451894
-0.498231
-0.281077
0.297608
0.123799
-0.251733
-0.325469
0.350038
-0.438694
0.216926
-0.432783
0.329931
-0.247506
0.412093
-0.444641
0.321829
0.259298
-0.37406
0.481279
-0.41012
0.411094
-0.425742
-0.314595
0.208802
0.450665
-0.12228
0.232975
-0.455875
-0.448072
0.452171
0.371469
0.0923351
-0.100381
0.318086
0.622315
0.0780609
-0.335857
0.415288
-0.392407
0.233758
-0.495636
-0.31387
0.106319
-1.19514
0.406678
1.65853
-0.126034
-0.0145626
0.25493
-0.287902
-0.177784
-0.309167
-0.130975
0.0539515
-0.316693
-0.095056
-0.122285
-0.20321
-0.169178
0.0852785
-0.145621
-0.428444
0.569988
0.269768
-0.226187
-0.141276
0.425463
-0.0727112
-0.600022
0.377867
0.503257
0.283015
-0.383265
0.499733
-0.201071
0.484928
-0.466009
-0.098075
-0.251656
0.310779
0.544799
-0.367371
-0.125811
0.0362119
0.104776
0.497539
-0.22343
0.138456
0.517715
-0.0236971
0.0631269
0.0564004
#synapses weights
-0.208352
-0.177124
-0.240844
0.377433
-0.319236
0.0694379
0.0485562
-3.19467
-0.27996
-0.0940055
0.214742
0.0409211
0.0594882
-0.120267
-0.0700671
0.153988
0.0869331
-0.217096
-0.203085
0.13702
0.370537
0.188762
-0.516312
-0.0566114
-0.0517568
0.36226
-0.178717
0.0798498
-0.168309
0.079561
0.309777
0.235093
-0.0658522
-0.447784
0.0373347
0.0778111
0.308207
0.322309
-0.474896
-0.0211978
0.233774
-0.271677
0.0178955
-0.174294
0.249449
0.264485
-0.379115
-0.111273
0.024203
-0.529523
-0.364045
-0.0654288
-0.114997
0.242477
-0.248864
-0.262204
-0.450147
0.113182
0.323601
-0.416871
-0.131226
-0.409012
0.394732
0.276841
0.264559
0.416285
-0.454018
-0.197539
-0.114369
0.262306
0.554258
-0.564474
0.429347
-0.0741509
-0.410827
0.458769
0.147235
-0.667492
-0.407555
-0.538936
0.229202
-0.69871
-0.580978
-0.0993452
0.539958
-0.0573326
-0.144687
0.274515
-0.375913
0.140316
-0.25778
-0.475822
0.173572
0.056816
-0.0186744
0.167215
0.194517
-0.522958
0.262122
0.152666
0.476411
0.338554
0.00315218
0.494892
0.31468
-0.421275
0.446149
-0.344031
0.0148813
-0.160764
-0.345206
-0.525629
-0.303132
-0.322265
-0.0188747
-0.395975
0.321688
-0.347468
-0.0183533
-0.335496
-0.224444
-0.209262
0.632434
-0.0261064
-0.0576366
0.0724613
-0.349757
0.115512
-0.216081
0.0794855
0.418636
0.586572
-0.0278769
0.651268
-0.194065
0.498456
-0.0250252
-0.269731
0.252192
0.157221
0.144948
-0.000875813
-0.0627781
0.307241
-0.178068
-0.00419655
0.0701804
-0.284486
0.626759
0.472709
0.560331
-0.102207
0.0108235
-0.0553247
-0.184429
0.209152
0.373881
-0.48044
0.299692
0.30433
0.298319
-0.290291
-0.148759
0.426444
-0.227161
0.0875114
0.130256
0.0489571
0.367567
-0.349433
0.0963387
-0.52166
-0.00440103
-0.130435
-0.241784
-0.192327
0.48702
-0.196537
-0.120367
0.0514536
-0.230862
0.182962
-0.225349
-0.275641
-0.207113
-0.0226451
-0.215814
-0.115161
-0.511773
-0.392199
-0.0107923
0.198177
-0.353407
0.15682
-0.15084
-0.199939
-0.478156
-0.28763
-0.260074
-0.440269
0.24699
0.35291
-0.248185
0.0598839
0.176586
0.692616
0.183436
0.238865
-0.578442
0.546174
0.104923
-0.183855
0.418895
0.334602
0.541227
0.138685
-0.0146344
-0.24411
0.123939
0.0680415
-0.195864
0.203213
-0.301936
-0.24488
0.420269
-0.305623
0.447918
-0.0453347
-0.371749
-0.22839
-0.0135011
0.351567
-0.200224
0.357407
-0.0614377
0.349047
0.45434
0.219868
-0.498131
0.196132
-0.322873
-0.301546
0.00960919
0.199708
0.402587
0.371051
-0.126581
0.323609
-0.0385708
-0.337125
-0.240545
0.529761
-0.11399
-0.224195
-0.162055
0.294623
-0.488797
-0.119006
0.494949
0.166174
-0.148263
0.363543
0.0672114
0.175841
0.281369
-0.391439
0.23455
-0.0608373
-0.433191
0.457056
-0.28607
0.23898
-0.0344577
-0.460167
0.550212
0.0181404
-0.40602
-0.105115
0.40423
-4.74404
0.176367
0.243315
0.0137481
-0.0469405
-0.0224061
0.0739333
0.216827
0.106529
0.0669518
0.0110278
0.139136
0.101377
-0.0852281
-0.0094249
0.0797748
0.158275
-0.160667
0.122267
0.102798
-0.123864
0.340988
-0.07234
0.0812668
-0.00172793
0.335381
0.110551
-0.467222
0.0739355
-0.481888
-0.31979
0.0164705
0.406157
0.476479
-1.49277
-0.452173
0.194755
-0.471497
-0.230692
-0.0913898
-0.283051
-0.389911
-0.0831318
0.0147172
-0.555457
-0.419545
-0.384942
-0.108554
-0.0373996
-0.678627
-0.0139305
-0.0464389
0.0436204
0.324173
0.155103
-0.00101271
-0.128099
-0.502218
-0.189078
-0.491426
0.109127
0.277798
-0.588241
0.491216
0.0282812
0.0978774
0.293671
0.00945843
-0.0199689
0.29089
0.307219
-0.26447
-0.43788
-0.256491
-0.49379
-0.11984
0.151199
0.0745479
-0.099992
0.353773
-0.107065
-0.380516
0.310762
-0.460168
0.172161
0.216202
0.5996
-0.290566
-0.0253794
0.0758906
0.232272
0.251141
0.109214
-0.123672
-0.148063
0.133324
0.118722
0.048993
-0.15693
-0.241661
0.0517088
-0.457865
-1.35319
-0.451575
-0.116145
0.289836
-0.233839
0.285139
-0.362302
0.367954
-0.133161
-0.297265
0.375511
0.090519
-0.375718
-0.293449
-0.0960031
-0.249789
0.264266
-0.140289
-0.013253
-0.413894
-0.155991
0.372529
0.265187
-0.239596
0.0702195
-0.102233
0.484295
0.124665
-0.444258
0.0687099
-0.0549215
0.222192
0.0388747
0.0526545
-0.359951
0.477905
0.652867
0.215693
-0.321674
0.315843
0.0425208
-0.162901
-0.361502
0.0806032
-0.192016
-0.290894
0.11425
0.0934153
0.238539
0.0602074
-0.408301
0.482975
-0.345672
0.259451
-0.275229
-0.141442
0.104897
0.357723
-0.383042
0.280297
-0.482679
0.0715144
-0.416904
0.272536
-0.185242
0.365376
0.445428
-0.387869
-0.473597
0.439137
0.0836202
-0.032756
0.452138
0.126967
0.110268
0.208634
0.395817
0.208754
0.405848
-0.371551
0.263991
-0.167578
-0.300934
0.380995
0.0572663
0.160716
-0.147414
0.391391
-0.0815139
0.30255
-0.230358
-0.19652
-0.221161
0.271454
-0.250526
-0.0403714
0.222737
0.0445561
0.433433
0.382933
0.131577
-0.384066
-0.23748
0.192041
0.612484
-0.157775
0.183054
-0.0639555
-0.0560127
-0.644527
-0.800118
0.0105626
0.0145403
0.308461
0.274819
0.151434
-0.161609
-0.388375
-0.0193959
-0.0703047
0.179607
0.436118
0.374549
0.242694
0.419313
0.247596
0.0626191
-0.35021
0.454247
0.0860397
0.251052
0.137712
-0.20451
-0.422083
-0.543313
-0.138244
0.277226
0.283593
0.623176
0.136239
0.400226
0.28563
-0.253728
0.435266
-0.33962
0.472884
-0.209275
0.312067
0.241281
0.340223
-0.0682911
0.279588
-0.227524
-0.147479
0.0418479
-0.454384
-0.171245
0.407682
0.391169
0.218026
0.206879
0.256467
-0.245751
-0.373247
0.1913
0.508133
-0.282308
-0.350999
-0.0369823
-0.0935402
0.389826
-0.128754
0.140679
-0.367434
0.158652
-0.0538772
-0.0386933
-0.215313
0.333168
0.418954
0.361159
-0.27893
0.0633464
-0.184228
0.127966
-0.336592
0.40216
0.432877
-0.283789
-0.183167
0.120037
-0.440008
0.629216
0.101535
0.487996
-0.122635
-0.138946
-0.363973
0.204379
0.167101
-0.2732
0.237892
-0.393835
0.286151
0.364035
-0.395109
0.296811
-0.250712
-0.229629
0.108175
0.28512
0.342455
0.147503
0.378353
0.18066
0.0708696
0.467712
-0.455713
0.312782
0.0525305
0.332096
-0.129047
0.509676
0.192383
0.402474
-0.258153
0.221977
0.244781
0.198239
-0.0499348
-0.201353
-0.175494
0.701779
0.0766796
-0.214854
0.478515
0.140315
0.228223
-0.584977
0.142538
-0.254989
-0.24638
-0.00522995
-0.511442
0.0923466
0.0944236
0.315531
0.0485539
0.100492
-0.317735
-0.516754
0.17065
-0.313632
0.177177
0.234703
0.180131
-0.0469499
-0.497807
-0.409828
0.420662
0.481865
-0.429944
-0.230486
0.111754
0.279442
0.264511
-0.603389
-0.216298
-0.189364
0.0869186
-0.177609
0.226228
0.772941
-0.35183
-0.425366
-0.311079
-0.591701
-0.134171
-0.186961
-0.267709
-0.266848
-0.382586
-0.214877
-0.303614
-0.363966
0.241122
-0.0339468
-0.194983
0.058224
0.196359
-0.00426262
0.0779908
0.137706
-0.0582839
0.0447045
0.120239
-0.334735
-0.386905
-0.145818
-0.212796
-0.786148
-0.324657
-0.224038
-0.278365
0.399721
-0.477972
0.109038
-0.575192
-0.4902
-0.331238
0.0153139
0.026763
0.192209
-0.170274
0.228783
-0.131176
0.326562
-0.0704143
-0.211406
-0.0252497
-0.00601999
0.32895
0.427833
0.00199421
-0.249466
0.277037
-0.478091
0.23718
0.373378
0.0978547
0.0545183
-0.36021
0.413349
-0.362112
-0.547716
-0.488439
0.39498
-0.503293
0.0876988
-0.223816
-1.24242
-1.23698
-0.363519
-0.274349
-0.0543586
0.516915
0.128618
-0.114584
0.278608
0.401665
0.0660441
0.505912
-0.0722612
0.394938
-0.219686
-0.215263
0.274464
0.294258
0.266151
0.139755
0.160248
-0.0383551
0.292185
0.110994
0.0572971
-0.458422
-0.183602
-0.236978
-0.220039
0.340195
-0.136329
0.183533
0.369839
0.277839
0.136123
-0.568106
-0.257798
-0.00793065
-0.199786
-0.147793
0.107581
-0.363646
0.228747
-0.552421
-0.365669
0.097962
-0.324708
0.229939
-0.154501
-0.125517
-0.0284048
0.265944
0.254959
0.249901
0.176403
0.279067
0.186047
0.32769
-0.128673
-0.0708061
0.235489
0.148136
0.628107
0.401711
-0.110668
-0.0451459
-0.0816104
0.279446
3.77085
3.50611
0.4274
0.0199437
0.072564
-0.0580455
-0.045904
0.0943561
-0.115848
0.0859103
-0.17113
-0.0233339
0.14508
-0.215489
-0.197662
-0.115968
0.104571
0.040624
-0.0634584
0.0984186
-0.0449247
-0.167016
0.0199348
0.129884
-0.167986
-0.273072
-0.380447
0.335896
-0.425927
0.109277
0.0143279
0.506332
0.0134064
0.110404
0.542851
0.422285
0.292561
-0.25956
0.00305115
0.290893
0.247839
0.24375
-0.0599872
-0.16082
-0.175551
-0.357086
0.0149567
-0.383755
-0.41444
-0.371275
-0.426472
0.375679
-0.116979
0.456497
-0.351235
0.155832
-0.399294
0.0204656
0.0856367
0.42164
0.16816
0.201649
0.232866
0.545547
0.275253
0.202722
-0.576323
0.459931
0.649343
-0.235561
0.0877749
0.284231
0.196937
0.204841
0.162239
-0.204032
0.513811
0.352977
0.0790534
-0.0335795
0.0667019
0.184095
-0.324454
-0.419626
-0.253131
-0.151272
0.103377
-0.192003
-0.431861
0.332517
-0.374795
0.121542
-0.298867
-0.033296
-0.000206438
0.185327
0.330903
-0.0260028
-0.133322
-0.299117
-0.44199
-0.0520816
-1.11825
-0.0889669
0.0272273
-0.333443
-0.077377
0.227158
-0.0650766
-0.260031
-0.257182
0.149148
-0.0457376
-0.0952371
-0.331604
0.0660821
0.513594
0.309961
-0.339941
0.412087
0.0436194
-0.307431
0.0319971
0.511909
0.0406329
-0.16177
0.133316
-0.091293
0.0929575
-0.184739
-0.179008
0.352034
0.132453
0.388963
-0.527101
-0.209423
0.406628
-0.616359
-0.385948
0.312375
0.290677
0.220284
0.447462
-0.239552
0.507325
-0.199443
0.324945
-0.140138
-0.171466
0.481577
0.452637
0.248023
0.264659
-0.22359
-0.0913388
0.183859
-0.0111181
0.421744
-0.342206
-0.279472
0.319616
-0.283691
-0.0957019
0.0218744
0.362084
0.148335
0.0865423
0.515443
0.363657
0.361501
-0.374061
0.323204
-0.186818
0.486853
-0.190819
0.255223
0.371465
-0.383093
0.0599758
-0.275733
0.548606
-0.0560169
0.60166
-0.137642
-0.0944533
0.322526
0.212526
-0.260239
0.441549
0.0637556
-0.16655
-0.00643449
0.409223
0.188075
0.226967
0.201767
-0.383966
-0.348275
-0.417056
-0.0841635
-0.00384539
0.432555
0.351407
0.0434832
-1.20474
0.441791
0.35049
-0.306532
-0.00971637
-0.337464
0.148415
-0.0746444
0.101453
-0.349276
0.349714
0.0560362
-0.015643
-0.241249
0.260932
-0.200985
-0.111031
0.271592
0.327095
-0.134933
-0.149842
0.117714
-0.12618
0.286352
0.34096
-0.438338
-0.170877
-0.484378
-0.692285
0.195164
-0.140058
-0.524327
0.252992
-0.224019
0.275115
0.177224
-0.0670691
-0.118383
-0.279994
0.0422187
0.299151
-0.142615
0.50848
-0.125772
-0.0880634
0.392797
-0.28689
-0.0821715
-0.147071
-0.20364
0.269474
0.245008
0.518769
-0.212844
-0.252391
0.0675843
0.0642825
0.372269
0.127185
0.181545
0.059611
-0.248319
0.898436
0.128659
0.0579024
-0.044184
-0.109194
0.329989
-1.4644
-0.618255
-0.0641175
-0.0412438
-0.0344584
-0.00576709
0.102418
-0.0968076
0.0158782
0.0350858
-0.242341
0.304189
0.241583
-0.23718
0.190694
-0.255397
-0.0249686
-0.271277
0.101551
0.242822
-0.225631
-0.393402
-0.124266
0.267112
-0.146228
-0.235456
-0.231725
-0.438801
-0.23411
-0.29013
-0.173574
-0.226959
0.149049
0.341485
-1.66367
0.0769464
0.151175
-0.287087
-0.141028
0.306763
0.00242
-0.450197
-0.079843
-0.116328
0.188389
-0.338688
-0.367136
0.189804
-0.418361
-0.130518
-0.0652811
-0.0306002
0.415738
-0.36052
0.319767
-0.230793
-0.454954
0.459091
0.456374
0.302464
-0.27945
-0.324926
0.0688105
-0.0718537
-0.13146
0.206487
-0.305704
0.0296667
0.527984
0.293009
0.258637
0.122282
-0.0387814
0.367398
-0.540554
0.524286
0.300909
0.195601
-0.253539
0.316234
-0.290266
0.239307
0.231991
0.351974
0.0511116
-0.214304
0.10028
0.160684
0.0185239
-0.261836
0.381925
-0.308372
0.15833
-0.165796
0.0739769
-0.114561
0.487359
0.184085
-0.303909
-0.261655
0.00858504
0.0993881
0.304957
0.247288
0.214028
-0.36488
-0.392485
0.358242
-0.102832
-0.273465
0.0322519
0.0182574
-0.380173
-0.171354
0.393543
-0.235934
-0.364275
0.19695
0.272416
0.133121
0.0370766
0.325879
-0.16835
-0.149712
-0.49595
0.186493
-0.410465
0.132355
-0.255618
0.208495
-0.108123
0.133568
-0.496375
0.297498
-0.555724
-0.244447
0.185236
0.324019
0.0121926
-0.364078
0.114712
-0.623976
-0.226331
-0.0653525
0.0543847
-0.0515737
0.171964
0.146069
-0.272407
0.075826
0.304566
0.181947
-0.697932
-0.542858
-0.287379
-0.413767
-0.0695113
-0.215889
-0.262628
0.191224
-0.522468
-0.372311
-0.130935
0.191078
0.537467
0.0672398
-0.0976426
0.052276
0.27809
0.103621
0.0132245
-0.125328
0.597433
-0.152907
-0.0480214
0.421719
0.323032
0.253402
0.573115
0.52264
0.263253
0.192811
-0.577952
0.0201999
-0.645632
-0.0811236
-0.0348248
0.0832321
0.282467
0.627968
0.443133
0.29687
0.278274
0.402779
-0.0375372
-0.114932
-0.261227
0.426835
-0.00178678
0.183036
-0.105891
-0.119535
0.103725
0.021354
0.321593
-0.119475
-0.129437
-0.583074
-0.0199707
0.156094
-0.447244
-0.0642112
0.159661
-0.537836
0.0247554
-0.225117
0.085264
-0.402811
0.25549
0.328734
0.315903
-0.343869
0.107935
0.0449306
0.0831089
-0.311375
0.520202
0.180888
-0.541848
-0.0687658
-0.220175
-0.463666
-0.333944
0.181184
-0.121102
-0.0535004
0.155411
-0.0819585
-0.214476
-0.00902785
0.537238
0.00632509
-0.327453
0.0156891
0.144658
-0.0150803
-0.194035
-0.081194
0.51244
-0.237445
0.114882
0.436789
0.432358
0.46318
-0.348683
-0.0454871
-0.31392
0.355444
-0.0663976
0.103098
0.218104
-0.15758
-0.0355702
0.416596
0.312318
0.513968
0.328895
0.0762897
-0.155721
-0.480059
0.017949
-0.24923
-0.448844
-0.251764
-0.375254
0.274002
-0.500961
0.130577
-0.142755
-0.0676817
-0.277674
-0.474229
0.474596
0.232671
-0.445724
-0.0489672
-0.0160998
-0.259886
-0.316049
-0.290761
-0.511815
-0.0990572
-0.46346
-0.25545
-0.32654
0.0564729
0.154207
-0.400666
-0.0786996
0.143859
0.395875
0.223982
0.0556909
-0.0760126
0.195461
0.186626
0.347328
-0.582459
0.669882
0.197042
0.318388
0.485601
0.0166084
0.29525
0.369021
-0.307193
0.24497
0.445579
-0.0798055
0.173305
0.0717891
0.518097
0.494
0.0244564
0.451585
-0.35013
-0.392351
-0.0822039
-0.160008
-0.297528
-0.0384371
0.0203801
0.0104302
0.174556
-0.113608
0.0456017
-0.15545
0.164161
0.277095
0.263722
0.118002
-0.297214
-0.175759
-0.282822
-0.291857
0.0333202
0.328832
-0.0918335
0.215728
-0.195179
0.609979
-0.0323334
0.0195845
0.329491
0.368048
-0.536917
-0.145524
0.238158
-0.218704
-0.00815781
0.103296
0.139949
-0.945333
-0.178931
0.301223
0.2919
0.0673669
0.0512105
0.160175
-0.0485491
0.15761
-0.294291
0.494284
0.312881
0.381673
0.195103
-0.589595
0.223262
-0.314613
0.178643
-0.127605
-0.0933831
0.00422859
-0.0633608
-0.167145
0.533436
-0.413638
-0.615639
0.0448776
-0.544153
-0.41168
-0.0908759
0.266353
0.0917755
-0.533841
-0.586318
-0.22459
-0.444119
0.197287
0.0126766
0.574662
0.193574
0.218165
-0.307699
-0.585098
-0.210759
-0.144485
-0.475152
0.345332
0.130321
-0.594287
-0.591215
-0.241106
0.300045
0.10964
-0.628499
0.140659
-0.552507
-0.419936
0.178875
0.0567849
-0.356436
0.41101
-0.308846
0.098589
0.182152
-0.0173886
-0.046024
0.0324656
-0.179595
-0.309678
0.0670348
0.223751
0.346408
-0.0772439
-0.463117
0.400014
0.00706787
-0.0278791
0.491724
-0.0044253
-0.238793
-0.204296
-0.0441576
0.223682
-0.3169
0.272091
-0.00228719
0.514433
-0.216011
0.653621
0.178518
-0.434589
0.111916
0.28258
0.0741238
0.210569
0.0841996
-0.31311
-0.303156
0.186156
0.174232
0.216384
-0.547564
-0.439729
-0.369396
0.085261
-0.0738742
-0.115957
-0.483441
0.105414
0.213947
-0.020781
0.505592
0.140357
0.677671
0.473211
0.236719
-0.245296
-0.442625
0.0189606
0.233762
0.530704
-0.248164
0.0441672
-0.155207
0.0282656
-1.37104
0.0487113
-0.400291
-0.0791426
-0.383648
-0.274426
-0.125688
-0.305595
0.372193
0.343418
-0.0541894
0.0597413
0.155216
-0.0230107
0.663177
0.882862
0.508003
0.0467069
0.253672
0.0929147
-0.652598
-0.121201
0.0232733
0.892723
-0.547655
-0.317566
0.39126
-0.354289
0.366864
-0.250975
-0.111611
0.0566446
0.144136
-0.0827564
-0.101125
0.29291
0.0389016
-0.426865
-0.329019
-0.514
0.0524669
-0.137381
-0.234734
0.114596
0.0147809
0.0496054
0.317794
-0.136847
-0.29401
-0.573954
-0.296452
-0.313923
-0.404386
0.134935
-0.422753
-0.1811
-0.394133
0.216183
-0.549956
0.047535
-0.347775
0.349982
-0.534659
0.162038
0.0634282
-0.204907
-0.390229
-0.384009
0.211562
-0.192346
-0.348721
-0.504544
-0.0220388
-0.453333
0.0560316
-0.261494
0.0687017
0.122739
0.3188
0.356189
-0.163593
-0.558304
0.11492
0.0306476
-0.149938
0.379256
0.185439
0.500063
-0.157108
0.386297
0.0210738
0.0968434
-0.37264
-0.368985
-0.179008
0.174614
-0.27705
0.137358
0.180151
0.209337
-0.0890978
-0.18233
-0.23785
0.261047
-0.0586303
-0.0225756
-0.102484
0.00906724
0.313882
0.557587
0.173272
-0.0928168
-0.405275
0.164669
0.069597
-0.0177902
-0.121241
-0.167925
-0.407584
-0.0232084
0.539952
-0.078197
0.236506
0.297302
0.356641
-0.173661
-0.29137
-0.345012
-0.0491111
-0.00529566
0.171564
0.219209
-0.306062
0.222349
0.138859
0.392143
0.448126
0.260471
0.118971
-0.449278
0.595381
-0.277107
-0.0947015
-0.033244
-0.318429
-0.481962
-0.442756
0.157649
0.245122
-0.356027
0.0577627
0.442907
0.203906
-0.0234952
0.0586921
0.144326
-0.172197
0.191254
-0.190156
-0.166919
0.21081
0.172613
-0.306356
0.431511
-0.0716838
0.34171
0.136493
0.403323
0.290178
-0.147881
-0.456554
-0.370277
-0.450932
0.0892333
-0.295319
-0.037466
-0.428841
-0.0835405
0.141263
-0.248809
0.191435
0.0008674
0.176807
0.0499297
-0.314791
-0.0156615
0.311216
0.177907
-0.29185
-0.0580024
0.280026
-0.337213
0.18429
-0.526898
0.330153
0.132134
-0.456162
0.0459135
0.00276073
-0.10546
0.330373
-0.267292
0.0446944
-0.45443
-0.012422
-0.247377
-0.19545
0.646027
0.26234
-0.392362
-0.251328
-0.214975
-0.225586
-0.409077
-0.0874949
0.445358
0.325402
0.0322533
0.517842
0.0994198
-0.0385045
0.12695
0.175038
-0.378632
-0.1395
0.0546617
0.465276
0.504464
-0.278878
0.0502437
-0.574255
0.0209855
0.0317209
-0.301324
-0.140539
-0.175534
0.34655
-0.395892
-0.10872
-0.166053
0.409293
-0.0468853
0.311786
-0.384743
0.37791
0.068443
-0.17858
-0.57124
-0.125334
-0.182952
-0.192653
-0.0510392
-0.336075
-0.0495006
-0.527186
-0.108234
-0.184441
0.586226
0.0203659
0.355218
-0.419355
0.152471
0.482428
-0.440963
0.411125
0.213207
-0.169516
0.221831
0.168499
-0.339626
0.158255
0.229485
-0.52981
-0.2319
0.427526
0.524336
-0.360407
0.310388
0.290883
0.275506
-0.244228
0.171316
0.481183
-0.402186
0.642192
0.311639
0.343102
-0.271962
0.362944
-0.437234
0.228457
-0.0179343
0.186259
-0.579988
0.0387883
0.267212
-0.29464
0.452874
-0.200419
-0.0455932
0.0830859
-0.343603
-0.150554
0.190929
-0.395572
0.25619
0.268371
-0.0385427
-0.11553
0.391055
-0.384838
-0.378192
-0.391777
0.168521
0.0827233
-0.590102
0.0788147
0.341824
-0.168022
0.551077
-0.441676
-0.299912
0.301874
0.12631
-0.615852
-0.354638
-0.394304
0.13829
-0.277083
0.400099
-0.169157
-0.126655
0.330168
0.194044
0.0565267
-0.431758
0.336619
-0.158697
0.39819
0.133756
-0.569674
-0.0249293
-0.256692
-0.380231
-0.245835
0.232765
-0.116138
-0.411468
0.270109
0.461627
0.635336
0.149943
0.517327
0.0204971
0.335638
0.199456
0.550394
0.32903
-0.125823
-0.00957118
-0.476659
0.388657
0.339261
-0.24351
-0.288671
-0.892895
-0.510999
-0.270778
0.0471707
-0.0518487
0.109069
-0.0691884
0.306683
0.274599
-0.187918
-0.0107
-0.20446
0.281327
0.150471
0.370147
0.438851
-0.410677
-0.434595
0.326168
0.453938
0.567735
0.0162545
-0.158792
0.230208
-0.367084
-0.107482
0.051059
-0.293093
0.0709242
0.272225
0.315352
0.595158
-0.252616
0.287827
0.0356263
-0.0403789
-0.0223763
-0.139549
0.404912
0.0891318
-0.096404
0.147732
-0.140983
-0.353816
-0.149211
-0.169199
0.145394
0.0353064
-0.068783
0.0573917
-0.126864
0.16046
-0.369469
-0.335138
-0.356997
0.137171
-0.506793
0.0488064
-0.35619
-0.354494
-0.411353
0.459316
-0.146219
0.393916
0.295388
-0.342916
0.0302688
-0.0570073
-0.363594
0.427719
-0.227102
-0.128766
-0.467098
-0.438885
-0.44268
0.131836
0.142093
-0.283212
-0.325938
0.232074
0.123995
-0.297408
0.458193
0.109016
0.337681
-0.0284543
-0.17676
-0.0381069
0.398654
0.458073
-0.151268
0.485326
0.347865
0.520403
-0.0768375
0.221364
-0.266267
-0.348717
0.272347
0.440566
0.101812
-0.175053
0.0672422
-0.171147
0.162562
0.387209
-0.439887
0.199347
-0.0229138
-0.36919
-0.175846
0.00927726
-0.128977
0.305474
0.443241
0.341707
0.421035
-0.18372
-0.150643
0.000205727
-0.760336
0.0392256
-0.345684
-0.0173709
0.211945
-0.0150622
0.0297212
-0.148263
0.0294369
-0.418708
-0.289096
0.104763
0.0753605
0.033153
-0.392046
-0.546204
0.263413
0.0488877
0.0177282
-0.34396
-0.103688
-0.271504
0.41553
-0.830039
-0.366386
-0.0204517
-0.151645
0.115778
0.0378552
0.040917
0.347468
0.362412
0.25536
-0.133885
-0.294465
-0.26598
-0.288319
-0.189695
0.146742
-0.142314
0.58858
0.0236074
0.389392
-0.0526613
0.220321
0.0406244
0.0623596
0.251465
0.0563308
-0.208057
0.255169
-0.0674603
0.117087
0.0705483
0.0468732
-1.0663
0.418549
-0.3454
-0.101432
-0.295086
0.0109465
0.275749
-0.666205
-0.0735128
-0.287548
-0.132444
-0.0132016
0.45819
-0.100591
0.55603
0.190983
-0.295849
0.473853
-0.270523
-0.202012
0.317667
0.424225
0.493279
-0.379623
-0.0506365
0.014403
0.424636
0.354898
-0.301723
0.487508
-0.321018
-0.159634
0.208718
-0.32807
0.0760448
-0.667643
0.305433
0.309896
0.27519
0.35278
-0.510512
-0.353734
-0.115
-0.106985
0.252996
0.261812
-0.260862
0.438178
-0.414051
0.17044
0.053932
0.370995
-0.055894
0.199102
-0.239771
-0.384927
0.334176
-0.204024
-0.205444
-0.0304727
-0.362537
0.283808
0.357453
0.475177
-0.194317
0.431749
-0.406525
0.463655
0.112898
-0.147603
-0.374271
0.14836
0.139379
0.342058
0.567146
0.019382
0.31019
-0.0706152
0.141422
-0.167507
-0.0155219
0.00894071
0.225216
0.291514
0.408517
0.188291
0.0345148
-0.10408
-0.0922736
-0.267872
0.523606
-0.167726
-0.169822
0.41629
-0.0227873
0.459512
-0.316058
-0.28651
-0.152156
0.105186
-0.159873
-0.203492
-0.255134
-0.0572076
-0.113984
0.0596564
0.409318
0.480021
0.0349584
0.0224629
-0.257704
-0.197296
0.447715
0.354384
0.384234
0.470015
0.0385709
0.331907
0.128016
0.156701
0.751162
-0.182357
0.167044
-0.527478
-0.150456
0.752413
0.198443
0.528205
-0.583178
0.248725
0.209041
0.117727
-0.516639
-0.325738
-0.165198
-0.188097
0.077324
0.428339
0.527559
0.129644
-1.00251
0.00896027
-0.688048
-0.0532242
-0.403896
0.128248
0.293916
0.443495
-0.604945
0.0664098
0.105288
-0.276744
0.409733
-0.293622
0.385928
-0.119612
-0.100528
-0.30468
0.426896
-0.321496
0.421692
-0.37944
0.20847
-0.339105
0.0829365
0.0611907
0.514264
0.0580157
-0.0315807
0.173465
-0.235165
-0.141213
-0.204376
0.486593
-0.052032
-0.207712
0.440785
-0.412489
0.295068
0.112575
0.397823
0.398693
-0.307769
0.117216
-0.292535
-0.32045
-0.109023
-0.0842764
0.43548
0.286115
0.469557
0.456004
0.0250187
0.349248
0.0974906
0.448721
0.232052
0.020562
0.340187
-0.470403
0.236406
0.391168
-0.467358
0.206031
0.158215
-0.0192775
-0.291653
0.564203
-0.209951
0.103832
0.134732
-0.084656
-0.425777
0.261236
0.225313
-0.0183776
-0.00523129
0.128333
0.34381
0.0815599
-0.191465
-0.0769232
0.116087
-0.0226916
0.431335
0.350308
-0.259526
-0.446543
-0.0199998
-0.204184
-0.140486
-0.431056
0.263991
-0.0831436
-0.150068
-0.348623
0.123609
0.307549
-0.351561
0.0113269
-0.399073
-0.272777
-0.343901
0.412959
-0.408225
-0.383008
0.0849948
0.272767
-0.291539
-0.0772925
-0.0169752
0.393864
-0.387928
0.043431
0.0882335
-0.398843
0.509215
-0.535706
-0.291808
-0.330065
-0.109634
0.220873
-0.107736
0.237406
-0.0539532
0.295669
-0.589559
0.282488
-0.615479
-0.360204
-0.0970393
-0.439372
-0.0678122
0.211832
0.0535611
0.437139
0.357406
0.122299
-0.288624
-0.371529
0.585743
-0.525945
-0.0912894
-0.387676
-0.23553
0.120092
-0.242953
0.385015
-0.216434
-0.373519
0.173928
-0.518565
0.506651
0.492637
0.4744
-0.360816
-0.123507
0.167163
-0.378298
-0.793408
0.261039
-0.545968
-0.996819
0.239085
0.167385
-0.0418963
0.0798762
-0.0185396
0.307777
0.33466
-0.315336
0.0172593
0.491286
0.234601
0.405286
0.122253
-0.41046
0.0582098
0.676915
-0.430021
-0.0774363
0.808873
-0.052184
0.00454462
-0.371519
-0.00691977
