#input normalization
0.16111 0.272711
76.7161 70.4846
9.57694 38.3707
7.92497 31.9109
0.011208 0.0443433
0.00879057 0.0338798
1 -1
0.823511 1.27769
1.05267 1.47112
1.29982 1.67897
1.57855 1.87949
1.86027 2.06281
2.12999 2.22636
2.39629 2.3791
2.64341 2.50023
2.87854 2.5868
3.10222 2.64749
3.30893 2.68228
3.48879 2.68793
3.62724 2.6498
3.75209 2.59835
3.85097 2.5101
3.92847 2.41397
3.96982 2.29961
3.99558 2.16779
3.98964 2.01953
3.9519 1.86013
3.89572 1.68228
3.7862 1.48252
3.65921 1.28429
3.54363 1.09712
3.41767 0.920599
3.26231 0.743118
3.10185 0.573586
2.93657 0.413281
2.78635 0.266603
2.61822 0.128358
2.47497 0.00581553
2.31182 -0.108566
2.15912 -0.216386
2.01145 -0.313389
1.88168 -0.396232
1.74745 -0.473142
1.6062 -0.546088
1.47361 -0.610379
1.35188 -0.666024
1.24237 -0.713798
1.14713 -0.754866
1.05185 -0.792851
0.964275 -0.824962
0.883273 -0.854466
1 -1
1 -1
#output normalization
1 0
#neurons weights
0.465502
-0.308304
0.20169
0.445683
0.171816
0.495366
0.256897
-0.316173
-0.00616164
0.12532
0.499055
-0.229647
0.493302
-0.325239
-0.123508
0.487733
-0.179319
-0.346329
-0.428701
-0.341793
0.304086
-0.273282
0.284407
0.431576
-0.11854
0.0524191
0.196886
0.167613
0.330758
-0.0109881
0.383442
-0.372504
-0.426239
0.348929
-0.483764
0.119005
0.446709
0.212407
-0.275796
-0.34266
-0.274145
-0.0395069
0.260447
0.182254
-0.480644
0.0680153
-0.00954631
0.424728
0.131599
0.098502
-0.368977
-0.447614
-0.165057
-0.0296952
-0.0422202
-0.154119
-0.157963
-0.308816
-0.458569
-0.343232
-0.216156
0.353855
0.363553
0.0775744
0.202277
0.382466
-0.793027
-0.0351085
0.174797
0.277977
0.12869
0.536057
0.508881
0.585994
-0.0223776
0.00370381
-0.221309
0.221264
0.174893
0.00743963
0.464744
0.350402
-0.0726673
0.357619
-0.534983
0.469459
0.0301255
0.389159
-0.32576
-0.0862898
0.556762
0.373584
-0.600437
0.463984
-0.27997
0.131967
0.174707
0.207387
-0.155131
0.364008
-0.490644
-0.356955
-0.103325
-0.341185
-0.335196
0.0414277
0.340489
-0.0547847
-0.372757
0.145326
-0.434907
-0.312627
-0.312885
0.216279
0.160057
-0.475274
0.382783
-0.0570875
-0.37317
0.322267
0.0333912
-0.342627
0.167582
-0.352984
0.525504
-0.656945
-0.318246
-0.512215
-0.315727
-0.00150447
0.308771
-0.416608
-0.30569
-0.18989
0.31772
-0.458083
-0.273505
-0.377822
0.0982963
-0.359387
-0.447523
-0.109503
-0.0856994
0.0749693
0.0319362
-0.466
0.284848
0.206871
-0.0958285
0.140788
0.0793852
-0.328685
-0.38966
0.35841
-0.39149
-0.0562613
0.130864
0.383126
0.0953835
0.406767
0.437554
#synapses weights
-0.447411
-0.1846
0.116315
-0.42411
-0.42838
-0.309069
0.409623
0.0690932
0.472318
0.587045
-0.158351
-0.230965
0.288165
0.265483
0.213214
0.479509
-0.304218
-0.00222414
0.500497
0.415082
-0.0183714
-0.188186
0.244638
0.274265
-0.22934
0.50863
-0.321453
0.352638
-0.461974
0.120861
0.197941
0.266662
0.28291
-0.3536
-0.233687
0.201304
0.324668
-0.409966
0.412684
-0.233262
0.158318
-0.378992
-0.489614
0.470612
0.404762
0.0906301
0.419449
0.200105
0.459237
0.0181315
0.120661
-0.484211
0.386798
0.267
0.0399158
-0.0487335
0.199891
0.23383
0.557436
0.167855
-0.188317
-0.0306958
0.571603
-0.379262
-0.34617
0.220186
0.299943
-0.0714966
0.625388
-0.103743
-0.436677
0.4048
-0.0505051
0.155331
0.176957
0.410691
0.0356279
0.0122409
-0.322643
0.276643
0.438957
-0.392102
0.398168
0.267795
0.0972811
-0.0733397
0.326705
0.266177
0.165529
0.150931
-0.471118
-0.0644724
-0.367468
-0.12172
0.123111
0.0578273
-0.50146
-0.323416
-0.120965
0.392002
0.477549
0.507519
-0.471484
-0.141821
-0.0700437
-0.382276
-0.0743664
0.311094
-0.275722
-0.270767
-0.238619
-0.0421764
0.414581
0.429704
0.518183
0.34799
-0.370561
0.363356
0.165947
0.266417
0.426483
0.146085
0.403326
0.221734
-0.257336
-0.211983
0.305468
0.247919
0.274166
0.320453
0.192815
0.236313
-0.233501
-0.319976
-0.407906
0.428691
0.378683
0.442999
-0.125197
0.0243106
0.188071
-0.49917
0.236517
0.234726
0.291225
0.26528
-0.0776654
0.355744
-0.480772
0.432963
0.145202
0.213628
0.447743
-0.0731738
-0.0732609
0.103606
-0.458778
0.0556675
-0.382574
-0.445503
0.175265
0.155967
0.229946
-0.401001
-0.143813
-0.378254
-0.429732
-0.140944
-0.368006
-0.370589
-0.278661
0.0503448
0.406931
0.105418
0.459054
-0.088791
-0.155398
-0.140903
0.0968426
-0.0472967
0.16386
-0.00847193
0.0433651
-0.374092
0.0971155
0.0581575
0.320642
0.265647
-0.241202
-0.332027
0.0809801
-0.335408
-0.0361127
0.328196
0.375752
-0.180127
-0.0236381
-0.159877
0.288188
-0.161836
0.173694
-0.0776488
-0.325007
-0.0591047
0.179594
0.0895494
0.366543
-0.040811
-0.490012
-0.462873
0.40178
-0.148395
0.00888157
0.311909
-0.0981693
0.0410079
-0.408319
0.445137
-0.00404471
-0.395307
-0.509641
-0.0555343
-0.198761
0.15927
0.1905
0.50593
0.230217
0.370933
0.0278836
0.106209
0.444346
0.436987
-0.269251
-0.185096
-0.330034
-0.0553625
-0.142028
0.044052
-0.500295
0.353993
0.00556938
0.362923
0.365112
0.302246
-0.571561
-0.408345
0.224581
-0.23054
-0.274306
-0.0129019
0.29263
0.311012
-0.478025
-0.115293
0.271645
0.161858
0.378118
-0.476742
-0.021766
0.186434
-0.211422
0.359982
0.307174
0.362972
0.226325
-0.345596
0.311572
0.0443419
-0.277527
-0.179286
-0.325766
-0.419441
0.0381804
0.350641
0.559199
0.190823
0.0647865
-0.266494
0.10505
0.296924
-0.479709
-0.340672
0.13431
0.469318
0.277631
-0.294053
-0.413494
-0.21592
-0.042186
-0.339577
0.356433
0.372919
-0.135379
-0.367209
0.504572
0.276056
0.194388
-0.278922
-0.330769
0.279382
0.0543464
-0.0241267
0.256709
0.569396
0.291271
-0.104718
0.547769
0.146881
-0.122505
-0.206436
0.0712767
0.105406
0.225469
-0.0502175
-0.377484
-0.124549
-0.363283
0.0790091
-0.00964835
-0.172194
-0.175261
-0.272455
-0.126823
-0.0338345
-0.0513553
1.23324
0.796495
0.139797
-0.10237
0.0998356
0.287977
-0.459345
-0.063881
0.376199
-0.0422086
-0.106371
0.382494
0.172512
-0.413552
0.109686
0.509702
-0.2539
-0.132665
-0.073462
0.346742
0.155078
-0.351303
0.288281
0.281653
-0.0322823
-0.205161
0.335335
0.00735868
0.0469913
0.112299
-0.318204
0.110868
-0.437676
-0.0929219
-0.175594
-0.324778
0.0709591
0.413846
0.0790651
-0.375737
0.431195
-0.00923305
-0.0943213
-0.272213
0.292371
-0.074567
0.336668
0.325197
0.788246
0.221422
-0.27241
0.430126
0.470082
1.16847
0.393963
0.0924642
-0.0670995
-0.0742511
0.321896
0.0213594
-0.106008
0.0402362
0.217567
-0.332567
0.104998
-0.263421
-0.0540483
0.171023
0.166888
-0.35992
0.426236
0.336166
0.40886
0.253456
-0.163614
-0.352118
-0.112033
-0.304591
-0.2641
-0.141758
-0.0815834
-0.470941
0.302271
-0.030222
0.265949
-0.436142
-0.284668
-0.146237
0.338879
0.1023
0.109372
0.198558
-0.280274
-0.511194
0.157458
0.338493
-0.0484639
0.321928
-0.304094
0.463637
-0.360734
0.582217
-0.13138
-0.197474
-0.583831
0.358383
0.408919
-0.13055
-0.23472
-0.0913588
0.188998
-0.420337
0.0593064
-0.121594
0.148966
0.249123
0.228398
0.388851
-0.421444
-0.103911
0.0460284
0.344536
0.349176
-0.386436
-0.0588655
-0.235782
0.291022
-0.250383
-0.220758
0.0701303
-0.0158738
0.40999
0.0304522
0.20299
0.0136672
0.0296659
-0.0879047
0.259346
-0.28247
0.0469331
-0.314093
-0.194808
-0.360175
0.435458
0.465597
0.223099
0.4436
0.283999
0.33297
-0.429708
-0.441756
-0.145955
0.206767
-0.0244746
-0.401538
-0.445381
-0.284432
0.385614
0.411178
-0.279818
0.0695586
0.0514125
-0.0580084
-0.333658
0.122671
-0.512507
-0.0464997
-0.550443
-0.223314
0.403038
-0.394107
0.318545
-0.266227
0.0217085
0.352689
-0.209671
-0.110943
-0.279325
-0.0629527
-0.0790236
-0.352716
-0.394557
-0.153832
-0.0804334
0.095981
0.164275
0.129501
0.0402808
0.236691
0.522646
-0.102757
0.0822468
0.118754
-0.17737
0.187458
0.0608618
0.204493
-0.408186
0.0749718
-0.169872
0.32125
0.381372
0.0632172
-0.266916
-0.401153
-0.427198
-0.090532
-0.537027
0.282486
-0.850561
-0.0723968
0.151745
-0.801351
-0.494534
-0.0636728
-0.229864
0.373578
0.366617
-0.17645
0.167625
0.0761477
0.230509
0.19004
0.122144
0.220579
0.392267
-0.201166
0.077207
0.315883
0.142415
-0.340061
-0.124578
0.0469604
0.173248
-0.183917
0.402949
0.193846
0.0252017
-0.343153
-0.0029596
0.051106
-0.380746
-0.0379254
0.28011
-0.130111
0.0683647
-0.263777
-0.139566
-0.341368
0.440713
-0.0370695
-0.141939
-0.332655
-0.405563
0.345963
-0.294723
0.44969
-0.288142
0.184939
-0.174361
-0.20939
-0.179357
0.107167
-0.125393
-0.338664
-0.697224
0.738585
0.419878
0.0531689
0.140087
-0.136519
-0.0890139
-0.267176
-0.318545
0.00948422
0.0405275
-0.274154
0.404901
0.225083
0.0476193
0.103902
-0.182832
-0.0620723
-0.0338073
-0.209129
0.428717
0.0194213
-0.0528593
-0.485656
-0.226027
-0.08605
0.171417
0.382131
0.165883
0.326454
-0.0963125
-0.108168
-0.0968706
0.260483
-0.0442875
-0.144407
-0.39758
0.467168
-0.246432
-0.0195185
-0.00635712
-0.167849
0.192566
0.381595
-0.214569
-0.0844832
-0.219738
-0.0139501
0.541732
0.291108
0.38788
0.0118002
-0.211273
-0.262985
0.0946372
0.378014
-0.207377
-0.102011
-0.403513
0.20693
-0.558913
0.282605
-0.302743
0.0125132
0.0890937
-0.147715
-0.48708
-0.125703
-0.289233
0.280944
-0.184553
-0.357184
0.403778
-0.512617
-0.542217
-0.095467
0.0596005
-0.12569
0.413016
0.395522
0.453498
-0.528689
0.393441
0.391091
0.0220288
0.409335
0.40635
0.316464
-0.102309
-0.135919
0.150642
-0.338786
0.141046
-0.126735
-0.0148852
-0.0628134
0.257225
0.487161
0.152247
-0.142801
0.0578934
-0.650023
0.555545
-0.700276
0.385764
0.285654
-1.53914
-0.950759
-0.220048
-0.140619
0.169117
0.356358
0.192207
-0.28898
-0.0734003
0.0441743
0.377479
-0.0688313
-0.389632
0.461669
0.174189
0.00451878
0.420395
0.0145988
0.49671
-0.333533
0.0665074
-0.145651
-0.203706
-0.0995216
-0.104229
0.182678
-0.209503
0.373034
0.32601
-0.229741
0.023084
0.105575
-0.203426
0.197361
0.436167
-0.246029
-0.338935
0.165826
0.553476
0.256806
0.104585
-0.164391
-0.261232
0.262019
0.173031
0.275813
0.362857
0.162641
0.339598
-0.00995059
-0.493816
0.334072
0.1013
-0.141786
0.222572
0.494797
0.145331
-0.133463
0.371742
-0.200454
0.550458
-0.144503
0.431665
-0.319903
-0.247472
0.168756
0.196512
-0.195374
0.344372
-0.386552
0.280367
-0.444723
-0.0323852
0.244114
0.342383
-0.268088
0.106421
-0.202076
-0.11949
0.250273
0.0912916
-0.370054
0.432988
0.356052
-0.212405
0.111226
0.128909
-0.504539
0.191745
-0.49524
0.431426
-0.443066
0.24105
-0.0950478
0.00143071
0.311322
0.140153
-0.361132
-0.0719186
0.0508479
-0.40648
-0.0779543
0.388008
-0.214121
0.023035
-0.126676
0.646109
0.272369
-0.409859
-0.139202
-0.350676
-0.466993
-0.141208
0.102812
0.335988
-0.258673
0.235221
0.19543
0.169191
-0.274109
-0.370809
-0.416168
-0.139714
-0.35846
-0.0285438
0.185167
0.0611995
-0.494746
0.119707
0.410949
-0.354886
0.393678
-0.331685
-0.464501
0.133821
-0.324185
0.164231
-0.118706
-0.0487387
-0.487514
-0.169073
0.167297
-0.467979
0.386527
0.118877
0.0835898
0.0689845
0.219624
0.106057
-0.335815
0.380833
-0.383086
0.187962
0.712164
0.467426
-0.18292
0.103143
-0.363189
0.422414
3.31437
0.706444
0.182488
-0.0257528
0.0685408
0.124396
0.123338
-0.0254942
0.209002
0.110852
-0.17998
-0.332923
0.203065
0.0727476
-0.225322
0.0632043
-0.106543
0.24853
-0.191533
0.105437
-0.35978
-0.261889
0.410127
-0.323714
0.153816
-0.193287
-0.0201728
0.180698
0.250735
-0.336806
0.066005
-0.486068
0.267303
0.0360339
-0.334349
-0.0559078
-0.00170321
-0.0227864
0.378117
-0.244518
0.0889532
-0.0177724
-0.0502386
-0.366817
-0.11678
-0.193172
0.349301
-0.335652
-0.438209
-0.233954
0.130605
0.169579
-0.189906
-0.164627
0.0706578
0.402492
0.132053
0.371716
0.159262
-0.151982
-0.0112346
-0.54283
0.145415
0.111648
-0.320696
0.0966071
-0.393089
-0.479803
-0.553434
-0.306559
0.227996
-0.204573
0.0424839
0.483479
0.521861
-0.414356
-0.153805
0.202073
-0.380923
-0.410561
0.159871
0.34923
-0.0246155
-0.0586431
0.134323
-0.319164
0.0329152
-0.347394
-0.480722
-0.232962
-0.043957
0.112646
-0.458069
-0.449818
0.0945333
0.373981
0.0534006
-0.243452
-0.471392
0.282535
0.195061
-0.191036
-0.220212
-0.142764
-0.414572
0.399867
0.166812
-0.433702
-0.35335
0.257328
0.271148
-0.222082
-0.427896
0.0324263
-0.261903
0.349647
-0.0529634
0.370692
-0.420081
-0.425337
-0.187859
0.424705
0.172214
0.124325
-0.381483
-0.557923
0.178953
0.148511
0.229643
-0.0813088
-0.267741
0.224331
-0.221293
-0.256309
0.397804
-0.177002
-0.415658
-0.143508
0.207632
-0.300827
-0.418666
0.134577
0.358571
0.396731
0.00387207
-0.20649
0.370879
0.0165923
0.240341
0.462193
-0.451295
0.362715
0.0130052
-0.769257
0.0964954
0.272536
-0.249074
-0.0212484
-0.185328
-5.1278
0.227086
0.332588
0.14018
0.133849
-0.107235
-0.0448655
0.0304633
0.126347
0.144468
0.177076
0.0571833
-0.0394307
0.251189
-0.00328585
0.0778404
0.0130194
0.11131
-0.141726
0.0662419
0.0241462
-0.10808
-0.230767
0.21066
0.21873
0.123105
0.128894
-0.21693
0.0139809
-0.3016
0.0493294
0.150182
0.0748748
0.154461
-0.107819
0.000814867
0.0490218
0.0943112
0.0476823
-0.169738
-0.0292147
0.184029
0.0159839
0.0834344
-0.246003
-0.172691
0.240004
0.598252
0.0242788
0.231553
0.0538823
-0.271209
-0.42876
2.35297
2.39089
0.607571
0.181406
0.129246
0.109435
-0.245301
0.251791
-0.0900255
-0.101581
0.189046
-0.165393
0.139398
0.0462922
-0.448265
-0.0178961
0.272009
0.118919
-0.15047
-0.32076
0.248834
-0.218996
-0.237016
0.321716
0.045624
0.253202
-0.157578
-0.278475
-0.215642
0.0880797
-0.0689236
-0.0666101
0.0453952
0.183111
-0.0887153
0.018856
-0.104842
-0.212466
0.240494
-0.149777
-0.145933
0.289745
-0.0805288
0.219415
-0.478181
-0.257098
-0.337571
0.0578014
-0.317241
0.0779309
0.441291
0.260739
0.415493
0.339153
0.432997
-0.100311
-0.454877
0.307226
-0.17095
0.147493
-0.241725
-0.141493
0.13888
0.317761
-0.493452
0.175936
-0.422405
-0.277434
0.231917
0.218393
0.141556
0.0504147
-0.150664
0.369407
-0.0819922
-0.441468
0.306832
-0.361693
0.337409
-0.0202806
0.458248
-0.263693
0.334179
0.133875
-0.368694
-0.0593061
-0.422557
-0.443433
-0.461158
-0.377788
-0.151881
-0.126549
0.29917
-0.25258
-0.0207277
-0.182814
0.13972
-0.0553796
-0.218125
-0.388776
0.462278
-0.18751
-0.308241
-0.375262
0.2979
-0.0795512
0.0585523
0.486188
0.172831
0.425486
0.519066
-0.14251
0.447888
-0.00827135
-0.278089
-0.10677
0.080879
0.284988
-0.114773
-0.487274
0.541733
-0.131218
-0.0459723
0.134687
-0.418762
0.305143
0.421927
-0.366099
0.451287
-0.352077
-0.0403266
-0.200686
-0.483151
0.229066
-0.187978
-0.0412447
0.241113
0.0589621
-0.425947
0.341423
0.235994
0.181079
0.380403
0.363888
-0.214548
-0.0719928
0.453882
-0.122424
0.239662
-0.0770047
0.148441
-0.44911
-0.339993
0.192106
-0.160069
-0.0430714
0.218494
-0.303601
0.237303
0.261881
-0.659231
-0.586177
0.32404
-0.316479
0.202652
0.0805786
-0.144512
0.0147451
-0.210976
-0.00823396
0.321764
0.427924
0.172244
0.167422
-0.0857214
0.267189
-0.141357
-0.240541
-0.106312
-0.169414
0.346577
-0.297378
-0.040228
0.11881
0.421074
0.405685
0.0674428
-0.315792
0.432304
0.272831
0.176231
0.445759
0.237012
-0.0667454
0.244432
-0.125323
-0.345477
0.250787
-0.327876
0.117594
0.407729
-0.321253
0.414595
-0.0964951
0.183042
-0.303091
-0.295385
-0.282663
0.375776
0.267782
-0.0751622
0.277603
0.813194
0.559654
0.0599098
-0.0302099
0.293423
0.234756
0.308884
0.109501
-0.444779
-0.1031
0.143475
-0.202546
0.431707
-0.375337
0.0248773
-0.417505
-0.381165
0.201859
-0.161148
-0.161897
0.0864921
0.20472
0.21781
0.545541
0.243004
-0.223243
0.023788
0.217027
0.458076
0.0641384
0.431692
0.442682
-0.332392
0.187386
-0.452619
-0.291505
-0.25054
-0.0757067
-0.042067
0.372494
-0.269182
-0.0730171
-0.407015
0.282229
0.000122922
0.404707
-0.463167
-0.452744
0.349438
0.0867165
0.0395738
0.0834325
-0.0955058
0.414286
0.34281
-0.180505
0.0928345
0.230972
-0.427077
0.276593
0.349311
0.0894353
-0.285428
-0.280881
-0.0138093
-0.20254
0.493912
0.106016
-0.180357
0.29944
-0.252852
0.0164966
-0.399849
0.171011
0.315004
-0.000507915
-0.036946
0.0489931
-0.0383726
0.421068
-0.0319175
-0.369108
0.341847
0.427139
-0.317376
0.335318
0.194169
-0.0257146
0.213152
-0.118101
-0.449085
0.18439
0.00925152
0.395575
0.0178789
-0.363274
-0.249038
-0.0332077
-0.366224
-0.163786
-0.214184
-0.356371
0.201818
0.307548
-0.349441
-0.102064
-0.273208
0.563509
0.599721
-0.0378869
-0.00102324
-0.351213
0.151591
-0.337669
-0.0979117
0.457614
-0.0956887
0.360169
0.325451
-0.451632
0.344472
0.394786
0.299062
-0.431721
-0.0233999
-0.303105
0.101507
0.354638
0.0647344
-0.370167
-0.229214
0.390291
0.302606
0.0345198
-0.114209
-0.0646173
0.236957
-0.176454
0.0806666
-0.248798
0.39936
0.415778
0.442717
-0.00653588
-0.261576
-0.201601
0.241359
0.40065
0.100966
0.242328
-0.0632575
0.401196
-0.427888
0.401301
-0.112533
-0.148329
-0.128796
0.36256
0.220771
0.0106765
-0.543495
-0.033621
0.237227
0.251528
0.200135
0.560103
0.478064
-0.141027
-0.109188
0.414193
-0.112473
-0.397758
-0.0746852
-0.1088
0.0689799
-0.291135
-0.441018
0.330772
-0.0195749
0.111974
-0.581068
0.326446
0.334725
0.180615
0.202737
-0.303525
-0.0815276
-0.0464179
-0.225302
0.415167
0.198235
-0.0108319
0.205164
-0.337189
0.060519
-0.0948211
-0.00747858
-0.175766
-0.161133
0.0902146
0.331097
0.440294
-0.47005
0.180337
0.300806
-0.103279
-0.454054
-0.0133268
0.132436
-0.549944
0.226423
0.473174
-0.413657
-0.447993
-0.202417
0.153328
0.0103703
-0.149858
-0.288935
0.0527568
0.497465
0.651208
0.43739
-0.00298681
-0.223193
0.339211
0.397759
-0.361607
-0.0751343
0.494324
0.452287
0.547697
-0.489188
0.113868
0.167651
-0.101177
0.233237
0.22185
-0.209681
-0.07285
0.197016
-0.190862
0.242824
0.176194
0.223482
0.351379
-0.412054
0.105239
0.389599
-0.0319245
0.193562
-0.289812
0.177827
-0.261372
0.485397
-0.375601
-0.496423
-0.11666
-0.0389308
0.302922
0.026249
-0.205949
-0.172841
-0.672884
-0.468977
0.29764
0.33753
0.203797
0.320755
0.283553
-0.557925
0.495394
0.395083
0.387835
0.285322
-0.181161
0.354559
-0.0704206
0.0163631
-0.11323
-0.0839736
-0.32859
-0.270064
-0.212379
-0.167762
-0.136462
0.385141
0.183954
-0.032461
0.428416
0.119499
-0.0723834
0.154336
0.396459
-0.37695
0.33015
-0.282514
0.156454
0.343151
0.50004
0.365553
0.351587
-0.00112357
0.482487
-0.396319
0.348254
0.494803
-0.142374
-0.0540116
-0.467853
-0.00752535
-0.350853
0.364361
0.453831
0.304096
0.247029
-0.255981
0.0351333
-0.488366
-0.011786
0.284533
0.156907
-0.0200293
-0.20569
-0.288849
0.185126
0.334578
0.380308
-0.380563
-0.254405
0.179568
-0.155891
0.17032
0.029263
0.112767
-0.0910783
-0.0610375
0.310111
-0.307959
0.358856
-0.166457
0.245244
-0.170649
0.352025
0.372853
-0.0994634
0.533648
-0.251264
-0.215775
0.230744
0.118672
-0.318793
-0.0186943
-0.00264698
0.0378637
-0.281936
0.437914
-0.0311582
0.431496
-0.267475
0.110921
0.421462
0.0394968
0.431393
-0.148225
0.237684
-0.55703
0.323347
0.120628
-0.460408
0.225813
-0.699754
-0.37861
0.220291
0.230881
-0.0112052
-0.232566
-0.240256
0.104322
0.246948
-0.189473
-0.391118
0.273947
0.0479146
-0.171605
0.056428
0.33335
0.0660384
-0.0884972
-0.514032
-0.204461
-0.470499
0.461284
-0.329463
0.201553
-0.157311
-0.0412594
0.311844
-0.00777551
0.0186382
-0.15134
-0.172155
0.385381
-0.182962
0.304213
0.185662
-0.214508
0.030991
0.292301
-0.236093
-0.289342
-0.214254
-0.26746
0.369668
-0.299748
-0.15755
0.423759
0.211227
-0.200417
0.258011
-0.393541
-0.0126987
-0.311469
0.424014
-0.346533
0.0423591
0.311529
-0.192515
0.202854
-0.537111
0.23905
-0.431701
0.327481
0.0304718
0.326503
0.349782
-0.358275
0.00705963
-0.145236
0.252467
-0.32041
-0.527244
-0.175748
-0.405656
-0.414613
-0.0365275
0.381615
0.322057
0.208861
0.0863908
-0.376106
0.388089
-0.123182
-0.361377
0.0434377
-0.0886077
-0.260144
-0.000498751
-0.417832
0.163943
0.487357
0.258303
-0.319451
0.130597
0.0465702
-0.193812
0.40202
-0.390245
0.0709206
-0.411291
0.520442
0.326831
-0.546997
0.0374455
0.0288105
0.332738
0.0823907
0.172891
-0.30294
0.436679
0.393719
0.244064
0.0209742
-0.458619
-0.360571
0.304086
0.0525848
0.129228
-0.116329
-0.0498643
-0.336971
0.396297
-0.0342266
0.052672
0.353863
0.390146
-0.40378
-0.176844
-0.00313669
0.102819
-0.344147
-0.0778125
-0.0869927
-0.0358012
0.303508
-0.121657
0.0659334
0.387212
0.327753
0.0965597
-0.283213
-0.0527156
-0.482699
-0.372517
-0.120269
0.317141
-0.208085
-0.38911
-0.109096
-0.270405
-0.34516
-0.159544
-0.0954632
0.0669226
0.427121
0.168455
0.402577
-0.219658
0.216508
0.148319
-0.874241
0.1355
-0.251236
-0.233378
0.169371
-0.274233
0.0353481
-0.364081
0.447436
-0.305256
-0.268423
0.186282
-0.0769131
0.118346
-0.158499
-0.615613
-0.0917374
-0.602965
0.284269
0.388623
-0.28769
-0.303649
-0.0511749
0.0212938
0.078676
0.435234
-0.0787014
-0.206636
-0.0621424
-0.415114
-0.0199697
-0.143487
-0.249229
0.0849064
0.243215
0.0349077
0.15511
-0.296473
-0.0388066
-0.0575578
0.0535677
-0.0998335
-0.383704
-0.41738
-0.0165109
-0.415488
-0.236972
0.35088
0.57915
0.0679852
0.519586
0.254376
-0.0954097
-0.0395895
0.425559
-0.648044
-0.478962
0.194546
0.248791
-0.235921
-0.400143
-0.0484498
-0.0736593
-0.103721
0.438823
0.426845
-0.353912
-0.0779104
-0.358002
0.119145
-0.0427517
0.324101
0.00818651
0.131088
-0.241346
0.407687
0.149517
0.12854
0.508861
-0.383021
0.356138
0.104531
0.350137
-0.184957
-0.224172
-0.0129469
0.393869
0.234905
-0.224874
0.061739
0.206915
-0.218704
-0.305784
0.36983
-0.0168246
-0.138432
0.0538209
-0.292299
-0.0465037
0.0164433
0.459492
0.0581185
0.030524
-0.468975
0.165584
0.0731192
-1.07324
0.499497
-0.214163
-0.258392
0.469793
0.262745
0.282132
-0.177036
0.606471
-0.388569
-0.154136
0.429084
0.480603
-0.185138
-0.330276
0.370523
0.518074
0.380482
0.309979
-0.253061
0.198529
0.529448
0.134103
-0.370626
-0.176505
0.0218657
-0.275367
0.203557
-0.00376032
0.434242
0.0243416
0.536055
-0.320109
0.520628
-0.145843
-0.326309
0.317368
0.207136
-0.00397871
-0.48959
-0.00970556
-0.339614
0.442064
-0.245768
-0.451187
0.01559
-0.347641
-0.285215
-0.179868
-0.237939
-0.0202191
0.306112
-0.317981
0.653535
-0.497259
0.0178068
-0.128961
-0.238258
-0.0796299
-0.0229125
-0.100015
0.354542
-0.338813
-0.0637767
-0.171339
0.35986
0.129769
0.319312
0.517561
0.413226
-0.0959061
0.0159053
-0.502375
-0.111066
0.137856
0.317576
-0.308929
-0.264482
0.185675
0.2206
0.295215
-0.122005
-0.487131
0.110009
-0.387035
-0.104322
0.29054
-0.0517854
-0.077155
0.094654
0.179283
-0.303552
-0.136568
-0.00450582
0.121042
0.460528
0.260679
-0.319794
-0.128494
0.134805
-0.368622
0.101329
0.136643
-0.120154
0.234801
0.198429
-0.0909788
-0.488983
-0.116187
0.308944
-0.144847
-0.617248
-0.170947
0.0147312
0.369198
-0.100587
-0.274319
-0.39511
-0.239221
0.377862
-0.0459607
0.243103
-0.349196
-0.448362
-0.315283
0.0924079
-0.272492
0.520733
-0.33806
0.314657
-0.00395922
-0.0309634
-0.134029
-0.408095
0.221147
0.18841
-0.0859154
0.161361
0.509228
-0.304548
-0.0950457
0.448485
0.10237
-0.00592579
0.467306
-0.472423
-0.316877
0.366355
-0.0996425
0.515487
-0.0465812
0.283605
0.385416
0.284937
0.420659
0.238588
0.595866
-0.121972
0.234093
0.0743672
-0.00805357
-0.33319
-0.178641
0.186505
-0.446187
-0.409478
-0.155926
-0.137838
-0.193461
-0.18864
-0.431023
-0.0896257
-0.381057
0.300789
-0.133172
-0.532977
-0.389352
0.183309
0.0409312
0.00452376
0.263604
0.0791144
0.415592
-0.470039
-0.0649555
-0.358238
0.0475628
-0.00716548
-0.543649
0.350072
-0.537067
-0.484135
0.273925
0.163791
0.0623183
0.348124
-0.587753
-0.387562
-0.0969843
0.131619
-0.123283
0.327843
-0.292113
0.466512
-0.175634
0.176178
-0.480895
-0.212079
-0.273606
0.0958842
-0.370877
0.0885937
-0.309316
0.34485
-0.168391
-0.409052
0.358023
-0.260192
-0.329562
-0.495312
-0.27122
0.420416
0.359515
-0.503091
0.0923509
-0.276876
0.358333
0.248444
-0.270382
-0.445856
-0.357027
-0.163522
0.149931
-0.497666
-0.324736
-0.54699
-0.0297546
-0.179424
0.00963799
0.21934
0.237329
0.351839
-0.150244
-0.254431
-0.328312
-0.380436
0.485366
0.173709
-0.504153
-0.0186306
0.234376
-0.225782
-0.302135
-0.411308
-0.351693
-0.245532
0.132703
-0.0256664
0.187118
-0.223572
0.393355
0.167522
-0.172722
0.242777
0.330429
0.701451
0.228167
0.59521
0.472138
0.337203
0.536114
0.467996
-0.32936
0.377425
0.00611492
0.425881
0.279938
-0.0324152
0.409926
0.590103
0.452287
0.243876
-0.273195
0.153348
0.307698
-0.197212
0.192788
-0.0885656
0.502626
-0.0107572
0.440228
-0.276066
0.550226
0.287943
-0.0555411
-0.178939
0.528182
0.117947
-0.384095
0.0981511
0.236538
0.371033
0.0391737
0.277791
-0.406967
0.367874
0.168752
0.296177
0.22908
0.253018
-0.0258324
-0.136755
-0.286546
0.392028
-0.258558
-0.426321
-0.2329
0.156404
-0.295069
0.185307
0.209097
-0.142596
-0.119927
0.221863
-0.310133
0.0208157
0.0475378
-0.0467945
0.400165
-0.505874
-0.427419
-0.465527
-0.223007
0.016873
0.162141
-0.0634294
-0.419711
-0.392955
0.0752776
-0.423371
0.17643
-0.476885
0.245349
-0.332009
-0.226983
0.016877
0.0780869
-0.194647
0.0871083
0.421014
-0.0242843
0.135367
-0.200623
-0.276487
0.0442311
-0.409276
0.0423862
-0.42441
0.202444
-0.435778
0.350787
0.164791
-0.0159997
0.499672
0.324877
-0.157682
0.0382895
0.0418641
0.263186
0.0491657
-0.0959523
0.806669
0.537039
0.309379
0.350987
0.417285
-0.0526118
-0.060724
-0.201255
-0.359178
0.314593
-0.202136
0.154155
-0.0903661
0.072077
0.0707957
0.0603035
-0.00506007
-0.170962
0.078066
-0.423743
0.162555
-0.361232
-0.183426
0.253488
-0.405986
-0.230262
0.218693
-0.0539884
0.273664
-0.163804
0.0738766
-0.016527
-0.42772
0.0188855
-0.453046
-0.0520555
-0.241847
0.0541575
0.4665
-0.459005
-0.0178645
0.311372
-0.428289
-0.145379
0.467123
0.34973
0.291952
0.153647
0.286123
-0.431003
-0.0744269
0.0245908
-0.20393
-0.149893
-0.272647
-0.384197
0.399555
0.14408
0.441478
0.50566
-0.0901227
0.357244
0.0212934
0.332053
-0.0455401
0.175552
-0.265755
0.156932
0.256306
-0.0422782
0.41512
0.360502
-0.205763
0.350538
0.302674
-0.213844
0.148725
0.459575
0.479263
0.0135289
-0.457626
-0.450874
-0.223402
-0.105499
-0.31844
0.0893122
-0.296403
-0.206226
0.262805
-0.0980056
0.445311
0.103133
-0.438811
-0.106633
0.124123
0.381689
-0.502396
-0.0588914
-0.305428
0.0223114
0.389847
-0.111291
0.245986
-0.250714
0.0233666
0.0729065
1.83222
0.651783
0.222173
0.296818
-0.257683
0.54192
0.328605
-0.186797
0.421336
0.3364
-0.265528
0.293292
-0.139379
-0.345188
-0.296467
-0.129251
-0.127695
-0.34988
0.382636
0.0492308
0.308555
-0.0998858
0.0358215
-0.48024
-0.0909348
0.16402
0.329777
0.19954
-0.509779
-0.527276
0.276237
-0.391426
-0.18523
0.218388
0.238749
-0.310949
-0.420017
0.245685
0.153735
0.30485
-0.281844
0.0511289
-0.36895
-0.080208
-0.108103
0.294476
0.270878
-0.204744
-0.211369
0.317747
-0.579521
0.0561751
-0.101076
0.444563
0.227727
0.50322
0.443128
-0.027895
0.381205
0.225329
-0.560772
0.288955
0.101907
-0.203367
-0.46672
0.328924
0.152998
0.0518182
0.112926
-0.166859
0.314609
-0.0383629
-0.435796
-0.344297
0.232513
-0.471513
0.152302
-0.0255893
-0.0523169
-0.311671
-0.258691
0.0375712
-0.0665774
0.130965
-0.4287
-0.0841146
-0.0808786
0.100362
0.196201
-0.121801
-0.500214
-0.0911687
-0.111728
0.53804
0.309691
0.263529
0.142834
-0.0613529
0.0537139
-0.418167
0.360425
-0.25749
0.168039
0.182939
-0.331256
0.336409
0.878447
-0.310753
-0.102425
-0.455575
0.26856
0.260366
-0.0847257
0.244849
-0.373307
-0.564898
-0.0500338
0.258392
-0.134786
-0.162095
-0.309708
0.32189
0.375176
0.264593
0.27178
-0.212281
-0.0512722
-0.413025
-0.278013
-0.450792
0.365539
0.000690036
-0.397057
-0.376705
0.0194174
0.0126753
0.448631
0.0992653
-0.204693
-0.0547424
0.342864
0.224718
-0.216127
-0.0230785
-0.252739
-0.0199317
0.46883
-0.255308
-0.419821
-0.284302
-0.361695
-0.326722
-0.0621543
-0.410413
-0.0503862
-0.379891
0.31775
0.207587
0.0544603
-1.79542
-1.12372
-0.925123
-0.757397
-0.213036
-0.292369
0.240047
-0.524478
-0.204303
-0.29682
-0.208851
0.368652
0.158897
-0.0758998
-0.22077
-0.311954
0.268774
-0.0635729
0.243662
0.358728
-0.0245637
-0.112681
0.207878
0.24663
0.12929
-0.361352
0.59269
0.134566
-0.111877
-0.0883925
0.393349
-0.0372937
0.411593
0.361168
0.215391
0.025915
0.236364
-0.286016
-0.200006
-0.101317
0.085853
0.0209236
0.0549557
0.178937
-0.389438
-0.405639
-0.297264
0.142233
0.25091
-0.328404
0.467973
-0.13211
-0.407994
-0.135301
0.736987
-0.0148014
-0.410883
-0.057921
0.306759
0.322883
-0.465628
0.385647
-0.417758
0.0874926
-0.09082
-0.213682
-0.164477
0.186689
0.302377
-0.0335458
0.239476
-0.398227
-0.2378
-0.0719546
-0.0296453
-0.295815
0.527989
-0.0608084
-0.291425
0.169018
-0.211573
-0.364647
0.199239
-0.237121
-0.208646
0.110304
-0.0094135
-0.329285
0.441506
0.462177
-0.134601
0.0934918
0.320467
-0.157951
-0.0854246
0.509272
0.563543
0.425939
-0.378425
-0.0112336
0.427342
0.0950039
0.0346158
-0.242258
0.0498419
0.274521
-1.19488
-0.24538
-0.153003
-0.0890611
-0.281268
-0.155371
-0.170064
0.232198
0.0480344
-0.0358987
0.217306
0.261824
-0.136931
0.473624
-0.179481
-0.200581
0.178522
0.100547
-0.299206
0.0680639
0.0478837
-0.236698
-0.200345
-0.361472
0.284614
0.260119
0.260296
-0.205538
-0.241068
-0.0691578
-0.148704
-0.396648
0.2994
0.208234
-0.0863077
0.117967
-0.1066
-0.695098
-0.179855
0.161292
0.329442
0.265539
-0.269612
0.335879
-0.294814
0.0777277
0.180501
-0.358018
-0.351473
0.502043
0.588648
0.667748
-0.0536376
-0.793293
-0.279239
-0.124924
-0.134843
0.0520624
0.0464199
-0.013001
0.33316
0.502864
-0.26763
0.316803
0.269003
0.377268
-0.276115
-0.294732
0.477423
-0.22874
0.143765
-0.0558267
0.385303
0.16609
0.0369543
-0.228972
-0.138977
-0.0707369
0.229566
-0.0449913
0.295706
-0.171776
0.249266
0.103733
-0.000385406
0.249221
-0.102888
0.259445
0.185521
0.0779006
0.231018
0.280212
0.0554233
0.292577
-0.152761
-0.360989
0.153838
-0.199056
0.0738122
0.0171078
0.121331
0.391634
-0.219383
-0.192706
0.366512
0.390992
0.563929
-0.581679
-0.362587
0.0345158
-0.0725453
-0.0558
0.368122
-0.262093
-0.00971844
-0.388425
0.411116
-0.306742
0.293097
0.120987
0.36489
-0.251357
0.0643101
0.0799187
-0.415429
0.330088
-0.0660374
0.385584
0.319955
-0.29931
0.228121
0.102301
-0.16247
0.315349
0.509841
0.401333
-0.260368
0.360498
0.309085
-0.171617
-0.117273
-0.204122
0.0131514
0.0851657
0.0959291
0.217055
0.349499
0.278605
0.122702
-0.450188
0.0264456
-0.466845
-0.157864
-0.130499
0.276284
-0.368734
-0.0680121
0.439347
0.0694472
0.0405816
1.05421
-0.128605
0.405261
0.304885
-0.0125208
0.0724595
0.155557
-0.301359
-0.00918992
0.160342
-0.266014
0.04522
-0.256969
0.34648
-0.0450411
-0.412147
0.0814118
0.286986
0.116564
0.129484
-0.0371343
-0.311656
0.543902
-0.3219
0.147515
0.437911
-0.0260136
0.469939
0.00739651
0.346577
0.34073
-0.458019
0.0237309
0.221149
0.121029
0.365933
0.484229
0.0667866
-0.140951
-0.3468
-0.470273
0.146442
-0.0650242
0.181024
0.443583
0.209708
-0.0695187
-0.405966
-0.362241
0.0410454
0.458676
-0.277011
-0.222183
-0.0861543
0.0407957
-0.237858
-0.0157033
-0.134738
-0.390753
0.0565363
0.0943693
-0.111709
0.274827
0.395947
-0.197712
0.169027
-0.0553931
-0.0833791
0.0604045
-0.468625
-0.0129136
0.417026
-0.448214
-0.0394145
0.189377
0.100069
-0.180511
0.439049
0.0858502
0.27114
0.350438
0.475737
-0.171825
0.425437
-0.0788479
0.129387
0.311137
0.423584
-0.0541581
-0.353153
0.0727658
0.369455
0.0558968
0.177591
0.274174
0.0207028
0.119888
0.423435
0.299594
-0.407622
0.139574
0.104903
-0.173969
0.124936
-0.292227
-0.160172
0.360019
-0.435128
0.387334
0.0339466
-0.191095
-0.151625
-0.354874
-0.331035
-0.0958147
0.0984246
-0.349365
0.00192982
-0.417364
-0.480508
-0.141065
0.438579
-0.4133
-0.274706
-0.272899
0.255885
-0.139339
-0.160616
0.220253
-0.00786998
-0.376594
-0.126456
-0.491462
-0.429272
-0.139815
-0.391664
-0.407271
0.401044
0.353727
-0.426174
-0.131518
0.044218
-0.409826
-0.0356077
-0.110335
0.17032
0.0313185
-0.447407
0.098851
0.246875
-0.469992
-0.159856
0.427996
0.261447
0.181643
-0.404032
-0.420345
-0.310737
0.317336
-0.0863444
0.104149
0.439868
-0.19452
-0.330159
-0.515299
0.331599
0.0591434
-0.310071
-0.338024
-0.268392
0.335217
-0.232517
-0.389421
-0.231461
-0.301269
0.151947
-0.155491
0.13508
-0.522847
-0.0383161
0.218368
0.192589
-0.0363547
-0.457632
-0.422296
-0.346005
0.179704
-0.0828339
0.130739
-0.417671
0.367419
-0.0878022
0.0578687
-0.435782
0.0884023
0.245101
0.2885
0.192644
0.556765
-0.266603
0.514716
-0.177806
-0.0768479
-0.523971
0.201565
0.299161
-0.193729
-0.271555
0.165435
-0.210288
0.526064
0.265099
-0.112333
-0.147837
0.148384
0.193286
0.132363
0.458554
0.0104785
0.379908
-0.574117
0.32787
0.212371
0.508591
-0.458052
-0.238233
-0.234195
-0.352741
-0.325651
-0.342245
0.447478
0.377625
0.397777
0.33896
-0.0687804
0.086086
0.499829
-0.428454
0.366822
0.112035
-0.135482
-0.213549
-0.229175
-0.0648755
-0.0885085
0.460342
-0.262556
0.0650898
-0.132614
-0.306878
-0.235063
0.129978
-0.287003
-0.320464
0.352205
0.16904
0.0291616
-0.131837
0.288621
-0.0865394
-0.230388
0.184768
-0.319057
-0.195529
0.324047
-0.394511
-0.493088
0.0555479
-0.0744122
-0.520155
-0.519188
0.497191
-0.34
0.0245788
-0.293889
-0.239889
0.177986
0.208651
-0.34233
-0.287757
0.195646
-0.059542
-0.407389
0.364867
-0.156146
-0.344383
0.232935
-0.477579
-0.218276
0.513726
0.377742
0.108351
-0.501508
0.184793
0.160058
0.0601382
-0.0353482
0.220558
0.410477
0.43755
-0.277527
0.22804
0.0558164
-0.156101
0.246098
0.403252
0.0791578
0.0125776
0.214442
-0.462409
-0.140419
-0.37584
0.270908
-0.136331
-0.127264
0.176114
0.335764
-0.197425
-0.431476
-0.58203
-0.103929
-0.421236
-0.37451
-0.388073
-0.00196615
0.192906
0.389516
-0.311209
-0.356903
0.14836
0.0457576
-0.352469
-0.204429
0.249021
0.312512
0.40136
-0.384837
0.224225
-0.205977
0.0689751
0.463705
0.331274
-0.260188
0.0889914
0.199353
-0.513816
0.1772
0.018158
0.150099
-0.492457
-0.406472
-0.124859
0.0787112
-0.447634
0.0809073
-0.466132
-0.328014
0.3906
0.0199418
-0.385133
0.327212
0.152715
-0.463931
-0.403678
-0.173502
0.196736
0.181881
-0.552333
0.294839
0.421255
-0.228668
-0.131546
-0.217305
0.384605
-0.311435
-0.221564
-0.143752
0.135608
-0.212851
0.769713
0.0940931
-0.361971
0.18425
-0.349052
-0.394849
-0.311396
-0.266359
-0.382341
0.642348
-0.551753
-0.292215
-0.152491
0.184382
-0.164869
0.158445
-0.154632
-0.262972
0.286442
0.276903
-0.361247
-0.018187
-0.243529
-0.206366
-0.542089
-0.566835
-0.242705
-0.00506569
-0.0464852
-0.53216
-0.205255
0.173471
0.347606
-0.108873
-0.314971
-0.355628
0.518322
0.282645
0.0644985
-0.372699
0.146796
-0.158215
-0.537466
-0.211889
-0.384829
0.325682
-0.220035
0.304663
-0.232309
0.259172
-0.015604
0.024892
0.245835
0.143031
-0.321149
-0.260923
0.346242
0.514183
-0.107446
0.250253
0.206896
0.253023
-0.0671461
-0.100893
0.55868
0.316381
-0.0598838
0.0417294
0.270727
-0.419014
-0.138
0.095753
0.219698
-0.244631
0.466483
0.0109816
0.0151063
-0.0365333
0.471563
-0.367489
0.421671
-0.296056
0.0055922
0.185002
-0.179295
-0.139861
0.481072
0.186334
-0.403535
0.235859
-0.0360348
0.100047
-0.134812
-0.417728
0.216047
-0.450375
-0.395643
-0.156917
-0.131227
0.103047
0.253768
-0.189994
-0.0727349
-0.381232
-0.453376
0.372596
0.457195
-0.472339
-0.5123
-0.029527
0.116372
0.0707471
-0.0397669
-0.376226
-0.259075
0.221239
-0.510006
0.438179
-0.255868
-0.41659
-0.386742
0.303752
-0.311954
0.286742
-0.141464
-0.109824
-0.0696488
0.186928
-0.341074
0.136582
0.369102
0.101794
-0.00341784
0.106046
-0.0962413
-0.505972
0.00358352
-0.177319
0.302504
-0.332525
-0.0344734
0.139873
-0.0224215
-0.357212
-0.140485
-0.421798
-0.521666
-0.460721
0.33143
0.325429
-0.316852
-0.261288
0.245426
0.278022
-0.198097
0.23352
0.152223
0.227445
-0.099588
0.0968587
0.494723
0.297183
0.428137
-0.200132
0.13916
0.350728
0.077946
-0.283831
-0.309835
0.199961
-0.374021
0.0395638
0.220675
-0.148583
0.383709
-0.398226
-0.456335
0.274173
-0.099699
0.220751
0.128443
0.322723
-0.258058
-0.273058
0.260419
-0.203416
-0.219367
-0.245349
0.424528
0.0490318
0.177891
-0.0923373
-0.275005
-0.116916
0.212788
0.157893
-0.246446
-0.314978
0.206674
-0.317034
-0.432839
-0.367364
0.269896
0.536231
0.45822
0.327863
0.0861119
0.380122
-0.323664
-0.126249
-0.171021
-0.197157
-0.0864598
-0.0773391
-0.0269049
0.113228
0.606381
0.417735
-0.742771
-0.0658875
-0.163171
-0.324371
0.659409
-0.479084
-0.124514
-0.767699
0.0930835
0.172778
0.558675
0.109391
-0.0906767
-0.113643
-0.191101
0.57171
0.181193
-0.253572
0.0231421
0.29317
-0.116127
0.464122
-0.106845
-0.347465
-0.300064
-0.115392
-0.0863124
-0.387276
0.0948383
0.149372
0.169003
0.454983
0.505537
0.57373
0.0430008
-0.118634
-0.565374
0.216882
0.0586474
-0.246086
0.503879
-0.191895
-0.323624
-0.102651
0.225214
-0.182683
-0.306755
-0.20853
-0.104255
-0.444706
0.0247043
-0.317254
-0.339944
0.237798
-0.35595
0.348389
0.392817
-0.394236
0.426536
-0.0943011
-0.409886
0.226082
-0.0860361
-0.463577
-0.394236
-0.149588
-0.0620925
0.274469
-0.382596
-0.206381
-0.118184
0.0163216
0.0376267
-0.130323
0.256371
-0.404433
0.393604
-0.326715
0.25319
0.223256
0.487105
0.281
-0.121986
-0.40793
0.0355657
0.338722
0.315567
0.253817
0.265908
-0.446893
-0.235272
0.290875
-0.153947
-0.450316
0.503737
-0.129468
0.00801382
-0.0827447
-0.117693
0.453737
-0.0672433
-0.297934
-0.0459899
-0.330445
-0.374304
-0.387438
0.0513451
0.076688
0.202159
-0.262682
-0.290128
-0.0894441
0.356186
-0.159556
0.388268
-0.362566
0.00965666
0.344681
-0.399604
-0.0238941
-0.381539
-0.320372
-0.268992
-0.31917
-0.0933827
0.0543562
-0.285688
0.396115
-0.191102
-0.0286048
-0.0314993
-0.177389
-0.174256
0.0192903
-0.453988
-0.137235
-0.0989299
-0.28765
0.42449
-0.0308721
0.319675
-0.279163
-0.489214
0.342618
-0.40249
-0.346222
-0.036679
0.014415
-0.432947
0.285702
0.039903
0.0840788
-0.278885
0.201863
0.292857
0.200515
0.438765
0.0896533
-0.0960605
-0.210183
0.139606
-0.252525
-0.186003
0.266762
-0.00397233
-0.162562
0.271039
0.365026
-0.0720055
0.280012
-0.0973225
-0.0571008
0.427769
-0.189108
0.503865
0.414691
0.556018
0.425853
0.0820976
0.238761
-0.160248
0.479827
-0.118366
-0.250762
0.298285
-0.262598
0.462824
0.286444
0.208604
-0.246637
0.310462
-0.16318
-0.384754
0.458907
-0.100266
0.136283
-0.0721217
0.325095
0.298031
0.112628
0.393177
0.196326
0.23585
0.298689
-0.246991
-0.220555
-0.238988
-0.179126
-0.131857
0.417793
0.479906
0.206953
0.211065
-0.205674
0.185499
-0.540922
-0.225128
-0.0120412
-0.0109846
0.123398
0.0628526
0.537619
0.107855
0.743084
0.396918
0.111815
0.269255
0.164465
0.0518788
0.166934
-0.0971615
0.144008
0.410161
-0.0484737
-0.394687
-0.503628
-0.420262
0.442082
0.248325
-0.0209347
0.188268
0.20761
0.10149
0.313128
0.169491
-0.0192479
-0.214162
0.0824626
-0.344605
-0.340993
-0.222316
0.00583454
-0.0786301
0.14959
0.138801
-0.364883
0.226825
0.184036
0.0580333
0.173601
-0.444759
0.416114
0.263554
0.0919056
0.0724861
0.459854
-0.345475
-0.544682
0.311418
-0.3437
0.312617
-0.229424
-0.431113
0.377176
0.0320173
0.0715247
0.257906
-0.475769
-0.421574
0.392919
0.301243
-0.02871
-0.428778
0.181061
-0.0647937
0.0227074
0.260917
0.0653641
0.168422
0.255749
-0.225578
-0.306264
-0.099591
-0.188869
0.0632215
0.477264
-0.256278
-0.338257
-0.383573
0.454091
0.31159
0.289041
-0.29756
-0.357702
0.383125
-0.0621989
-0.321708
-0.0634905
0.158259
-0.269072
0.336994
0.195705
-0.490489
0.0966987
-0.157577
0.327225
-0.447205
-0.161115
-0.35862
-0.53034
0.31041
-0.114782
-0.00477508
0.340913
-0.188728
-0.505623
0.14184
-0.435482
-0.387885
0.092124
0.458469
0.0650837
-0.423668
0.239524
-0.188996
-0.115518
-0.211702
-0.422991
-0.40516
-0.5297
-0.254822
0.075576
-0.118209
0.28577
0.0578102
-0.0609869
0.176121
-0.0171055
-0.0623317
-0.517147
0.105724
0.12037
-0.022488
-0.330584
-0.0876992
0.281709
-0.170013
0.0580482
-0.637064
0.424135
-0.224059
0.214542
0.0204473
-0.495047
-0.478559
-0.199893
-0.0642249
-0.303447
-0.43431
0.0292688
-0.146721
0.156148
0.140991
-0.459494
-0.357665
0.151229
0.0384171
0.582029
-0.00256308
0.0583038
-0.177709
-0.416708
-0.316813
0.30773
-0.131561
0.662502
-0.375183
-0.345018
-0.265602
-0.0321383
-0.412963
-0.120295
-0.326678
0.611152
-0.169252
-0.214371
0.429718
-0.380457
0.275126
0.283277
0.266639
-0.0541807
0.415867
-0.0395272
0.384254
-0.119434
-0.0534173
0.150519
0.0982375
-0.0781743
0.268791
-0.060657
-0.235581
0.1646
0.56522
0.144134
0.135397
0.226578
-0.59961
0.181621
-0.0532182
-0.212774
-0.518198
-0.270453
-0.407264
-0.0927373
0.24493
0.0743504
-0.481283
0.041912
-0.520618
-0.322619
-0.258954
-0.266248
-0.181938
-0.340939
0.18642
0.0475362
-0.168446
0.251522
-0.719855
-0.480283
-0.0546815
0.470939
-0.405623
0.342668
0.252281
-0.458695
-0.293811
-0.659695
-0.277254
-0.13391
0.265713
-0.491266
-0.339175
-0.189489
-0.4076
-0.196028
0.00957304
0.284737
0.404783
0.046586
0.358965
-0.532632
-0.544465
-0.589279
-0.343018
0.00862379
-0.0143103
-0.122577
0.527082
0.429326
0.152509
-0.169802
0.371826
-0.368953
-0.349854
-0.0721075
0.263251
0.0588759
0.0507401
0.308591
-0.51573
-0.375353
-0.196084
0.229785
-0.152355
-0.457086
0.127682
0.294549
0.260846
0.235574
0.338134
-0.491112
-0.239656
-0.338275
-0.0257119
0.324215
0.041693
-0.0650764
-0.421012
-0.103454
-0.362676
-0.219064
0.17817
0.148761
-0.0641203
0.0762536
0.245758
-0.164507
0.460969
-0.186925
-0.404268
0.177142
-0.212265
-0.0747268
0.229059
0.12037
0.38727
-0.411211
-0.278213
-0.152841
-0.183605
0.395772
0.150979
0.238058
-0.00569417
0.325319
-0.0987795
-0.258035
-0.0977456
0.198819
0.298623
0.283638
-0.120644
-0.138759
-0.497124
-0.334772
0.438996
-0.392418
-0.315414
-0.306035
0.402283
-0.325776
-0.0912659
-0.16058
0.274757
-0.370413
0.27961
-0.220743
0.128964
-0.105085
-0.342296
0.256424
-0.501106
0.434197
0.201832
-0.502899
-0.402937
0.115207
0.430527
0.556432
0.53976
-0.408085
-0.255695
-0.104128
0.21935
0.0859693
-0.201104
0.269365
-0.333526
-0.292973
-0.440517
-0.274999
0.112097
0.0850734
0.124664
0.0215247
0.160365
-0.16173
0.394946
0.38033
-0.267436
0.198173
-0.383388
0.526838
0.547152
0.234489
-0.61253
0.183144
0.0529891
0.116611
0.190669
-0.294959
0.173197
0.29828
-0.316558
-0.10499
0.218566
-0.0242506
0.117821
-0.525327
0.153037
-0.308394
0.137332
0.277359
-0.120118
-0.665338
0.205613
0.197193
0.17726
-0.642818
0.320555
0.528787
0.60468
-0.280579
0.0155193
-0.0967551
-0.190077
-0.0301178
0.0537275
-0.218896
0.0151737
-0.54573
-0.0840431
-0.516098
0.275173
-0.0199385
-0.508196
-0.23934
-0.329596
-0.243658
-0.219955
-0.309723
0.0156203
-0.640008
-0.154086
0.110138
0.501549
0.138487
-0.393664
-0.139286
-0.267544
0.481563
0.118702
-0.0436383
0.186633
0.139365
-0.141889
0.181006
0.308217
0.0855596
-0.0205605
-0.0582789
0.279906
0.201317
0.39595
0.349064
-0.219363
0.158845
0.497123
0.335106
0.35356
0.113523
-0.0719031
0.31112
-0.157767
-0.157324
0.338864
-0.559449
-0.092412
-0.468075
-0.323516
-0.154571
0.150631
0.379107
0.144552
-0.259819
-0.308594
0.121777
0.290788
0.00160876
0.237973
-0.229585
-0.356531
0.0372902
0.314557
0.105118
0.0945387
0.48686
0.272353
-0.00900175
-0.357185
-0.110334
0.0825953
-0.135083
-0.532068
0.189775
-0.201294
-0.180651
0.00997991
0.5162
0.017613
0.0543807
0.495773
-0.38157
-0.115674
-0.426068
0.462489
-0.580348
0.39856
-0.220748
0.316111
0.266368
-0.363697
-0.373065
0.326053
0.173985
0.231663
0.366893
-0.352633
-0.293185
-0.391556
0.314002
-0.280771
0.421855
-0.0848901
0.397314
0.164691
-0.281244
0.153544
-0.469759
0.0070616
-0.359706
0.188912
-0.372681
-0.228418
0.147962
0.157527
0.186698
0.50466
0.380195
-0.372777
0.0114393
-0.209429
-0.479009
-0.353186
-0.214529
-0.286455
-0.331938
0.0891203
-0.446925
0.0366599
-0.277668
0.0825085
0.366264
0.0925353
0.219024
-0.193804
-0.261092
-0.459697
-0.274396
-0.359337
-0.523154
-0.356556
0.070565
0.303499
-0.137899
-0.499135
-0.247303
0.252143
-0.000667659
0.145453
-0.0775226
-0.11081
-0.385693
-0.0406656
0.150163
-0.155482
-0.507157
-0.298913
0.138362
0.350122
-0.0374982
-0.0627093
0.105517
-0.371999
-0.477105
0.0193006
-0.0725669
-0.36055
0.315187
0.19395
0.363739
0.305197
-0.0528176
0.0751363
0.419329
0.250181
0.0878064
-0.4676
-0.365207
0.172643
0.286346
-0.234731
0.0124997
-0.44357
-0.211939
0.300158
0.286587
-0.472731
-0.499215
0.300811
0.100874
0.162751
-0.400802
-0.0667053
0.0358348
0.00515183
-0.164423
-0.357407
-0.279781
0.0883216
-0.129102
-0.0715385
-0.282761
-0.173197
0.271595
0.000524481
-0.256995
0.181209
-0.262038
0.0171643
0.144447
0.455961
0.140281
-0.16176
0.0668068
0.406839
0.153766
0.122755
-0.192504
-0.182228
0.484416
0.0825672
0.27854
-0.324596
0.340662
0.138199
-0.0430635
0.482337
-0.374756
-0.547555
0.119156
-0.25056
0.00137459
0.126172
-0.214718
-0.500611
-0.32995
-0.0998141
-0.360243
0.0469397
-0.454287
0.251283
0.305453
-0.208657
-0.282621
-0.58101
-0.179087
0.513922
0.538768
-0.912287
0.195138
-0.403937
0.395116
-0.258578
-0.0124831
-0.46744
0.46981
0.237139
-0.0567756
-0.0670157
-0.000391299
-0.063978
0.326646
-0.171759
-0.159907
-0.47998
0.417277
0.0524308
0.0234658
0.413676
-0.234969
-0.138395
0.14672
0.377811
-0.156921
-0.197393
0.257503
0.534419
-0.449628
-0.161321
0.396264
0.414682
-0.506626
-0.331813
0.0965767
-0.272455
-0.129578
0.305698
0.322437
0.392236
0.320043
-0.209415
-0.444847
-0.411455
0.100608
-0.295681
-0.465808
0.0415431
0.00384406
-0.166175
0.347737
0.291989
0.0989664
0.331911
-0.0270473
0.181426
-0.391223
0.140593
0.00473501
-0.183905
-0.309118
0.151387
-0.099518
0.301328
-0.295282
0.42798
0.371641
0.0563624
0.33191
-0.442621
0.0181527
0.204492
-0.130421
-0.338031
0.431029
0.0542735
-0.486357
0.193431
0.30941
-0.388658
0.0122506
0.0598701
-0.409582
-0.444764
-0.268471
-0.508767
-0.24641
0.187469
0.210806
0.0493479
0.0259335
-0.192359
0.0484149
-0.252088
-0.14124
-0.12691
-0.345424
-0.0171397
0.37583
0.14217
0.431843
-0.454999
0.362381
0.11792
0.195303
-0.0668445
-0.509371
-0.133358
0.151086
0.0284576
-0.242649
-0.221582
0.343802
0.020747
-0.198367
-0.403326
-0.435926
0.40191
-0.000778531
0.432559
0.339993
0.284053
0.337282
-0.335969
0.377794
-0.541257
0.0250058
0.19891
-0.147264
0.238418
-0.383619
0.193885
0.070951
0.15949
-0.194729
0.108332
-0.526827
-0.476078
-0.123624
-0.483733
-0.244955
-0.219877
0.155688
-0.247207
-0.294517
0.219012
0.0595439
-0.0684401
-0.486355
0.0641268
-0.104069
0.308445
0.472768
0.422296
0.0526866
0.35144
-0.291043
-0.106894
0.416915
-0.364532
0.000363332
-0.547003
-0.405803
-0.463244
-0.500935
0.0290057
0.0452536
-0.138749
0.399086
0.324929
-0.125354
-0.319046
0.416617
-0.108721
-0.575601
0.178235
-0.399599
0.4677
0.442795
0.217801
-0.233807
-0.329443
-0.326283
0.260841
-0.570036
0.235197
-0.455197
-0.0433482
0.0205722
-0.0153924
-0.222916
-0.125728
0.0742904
-0.255956
-0.0482064
-0.106812
0.17376
-0.210794
0.127461
-0.390997
0.229248
-0.282866
0.537092
0.0865146
0.482823
0.0628357
-0.083351
0.519335
-0.199881
-0.458067
-0.225587
0.298775
0.143051
0.25794
-0.733336
0.638865
0.236974
0.089845
-0.120572
0.209052
-0.358872
-0.252655
-0.40029
-0.192791
-0.198987
0.212036
-0.215013
0.409906
0.196573
0.38651
-0.299035
0.209955
0.0249295
0.235498
-0.0165732
0.474635
0.196383
0.0699015
-0.327477
0.195417
-0.188231
-0.0315914
0.395033
-0.323529
0.0341819
0.167548
-0.320868
0.423946
0.421227
-0.51849
-0.0781765
-0.449302
-0.288249
0.0495535
0.277345
-0.158448
-0.291552
-0.325735
-0.331011
-0.175707
0.314425
-0.0951484
-0.137634
-0.306497
-0.579396
-0.324923
-0.562708
0.256409
-0.384017
-0.247519
-0.60413
0.234731
-0.228309
0.000829442
0.180272
-0.471926
0.391708
-0.215895
0.111716
0.280037
0.237192
-0.02708
0.419114
-0.227986
-0.220786
-0.356799
0.170544
-0.282385
-0.497343
0.372392
-0.269889
0.266114
-0.339301
-0.040055
0.42146
0.238118
0.384023
0.0503588
-0.419565
-0.268813
-0.0681065
0.308574
0.0232602
-0.0971957
0.268485
0.147268
0.365992
0.126967
0.0504319
-0.387429
-0.317533
0.0631654
-0.0586474
0.271666
0.336474
0.138698
-0.395303
-0.375426
-0.0547703
-0.25216
0.460171
0.266235
0.392035
-0.549152
0.311549
-0.0709487
0.191783
0.00834948
0.0354735
0.381713
-0.0182413
-0.31752
-0.362233
-0.299686
0.292566
0.133646
-0.251187
-0.0499365
-0.345706
0.113305
0.164205
0.018903
0.591236
0.288088
-0.335142
0.104711
0.31475
0.0339381
0.220059
-0.398681
0.157373
0.249597
0.0765944
-0.014652
0.00369919
0.311534
-0.113801
-0.445378
0.426617
-0.324121
-0.463845
0.176755
0.246895
0.0734985
-0.270482
0.410691
-0.329019
0.293495
-0.108511
0.344955
0.350898
-0.0627283
0.308018
-0.302283
-0.0971085
0.183171
-0.581333
0.313698
-0.0986846
0.0871513
0.0825359
0.0817148
0.338109
0.0933574
-0.490206
0.254912
0.206752
0.00551271
0.326766
0.329616
0.453135
0.230074
0.108892
0.224691
0.165146
0.0708936
0.13551
0.484877
-0.397839
0.196503
-0.344222
0.269288
0.287502
0.0628996
0.206544
0.257394
-0.246611
0.315038
-0.208452
0.260998
-0.241472
-0.0458158
0.243645
0.247658
0.335322
-0.0351312
-0.55501
0.133279
-0.0151374
0.0617477
0.145355
0.187918
-0.554096
-0.711417
0.0702842
-0.31906
0.429483
0.483391
0.0239473
0.21485
-0.545357
0.41582
0.112608
0.174009
0.426753
-0.235626
0.0885234
-0.0387989
0.249607
-0.429325
-0.302449
0.334775
-0.255336
-0.0967205
0.158549
0.0418103
-0.413069
0.0515758
0.193839
-0.0987006
-0.185329
-0.102197
-0.0132371
-0.114442
0.246996
-0.245231
0.523589
0.19074
0.0948493
-0.388414
0.0856827
0.0671566
0.177047
0.1856
0.223474
0.359312
-0.348375
-0.0960102
0.119239
0.273583
0.215021
-0.359002
-0.446941
0.490141
-0.764282
-0.072439
-0.386246
0.352345
0.601836
0.166619
0.192255
-0.106683
-0.126518
-0.183987
-0.487725
-0.200724
0.415186
-0.1889
0.124792
-0.21024
0.176755
-0.0492498
-0.0613542
-0.362918
0.237413
0.312662
0.264551
-0.39302
0.213934
0.0259366
-0.312498
-0.186846
-0.328039
0.282425
0.541462
-0.29339
-0.361883
0.203576
0.381793
0.24921
-0.171715
-0.255283
0.142279
-0.335821
-0.17665
0.531205
-0.417599
0.309959
0.295821
-0.330796
0.412244
0.0264303
0.0222301
-0.415213
0.594569
0.15215
-0.279547
-0.188653
-0.230628
0.489475
0.476217
-0.0648519
0.335294
0.0842135
0.171923
0.199833
0.142823
-0.054404
0.0322821
-0.339013
-0.376504
0.14863
-0.274324
0.544832
-0.127516
-0.241052
-0.0397132
0.370475
-0.21684
-0.147645
-0.0240598
0.321899
0.322608
0.0169854
-0.121412
0.0292114
-0.015206
-0.297948
-0.177472
0.45727
0.198449
-0.141746
0.0420087
-0.144509
-0.354716
0.0434406
-0.159173
0.330644
0.214913
-0.251807
-0.362055
0.0540574
-0.00390175
-0.519281
-0.0889862
0.330454
-0.315944
-0.405302
0.3228
-0.311157
0.330256
-0.178045
-0.23087
0.12357
-0.188852
-0.384689
-0.481071
-0.123692
0.0924655
0.0161284
-0.407625
0.142967
0.0961713
-0.0912469
-0.446162
-0.2628
0.406898
0.120949
0.423689
-0.405933
-0.313165
0.0375863
-0.471742
-0.0605666
-0.165209
0.243322
-0.0268224
0.166287
0.386591
0.394095
0.348319
-0.143114
0.130244
0.369365
-0.451759
0.312625
0.40241
0.28228
0.00437023
-0.115765
0.123554
0.292336
0.120648
-0.37313
-0.165444
-0.0378595
0.291387
0.229432
0.189843
-0.447283
0.342225
0.000915345
0.069264
-0.39855
0.0441853
0.0184863
-0.0211666
-0.117481
-0.285746
-0.452406
0.121204
-0.21368
0.319966
-0.491822
-0.491666
0.432109
0.637535
-0.318419
0.243784
0.343942
0.363249
0.0433794
-0.104562
-0.532778
-0.24154
0.444606
-0.226603
-0.585785
-0.0508166
-0.204944
-0.46955
-0.604371
0.209722
0.15955
-0.324616
0.284768
-0.297337
0.286185
-0.0700762
-0.361675
-0.38452
-0.408343
0.468852
0.0723684
0.445978
0.492309
-0.311846
0.309729
-0.0451747
0.0932728
-0.281967
0.40442
0.224815
0.0598254
0.170587
0.369626
0.43625
0.107875
0.27044
0.120554
0.572135
0.117825
0.354661
-0.409775
0.096543
-0.442801
-0.105938
0.483031
0.210334
0.180087
-0.11336
0.433504
-0.369692
-0.13043
-0.108672
0.231011
0.546747
-0.130406
0.262863
0.470795
-0.190668
0.391758
0.0788671
0.267613
-0.0327814
0.152953
-0.0509774
0.47789
0.103417
-0.111158
0.348364
-0.246852
0.151011
0.312512
-0.0043881
0.124465
0.412248
0.50781
0.0564711
0.0124669
0.0721161
0.195691
-0.352791
-0.414489
0.16059
0.149746
0.0676363
-0.267172
-0.0552304
0.111311
-0.00629859
-0.0269918
-0.292766
-0.0126347
-0.234232
0.33655
0.515867
0.382492
0.236724
0.370191
-0.144898
0.400775
0.442013
0.212051
-0.218348
0.0861452
0.299301
0.100272
-0.0928236
-0.258822
-0.47454
-0.412463
0.185732
0.00509624
0.193271
0.148428
0.0264467
0.470592
0.450031
-0.404848
-0.383496
0.406016
-0.359427
0.0534995
0.408222
-0.0361663
0.226024
0.287027
0.162288
0.358822
0.0852768
0.0403993
0.305547
-0.371695
-0.0101873
0.361922
-0.0669808
-0.165833
-0.090801
0.0680529
0.0698906
-0.247503
-0.35308
0.291768
-0.000849229
-0.223932
0.174716
-0.348339
0.170975
0.0964511
-0.18322
-0.43042
0.410679
0.0989152
-0.321146
-0.193964
0.275309
-0.297754
-0.231473
0.143544
-0.165551
-0.377936
0.160609
-0.412641
0.329998
0.367375
-0.48698
-0.426511
0.324987
-0.250234
0.2816
-0.482633
0.0218838
0.349005
0.394817
-0.138291
0.202368
-0.0319466
0.263812
-0.397038
-0.378311
-0.00744246
-0.250557
-0.356907
-0.171855
-0.447226
-0.0944559
-0.238796
0.155042
-0.192893
-0.050435
0.174735
-0.207558
0.159903
-0.393783
0.330686
0.24421
0.382503
-0.436534
-0.0795924
0.430093
-0.0683048
-0.483944
-0.0927958
0.180333
0.413959
0.12552
0.147668
-0.143742
0.239007
-0.405413
0.107176
-0.0814115
-0.253075
0.199001
-0.144829
-0.0439477
-0.0570263
-0.476105
0.103331
0.327483
0.108706
-0.063017
0.0930118
-0.00968595
0.159177
-0.277406
-0.00187056
0.0729596
-0.0330742
-0.0857856
0.344006
-0.44477
0.127377
-0.319512
0.37891
0.20088
0.0735528
0.0334922
0.00162772
0.0500093
0.326598
0.0575827
-0.122041
-0.124276
0.31916
0.252786
-0.10041
0.167626
0.325757
-0.0449688
-0.00260327
-0.113848
-0.0402731
0.204696
-0.379971
-0.0643759
-0.418786
0.366271
-0.272339
0.147481
0.451249
0.199021
0.0780161
-0.262983
0.122883
-0.37163
0.452904
0.476421
0.408248
0.0167673
0.032959
-0.381725
-0.16828
0.193425
0.351687
-0.37103
0.344538
0.465998
0.464177
0.00605324
-0.477159
0.368671
-0.449202
0.361677
-0.119003
0.0713241
-0.458979
0.350622
-0.306679
0.411556
0.137106
0.418168
-0.0203815
0.00514482
0.481078
-0.19635
-0.000331001
0.294434
0.645119
0.393466
-0.182524
-0.461669
-0.203445
-0.0427976
-0.243246
0.0025554
-0.173317
0.152557
-0.335273
0.367974
-0.122045
-0.0861786
0.00367053
0.313088
-0.492835
0.232096
0.13385
-0.250273
-0.0753264
0.497423
-0.373033
-0.290496
-0.364598
0.179106
0.266699
0.354711
-0.371498
0.0024464
-0.0508498
-0.332331
0.155367
0.222496
-0.0125663
0.349099
0.315185
0.289742
0.363998
0.164492
-0.274937
-0.299254
-0.113022
-0.0778204
0.377347
-0.254963
0.125017
-0.265659
0.0897351
-0.182981
0.12554
0.414061
-0.205569
-0.301734
0.438107
0.0547487
0.295242
-0.227799
0.383907
0.00293733
0.220536
-0.288247
-0.68437
-0.556178
0.215287
-0.064307
0.383424
-0.305102
-0.360754
0.371131
-0.151884
-0.472209
-0.256565
-0.291198
0.0379444
0.26594
0.195392
0.373186
0.295948
0.209196
-0.412853
0.0957021
0.0181175
-0.380242
-0.118236
-0.235849
-0.0804519
-0.129392
0.100061
-0.280632
-0.512525
-0.476382
0.200437
-0.424465
-0.432691
-0.388889
-0.259426
-0.210518
-0.489325
0.22011
0.208667
-0.211595
-0.489081
-0.529328
0.000410871
0.265244
-0.226626
0.0767538
0.26874
-0.381245
-0.223299
0.464983
-0.233452
-0.34701
0.0213988
0.0359372
-0.348557
0.168028
-0.0949477
0.180376
0.300419
0.174587
0.222314
0.216615
0.499157
0.0952687
0.200786
0.554999
-0.304189
-0.0122794
-0.427355
-0.0724337
-0.165198
-0.30818
0.364716
0.354483
-0.215554
0.315189
-0.308411
0.175856
0.0550776
0.35289
-0.337386
0.442535
0.0693294
0.080321
-0.121035
-0.218738
-0.439752
0.181425
-0.167311
0.475545
0.308908
-0.155238
0.219172
0.0249211
0.143301
-0.515256
0.020027
-0.365613
0.235108
0.345599
-0.0191325
-0.292159
0.286812
-0.00256029
0.503597
-0.172073
0.338397
0.0706492
0.381753
0.134385
0.213727
-0.124098
0.118756
-0.258574
0.153487
0.467163
0.347814
-0.313977
0.0587403
0.547115
-0.11518
0.282901
0.240687
0.13702
0.447259
-0.542382
0.433985
0.235948
0.44161
-0.0996773
0.214827
-0.0766062
0.40105
-0.436241
0.053352
0.391104
-0.284964
-0.210026
0.253616
0.405535
0.171613
-0.308727
0.23279
-0.267044
0.0621528
0.528926
0.12005
0.224921
0.643647
0.105231
0.286306
0.119251
-0.350268
0.472265
0.0176173
0.644079
0.331788
0.136149
-0.304783
0.0549442
0.253662
-0.183794
-0.148722
-0.112537
-0.0716035
0.264324
0.419467
-0.198901
0.540859
0.369323
-0.249124
-0.1912
-0.028344
0.0868429
0.428131
0.416753
-0.417361
0.295866
-0.408005
0.0371256
-0.11807
0.0247022
-0.374052
-0.296573
0.505475
-0.156877
0.127012
0.194945
-0.284805
0.251461
-0.256247
0.257404
0.255625
-0.265505
-0.0502819
-0.26434
-0.0536759
0.57613
-0.0056087
-0.219217
0.358213
0.499514
0.398492
0.189341
-0.0910288
-0.441297
-0.214678
0.234043
-0.285519
-0.0929415
0.344112
0.112629
-0.351252
-0.47751
-0.19407
0.128165
-0.405537
0.148438
-0.287915
-0.443055
-0.209394
-0.364748
-0.209957
0.273962
-0.265197
0.149501
-0.1162
-0.365662
-0.437241
-0.0278824
0.0609898
0.17064
-0.0928597
0.243698
-0.054303
0.00874372
0.278669
0.393376
-0.398066
-0.160572
-0.0727204
0.342257
0.16622
0.0997681
0.12344
0.169609
-0.488675
-0.422312
-0.506248
0.170938
-0.424165
0.23624
0.262457
0.106342
0.204483
-0.12577
-0.0322835
0.300857
-0.158559
0.260247
-0.198599
-0.171399
-0.206151
-0.382885
-0.186028
0.119853
-0.344169
0.371469
-0.277431
0.113321
0.27525
0.408732
0.420908
-0.447591
0.250283
0.47135
-0.177172
-0.253203
0.223762
0.00116431
0.0562709
-0.281154
0.100995
0.418341
-0.467661
0.228688
0.199011
0.0879761
0.223055
0.0684021
0.434447
0.037942
-0.248125
0.354
0.183065
0.416324
0.0351567
0.413646
-0.0633769
0.484536
0.41933
-0.0845615
0.575008
0.359472
0.11084
0.469905
-0.0763633
-0.229417
0.201851
0.447553
-0.0339008
-0.381038
-0.231795
0.00376542
0.308131
-0.331157
-0.0151187
0.46155
-0.405814
0.131757
0.474812
-0.233173
-0.451864
0.294132
-0.510972
0.104099
-0.303202
-0.0546981
-0.138814
0.381811
-0.141491
0.0361237
0.0146633
-0.0449316
-0.0572055
0.0464628
-0.4946
0.0650614
0.180189
0.0184009
-0.166794
0.0899086
-0.101041
-0.132062
-0.381023
0.410924
0.101332
0.440356
-0.156836
-0.19832
0.124218
-0.0600953
-0.125556
-0.263442
-0.354338
-0.33541
0.0557646
0.321929
0.451718
0.468106
0.102866
-0.283247
0.425648
-0.0991347
-0.0538645
0.183869
-0.0367476
0.103091
0.319375
-0.0814845
-0.0830416
-0.0708488
-0.482478
-0.359013
0.250149
0.450616
0.414576
-0.624339
0.143465
-0.161132
0.0465267
-0.05558
0.0044449
-0.169545
-0.222911
0.138498
0.263717
0.224336
-0.226964
0.212969
-0.129518
-0.70743
0.567294
0.188167
-0.139563
-0.00213522
0.32816
-0.04475
-0.166643
0.34023
-0.165548
-0.155977
-0.0860283
0.145546
-0.0587958
0.0386099
-0.170065
0.125732
0.109762
-0.0600481
-0.0618952
0.289666
-0.268968
0.32659
0.271937
0.523602
-0.343495
0.168767
-0.196384
0.499621
0.0552957
-0.0918734
0.0440908
-0.134911
0.249635
-0.50505
-0.114924
0.120488
0.324753
0.0182383
0.0728009
0.128742
0.635204
-0.111087
-0.287411
0.269415
-0.292012
-0.0220109
-0.129398
-0.156706
0.227642
-0.270318
-0.517326
-0.182936
-0.0136941
-0.276333
-0.330012
-0.579034
0.100815
-0.614424
-0.180426
0.0966763
0.661428
0.307057
-0.150186
0.241845
-0.303518
0.072949
0.342194
-0.134502
-0.11807
-0.371968
-0.334181
0.0270692
0.199716
0.449211
-0.0212917
0.0406428
-0.119328
-0.259389
0.188115
0.0128194
-0.135966
0.84317
0.233933
-0.217873
0.0807074
-0.0558143
-0.314346
