#input normalization
0.16111 0.272711
74.6604 69.7051
9.58082 38.3241
7.92471 31.8899
0.0111958 0.044315
0.008794 0.0338831
1 -1
0.823511 1.27769
1.05267 1.47112
1.29982 1.67897
1.57855 1.87949
1.86027 2.06281
2.12999 2.22636
2.39629 2.3791
2.64341 2.50023
2.87854 2.5868
3.10222 2.64749
3.30893 2.68228
3.48879 2.68793
3.62724 2.6498
3.75209 2.59835
3.85097 2.5101
3.92847 2.41397
3.96982 2.29961
3.99558 2.16779
3.98964 2.01953
3.9519 1.86013
3.89572 1.68228
3.7862 1.48252
3.65921 1.28429
3.54363 1.09712
3.41767 0.920599
3.26231 0.743118
3.10185 0.573586
2.93657 0.413281
2.78635 0.266603
2.61822 0.128358
2.47497 0.00581553
2.31182 -0.108566
2.15912 -0.216386
2.01145 -0.313389
1.88168 -0.396232
1.74745 -0.473142
1.6062 -0.546088
1.47356 -0.611115
1.35132 -0.67056
1 -1
1 -1
#output normalization
1 0
#neurons weights
-0.33804
-0.3107
0.334121
-0.129321
0.406096
0.0293045
-0.204888
0.319447
-0.186952
0.0749338
-0.0335589
-0.320109
-0.407236
0.459596
-0.263544
0.153718
-0.346313
-0.278697
0.319877
-0.267834
0.472321
0.115219
-0.413749
0.0225648
0.310327
0.464976
0.280082
-0.0334985
0.281683
-0.438164
-0.102789
0.317148
-0.288737
-0.37136
0.0847355
-0.0942738
0.143821
0.303175
-0.279966
0.369859
0.371229
0.160571
-0.28789
0.0187851
-0.389155
-0.322888
0.150868
-0.143051
-0.576365
0.26482
0.0997122
0.169662
-0.0974778
-0.284645
0.219562
0.328435
0.0287232
0.401836
0.187925
0.213627
-0.00765387
-0.262737
0.110302
-0.21648
0.244762
0.0173416
0.138918
-0.149853
-0.442461
-0.294512
-0.164396
-0.705842
0.312854
-0.226442
1.11567
0.0713476
0.15372
-0.289294
0.342227
-0.0461947
0.335121
0.723152
-0.381406
-0.089535
-0.167072
-0.218581
0.261033
0.157038
-0.34253
-0.398463
0.531306
0.457948
-0.359023
0.307299
0.03869
0.560732
0.0791341
-0.45953
0.466492
0.255256
0.205995
-0.291045
0.265456
0.0186826
-0.0959606
-0.51085
0.257901
-0.0474526
-0.0893576
-0.367606
0.278118
0.397045
-0.314903
-0.229051
0.318333
-0.109277
-0.386736
0.405375
0.229253
-0.00642292
-0.337446
0.294987
0.379943
0.388663
0.510405
0.129842
-0.194956
-0.320441
0.360892
-0.0181214
0.0418857
-0.373406
0.0706106
-0.22671
0.342912
0.160385
0.206886
-0.472557
-0.441523
0.0788563
-0.357233
0.128931
-0.0950797
0.307555
-0.429708
0.0113877
#synapses weights
-0.021425
-0.0231776
0.602373
-0.493503
-0.238559
-0.486599
0.0963523
0.327576
0.0813069
0.564657
0.0689636
-0.378634
-0.277932
-0.000465151
-0.244028
-0.582252
0.179946
-0.324887
-0.31669
0.156102
-0.468974
-0.292658
-0.0247177
0.117384
-0.40857
0.246306
0.022906
-0.00861482
-0.454714
0.146503
-0.0677661
-0.342097
0.317435
0.0147439
0.0433343
0.0674255
-0.473236
-0.228198
0.0790268
0.0751694
0.127212
-0.257291
-0.454188
0.112026
-0.357545
-0.463382
0.126409
0.0292587
0.222776
-0.423604
-0.163019
-0.0585897
0.271695
0.285106
0.316596
0.198739
-0.144949
-0.0413867
-0.746595
0.151961
-0.309004
0.0388998
-0.0662362
-0.544124
-0.376158
-0.104398
-0.0217084
0.197176
-0.510735
-0.209397
0.346058
0.499634
-0.0940308
0.399083
-0.192304
0.260398
0.0188644
0.0189752
0.0653354
-0.0620075
-0.255919
0.113536
0.127874
0.149915
-0.440639
0.27443
0.203489
-0.0728438
0.316349
0.289422
0.218778
-0.161235
-0.439425
0.0448447
0.485952
0.462593
-0.00178268
0.344171
-0.703371
0.721458
-0.160772
0.352583
0.251959
-1.05454
-0.192261
0.110223
0.23172
-0.0449947
0.00951954
-0.33439
-0.0592487
0.238155
0.321317
-0.454359
-0.166247
-0.00466967
0.124669
0.428869
0.19086
0.160588
0.492087
0.226297
0.0828523
0.0309899
0.240573
-0.266066
-0.342127
0.322119
0.339188
0.231824
-0.474675
0.0332826
-0.395793
-0.559226
0.296476
-0.400145
0.215531
-0.0545321
0.378237
0.102159
-0.0727752
0.0900496
-0.273532
-0.344386
0.00225338
0.483619
0.016808
0.0328302
0.383018
0.13989
0.309513
0.017179
0.033237
-0.435121
0.394607
-0.554104
-0.465706
-0.102059
0.152201
-0.297619
-0.0751115
-0.235416
0.293024
-0.467771
0.0949134
-0.324572
-0.124588
-0.435499
0.279898
-0.301343
-0.413271
-0.00741038
-0.256021
-0.179224
0.0265898
-0.124802
-0.134445
0.504011
0.00994606
-0.0902554
0.421406
0.139901
0.47348
0.479312
0.502868
0.45332
0.327309
0.114977
0.403116
-0.352398
0.499821
0.173243
0.236233
-0.210162
-0.12728
0.367305
0.136461
-0.0381705
-0.488177
-1.09608
-0.454007
-0.0575274
-0.579582
-0.110078
-0.0470776
0.177596
-0.220551
-0.123268
-0.419196
0.279427
0.00808219
0.517947
-0.091858
-0.386478
0.245576
0.0806401
0.0617963
-0.049103
-0.205246
-0.358587
0.435089
0.407292
0.401554
0.166834
-0.156421
-0.236386
-0.0598025
-0.0621689
0.0961348
0.192778
0.312601
-0.206527
0.132746
-0.129347
-0.306616
-0.260687
0.0261845
-0.41715
-0.247731
-0.235081
0.291675
0.363727
0.137464
-0.00956324
-0.0301447
0.156102
0.0180115
-0.260413
0.605829
0.723575
0.234422
-0.133545
0.229006
-0.338084
-0.4132
-0.137932
0.305848
-0.392078
-0.418485
0.0914958
0.261738
0.467394
0.203027
-0.291454
-0.00663996
-0.398432
0.0802684
0.40962
-0.461484
-0.0297593
-0.215075
-0.109263
-0.0658549
-0.42589
0.101581
0.167827
0.297836
-0.234555
-0.120816
-0.220524
-0.476409
-0.459127
-0.407555
0.344518
-0.441973
0.0415692
-0.0637365
0.210342
-0.503803
-0.264043
-0.301973
-0.103035
-0.420699
0.424249
0.095981
-0.313874
-0.13082
0.238121
-0.424067
-0.406307
0.215052
0.110155
0.170309
-0.449023
0.200509
-0.021632
0.334828
0.511569
0.275501
-0.192671
0.509
-0.169732
-0.113916
0.0631239
0.249947
-0.306525
-0.199562
0.360221
0.1195
0.338918
-0.304392
-0.25145
0.348965
-0.476682
-0.0407938
-0.0148919
-0.261874
0.403215
-0.102092
-0.202667
0.0331273
-0.150344
0.212681
-0.202695
0.105547
-0.479364
0.207697
-0.700164
-0.280952
0.200294
-0.518464
0.347475
0.11492
0.375294
-0.162084
0.315555
0.0935395
0.391976
-0.0268151
-0.123812
0.212254
-0.10931
-0.451099
0.312211
0.267885
0.00125147
-0.0509681
-0.187674
-0.0270321
-0.551114
-0.186606
0.0497168
-0.0219422
-0.0792662
0.232819
0.321165
0.25107
0.285547
0.0183834
0.314686
-0.157113
0.219115
0.227087
0.104283
0.0598507
0.354229
0.00140095
-0.236818
0.440758
-0.168712
-0.256957
-0.0363253
-0.115781
-0.356982
-0.411159
-0.319099
0.3113
-0.12844
-0.112371
0.29666
0.0711654
0.0998387
0.496331
-0.120103
0.282253
-0.461703
-0.35753
-0.0111417
0.0856552
0.00257941
0.0642472
-0.124154
0.511188
0.111477
0.496109
0.340644
0.500454
-0.221749
0.130816
0.445023
0.445808
0.428267
-0.179336
0.239325
0.318222
-0.319993
-0.0316128
-0.460284
-0.345903
-0.0131508
0.0759466
0.309311
0.114581
0.24982
0.213685
0.285136
-0.374469
0.397022
-0.0991242
-0.113839
0.40782
-0.342684
0.151184
-0.182945
0.562322
-0.420651
-0.0703351
0.0427543
0.382402
1.96436
1.88564
0.805638
0.515578
-0.174546
0.115658
-0.211128
0.205263
-0.174157
-0.0815227
-0.170436
-0.00577888
0.0186885
0.0186181
0.551019
-0.296875
-0.282934
-0.501535
0.161824
-0.460442
0.199008
-0.197907
0.413929
0.260384
0.118166
0.22986
0.105015
-0.0631811
-0.0911756
-0.24728
0.188155
0.383651
-0.234289
-0.351443
-0.113123
0.376955
-0.469919
-0.0293727
0.294723
0.444684
0.0266456
-0.310132
-0.359998
0.382668
-0.117872
-0.409855
0.39826
-0.474995
-0.542442
0.452474
-0.233758
0.32207
0.0341296
-0.287818
-0.0425136
-0.113685
0.18338
0.121657
-0.317647
0.456416
0.019964
0.246414
0.0811853
-0.0957111
0.203945
-0.0955348
0.457147
-0.481803
0.104359
-0.0205415
-0.32599
0.0148849
-0.188969
-0.406333
0.170525
0.252126
0.0735337
0.175742
0.3738
-0.260925
0.0106927
-0.144655
0.36016
-0.362767
-0.351968
-0.202003
-0.0332412
0.29679
0.119287
0.365419
-0.476823
-0.0104931
-0.033466
-0.439922
-0.0733175
-0.0450568
-0.114498
-0.705655
0.121056
0.34508
0.234092
0.248812
-0.305041
-0.0226271
0.141411
0.306251
0.215105
-0.211314
-0.00218327
0.30027
0.260944
-0.152369
0.0273206
-0.0943942
0.246859
0.283161
0.120831
0.00584753
-0.434484
0.28345
-0.0294183
0.439344
-0.332146
0.123477
-0.32119
0.101523
0.138059
-0.394545
-0.474616
0.291527
0.245354
0.547805
0.240589
-0.132007
0.30829
0.157576
0.293768
0.0887267
0.0357318
0.238389
-0.0683248
-0.405328
-0.310403
-0.48728
0.237026
0.048513
0.591739
0.76992
-0.545282
0.0361291
0.12832
0.144716
-0.0176164
0.0631734
-0.256835
0.0306148
-0.077424
-0.427829
-0.0986187
0.391945
0.238775
0.0231798
-0.638927
0.125298
0.0394563
-0.16362
-0.0414729
-0.218372
-0.296911
0.00172262
0.348347
-0.233507
0.124631
0.322724
-0.0717387
0.392371
-0.108243
0.312566
0.240071
0.38174
0.109531
0.482835
0.496577
0.198365
0.447051
0.533635
-0.337287
0.255845
-0.264169
0.0165278
0.163667
0.0403489
0.463171
0.564175
0.468378
0.228802
0.235014
-0.187666
-0.0138481
-0.371799
-0.0450209
0.204867
-0.150668
0.448239
0.338225
-0.0253004
-0.379671
0.152279
-0.345719
0.447192
-0.124568
-0.329211
0.0739813
0.392546
-0.459916
-0.209286
-0.134381
-0.248359
-0.0900127
0.384015
-0.491009
0.0784776
-0.382342
-0.331128
-0.485802
-0.066931
-0.163461
-0.39794
0.0358202
-0.197123
0.283047
-0.080865
0.0561635
0.209003
0.427928
0.0697572
0.235274
-0.200916
-0.169286
-0.352577
-0.571495
0.0441307
-0.138968
0.123595
-0.0339283
-0.297421
0.297899
-0.377189
-0.462146
-0.130024
-0.438699
-0.135708
0.230287
-0.196561
-0.129993
0.196482
-0.472651
-0.110337
-0.261523
0.384208
-0.134411
-0.103383
-0.00100011
0.0748877
0.375364
0.471067
-0.232439
-0.197834
0.012628
0.328472
0.112386
0.283512
0.133403
-0.288854
-0.354934
-0.0448311
-0.0420066
-0.334829
-0.0436415
-0.038675
-0.308226
0.181496
0.0333827
-0.0342321
0.0930099
-0.15979
-0.0124855
-0.421166
0.993394
0.389435
0.326203
-0.229588
-0.199183
-0.449348
-0.150575
0.181091
0.463752
0.326046
0.427281
-0.423089
-0.0169025
-0.39464
0.291324
0.417915
0.172485
0.145047
-0.0364548
0.252039
-0.215163
-0.181427
0.599063
0.280866
0.447569
0.0153701
-0.325968
-0.18931
-0.0703151
-0.278404
0.380688
0.137976
-0.420175
-0.0962897
0.347107
0.417666
-0.129824
-0.425883
0.0691097
0.00970166
-0.0434702
-0.304234
-0.205605
0.149249
0.159222
0.283115
-0.0533558
0.169915
0.761147
-0.220536
0.0758703
0.454946
0.320784
-0.165243
0.20598
0.016694
-0.456353
0.337502
-0.0628022
-0.648804
-0.653555
0.240948
-0.170278
-0.0229423
0.248858
0.241452
0.158425
-0.47331
-0.373257
0.346471
0.276291
0.11587
-0.477676
-0.244157
0.401029
-0.463784
0.239573
0.301904
-0.393824
0.353529
0.469812
-0.368139
0.251853
-0.454377
0.299737
-0.154825
0.234237
0.106525
-0.222901
-0.338156
-0.0178333
-0.399116
-0.325582
0.303927
-0.593818
-0.477836
-1.56921
0.0337923
0.307124
-0.325727
0.25767
0.27583
-0.204682
0.26468
0.0822194
-0.412768
-0.20872
0.0861823
0.172584
-0.459614
0.206153
-0.570098
0.133235
-0.370319
-0.343826
0.35726
0.178364
-0.102327
0.34734
0.341012
-0.28917
-0.124041
-0.0432815
-0.014625
-0.606563
0.199436
0.252739
-0.0318867
-0.299562
0.0825002
0.429914
0.407374
0.390151
-0.295655
-0.0597237
-0.380555
0.280037
0.0569012
-0.406875
0.339784
-0.0193175
-0.11978
-0.006983
-0.0513776
-1.64281
-0.0635237
-0.51164
-0.169081
0.0123331
-0.0880742
-0.574999
0.371277
-0.198563
0.16408
-0.395022
-0.0825274
0.183854
-0.165932
-0.222688
0.0334409
-0.0302259
0.171776
-0.201696
0.514004
-0.106086
0.350478
0.391967
-0.0996481
0.274346
-0.278206
-0.0932409
0.278385
-0.0537753
0.338343
-0.107011
0.375088
0.314897
0.0951406
-0.360667
0.00897773
-0.0613282
-0.124307
-0.189844
0.390426
0.206022
0.295999
0.580266
0.338648
-0.119537
-0.502584
0.153
-0.201688
-0.0333046
0.42467
0.379879
0.0808298
-0.150278
0.51839
0.247085
0.147177
-0.0946851
-0.406552
0.393323
-0.310653
0.317338
-0.0525402
-0.209843
0.0423168
-0.482251
-0.230833
0.0335215
-0.546642
0.171246
0.378846
-0.074903
-0.314229
-0.302121
-0.413875
0.175243
0.342072
-0.222638
-0.0430261
-0.206745
0.452758
-0.378635
0.0767051
0.31101
0.0675953
-0.0177909
-0.252518
0.415577
0.436462
-0.236486
-0.0528243
-0.464853
0.330812
0.395514
0.386885
0.424475
-0.335375
-0.768963
-0.481617
-0.00166485
-0.281977
-0.349814
0.269068
-0.0949852
0.291041
0.0986947
0.0868716
-0.507555
-0.0889736
0.465654
-0.063652
0.275203
-0.520755
-0.0947241
-0.0232164
0.0714638
0.0703583
0.501137
-0.0568567
0.211378
-0.144544
-0.40672
-0.308608
-0.0868337
0.250423
-0.276044
-0.218951
0.392947
-0.190018
-0.560636
0.391467
-0.0188489
-0.0798599
0.165376
0.403248
0.161812
-0.429014
0.142688
0.0311173
0.116912
0.0873998
0.0350725
-0.179313
-0.11634
-0.035479
0.846595
0.406218
0.331253
0.0845586
-0.00389395
-0.421192
0.168253
-0.231215
0.425072
-0.0425854
0.283929
-0.165593
0.03052
-0.347404
-0.240965
-0.30561
0.224399
-0.285042
-0.323825
-0.28485
0.155414
0.424909
0.443574
0.347587
0.198709
0.210466
-0.329629
0.34229
0.124943
-0.0200832
0.656425
0.148932
0.266752
0.537259
0.484552
0.434795
0.54112
0.267374
-0.00966147
0.183983
0.0936508
-0.239906
-0.510913
-0.182583
0.352672
-0.00512269
0.31796
0.218114
-1.29447
-0.872031
-0.539382
-0.105843
0.380774
0.0982233
0.28426
0.159459
-0.428904
-0.0372192
-0.419533
-0.020463
0.650619
0.576328
0.203255
-0.290029
0.218016
0.354496
0.0180831
0.0365286
-0.377934
-0.0580846
0.221399
0.206241
0.0546449
0.412861
-0.590874
-0.529939
-0.169639
-0.0204137
0.234818
-0.611941
-0.412416
-0.541477
0.370196
0.0894077
-0.298793
-0.615027
-0.507099
-0.0180548
0.222109
-0.0130776
0.518532
-0.210123
-0.0620037
0.433877
-0.147689
0.157222
4.99464
-0.425
0.0326741
-0.0697059
-0.121873
0.160609
-0.175575
0.00585705
-0.106315
-0.217185
0.127373
-0.0215058
-0.205946
0.166829
-0.162352
0.0737379
0.113888
-0.0593941
-0.210091
0.0937062
0.0906393
-0.0459747
-0.228058
0.0761207
-0.0327562
0.0956425
-0.261507
0.185699
0.0223018
-0.155794
0.0770262
-0.152129
-0.247318
0.173505
0.153943
0.117064
-0.192345
-0.204921
0.0645833
0.161274
-0.00674462
-0.176525
0.250197
0.125577
0.0136011
-0.00147155
-0.266859
-0.127535
-0.279001
-0.154022
0.166723
-0.0289269
0.111037
0.604094
0.187045
0.197806
0.521924
0.37411
0.32194
0.317463
0.151032
0.288028
-0.0133033
-0.195783
-0.144685
0.130196
0.34415
-0.273622
0.0577071
-0.397905
-0.0612504
-0.392832
-0.361067
-0.212429
-0.332615
-0.473683
0.220452
-0.231246
-0.209551
-0.140297
0.368251
0.291011
-0.429642
-0.464463
-0.444992
-0.00216072
-0.456375
-0.0922082
-0.38414
0.186129
0.228274
0.0119909
-0.0893779
0.469397
0.384587
0.213666
-0.756456
-0.315822
-0.231083
0.42787
-0.0395117
-0.0356999
-0.369858
-0.282662
0.260486
0.0606744
0.387969
0.381099
-0.458955
-0.26334
-0.475915
-0.0891629
-0.427624
0.32665
-0.416793
-0.176757
-0.124043
-0.253222
-0.0204252
-0.0100838
0.303003
-0.49778
-0.00868726
-0.300559
0.151591
-0.0631667
0.0705282
-0.594213
-0.0251717
0.0142768
-0.181851
0.133698
0.291926
-0.126497
-0.222651
-0.101181
0.435729
0.13125
0.0409886
0.249372
0.091515
-0.244211
-0.10649
0.140349
3.30431
3.33141
0.455821
0.0940912
-0.0373887
0.103542
-0.00371874
0.0861642
-0.0203569
0.187523
-0.0336687
-0.202924
0.0609492
0.0043292
-0.0122357
-0.100285
0.109874
0.242502
-0.119001
0.204633
-0.280533
-0.0334413
0.287139
-0.158942
0.116534
0.0456005
-0.141045
0.0754189
-0.0515898
0.109545
-0.104446
-0.110851
0.00399973
0.046772
-0.090208
0.155141
-0.00779017
-0.115256
0.0286542
-0.37806
0.249491
-0.107738
0.703071
0.273106
-0.33097
-0.170444
-0.0640256
0.464796
-0.203263
-0.789512
0.101042
-0.351786
0.297207
-0.213681
-0.233211
-0.193822
-0.212167
0.223507
0.0547409
-0.111253
0.248521
-0.303352
0.250389
0.309333
0.196837
-0.105076
-0.445873
-0.399071
0.454667
0.213032
0.108924
0.106212
-0.0996737
0.211272
0.358916
0.340087
-0.151277
-0.0318826
-0.202607
-0.385906
-0.0405001
0.0276353
-0.215715
0.118279
-0.401644
0.117274
0.0147789
-0.166038
-0.496828
-0.32666
-0.51673
-0.2953
-0.339074
0.355448
-0.660798
-0.116527
0.377218
-0.417322
-0.316959
0.102712
-0.296104
-0.0707914
0.161399
-0.0234941
0.189252
-0.388829
0.00889922
0.122943
-0.241391
0.273606
0.234211
0.446209
0.0670344
0.0393856
-0.136022
0.378364
0.135327
0.035663
-0.215981
-0.512256
-0.0796974
-0.117452
0.0410079
0.220289
0.186688
0.316269
0.602443
-0.191766
-0.448756
-0.42897
0.380391
-0.373898
-0.278911
-0.226519
0.0586418
-0.2199
0.419107
-0.44538
-0.542622
-0.30614
0.455175
0.0915116
0.793944
0.252707
-0.508748
-0.754412
-0.111209
-0.358896
-0.0229367
0.212901
0.405147
0.295881
-0.514241
-0.0326692
-0.0961747
0.311973
-0.180932
0.0604849
0.267832
-0.405691
0.136809
0.231955
-0.203467
-0.259123
0.0374308
0.110965
-0.134559
-0.327603
0.269901
0.0135567
-0.434855
-0.34007
0.171583
-0.0984852
-0.44797
0.0957653
0.244355
-0.443884
0.165571
-0.0820095
0.118539
0.377996
-0.365819
0.194076
0.189307
0.195229
-0.00648745
0.429382
0.152334
0.298153
-0.784083
-0.189894
1.52724
0.154236
0.32169
0.51697
0.31336
0.140447
0.197595
0.314828
0.282684
0.16329
-0.311978
-0.103933
0.228807
0.151275
-0.00408855
-0.0817795
0.186731
0.187232
-0.0033227
-0.317004
0.232365
0.434528
-0.00510918
-0.165205
-0.124407
0.181863
-0.379888
-0.175791
-0.0814587
0.650701
-0.304401
0.0686294
-0.0488582
0.0643243
-0.346251
0.256082
0.332355
-0.220428
-0.0160251
-0.300349
0.0291209
0.169101
0.150451
-0.249485
0.238974
0.256384
0.905456
0.262853
-0.176836
-0.629979
-0.16547
-0.470969
0.402634
0.258811
-0.0490203
-0.326593
-0.262063
0.35697
0.249999
0.148648
0.0168989
0.251096
0.292667
0.217974
-0.0149915
0.357716
0.0147498
0.0682918
0.0724226
0.14628
0.437968
0.453791
0.375308
-0.379408
0.410544
-0.579715
0.0470667
-0.422035
0.0936322
-0.392623
-0.23476
0.144858
-0.0196435
0.527327
-0.0477443
0.568853
0.259349
-0.449757
0.0790862
-0.27803
-0.196877
0.168445
0.0957298
0.426965
0.340155
0.340168
0.654171
0.54747
0.211306
0.113198
0.222665
0.452267
0.46153
-0.0513618
-0.330679
-0.333263
0.60339
0.237906
-0.00904031
-0.157058
-0.245407
-0.0445891
-0.134791
0.401113
-0.105117
-0.113225
0.245913
-0.385203
0.326787
0.105237
0.111411
0.179005
-0.0387233
0.53851
0.415397
0.130863
-0.333765
-0.343569
0.504496
0.0791623
-0.172286
0.29525
-0.406227
0.0154501
-0.168999
0.291537
-0.041868
-0.428062
0.0548758
-0.299809
0.270038
-0.775694
-0.21321
-0.349585
-0.25288
-0.0624469
0.00778599
-0.095238
0.480033
0.453626
-0.514546
0.0731417
0.415171
0.145214
0.259339
0.343754
-0.205537
0.400529
-0.181239
0.440553
0.0530815
0.307975
0.593264
-0.159168
0.38804
0.091583
0.183936
-0.0341536
0.355205
-0.24221
0.384715
0.177533
0.263034
-0.217011
-0.333303
-0.043522
0.0611167
0.254136
-0.305482
-0.108199
-0.0292263
0.275904
0.298902
-0.0594067
-0.104681
-0.434465
0.267846
0.200311
0.0994695
0.336417
0.505377
0.344742
-0.422898
0.551648
0.292846
-0.147832
-0.158368
0.045089
0.394404
-0.329482
-0.144767
-0.267151
0.228099
-0.0132727
-0.00453918
0.413709
0.107069
-0.331341
0.0178085
0.164728
0.00298869
-0.254542
-0.159528
0.224202
0.445634
-0.120331
-0.173796
0.324212
-0.135097
0.247959
0.0990204
-0.136127
0.213436
0.311976
-0.302311
0.163511
-0.018652
-0.32951
-0.349129
0.197956
-0.336157
0.00558972
-0.0232947
-0.302016
-0.463872
-0.210392
0.0739569
-0.76197
0.409841
0.226379
-1.49606
-0.945044
0.0249817
-0.249454
0.17526
-0.0879427
-0.250706
0.273788
0.284416
-0.524276
0.104917
0.164211
0.257233
-0.285511
0.0828579
0.108095
0.149808
-0.128738
-0.255091
0.412288
0.153701
-0.127572
0.18297
0.345424
0.158743
0.405785
-0.462353
0.219252
-0.118721
-0.323401
0.101339
-0.433301
-0.503019
0.201724
0.0781492
-0.184869
-0.0573598
0.203986
-0.398472
0.415058
0.0746734
0.281799
-0.0193814
0.23812
-0.366828
-0.0841784
0.179113
0.0297487
0.647003
0.134308
0.216381
0.119704
-0.0204773
0.193116
-0.25837
-0.22343
-0.304491
-0.120979
-0.401037
0.17639
0.151311
0.286543
0.345179
0.359527
0.279943
-0.413969
-0.51835
-0.330726
0.461181
-0.139082
-0.00963648
-0.171382
0.483323
0.280395
-0.108808
0.00371014
0.12497
-0.28723
0.112453
-0.177852
-0.385238
-0.31366
-0.0728191
0.310187
0.411986
0.259274
0.156198
-0.407303
0.236763
0.13709
-0.455843
0.202914
-0.242288
-0.285189
-0.137681
0.24997
-0.442687
-0.306494
0.051588
-0.120503
-0.0490018
0.0530722
0.330195
-0.288087
0.0507489
0.399288
0.215627
-0.11858
0.00132615
0.0145062
0.168121
-0.271003
0.42735
-0.345284
0.250977
-0.266597
-0.0453901
0.0920207
0.384332
-0.089337
-0.420615
-0.396066
0.464314
-0.223194
0.151624
-0.271822
-0.181553
-0.272245
0.42595
-0.260099
0.0250467
0.47739
0.0551281
0.0759614
0.376383
0.282094
-0.326787
0.0123707
-0.380075
-0.111013
0.215525
0.164883
0.0719018
-0.377932
-1.28854
-0.355626
-0.454993
-0.585604
-0.554389
-0.31314
-0.0741764
-0.373236
-0.424885
0.152507
-0.193712
-0.163237
-0.277882
0.363427
-0.373369
-0.148051
-0.05162
0.0124085
0.298918
0.216801
-0.350655
0.390794
0.00037568
0.311607
-0.25563
-0.0975175
-0.134913
0.249432
0.192941
0.548396
0.23738
0.392557
-0.284655
0.258903
-0.267301
0.412107
0.615438
0.255469
-0.337107
0.229402
0.0521745
0.344247
-0.549675
-0.0609138
0.204
-0.871762
0.353616
-0.219993
-0.354235
-0.17944
0.235283
0.349139
0.0858737
0.207645
-0.141865
0.323845
0.479548
-0.0447634
0.373745
0.0791781
-0.0964032
0.22659
-0.2323
-0.169473
0.305117
-0.501783
0.286479
0.568564
-0.29856
0.397155
-0.192983
0.37633
-0.416031
0.14003
-0.582134
0.186277
-0.212439
-0.567051
-0.478336
-0.503674
-0.414521
0.336649
0.0927708
-0.0428063
-0.194576
-0.000426455
0.0677066
0.0801759
0.375501
-0.388615
0.309075
-0.394584
-0.348863
-0.266574
0.158434
0.469725
-0.0211333
-0.927636
-0.714584
-0.382507
-0.418767
0.491185
0.0455252
-0.135125
0.281884
-0.289369
-0.386822
-0.391277
-0.172118
0.241938
-0.0426996
-0.323354
0.176289
0.0289924
-0.261766
0.235265
-0.0273653
-0.0920406
0.375074
0.388989
0.259511
-0.264009
-0.285019
0.0928667
0.102431
-0.244439
0.495126
-0.0674148
-0.368785
0.351057
0.27319
-0.271293
0.372457
-0.360962
0.0366651
0.158342
-0.309204
-0.181441
-0.306446
-0.188743
-0.0417859
-0.369127
-0.217409
0.273336
0.341629
-0.512153
-0.477717
0.073541
-0.289228
0.242634
0.0853112
0.298136
0.459274
0.281687
-0.268031
0.546279
0.27979
-0.0230562
-0.0713517
0.0511858
0.0846203
-0.172805
-0.359956
-0.11769
0.0237543
-0.147801
-0.0902548
0.436533
-0.556119
0.254441
0.245395
-0.0994017
-0.108953
0.294626
-0.369168
0.418186
0.342738
0.101544
-0.09611
-0.558845
-0.0449025
-0.238044
-0.466403
-0.27913
0.199705
0.204041
0.323777
0.0487475
-0.511523
0.199413
0.0643688
-0.437326
-0.27552
0.0443567
-0.514576
-0.131613
0.0375065
-0.312415
0.0247512
-0.588475
-0.187827
-0.12749
0.134886
-0.0726412
-0.31151
0.435371
-0.266385
-0.162007
-0.191737
-0.374691
0.102081
-0.464369
-0.295669
-0.0467825
0.300682
0.126441
0.354992
0.52172
0.576266
-0.0566536
-0.371997
-0.392262
-0.181156
0.0936767
-0.0393222
-0.444659
0.505049
0.510512
-0.131918
-0.0219473
-0.13908
0.144086
0.113776
-0.147585
0.0594785
-0.264855
-0.487375
0.119736
-0.267989
0.0546401
-0.083609
-0.0426065
-0.0251188
0.56871
0.242166
0.227079
-0.275296
0.216825
-0.416411
0.0158002
0.113128
0.36134
0.0478884
0.29875
-0.0729567
0.0847134
-0.0225937
-0.264247
-0.469001
-0.203033
-0.283633
-0.256779
-0.424113
0.475314
0.113432
-0.300839
-0.266514
-0.20819
-0.0926128
-0.390211
-0.0581254
0.189485
0.189051
0.377579
-0.151541
-0.155299
0.385882
0.0187213
-0.338979
0.312442
-0.292863
-0.31842
-0.21989
0.218718
-0.370432
0.221641
-0.397933
-0.310226
1.88554
0.953426
0.653233
0.0847121
0.396875
0.305319
0.318528
0.390274
-0.262513
-0.187183
0.00953987
-0.0533913
0.0128555
0.175073
-0.0764663
-0.213052
-0.270881
-0.0999175
-0.201413
-0.385247
-0.517639
0.14944
0.0952383
0.106218
-0.337881
0.1124
-0.588783
0.07821
0.0997694
-0.0116883
0.202053
-0.324926
-0.162042
0.174911
0.19158
0.0289145
-0.289361
0.28887
-0.589658
0.359927
0.174666
-0.0373094
-0.150475
0.319904
0.188549
0.156894
-0.355513
-0.428645
0.218493
0.398151
0.0786327
0.415213
-0.0282867
-0.584331
0.267807
-0.0240568
0.228181
0.0687144
0.000439783
0.2188
-0.583911
-0.534952
0.102076
-0.153944
-0.0545603
0.159731
0.262101
0.216068
0.225258
-0.262758
-0.116389
0.00178589
0.151702
-0.143174
0.125034
-0.381251
0.306625
0.081475
0.365731
0.424905
-0.360222
0.314207
-0.158347
-0.325649
0.234225
-0.368878
0.33339
-0.399435
0.110415
-0.0530705
-0.46665
0.0602242
-0.174068
0.529177
0.378528
0.0793766
0.406031
-0.000578711
0.343568
0.404241
0.267584
-0.0461646
0.0613701
-0.518578
0.0268888
-0.121486
0.33385
0.0423052
0.430085
-0.0479428
0.212926
0.303584
0.453892
0.102618
0.0297108
0.0454386
0.202024
-0.170991
-0.207621
-0.368674
-0.266034
-0.313767
-0.301936
0.113751
-0.443323
-0.504919
-0.210047
0.126238
-0.162038
-0.217989
0.238259
-0.0936752
-0.440842
-0.0492723
0.203591
-0.185775
-0.343387
0.211268
0.142966
-0.306567
0.309675
0.105168
-0.0335068
-0.325134
0.502831
-0.394946
-0.589871
-0.190322
0.103197
-0.414355
0.203738
-0.16806
-0.454388
-0.00487433
0.0368467
0.159015
0.349365
0.227752
-0.363103
-0.278586
0.0990795
-0.501688
0.033261
0.260754
-0.418263
0.041685
0.305517
0.0561386
-0.365163
0.112406
-0.0582615
0.299208
-0.378461
-0.216919
-0.0053472
-0.0118545
0.128253
0.0640158
-0.173156
0.0710932
-0.529769
0.0883454
0.369102
0.460201
0.163157
0.337416
-0.552162
0.228813
-0.442108
-0.0211554
-0.0399728
0.0483324
-0.283454
-0.17611
-0.0655784
-0.19877
-0.196105
-0.0439164
0.181187
-0.0107516
-0.32251
0.360263
-0.333386
0.204999
0.333386
-0.160403
-0.537333
-0.168506
0.0324763
-0.297115
-0.0592554
-0.134443
0.289302
0.250347
0.218978
-0.297112
-0.357472
0.0612039
0.120835
-0.545677
0.342873
0.226174
-0.335599
0.344847
-0.0172867
0.189808
-0.39399
0.238422
-0.359548
0.0521331
-0.273816
0.440604
-0.112592
0.389005
-0.270597
-0.389692
-0.303268
0.210954
-0.43326
-0.36687
0.0120982
-0.33357
0.210675
0.274248
-0.316775
0.191558
0.109178
0.145226
0.0661328
-0.110049
0.471103
-0.218295
0.105282
-0.439991
-0.364772
-0.401654
0.378453
-0.155278
0.0642937
0.103035
0.207305
-0.673549
-0.266535
-0.305538
-0.0638486
-0.111307
0.0513566
0.206502
0.23291
0.219649
-0.00352195
0.113353
0.402038
0.355932
-0.00747137
0.267449
-0.334232
-0.0527043
-0.450233
-0.169232
0.118658
-0.381666
-0.156969
0.316581
-0.399968
0.203885
0.252606
-0.252961
-0.426602
-0.477649
0.199082
0.23233
0.179836
0.0692516
0.402838
-0.484125
0.328241
-0.0887868
-0.453528
-0.157194
-0.0215572
-0.202823
-0.240345
-0.441335
-0.411542
-0.308329
0.405337
0.302786
-0.428549
-0.108077
0.15204
-0.355491
0.350263
-0.349263
-0.327221
0.158214
-0.288839
0.192732
-0.0335067
-0.195256
-0.00856777
-0.334691
-0.00917561
-0.164194
0.156631
0.396936
0.0656567
-0.157856
-0.354428
0.520072
-0.533464
0.571992
0.517786
0.301388
-0.036892
0.112739
0.271208
0.385273
-0.23431
-0.355668
0.422398
0.120175
-0.192544
0.433341
-0.302751
-0.0786749
-0.180584
0.041868
-0.177125
-0.118319
0.0763526
0.165103
-0.131164
0.209516
0.226386
0.499905
-0.091271
-0.553901
-0.436697
0.00578039
-0.173904
-0.0121559
0.229679
0.60402
0.553908
-0.307835
0.462172
0.239755
-0.133513
0.55016
0.55484
0.213916
-0.255125
0.498106
0.154689
0.396875
0.414862
0.245055
0.197639
0.0616613
0.428228
0.173737
0.157266
-0.231381
-0.526482
-0.231255
0.579283
0.563531
-0.165368
0.317583
-0.098974
-0.173975
0.123547
0.148026
-0.301059
0.218442
0.352303
-0.541025
0.0496809
0.102755
0.143455
0.300958
-0.516019
-0.648065
0.0679226
-0.272771
-0.0256543
-0.5794
0.0262442
0.0918552
-0.0370546
0.136684
0.727149
-0.263164
-0.23092
0.343756
-0.305489
-0.403132
0.513831
0.218396
-0.434361
-0.494809
-0.312617
-0.203635
-0.44091
0.264531
-0.476618
-0.144369
0.0676485
-0.458286
0.180085
0.3918
-0.389235
-0.156075
0.0263034
0.296086
0.151498
-0.341364
0.235496
0.320219
-0.296304
0.238153
0.250684
0.167595
-0.358163
-0.317512
-0.0187955
-0.214592
-0.135021
-0.0565849
-0.374263
0.0269217
-0.133968
-0.166239
0.523564
0.184556
0.455408
0.21827
0.219425
-0.544592
0.17279
0.213915
0.382789
-0.461165
0.159293
0.215448
-0.366757
-0.0539116
0.192347
-0.160648
-0.27827
-0.507665
-0.413403
0.492761
-0.314909
-0.295667
0.0939051
0.203983
-0.257263
0.110686
0.288574
0.16604
0.225662
-0.195049
0.131668
-0.239455
-0.372009
-0.492606
0.0143724
-0.100534
-0.290225
0.0121772
-0.395353
0.551436
-0.0807226
0.36118
0.212077
-0.183938
0.160428
-0.405905
0.414098
0.437352
-0.374995
0.0987228
-0.475389
-0.283222
0.153746
-0.240017
0.450687
0.227571
0.608526
-0.0464401
-0.0694538
0.0173739
-0.249445
-0.226815
0.318782
-0.049759
0.0702944
0.235512
0.215192
-0.336803
-0.194061
-0.10342
0.487784
0.320217
-0.300266
0.196539
0.132472
0.510929
-0.0880111
0.24146
0.461044
-0.116303
-0.403658
0.417051
0.779393
0.121373
-0.516259
0.110724
0.4564
0.0763599
0.349545
0.0802628
0.651256
-0.0679911
0.36435
-0.148142
-0.340521
-0.314402
0.237298
-0.217832
-0.160466
1.10549
-0.47088
-0.553544
-0.523497
-0.168535
-0.327615
0.288844
0.245863
0.379428
-0.357668
0.264412
-0.0900769
0.126385
-0.21012
-0.413328
-0.351057
-0.00125144
-0.0325371
0.456789
0.212163
0.110862
0.0584617
-0.407292
-0.194746
-0.350054
-0.557345
-0.329852
-0.374492
-0.130562
-0.353256
-0.402198
0.196962
-0.599623
0.14587
0.221636
0.232499
-0.139685
0.291835
-0.262895
-0.0662733
0.170873
0.324462
0.309874
0.213082
0.0041966
0.073411
0.055311
-0.265884
-0.56158
-0.372247
-0.0605623
-0.19798
0.376153
-0.315936
-0.176982
-0.348859
-0.219276
-0.482128
-0.132959
0.433812
-0.0980698
0.353104
0.0825422
0.00118379
0.270994
0.261615
0.142462
-0.35911
-0.630903
-0.019087
-0.0132709
-0.196618
0.307129
0.534868
0.405764
-0.0735374
-0.351402
-0.333677
0.431758
-0.460467
-0.455516
-0.303522
-0.322046
0.0166914
0.184076
-0.103256
0.419929
0.177153
-0.320977
0.00104523
-0.416733
0.251852
-0.149024
-0.0568085
0.236505
0.135219
0.0826286
0.317561
0.0520574
0.461207
-0.208814
-0.322376
-0.25795
-0.187929
0.259166
-0.0070018
-0.169178
-0.0105631
-0.353527
-0.202636
0.188963
-0.487462
-0.385983
-0.00103114
0.360975
0.237947
0.0192849
-0.0554559
-0.473846
-0.0368861
-0.201716
-0.0144141
0.134331
-0.0104465
0.275218
0.486445
0.477783
0.265081
-0.306583
-0.0725002
0.00909576
0.197058
-0.285338
-0.216252
0.384824
0.0546519
0.196521
0.547365
-0.242616
-0.310477
0.620867
-0.320211
0.272359
-0.245292
-0.126888
0.541248
-0.227673
0.374892
0.0235007
-0.0314621
0.0743185
0.0438018
0.284677
-0.259209
-0.0652317
0.214385
-0.256901
0.139456
0.104738
-0.474702
0.177617
0.0862011
0.0713553
-0.21173
0.0818384
0.331502
0.299525
0.0325223
0.448852
0.157249
-0.228814
-0.184468
0.042137
-0.132437
0.233022
0.214226
0.291555
0.373274
0.263897
-0.277656
-0.399626
0.27745
-0.169261
-0.380216
-0.101187
0.136825
-0.242211
-0.382929
-0.0621696
0.423313
-0.406962
-0.095589
0.200033
-0.215573
0.322384
0.0271167
0.0928854
0.250838
-0.33623
0.138466
0.118223
-0.271428
-0.18219
-0.0810465
0.197688
-0.158778
-0.0889325
-0.0982841
0.430916
-0.215186
0.442363
0.104148
0.338306
0.26252
-0.351631
0.20512
-0.0831249
-0.291426
0.367504
0.282394
-0.118004
0.175343
-0.385863
-0.580947
-0.145699
-0.366153
0.220403
0.213148
-0.257988
0.0615896
-0.134625
-0.314499
0.0240187
0.232867
-0.413372
-0.264787
0.299661
-0.103703
0.109319
-0.190837
-0.303245
-0.0422124
0.29526
-0.18568
-0.46642
-0.697017
-0.0682295
0.47158
0.176453
-0.0274352
0.122313
-0.0900384
0.226501
0.512112
0.444585
0.36844
0.0307163
0.412003
-0.432467
-0.0262004
-0.321759
-0.0854195
0.405319
0.122191
-0.255071
0.0600642
-0.495307
0.376672
-0.351045
0.323595
-0.0901659
0.0488521
-0.344356
-0.128148
-0.243752
0.228929
-0.187772
-0.293277
-0.463476
-0.322968
-0.141898
0.353002
0.150805
0.126004
0.260191
-0.60772
-0.605297
-0.0896258
0.297922
0.136241
-0.209548
0.253037
-0.257377
-0.137818
-0.548041
0.505013
0.014412
-0.311608
-0.394465
0.107096
-0.114664
-0.0522624
-0.0530074
-0.505378
0.450791
-0.0216961
0.160157
-0.143192
0.0695971
-0.305314
0.300437
-0.0594189
0.39577
-0.0694935
-0.287004
-0.309466
0.080833
0.0761875
-0.471381
-0.411748
0.342503
-0.45123
-0.0899374
-0.000333431
0.427559
0.210436
-0.157348
-0.368571
0.0456349
0.130169
-0.421711
0.112851
-0.476796
-0.294842
-0.259197
-0.0860134
-0.0780205
-0.129948
0.339637
0.0989518
0.191608
0.106069
0.232634
0.147465
0.341138
-0.254314
0.288887
0.0692644
0.106031
-0.416091
-0.0634979
0.010292
0.506261
0.239539
0.159569
-0.216012
0.482591
-0.0288022
0.112964
0.0153752
-0.060655
0.00257734
0.54116
-0.195687
0.231367
-0.292422
-0.451986
0.168053
-0.265686
-0.203462
0.291075
-0.30243
0.347941
0.377025
0.37024
-0.472502
-0.00292334
-0.333929
0.178854
-0.233727
-0.372819
-0.433305
-0.083252
-0.057986
-0.0992767
-0.131384
-0.032485
-0.330848
0.0724223
-0.509271
-0.048325
-0.12444
-0.726499
-0.368355
0.00727297
0.362313
-0.137283
-0.338348
0.479726
0.435893
0.111686
-0.266249
-0.0113029
-0.0750237
0.108137
0.186763
-0.409541
-0.487583
0.201954
-0.27445
-0.371953
0.255037
-0.326314
0.418522
0.519632
0.197881
0.383238
-0.173561
-0.0555674
0.305126
-0.109596
-0.0907809
0.319348
0.147418
0.707335
0.0118616
-0.0966297
-0.29407
0.331336
-0.296467
0.0656407
0.443467
-0.562191
-0.291594
-0.051746
0.110678
0.492393
0.155757
-0.345584
-0.468952
-0.214336
0.278787
-0.428056
0.171827
0.332017
0.371448
-0.00227262
0.374155
-0.505547
-0.134109
-0.238173
0.0396353
-0.270224
0.209763
-0.133422
-0.436779
0.0395284
-0.00178374
-0.437747
0.266912
0.231477
0.370939
0.302638
-0.376484
-0.215096
0.0716673
0.441094
-0.0435573
0.313507
-0.356459
0.0445037
0.155093
-0.422439
-0.352721
-0.172644
-0.539242
0.228137
-0.451662
-0.283358
0.163747
0.307502
-0.237726
-0.35688
-0.111703
-0.0084909
0.476807
0.130791
0.561606
0.145284
-0.0524083
0.442013
-0.264116
0.300517
-0.299262
0.0930833
-0.276068
0.250809
0.223031
0.217555
0.0585059
-0.275364
-0.249092
-0.190905
0.232984
0.0250371
-0.225221
-0.244668
0.0242854
-0.134216
0.0429577
0.0979256
0.0139888
-0.455497
-0.464777
0.484769
0.0665575
0.141441
-0.270215
-0.0719002
-0.141227
-0.463803
-0.251958
-0.216784
0.334463
0.251658
0.390697
0.350069
0.430483
-0.181286
-0.245942
0.294427
0.43697
0.182443
0.112375
0.0143442
0.422038
0.389968
0.265873
0.102836
-0.165553
-0.249543
-0.500557
-0.0439249
0.288486
0.151861
-0.335568
-0.370471
0.200223
-0.120053
-0.367885
0.188758
-0.13606
-0.413475
-0.0379875
-0.451215
0.383574
0.193029
-0.212836
-0.353404
-0.234193
-0.449206
0.177132
0.0280871
-0.307444
0.219738
-0.27213
0.068513
0.486043
-0.484773
0.268208
-0.063195
-0.336422
0.303051
-0.291583
0.0992678
0.257214
-0.375082
-0.373599
0.330375
-0.0148427
-0.326898
-0.540131
0.255652
0.393774
-0.464341
0.151586
0.427038
-0.313001
-0.218223
-0.317368
-0.340029
-0.4575
-0.257649
0.0460689
-0.0164135
-0.0311496
-0.130341
-0.337343
-0.000515734
-0.295103
0.298043
-0.168392
-0.063889
0.0538123
0.225346
-0.191048
0.363505
0.346488
0.14068
-0.0447315
-0.24765
0.0190989
-0.602055
0.144941
-0.09514
0.350684
-0.383381
0.209855
0.248528
0.304713
-0.401132
-0.34391
0.317347
-0.353639
-0.200678
0.37807
-0.185265
-0.3655
-0.398094
-0.337702
0.113857
0.159486
-0.117044
0.413336
0.0357932
0.267269
0.461938
-0.330542
0.187346
-0.359262
0.391217
0.11988
-0.247623
-0.132568
0.13857
-0.0502489
0.461853
-0.29457
0.043859
0.189834
0.235443
-0.271971
-0.444534
0.547428
0.338557
-0.47035
-0.406492
-0.370846
0.114627
-0.0274983
0.189277
-0.422354
-0.244155
-0.294525
-0.39876
-0.46166
0.153011
0.436654
0.0479726
0.325244
-0.237759
0.474268
0.567616
0.281227
0.357418
0.429412
0.120374
0.277057
0.140098
0.669959
-0.334258
-0.371674
-0.208585
0.626606
0.0476624
0.169472
0.0759492
0.567937
-0.499437
0.349434
0.0635202
-0.109039
0.19706
0.208177
0.223388
0.442136
0.0490656
-0.113458
-0.251297
-0.0313055
-0.415924
-0.375679
0.209791
-0.393952
-0.405981
-0.111548
-0.194358
-0.425491
-0.656757
-0.394954
-0.172061
0.164695
-0.661852
-0.612589
0.74592
-0.120751
0.489779
0.761681
0.0197706
0.396544
0.808528
0.22571
0.61287
-0.20465
0.376003
0.821329
-0.364172
-0.149754
0.348352
-0.0143796
0.743862
0.186779
-0.284736
0.202818
-0.287042
0.363168
-0.286164
-0.285735
0.000586902
-0.0690672
-0.350768
0.71596
0.832285
0.58009
-0.0164126
0.533595
-0.151486
0.330811
0.598618
0.0609865
0.317037
-0.216365
0.0188372
0.924298
0.192526
0.503923
-0.0334485
0.48809
0.181775
0.494817
-0.102403
0.12974
-0.136834
-0.00431597
0.314086
-0.405342
0.296009
0.0136319
0.0324027
-0.407947
-0.529981
-0.267597
0.162244
-0.00481985
0.389427
-0.613459
-0.375297
0.190002
-0.177154
-0.0624992
-0.00640048
0.990206
-0.534753
-0.120953
0.844329
0.527041
0.348058
0.0389125
0.376962
-0.10898
-0.0901232
-0.257328
-0.606929
-0.624383
0.264094
-0.293644
0.0396065
-0.213779
0.651821
0.411776
-0.303149
-0.449455
0.280331
-0.289868
0.373892
0.56311
0.093107
-0.444696
-0.418292
-0.315934
0.152386
0.154475
-0.373497
-0.206844
-0.0919842
-0.368036
-0.33525
-0.457176
-0.135131
0.280833
0.115195
-0.258832
-0.273989
-0.0811596
-0.401112
0.311675
0.403503
0.155085
0.430376
0.00315702
0.529292
0.0878648
-0.123717
-0.320233
-0.12652
-0.148266
-0.114014
-0.441215
0.217672
-0.344898
-0.259909
-0.129463
-0.292085
-0.274858
0.0539917
-0.440612
-0.324764
0.0733455
0.247287
-0.0526957
-0.00967788
-0.276281
0.0150968
0.0580473
-0.0118054
-0.283939
-0.0851836
0.0945387
0.0962422
0.0783049
0.542625
0.288339
0.260424
0.053687
-0.200401
-0.376585
0.221761
-0.569454
0.426338
-0.361639
0.144625
-0.3956
-0.106943
0.044298
0.46278
0.192148
0.0456056
0.271031
-0.200787
0.223947
0.134174
0.361829
0.615399
-0.0262614
0.285347
0.130547
-0.523855
-0.419712
0.00927078
0.0166523
-0.120911
0.307567
-0.424296
0.306368
-0.436606
0.211036
-0.0723917
-0.390615
0.0865385
0.334252
0.0904196
0.473911
0.0164651
-0.574743
-0.142406
0.112906
0.183409
0.39822
0.100355
-0.206633
-0.282615
0.525518
0.445567
0.0918806
0.196301
0.211525
0.420263
0.238725
0.45492
-0.442807
0.121316
-0.0846841
0.234236
-0.0132478
0.27276
-0.23613
0.205312
0.184706
0.570402
0.222046
-0.494721
0.336668
-0.278338
-0.135526
0.375232
-0.357185
0.464387
0.647975
0.624735
-0.033087
0.205847
-0.325085
0.384912
-0.0242712
0.269688
0.46253
0.0745344
-0.151834
-0.142005
0.477411
0.449554
0.0739897
-0.193631
-0.104722
-0.189237
0.137601
-0.156982
0.236998
-0.188377
-0.322132
0.22121
-0.21124
-0.153267
-0.0218808
-0.330524
0.324699
-0.486229
0.214924
-0.121345
0.199567
0.201544
-0.389094
-0.0921716
0.0447628
-0.383417
-0.0709379
-0.0979214
-0.275865
-0.0740488
0.125791
-0.414445
0.202561
0.25069
-0.441195
-0.180421
0.359629
0.368731
-0.322608
0.380748
0.433504
-0.261709
-0.182812
-0.300152
0.0597027
-0.181473
0.339253
-0.266117
0.0315004
-0.330422
0.308694
0.0983497
0.113817
0.573396
0.365459
0.56657
-0.021713
0.216717
-0.155509
0.043897
0.440211
0.103852
0.49669
-0.00245086
0.413616
0.30997
-0.163829
-0.266734
-0.0671067
-0.15646
0.390749
0.211024
0.260956
-0.0359
-0.182492
0.25573
-0.318607
0.0976035
0.104103
0.0126133
-0.322476
-0.107748
0.206392
-0.0658917
-0.262128
0.282864
0.226607
-0.268956
0.318551
-0.020234
0.307018
0.0735717
-0.447993
0.311339
0.53435
0.12506
-0.434559
-0.460304
0.132141
-0.35985
0.241892
-0.195088
0.247754
0.440394
-0.58084
0.281621
-0.280131
-0.0898171
0.425498
-0.108091
-0.450275
-0.16765
-0.321906
-0.333031
-0.181633
0.116009
0.433585
-0.380714
0.0115947
-0.259041
0.424753
0.158155
-0.0422024
-0.119719
-0.276003
0.139605
-0.142125
-0.0458656
-0.583454
-0.148151
-0.0849042
-0.268466
-0.172236
0.254742
-0.505058
-0.2125
0.369436
-0.157296
0.0424418
-0.293203
-0.40001
0.0552774
-0.383975
0.124137
-0.129509
0.287017
0.0538984
-0.120434
-0.248361
0.386317
-0.0621527
-0.40036
0.188448
0.344993
0.572094
0.280919
-0.218599
0.0248622
-0.362351
0.169493
-0.312512
0.369783
-0.544552
0.231732
0.299535
-0.133954
-0.302833
0.139211
-0.240904
0.565438
-0.124616
-0.209134
-0.263995
-0.0805857
-0.026058
-0.351433
-0.166136
0.0173571
0.141651
-0.0695649
0.140867
0.262882
-0.288861
0.391656
-0.04581
-0.360643
-0.274514
0.109736
-0.597984
-0.0789034
-0.370799
-0.10575
0.141393
0.41319
-0.318879
-0.649275
0.437992
0.264061
0.0644076
-0.481409
-0.464319
0.158926
-0.0965539
-0.205694
-0.544215
-0.453606
-0.104206
-0.191841
0.295981
-0.154546
-0.319652
0.0572704
-0.408326
0.260579
-0.0178101
-0.252567
-0.470967
0.233693
-0.418228
-0.100398
0.0760619
-0.0519621
-0.638746
-0.249042
-0.328737
0.223255
-0.106618
-0.0305898
0.52975
-0.447421
0.00308414
0.306716
0.0458845
-0.19787
-0.394651
0.0365029
-0.310154
0.123502
0.354766
0.275735
-0.0144663
0.195627
0.316066
0.205932
-0.336165
-0.0225015
0.0961858
-0.448385
0.192575
-0.360511
-0.118678
0.153622
0.0235399
-0.395054
-0.226808
-0.264552
-0.0243914
-0.275652
-0.270109
0.523605
0.0314444
-0.219049
0.399266
0.0220262
-0.0221374
-0.227001
-0.137969
-0.288398
-0.557633
0.0854736
0.363519
0.307642
0.450133
0.642195
-0.0813242
-0.0278329
0.825607
0.0750038
-0.0125382
-0.0877088
0.169444
0.454491
0.0658123
-0.0663345
-0.46001
-0.307564
0.387463
0.392511
-0.139183
0.560014
-0.242112
0.00972588
-0.183672
-0.311694
0.217896
0.363715
-0.278401
0.0420727
-0.218745
-0.211902
0.312197
0.189383
-0.0869776
0.421261
0.334
-0.112979
-0.035831
0.277842
0.473443
-0.293825
0.505436
-0.360645
-0.0747789
0.229224
-0.282343
0.372226
-0.090285
0.428252
-0.0950869
0.489123
0.274338
-0.27488
0.149015
-0.384027
0.254391
-0.0670326
-0.392406
0.0591958
0.456541
0.337399
0.560244
0.248014
-0.214791
0.152081
0.333538
0.09296
0.314351
0.183036
0.429938
-0.399856
0.0947352
-0.143287
0.648509
-0.144401
0.487112
-0.264005
0.557491
-0.198516
-0.362885
-0.50644
0.156908
-0.55513
0.174464
-0.266732
0.411651
0.427886
-0.447789
-0.679925
-0.319115
0.223017
0.290949
-0.0329695
0.27415
0.406652
-0.29547
-0.124768
-0.348993
-0.429565
0.285205
-0.209989
-0.173744
-0.716223
-0.167284
-0.353221
-1.24693
0.0701647
0.501074
0.468091
0.228369
0.374048
-0.31973
-0.261767
-0.0715698
0.550832
0.123111
0.367993
0.151149
0.115888
0.164826
0.00181406
-0.036194
-0.058695
-0.42008
0.275221
0.110044
-0.0965614
-0.142203
-0.19276
-0.391297
0.309005
0.160904
0.278389
0.523375
-0.0722336
-0.106892
0.12004
-0.613306
0.499701
-0.299783
-0.590103
-0.392092
0.223876
0.540634
-0.551209
0.573468
0.555658
0.0638619
0.249549
-0.0204119
0.310451
-1.18501
-0.361658
-0.252519
-0.503564
-0.707795
-0.0320339
0.192258
-0.42647
-0.470254
0.692237
0.375532
0.184686
-0.135687
0.329794
-0.158831
0.286881
0.310778
-0.00771256
-0.0501957
-0.0779411
0.471486
-0.357
-0.124512
0.0200896
-0.379035
0.274751
-0.444984
-0.210004
0.251101
-0.0515832
-0.0066946
-0.0575731
-0.327669
-0.34715
0.141888
-0.263962
-0.322811
-0.26299
-0.215664
-0.250404
-0.0895586
-0.503477
0.154295
-0.351962
-0.375518
0.519502
0.177416
-0.0075936
0.373211
0.35046
0.186802
-0.361916
-0.26728
-0.207858
-0.64639
0.421581
-0.400821
0.346259
0.274885
-0.406772
-0.576511
0.215971
-0.154204
-0.201899
0.119697
-0.0901934
-0.533719
-0.243369
-0.324152
-0.0274295
-0.0725726
0.236938
0.124704
-0.317317
-0.46912
0.291343
0.257135
-0.0953153
0.0284896
0.432944
0.29052
0.0339843
-0.618483
0.208516
0.147156
0.253579
0.357777
-0.252759
-0.329808
0.0297171
-0.495153
-0.540703
-0.162469
-0.445835
-0.410521
-0.1582
-0.325051
0.42532
-0.512493
-0.121251
0.127005
-0.506823
-0.250734
0.259595
-0.531803
-0.166678
-0.26487
-0.206242
-0.442353
0.383338
-0.464115
-0.0799631
0.149054
-0.0572534
-0.556402
-0.205158
-0.43647
-0.0944951
-0.24159
-0.00100429
-0.100456
-0.387145
-0.0157111
-0.138132
-0.0526194
0.191757
0.619193
-0.0427268
-0.235554
-0.262198
-0.418203
0.176537
-0.0121896
0.548052
-0.611384
-0.52296
-0.459176
-0.173978
0.0897838
-0.20895
0.468035
-0.463895
-0.120537
0.198695
-0.434997
0.337553
-0.283718
0.462509
-0.166757
0.196192
0.541062
0.0648109
-0.211145
0.00602245
0.427191
-0.289931
0.0456407
-0.244305
0.383648
-0.354156
-0.292382
0.0346406
-0.468331
0.279767
-0.382369
0.369435
-0.420208
-0.0894313
0.663849
0.213467
0.257942
-0.273365
0.0358423
-0.0965921
-0.532075
-0.468303
-0.301359
-0.188049
0.222976
-0.0682271
-0.147806
0.0474093
-0.364456
-0.255701
-0.16835
-0.566956
-0.213551
-0.035605
0.20644
-0.450958
-0.035548
0.483423
-0.0346554
-0.0592815
-0.205732
0.203598
-0.119898
0.266372
-0.17174
0.245443
0.11271
-0.324921
0.0538799
-0.156072
0.420348
0.156665
0.503472
0.135691
0.180942
0.0906575
-0.307736
-0.188698
0.10744
-0.341321
0.206363
0.340166
-0.291692
-0.34327
-0.227288
0.218151
-0.43222
-0.225314
-0.356685
-0.121966
0.323878
-0.00970484
-0.0227355
0.320326
-0.427443
0.12556
0.219071
0.153785
-0.492567
-0.0777608
-0.388736
0.273651
0.263501
0.272025
-0.375342
0.264044
0.020944
0.640915
-0.511494
0.000268648
-0.352352
0.405011
0.0826128
0.206146
0.623978
-0.0116264
-0.487168
0.341181
0.11656
-0.359762
0.35235
-0.138095
-0.144281
-0.52865
0.257422
0.107737
0.237727
0.0759189
-0.11622
0.328885
-0.549746
0.284692
0.387771
0.511882
-0.140403
-0.0432376
0.206047
-0.409639
-0.582368
-0.267618
0.0409229
0.076417
0.38133
-0.204474
-0.41571
-0.272733
0.240239
0.15929
-0.145836
0.385063
0.413739
0.0242113
-0.368016
-0.234027
0.452945
-0.235081
0.245335
-0.286323
-0.17735
0.271261
0.281727
-0.385262
0.02544
-0.511503
-0.489601
-0.164144
0.0761206
-0.0828486
0.308796
-0.365941
-0.214886
0.0787533
0.272549
0.277654
0.0440157
0.218953
-0.382282
-0.195804
-0.131665
-0.340889
-0.246471
-0.296241
-0.285864
0.223373
0.225793
-0.421025
0.39818
-0.5006
-0.311976
-0.391244
-0.336901
0.201427
-0.394867
0.183478
0.214968
-0.450959
-0.266342
-0.284042
0.253307
0.415645
0.362507
-0.0186302
-0.328947
0.0173744
-0.000127099
-0.453146
-0.0792479
0.348665
0.293181
0.420254
0.25097
0.281863
0.307768
0.430641
0.0882244
-0.0103527
0.419997
0.438386
-0.440736
0.147568
0.445761
-0.470959
0.10397
0.0879558
0.253452
0.336299
0.171956
-0.451059
-0.285872
-0.28849
0.103805
-0.457593
0.00461834
0.108695
0.129031
0.518898
-0.437814
0.313716
0.500947
0.474935
0.456804
-0.145422
0.101999
0.357091
0.409491
0.180036
0.134683
-0.307599
-0.0921507
0.0923069
0.113521
0.386646
-0.382475
0.125841
-0.122962
0.0656532
-0.356289
-0.0932432
0.254553
0.0179482
0.269187
0.255097
0.374511
-0.357982
0.0154404
0.139742
-0.467319
-0.157271
-0.482402
0.474219
-0.00754422
0.0223421
0.0433161
0.403822
0.375344
0.491625
-0.120807
0.227057
-0.285255
-0.420371
0.461884
-0.108505
0.237544
0.251562
0.510193
0.203934
0.23288
0.62617
0.241429
-0.320284
-0.284061
-0.0504305
0.274324
0.240034
0.202388
0.108635
0.57006
-0.190554
-0.0650763
0.384205
0.415177
0.233112
0.285384
0.259442
0.35226
0.33504
-0.0396466
-0.125184
-0.167275
-0.0749455
0.242723
0.522707
0.05389
0.42988
-0.470533
-0.158373
-0.486183
-0.384795
0.382729
0.276458
0.182306
-0.0411556
0.36486
-0.33531
0.176235
-0.357921
-0.151882
-0.235524
-0.192151
0.433722
-0.11621
0.25851
-0.239109
-0.0237757
-0.154228
-0.323741
0.0589885
0.30464
-0.205822
-0.404342
-0.404711
0.400063
0.537649
-0.438506
0.3028
-0.420942
0.46815
-0.125152
0.356581
0.374419
-0.457177
0.257065
-0.214405
-0.529672
-0.00712574
-0.25077
-0.0130765
0.0210995
0.440678
0.319281
0.168336
-0.57308
-0.0446223
-0.0371614
0.112568
0.156183
-0.117425
-0.521325
-0.329162
-0.285675
-0.450154
-0.513354
-0.178205
0.326547
-0.0570904
0.293579
-0.125123
-0.374418
0.116553
0.394786
0.443557
-0.231415
0.215982
0.0957833
0.241661
-0.151707
0.387222
-0.01156
-0.137753
0.400918
0.304571
0.462823
-0.0683282
0.4688
-0.279272
0.470176
0.0165893
-0.199587
0.533523
0.377749
-0.285519
-0.154666
0.49266
-0.224294
-0.269202
-0.25783
0.488398
-0.473442
0.509708
0.466492
-0.134621
0.0515525
0.443133
0.523601
-0.249891
0.488359
0.282341
0.436474
-0.00496321
0.298704
0.422761
-0.113481
0.402819
0.389563
0.21328
-0.118758
0.529702
0.344498
-0.173494
0.300815
-0.0921686
-0.125904
0.309254
-0.316865
0.0528469
0.0139098
0.0693802
0.109664
-0.164389
0.195119
-0.344525
0.160792
0.508614
-0.120897
0.481968
-0.196694
-0.186895
-0.247507
0.309709
0.466472
-0.539452
0.0519896
0.161141
0.124033
-0.233266
-0.516787
0.0360765
-0.200701
0.106791
-0.0850255
-0.218821
-0.194235
0.518491
-0.0015555
-0.0175594
-0.157916
0.383535
0.221638
-0.342491
0.311997
-0.372387
0.244727
0.503572
0.12346
0.436682
-0.0339918
-0.416451
-0.275168
-0.275552
0.101816
0.0461586
-0.360196
0.347178
0.143646
-0.166194
0.260519
-0.271499
0.149824
0.301354
-0.118623
0.239056
-0.0302664
-0.390047
-0.416902
-0.479391
0.022551
0.074005
0.482854
0.256379
0.233999
-0.422406
-0.389783
0.171727
-0.0760525
0.215096
0.199824
0.247879
-0.494418
0.440381
0.406831
-0.574292
0.198278
0.346899
0.051369
0.193905
0.41342
-0.601224
-0.0408182
-0.401116
0.163628
0.42995
0.481659
-0.420986
0.307993
-0.0116371
-0.34768
-0.0868455
0.340613
0.0578426
0.103196
0.0717786
0.204262
0.105785
0.214964
-0.184937
-0.404089
0.203736
0.023123
0.344601
-0.0182895
-0.131814
0.293699
-0.154024
0.0974482
0.485023
-0.0965075
-0.246591
-0.322377
-0.438839
-0.240117
1.27074
-0.596716
-0.0782874
-0.511196
0.332379
-0.176051
0.22037
0.0961129
0.0634994
0.279851
-0.358383
-0.111851
0.476405
0.446558
-0.0689145
-0.168752
-0.0780158
-0.30079
-0.132114
-0.30067
-0.209167
-0.0756235
-0.142172
0.345293
-0.0408139
0.0333317
-0.118252
