#input normalization
0.16111 0.272712
62.0941 63.4481
9.63197 37.843
7.92802 31.6947
0.0110841 0.0439661
0.00881468 0.0338775
1 -1
0.823511 1.27769
1.05267 1.47112
1.29982 1.67897
1.57855 1.87949
1.86027 2.06281
2.12999 2.22636
2.39629 2.3791
2.64341 2.50023
2.87854 2.5868
3.10222 2.64749
3.30893 2.68228
3.48879 2.68793
3.62724 2.6498
3.75209 2.59835
3.85097 2.5101
3.92847 2.41397
3.96982 2.29961
3.99558 2.16779
3.98964 2.01953
3.9519 1.86013
3.89572 1.68228
3.7862 1.48252
3.65921 1.28429
3.54363 1.09712
3.41767 0.920599
3.26231 0.743118
3.10243 0.571919
2.94038 0.400932
1 -1
1 -1
#output normalization
1 0
#neurons weights
-0.478644
-0.0222295
0.488834
0.451296
-0.418939
0.29233
0.405377
0.378689
-0.447681
-0.150021
0.40106
0.283723
-0.499623
-0.389272
-0.127683
-0.480419
-0.00789423
0.126509
-0.186554
-0.388045
-0.448408
-0.071192
-0.422652
0.134337
0.143897
-0.199176
-0.159794
-0.469833
-0.423141
-0.0495644
-0.269079
0.222194
-0.460303
0.459019
-0.0431931
0.0861237
-0.418747
-0.273336
-0.326044
0.0192762
0.322551
-0.228409
-0.267145
0.00953563
-0.397636
-0.555409
0.0849304
0.692518
-0.0330783
0.063998
-0.0665272
-0.471623
0.0744859
0.481405
0.350162
0.337111
-0.0486903
-0.307346
-0.0757241
-0.104858
0.0389919
0.304251
0.098884
-0.315109
-0.123809
-0.0685501
-0.352728
0.334504
0.217267
0.567864
0.10349
0.0109029
0.071015
-0.255341
-0.193759
-0.19134
-0.539671
-0.142627
-0.225139
-0.37914
-0.159796
0.327809
0.190044
-0.361307
0.168522
-0.0972817
-0.460769
0.227064
0.167362
0.0334963
0.0143861
-0.513154
0.424259
-0.267098
-0.213819
0.419087
-0.348284
0.261932
-0.389899
-0.345711
-0.369614
0.476145
-0.015311
0.443315
-0.507224
0.454861
0.280834
-0.0170566
0.00714429
0.271244
-0.553246
-0.545596
-0.0893871
#synapses weights
-0.347242
0.157543
-0.137905
0.107443
0.467345
-0.37923
-0.145942
0.877874
0.0665391
0.0966522
0.319721
0.040434
-0.280282
0.212262
-0.201816
-0.0811121
-0.214374
-0.00155972
0.0683396
-0.393869
-0.426408
0.421425
0.165006
-0.174721
0.241857
0.181171
-0.225327
-0.402974
0.427881
0.188425
-0.351955
0.199455
-0.246778
0.413885
0.282282
-0.0731272
-0.234444
-0.0897767
0.201486
0.0211583
0.178549
-0.504237
0.282699
-0.151605
0.430822
1.21238
0.634464
-0.144088
0.397746
-0.154008
0.342854
0.0659513
0.436314
0.154719
0.0444913
-0.352962
-0.0338073
-0.034096
0.218664
0.116892
-0.170702
-0.372708
-0.358964
-0.338446
0.272081
0.158805
0.199715
-0.37564
-0.141574
-0.315674
0.238775
-0.240942
-0.425272
-0.202347
0.442742
-0.276616
-0.260037
-0.14824
-0.428625
0.488676
-0.0608795
0.0551379
0.222005
0.000374371
0.0366398
0.0112285
-0.41486
-0.142668
-0.343951
0.115834
-0.325469
-0.37399
-0.338958
0.110836
-0.0955034
-0.330066
-0.20863
-0.316805
0.434279
-0.205195
-0.0995407
-0.118631
0.441425
0.0493698
0.102285
0.20555
-0.172935
-0.0209981
-0.185585
0.0927677
-0.00649171
-0.0963039
-5.84914e-05
0.155451
0.283154
0.36131
-0.1186
-0.448947
-0.318503
0.327988
0.11997
-0.0853582
-0.490757
-0.348054
0.232159
0.0562886
-0.208515
0.304536
0.1094
-0.44076
0.409825
0.497636
0.385613
-0.300651
-0.0276008
-0.202086
-0.0576184
-0.0906215
0.031756
0.0693232
-0.252354
-0.120409
0.170275
-0.277586
-0.104198
-0.113772
0.024529
-0.16386
-0.0701311
0.240364
-0.22541
0.27835
-0.133711
-0.0939641
-0.187294
-1.23394
-0.905564
-0.424058
0.187642
-0.0905677
-0.129443
-0.303967
-0.289151
0.0233347
-0.317223
0.117622
-0.180463
0.141622
0.045689
-0.0332516
0.4115
0.0973883
0.216709
0.148486
0.214889
0.0937932
-0.0818714
-0.322383
0.145885
-0.130664
-0.389723
0.245624
-0.382773
-0.01213
0.0147859
0.0755791
-0.283343
0.424779
0.419364
-0.329355
-0.0716702
-0.263302
-1.20333
-0.398798
-0.397348
-0.0498622
-0.339434
0.0655972
-0.605114
-0.580232
0.130647
0.181175
-0.0110121
-0.437616
-0.234178
-0.575351
0.195487
0.225637
0.243276
0.214884
-0.187466
-0.199011
-0.372105
0.342588
0.286876
0.327733
0.0144293
-0.261575
-0.110521
0.119842
-0.392149
0.464962
0.387472
0.531339
0.471981
-0.339953
0.0494647
-0.034423
0.0610981
0.0328441
0.255991
-0.0395162
-0.129542
-0.180943
0.160211
-0.385999
0.148497
-0.0843011
0.472752
-0.0875456
0.00460246
-0.321327
0.477138
0.230387
0.219294
0.150195
0.454606
-0.529652
-0.369133
0.464935
-0.090173
-0.076777
0.321381
-0.347076
0.230096
0.13103
0.131095
0.0685409
0.0934566
-0.243479
0.326783
0.162748
-0.0445757
-0.12513
-0.439699
0.361626
0.0612181
0.139412
-0.208927
0.398416
0.308543
0.0171254
-0.414332
0.278608
0.348998
0.210411
0.0243665
-0.504892
0.30891
-0.274791
-0.0636389
0.193189
0.481909
0.358381
-0.141276
-0.424465
0.362577
-0.0263672
0.452857
-0.121754
0.0517776
0.491844
0.471618
0.272932
0.146021
0.0580031
0.167054
-0.069872
-0.272059
-0.198823
0.361144
-0.438723
-0.202348
-0.564883
0.216773
0.275275
-0.078999
0.328736
-0.330173
0.0277866
0.497943
-0.195938
-0.25897
0.0903044
0.0283783
-0.271078
0.346672
0.316058
-0.235798
-0.250541
-0.223908
0.0352989
-0.0348915
-0.069081
-0.281096
0.0176251
-0.218052
-0.0356233
-0.0673098
-0.155197
0.329903
0.296043
-0.271235
-0.158921
0.162266
-0.423187
-0.405885
-0.400732
0.0467804
-0.0931023
-0.402651
-0.905393
-0.137523
0.480351
-0.250616
0.462996
-0.200188
0.177872
-0.16061
0.444569
-0.0703381
0.459407
-0.372422
0.234846
0.14279
0.121146
0.182979
-0.234644
-0.305329
0.40083
-0.110326
0.36794
0.0159771
0.00195965
-0.208717
0.0602689
-0.194817
0.204855
-0.143184
0.131208
0.27283
-0.100005
0.138193
0.266108
-0.244173
0.189831
-0.420839
0.787247
2.48461
1.04534
0.134012
-0.195963
0.0187318
0.0701985
-0.081525
-0.16359
0.15435
0.0666374
0.0938931
-0.386466
0.157047
0.242736
0.169904
0.0825583
-0.0805194
0.176586
-0.173154
-0.475043
0.114746
0.157428
-0.140581
0.192188
-0.0952965
0.0669487
0.264312
0.363855
-0.312102
0.162009
0.917186
0.0204487
-0.0451916
0.399895
-0.403665
0.105083
5.07485
0.287497
0.00675115
-0.0518407
0.0645822
-0.0580733
0.108081
0.081092
-0.151679
-0.00277987
-0.0673816
0.104859
-0.190334
0.0022417
-0.284139
-0.0998463
-0.0586168
-0.0158485
-0.132492
0.139436
0.0426624
-0.34069
0.114334
-0.120385
-0.0947344
0.17746
-0.0643044
-0.108494
0.443658
-0.0368659
0.11557
0.225791
0.428791
-0.0895391
0.528026
0.211007
0.0873048
1.04084
0.198402
-0.252862
0.416765
0.193036
0.166803
-0.0706575
0.259821
-0.228623
0.0803327
0.0820273
0.0922401
-0.227466
-0.435733
0.312445
-0.250647
0.237495
-0.328317
-0.170232
0.0143038
0.186347
0.219052
0.242842
-0.495721
-0.541611
0.0623648
0.17958
-0.0951087
-0.0468985
0.383582
0.109622
0.749946
-0.42199
0.333357
-0.31844
-0.0367349
0.178443
2.1205
1.32336
0.131302
-0.0648191
0.293628
-0.118863
-0.295649
0.375708
-0.217694
-0.224196
0.017881
0.0484022
-0.12331
0.010652
-0.117106
-0.11948
0.0901649
0.00727249
-0.0151703
0.0927819
-0.440549
-0.091223
-0.0757514
-0.365078
0.0136473
-0.209545
-0.38766
0.337802
0.194416
0.235359
0.32004
-0.565235
-0.513793
-0.171539
0.473705
-0.0526766
-0.00578546
0.646271
-0.767896
-0.417198
-0.504139
-0.283821
0.082931
-0.200008
-0.326187
-0.333606
-0.0581021
0.255624
0.321939
0.106929
-0.0918253
0.0481003
0.371448
-0.326017
-0.265287
0.108421
0.23098
0.0261348
0.214197
0.153651
-0.221461
-0.261939
0.29869
0.0734258
0.270807
-0.353855
-0.196328
0.0899146
-0.297167
-0.0388806
0.0300974
-0.57492
-0.38166
0.351529
-0.0147221
0.233692
0.640132
0.089969
0.466729
-0.112623
0.0854896
0.482305
0.136283
0.101115
-0.0831552
0.113796
0.0728324
0.459646
-0.0671619
-0.232765
-0.0350595
0.215976
0.0653024
-0.293031
0.00266217
0.0119784
-0.383494
-0.289229
0.0320972
0.288537
0.272277
0.0783619
0.252433
0.0176725
-0.360802
0.460689
0.0702474
0.284724
-0.587759
-0.214489
0.46015
-0.329761
0.490786
0.517063
-0.151928
-0.0979171
-0.116782
0.114453
-0.276967
0.433956
0.372028
-0.228377
-0.112677
-0.36417
-0.0610544
0.18547
-0.262959
0.0788643
0.484338
0.450278
-0.257123
-0.37275
0.127756
0.301997
0.225491
-0.0541119
0.283054
0.288221
-0.159844
0.0393674
0.0272965
0.173253
0.0426218
-0.0216849
-0.28888
-0.405982
-0.596273
0.0692568
0.737917
0.42262
-0.237784
-0.376893
-0.0849729
-0.140619
-0.349506
0.292071
0.136831
0.0107243
-0.0607172
-0.00784802
0.0139668
0.277764
0.347273
0.0225254
0.0164347
0.21468
-0.29167
0.155814
0.321003
-0.254153
-0.269508
-0.290566
0.566578
-0.168649
-0.188172
-0.137371
0.354898
0.365756
0.163237
-0.0461023
0.0704922
0.253168
0.14728
-0.0533197
-0.0283776
0.677705
0.434959
0.349776
-0.0503523
-0.23415
0.286914
0.187213
-0.455731
-0.339751
0.332512
0.165864
0.165719
0.192518
-0.218408
0.209239
-0.355974
-0.112773
0.200168
-0.189807
-0.0149844
0.161086
-0.120217
-0.112327
0.296248
-0.224799
0.233688
0.352809
-0.171091
0.276714
0.159576
-0.147766
0.217813
0.10916
-0.0579944
-0.617444
0.302713
0.161709
-1.4873
-1.26264
-0.0689472
-0.0111077
0.279626
0.229598
0.0702475
0.00791865
-0.147839
0.226387
-0.164129
0.350827
-0.0436223
0.439764
0.325355
-0.305175
0.161334
0.0566194
-0.0569477
-0.0924129
-0.147415
0.108034
0.590392
-0.183338
0.414217
-0.172139
0.0557528
-0.136691
-0.354164
-0.352489
-0.0197033
-0.571132
-0.0876912
0.147013
0.525357
-0.261685
-0.332551
-1.21617
-2.17232
-0.353479
-0.619279
-0.242605
-0.284737
0.348663
-0.421248
0.0310975
-0.233106
0.349888
0.0246502
-0.232356
0.212923
0.164461
-0.0946442
0.323623
0.0404095
-0.266115
-0.273988
0.176801
0.00476766
0.273652
-0.202959
-0.235916
-0.105646
-0.189506
0.364278
0.0618926
-0.160275
0.124996
0.238256
-0.269439
0.387314
-0.302381
0.220081
0.470926
-1.25384
-0.130095
-0.283015
0.32292
0.338728
0.369838
-0.0438281
0.502804
0.0478545
0.395909
0.248912
0.696762
0.411939
0.209074
0.29588
-0.0714976
0.0208346
-0.292771
-0.177295
0.443204
-0.123058
0.130349
-0.326353
0.326096
-0.217847
0.21151
-0.412131
-0.274139
0.325058
0.381875
-0.0526449
-0.0721602
0.559337
0.604597
0.226465
0.0580975
0.162255
-1.24794
-0.594066
0.14741
-0.205042
-0.137961
0.33519
-0.21945
-0.0227713
0.00568006
0.192901
-0.242106
0.0789551
0.119751
-0.269424
-0.355241
-0.0545818
0.199589
-0.0923266
0.120255
0.111442
-0.193643
-0.0365855
-0.0361026
0.372335
-0.203664
0.21044
-0.514369
0.29221
-0.0360965
-0.189325
0.0711772
-0.225312
-0.364325
0.227596
-0.50647
0.106222
0.0327011
-1.43985
-0.583519
0.364718
0.310723
0.236697
-0.269149
0.286377
0.166008
-0.198594
-0.15755
0.50074
0.152965
-0.251544
0.0342011
-0.208311
0.0787681
0.216609
-0.590662
-0.343065
-0.43735
0.02147
0.499034
0.0767965
-0.214882
0.100187
0.137238
0.204078
0.187355
0.0136761
0.0886737
0.0618344
0.576238
-0.0506695
0.0545386
0.379998
0.361372
-0.473837
-0.60382
0.495803
-0.102082
-0.352072
0.120276
0.0847883
0.0357845
-0.35659
-0.514715
-0.100696
-0.149008
-0.141267
0.262369
-0.146769
-0.316585
-0.214698
-0.180098
0.0434177
0.308914
0.225678
-0.0725631
0.0176037
0.396114
-0.516665
-0.398832
-0.170246
-0.383467
0.0948678
0.0805491
0.460578
-0.0127812
-0.390073
0.163776
-0.123802
-0.139902
0.0816735
0.326098
-0.0310007
0.670444
0.356044
-0.367219
-0.388704
0.174262
0.0393342
-0.0718105
-0.274049
-0.0616928
-0.265519
-0.35913
0.103644
0.0738191
0.444626
-0.241097
-0.241988
-0.399253
-0.1231
-0.0578637
-0.338391
-0.0478018
0.305573
0.159145
-0.352941
-0.121786
0.155324
0.35966
0.199633
-0.441736
0.38083
0.221153
0.407488
-0.0246059
0.363195
-0.211055
0.27291
1.58304
0.993544
-0.343692
0.205761
-0.0247355
0.14275
-0.135257
-0.0598408
0.293373
-0.225913
-0.240274
0.213727
0.215653
0.0852521
-0.310229
-0.206398
0.350269
-0.293438
0.160342
0.1507
0.240991
-0.141927
-0.00035435
-0.0770176
0.353822
0.162563
-0.181748
-0.285314
-0.0189157
0.382354
0.589084
0.238622
0.537495
0.394011
0.048242
0.195316
0.309886
0.197114
0.0431117
0.494434
0.162925
-0.062995
0.330146
-0.132042
0.148785
0.171854
-0.00996643
-0.082822
-0.529533
0.264163
0.357608
-0.423149
0.227791
-0.113776
-0.0524134
0.0343713
0.345568
0.108576
-0.172434
-0.119466
0.0900837
-0.222324
0.11883
-0.399181
-0.111813
0.218527
0.181985
-0.576142
-0.145841
-0.457665
0.183877
0.238486
-0.0651453
0.239424
-0.460863
0.0452099
-0.490046
0.188699
0.00220946
-0.226886
-0.044099
-0.188772
-0.159035
0.31482
-0.415746
0.311877
-0.223047
-0.231978
0.285509
0.218819
0.216642
-0.300987
-0.358534
0.000183121
0.346242
0.31485
-0.241308
0.317625
0.146931
0.34051
0.21912
-0.195536
0.0768548
0.425104
0.0811808
-0.646048
-0.365109
0.371157
0.030863
-0.0440643
-0.126116
-0.178198
-0.00119907
0.169141
-0.0648617
-0.00562996
0.0918053
0.0719487
-0.110435
-0.103573
0.402284
0.644213
0.0173366
-0.110278
0.513536
0.13425
0.0843848
0.293795
0.346604
0.172855
-0.00448148
-0.344732
0.248258
-0.221452
0.172558
-0.304919
0.356982
0.306838
-0.319521
0.469033
-0.111068
-0.284871
-0.344503
-0.350322
0.200827
-0.156861
0.375828
0.357634
-0.2316
-0.546296
0.140854
0.00231771
-0.193238
-0.146023
0.415827
-0.402211
0.288733
0.163228
-0.366698
0.0690628
0.261618
0.172695
-0.00884511
-0.46993
0.224341
0.0249885
-0.304898
0.373598
-0.305148
0.184179
0.221395
-0.376449
-0.0241489
-0.454391
-0.186022
0.1392
0.491387
-0.432333
-0.308536
-0.0576285
0.277793
-0.250403
-0.167622
-0.0171486
0.167828
0.3328
0.129716
0.328492
0.548015
0.336538
0.0737
-0.564549
0.276037
-0.333424
0.407692
0.0852151
-0.51781
-0.318459
0.420959
0.242291
0.432505
-0.16916
-0.0793406
0.344763
-0.256731
-0.0452806
-0.224134
-0.480936
0.167872
-0.413771
-0.168678
0.397207
-0.117814
-0.431328
-0.157326
0.371262
-0.819541
0.215979
0.467681
-0.387993
0.300849
-0.29847
-0.356243
-0.261119
0.108867
0.234622
0.339556
-0.115758
0.0762539
-0.0461556
-0.154729
-0.395351
0.0617319
0.141885
-0.0823126
-0.0581063
0.166852
0.131117
-0.317189
0.211372
0.0185675
0.0671292
0.105986
0.19799
0.0332223
0.151954
0.0871224
-0.351095
0.253893
-0.464661
-0.031072
0.240036
-0.370592
0.452091
0.436613
-0.374557
0.332271
-0.200959
0.166806
0.327467
0.398667
0.155937
-0.466626
0.104337
0.182517
-0.327518
0.188378
-0.335041
0.395997
0.180889
-0.100507
-0.211189
-0.0118226
-0.362246
-0.280126
-0.178261
-0.100492
-0.338061
-0.308765
-0.0246267
0.33001
-0.352477
0.245029
0.00454481
0.636163
-0.174443
-0.314116
-0.170821
-0.380103
-0.265153
-0.235357
0.385955
0.299611
-0.229062
0.271597
0.295974
0.779259
-0.423448
-0.229342
-0.42697
-0.132647
0.383265
-0.221323
0.275978
0.348559
0.158044
-0.317626
0.0471943
-0.107212
0.361
-0.180769
-0.00898123
0.2484
0.174968
0.0553882
0.345055
0.373336
0.0664977
0.186375
-0.388473
-0.324886
0.172826
0.118047
0.514609
0.246243
-0.389385
0.147743
0.642115
-0.1031
-0.0639865
0.556941
-0.370786
-0.040132
-0.430068
-0.0348068
-0.249557
0.394382
-0.32566
0.23582
0.102897
-0.0899667
0.500566
-0.282485
-0.501576
0.0577061
0.12034
-0.336763
0.229088
-0.231509
0.287576
-0.418929
-0.161443
-0.424653
-0.284895
0.00560689
-0.40404
-0.248262
-0.445316
0.412603
0.0951744
0.342496
-0.0276906
-0.4756
0.261835
-0.676341
-0.54994
-0.557144
0.201441
0.311227
0.368774
-0.432664
-0.765216
-0.00376012
-0.314852
-0.146122
0.328548
-0.186538
0.456468
-0.123084
0.0128036
-0.294189
-0.164243
-0.0821009
0.067359
0.116853
0.424771
0.162075
0.305352
0.286842
-0.0629738
0.265164
-0.0865648
-0.114954
0.496798
0.164182
-0.125444
0.0627627
0.279403
-0.23662
-0.498369
0.238378
-0.0442005
-0.0599852
0.36054
-0.394773
-0.5148
0.0427489
0.337047
-0.1766
-0.295333
0.0483812
-0.496324
0.229724
-0.459734
0.0341354
0.280794
-0.0547869
-0.0192136
0.189629
-0.170857
-0.40675
0.232897
-0.275964
-0.234224
0.347092
0.293032
-0.259001
-0.201479
0.328903
0.19194
-0.251822
-0.34424
-0.394292
-0.135722
-0.165851
0.243346
0.316482
-0.281589
-0.536685
-0.219115
-0.386515
0.27332
0.26464
-0.517791
0.084806
-0.181983
0.320452
0.0696529
-0.0226532
0.0620542
-0.472792
0.288044
-0.178585
0.346694
0.0624224
-0.110654
0.459306
-0.321097
0.0316352
-0.474116
0.104482
0.246493
-0.134302
0.310609
-0.330183
0.196458
-0.437581
-0.0578814
-0.348585
0.0399662
-0.397176
-0.493191
-0.154128
0.252061
-0.413557
-0.168595
0.214247
-0.344568
0.15906
-0.133388
0.135311
-0.498247
0.311232
-0.073347
-0.363453
-0.202084
-0.0838886
0.167966
-0.582535
0.309449
0.21627
0.0231834
-0.0565703
-0.0234857
0.117631
-0.134913
-0.373175
0.0640194
-0.208938
-0.112964
-0.0143872
-0.50489
-0.224368
-0.186908
-0.497186
0.298123
-0.0836361
0.0627874
0.0551976
0.0376179
-0.00552071
0.0207128
0.129946
0.0521645
-0.0639298
-0.261682
-0.0746886
-0.139787
-0.200109
0.192468
0.413083
-0.42645
0.150514
0.36368
0.00533977
-0.460604
-0.225784
-0.246137
-0.469828
-0.493682
0.191921
0.456907
0.0841511
0.0839059
0.156482
-0.321809
0.100302
-0.378925
-0.172735
-0.0873205
-0.299343
0.0323075
0.157244
0.0650315
-0.131734
0.342423
0.101173
-0.218652
-0.0921574
-0.493638
-0.209651
0.281813
0.660055
0.382219
0.519052
-0.0265108
0.0585862
-0.214487
-0.210048
0.47258
-0.273109
-0.012449
0.237062
-0.172693
0.277655
-0.425913
-0.647202
-0.202785
-0.0680922
0.0147567
-0.107714
0.345787
0.0311713
0.504884
0.508747
0.655771
-0.245668
0.179857
0.588235
0.221118
0.0447347
0.23531
0.170778
0.627616
-0.0220103
0.152476
0.127532
0.208508
-0.18593
0.38216
-0.0111058
-0.374238
0.399135
0.398805
0.116118
-0.0917873
-0.43397
0.491753
-0.45571
-0.481701
-0.0715208
0.0701484
0.0133008
-0.379167
-0.110643
-0.277982
-0.295876
-0.237276
0.0963969
0.35754
-0.525702
0.191384
-0.402036
0.00304435
-0.464843
-0.244178
0.380426
-0.332257
-0.241526
-0.562178
-0.144493
-0.498973
0.109884
-0.430941
0.375237
0.148612
0.265229
-0.188041
0.0220193
-0.23592
-0.0967769
-0.111757
-0.360416
-0.523627
-0.169744
-0.0155967
0.30728
-0.556274
-0.575943
0.245903
-0.018071
-0.27058
0.0106504
0.127284
-0.440188
0.155414
0.425734
0.23185
0.21673
-0.00822767
-0.116313
-0.204784
0.495309
-0.322739
-0.325869
0.259919
0.470875
0.220432
-0.0701651
0.373421
-0.20515
0.47
0.0180182
0.10138
-0.112557
-0.00324835
-0.111833
0.438359
0.292495
0.0120062
-0.238113
-0.128828
-0.223379
0.0894936
0.0394924
0.0390993
0.721359
0.354763
0.461626
0.188239
0.149285
-0.147518
0.341767
-0.151841
0.201748
-0.293109
-0.246775
-0.0353692
-0.395023
0.0525362
-0.339727
0.0160694
-0.209612
0.37917
0.120146
-0.229258
-0.366322
0.427862
0.287812
0.00457211
0.0967602
-0.276248
0.229018
0.281327
-0.121263
0.18693
-0.386391
-0.0918413
0.44022
-0.543552
0.242986
-0.293804
-0.251561
-0.462214
-0.477603
-0.287435
0.107029
0.0650697
-0.460684
0.291334
-0.044158
0.0589089
-0.469255
0.302026
-0.241251
0.210391
0.280327
-0.11947
0.193116
-0.0358687
0.299593
0.238361
0.0724082
-0.111729
-0.146404
0.150977
0.409577
-0.292898
-0.134747
-0.000468006
0.248396
-0.285723
-0.309946
-0.0477516
-0.321487
0.463119
0.0633575
0.121963
0.230611
0.230351
-0.0205155
-0.0462309
-0.100449
0.575875
-0.0928608
-0.187684
0.545306
-0.383991
0.41373
0.0131481
-0.0178383
0.448288
-0.244822
0.135228
-0.0208841
-0.186918
0.258772
-0.229006
-0.140153
-0.207104
0.152234
0.0257015
0.147091
0.0294855
-0.255413
-0.306934
-0.234651
-0.303583
-0.179578
-0.193812
-0.161469
-0.331453
-0.308361
-0.233047
-0.262738
-0.305162
0.24201
0.00833571
0.0286055
0.3361
-0.589514
0.488348
-0.086775
-0.228066
0.338543
-0.306987
0.0872918
0.0407028
0.112013
0.100607
-0.403895
-0.0553154
-1.77516e-06
0.224949
0.490621
0.0915255
0.411808
0.437691
-0.297074
-0.0793343
-0.337545
-0.232001
-0.0168242
0.0716658
-0.357029
0.453823
-0.137829
-0.373708
-0.78403
-0.249811
-0.110096
0.357244
0.417923
-0.474674
-0.258231
-0.126135
0.174469
-1.16857
-1.3233
-0.0485282
-1.17116
0.512779
0.287457
-0.0534333
-0.945944
-0.291432
0.853406
1.14328
0.175917
0.794362
0.950587
-0.818774
-0.28096
-0.799456
0.167519
-0.163933
0.184066
0.418724
0.320968
0.354217
-0.453261
0.0553997
-0.293251
0.640278
-0.343561
0.0399659
-0.242846
0.134885
0.407298
-0.252065
0.0154087
-0.236984
0.281678
0.373839
-0.071697
0.104443
-0.75209
0.504234
-0.0654772
-0.16575
0.316651
-0.221257
-0.324461
-0.210018
-0.00563024
0.0778498
0.292936
0.128731
0.405807
0.0330211
-0.317158
0.376598
-0.21469
-0.316312
-0.0273564
-0.25108
0.438388
0.400798
0.154015
-0.115971
0.208485
0.151316
0.386406
-0.393661
-0.102666
-0.175358
-0.447955
-0.0455758
-0.303719
-0.0195599
0.320978
-0.295997
-0.0977233
0.00107343
-0.0707512
0.236391
0.434376
-0.0560602
-0.412156
-0.373153
0.240207
-0.668807
0.0918361
-0.28278
-0.466958
0.259826
0.245297
-0.314945
-0.393925
0.222251
-0.254031
-0.228021
0.239899
0.0513692
0.116589
-0.30109
-0.509063
-0.277902
-0.374261
0.16679
0.172758
-0.151651
0.168004
0.280426
-0.111873
0.551054
-0.113598
0.0381475
-0.200589
0.264889
0.474092
-0.409393
0.55347
0.442805
0.212997
-0.542882
0.195797
0.538839
0.371341
-0.130825
0.356253
0.592555
0.19674
-0.428443
0.230683
-0.349031
-0.450495
-0.350947
0.152967
-0.393003
0.267862
0.0823693
0.442915
-0.485262
0.214791
-0.140848
0.52372
-0.0721169
0.226821
0.298828
0.319929
0.189742
0.399321
0.6684
0.272297
-0.200058
-0.340991
0.0577787
-0.0239805
-0.414295
0.0738942
-0.0914056
0.204561
0.146829
0.189377
-0.0299386
0.254088
0.296699
0.0905319
0.557884
0.172574
-0.253218
0.163358
0.403259
0.259763
0.646235
-0.29509
0.00273488
0.00857766
0.178828
0.417785
0.175065
0.145138
0.00483982
0.469818
-0.0396253
0.358727
-0.328875
-0.00218926
-0.457965
0.0779259
-0.119983
-0.268647
0.447318
-0.146832
0.307392
-0.454557
-0.215187
-0.086972
0.29189
0.314263
0.0677188
-0.158737
0.470773
-0.283077
-0.0559762
0.0223505
0.409307
-0.160463
0.169481
0.206323
-0.14228
0.285652
0.444295
0.324236
-0.264963
0.42947
-0.079876
0.164777
0.454324
-0.354225
0.352838
-0.0052299
0.46855
-0.270487
-0.517556
0.440836
-0.457294
-0.340512
-0.118388
0.227794
-0.26118
0.291547
-0.394513
-0.216209
0.078323
0.277848
-0.005078
-0.0409023
0.381214
0.0739243
0.420768
0.342134
-0.0676589
-0.0165295
-0.158146
-0.262656
-0.37805
0.374012
-0.0943794
-0.354805
-0.228774
-0.497478
-0.190559
0.271352
-0.29168
0.171512
-0.272533
-0.277872
0.464411
0.00985126
-0.20616
0.142807
-0.312259
-0.131133
-0.394045
-0.352548
0.304919
-0.435602
-0.546023
-0.297509
0.29728
-0.586301
-0.172337
0.112002
-0.277198
0.361987
0.367701
0.504467
0.159743
-0.495583
-0.360492
0.100737
0.261181
0.116088
-0.030868
0.21822
-0.393197
-0.347132
-0.358056
0.333892
-0.00942282
0.25594
-0.423968
0.232502
0.180472
0.308598
-0.119655
-0.0591933
-0.157643
0.311885
-0.249728
-0.419722
-0.0608037
-0.143908
0.361456
0.377169
-0.436867
-0.451631
0.332608
0.450235
0.260831
0.561282
0.164645
-0.628497
0.0574373
-0.453233
0.125523
-0.263747
-0.138926
-0.112948
-0.19478
0.136231
0.171319
-0.0369783
0.332872
0.073353
-0.184028
-0.0296778
0.397033
-0.366744
-0.0176269
0.374359
-0.0438183
-0.0691074
-0.0741695
0.161933
-0.202653
-0.171577
0.21807
-0.179623
0.338273
-0.255762
-0.341592
0.407434
0.27129
-0.291691
0.0589493
0.119579
-0.446896
-0.458677
-0.488572
0.175291
-0.15852
-0.226204
0.429071
-0.206044
0.529793
0.0390198
-0.17542
0.172821
-0.368484
0.232713
-0.132813
-0.315643
0.396676
-0.5013
0.406127
0.0223709
-0.400145
0.0221193
-0.274785
0.292466
-0.110602
0.148729
0.399959
0.131866
0.413523
0.106484
-0.261787
0.471548
0.309627
0.413142
-0.191931
-0.387018
0.125672
-0.297992
0.186561
-0.122481
-0.0516783
0.16576
-0.372738
0.253187
0.366757
-0.441707
0.225141
0.453381
0.267432
-0.0105332
0.324129
0.36083
0.346007
0.378329
-0.178007
0.497335
-0.170577
-0.336176
-0.373872
0.335134
0.063894
-0.347501
0.221836
0.325602
-0.22006
0.17506
-0.163961
-0.409572
-0.310461
0.0996386
0.493346
0.343039
0.0762813
0.181707
-0.170482
-0.23218
0.302916
0.840267
-0.498062
-0.648904
-0.106678
-0.342089
-0.231865
-0.140564
-0.368636
0.769959
-0.329204
-0.0399955
0.283208
0.355951
-0.0904706
-0.301964
-0.337868
0.490638
0.293742
0.254862
0.203006
0.148671
0.342976
-0.32775
-0.339686
0.308717
0.409607
0.0915258
0.614593
0.49562
0.427839
0.23629
0.0682785
-0.064014
0.167715
0.57776
-0.429237
-0.376544
0.138377
0.352495
0.558594
0.254124
-0.412521
0.60838
0.515177
-0.154025
-0.119643
0.331102
-0.122069
0.617924
0.429811
0.0974489
-0.260972
0.00640653
0.290688
0.551073
-0.155044
0.308291
0.10596
0.83136
0.495348
0.168856
0.378659
-0.642648
0.202411
0.150359
-0.0448968
-0.30686
-0.00213032
-0.0724604
-0.26422
0.549563
0.166732
0.120488
0.227481
-0.312195
0.114661
-0.334753
0.0383857
0.326422
0.11952
-0.267524
-0.393454
0.365531
-0.486003
-0.0830511
-0.0278826
-0.325299
-0.263661
-0.372734
-0.260254
0.501657
0.430999
0.107091
-0.284439
0.105126
0.403923
-0.36991
0.00324584
-0.331336
0.102272
0.0986286
0.214012
-0.123032
0.529121
-0.561446
0.501701
0.275257
0.487436
-0.0251868
-0.433614
0.369164
-0.0930579
0.161815
-0.639133
-0.865295
0.124879
-0.251826
0.67181
-0.329302
-0.341148
0.317586
-0.0531037
-0.584154
0.271695
-0.320927
0.308792
0.18284
0.0138221
-0.214892
-0.158735
0.158424
0.362753
0.500912
0.153759
0.216901
0.230054
0.290967
0.0293666
0.0991941
0.15565
0.433358
-0.169
0.387427
0.330028
0.098012
0.151005
-0.0547854
0.114541
0.364088
-0.284072
0.063621
0.338462
0.145527
-0.214029
0.0880086
0.0476369
-0.301066
0.245102
0.153245
-0.348108
-0.197433
-0.029119
-0.373637
0.402917
-0.15498
-0.101557
-0.454795
-0.32589
-0.266496
0.162484
-0.472605
-0.20149
0.308024
-0.372855
0.194984
0.200357
0.260975
0.250037
0.0751121
-0.378615
0.387674
-0.275209
-0.395364
-0.0890001
-0.0124061
-0.141642
-0.129342
0.301031
0.432958
0.00526104
-0.512332
-0.495946
-0.342063
-0.00372496
0.185757
-0.209944
0.310988
-0.148285
-0.206681
-0.286796
-0.0276739
-0.177917
-0.319369
0.140216
-0.347391
0.00180823
-0.313077
0.358215
0.350306
0.455076
0.445414
0.105363
-0.426036
0.205612
0.158282
-0.168578
0.145979
-0.311029
-0.201239
0.199171
0.378937
0.431895
0.265242
0.349378
0.476983
0.223991
0.396128
-0.18156
0.30998
0.396586
-0.139593
0.486192
0.306426
0.47389
0.345194
0.205925
-0.440496
-0.16197
-0.00900176
0.17856
0.0567986
-0.424713
-0.296372
0.43818
-0.0959154
-0.0164895
-0.169206
-0.301805
-0.148162
0.131225
0.28314
-0.165831
0.470425
0.432823
0.44616
-0.341899
0.52686
0.219165
-0.168087
-0.448425
-0.204666
0.363403
0.135373
0.0749847
-0.268762
0.448002
0.382105
0.361578
0.342838
0.0737108
-0.309452
0.16943
0.25695
0.441765
-0.0408658
0.192688
-0.438611
-0.128646
0.173405
0.361941
0.609121
0.407152
0.228894
-0.32795
-0.0143108
0.0315563
0.215785
-0.248431
0.526327
0.0695736
0.305414
-0.414237
-0.177616
-1.24733e-05
0.145846
-0.23589
-0.234299
-0.307337
0.206895
-0.308671
-0.553178
-0.194574
-0.051545
0.12922
0.0547856
0.288623
-0.141116
0.0113294
-0.435831
-0.587905
0.182932
0.091688
-0.118544
0.137943
-0.134514
-0.0278537
-0.472256
-0.298226
-0.223744
0.528918
0.394211
0.0700635
0.138112
-0.0125055
-0.117946
-0.3688
-0.37686
0.158865
0.173556
-0.363499
-0.353462
-0.232758
-0.0921837
0.28157
-0.266246
0.0514516
-0.0793365
-0.266265
-0.0164295
-0.0497818
-0.228688
-0.0555171
-0.362624
-0.301613
-0.229039
-0.246029
-0.45158
-0.060453
0.275564
0.172207
0.265942
0.0535283
-0.195444
-0.376874
0.0548071
-0.221489
-0.444897
-0.398576
-0.186536
0.19414
0.27674
-0.251399
-0.286614
0.248896
0.215006
0.141457
-0.453433
0.389988
0.437459
-0.180047
-0.00755287
-0.0265305
-0.472287
0.341578
0.222269
-0.00411821
0.11079
0.507941
0.141021
-0.0365919
0.500015
0.285079
0.106536
0.0506596
0.25089
-0.140571
-0.383646
0.29688
0.141929
-0.44477
0.355707
-0.204723
-0.467629
-0.234537
0.191707
-0.0481803
0.379284
0.0366245
-0.101977
-0.357372
-0.0002436
-0.101572
0.0401009
0.355051
-0.0753041
0.235951
0.442348
0.0819183
-0.316127
0.173434
0.0159627
0.535741
0.225875
0.251996
-0.108679
-0.426528
0.573486
0.133137
-0.914375
-0.018268
-0.171132
-0.384329
0.174031
0.283643
-0.0794856
0.158084
0.0179557
0.113427
0.776539
0.382704
0.751856
-0.845146
-0.322613
-0.353711
-0.342167
-0.461961
0.204403
-0.126649
0.168173
0.541069
-0.103252
0.102303
0.393033
-0.0388308
0.0646923
0.302252
-0.147139
-0.0577739
0.163049
0.00485804
-0.234737
0.454464
-0.304826
0.430437
0.34115
-0.381586
-0.0810583
-0.130894
-0.192188
0.34289
-0.264198
-0.132092
-0.472615
-0.00945671
0.135755
0.416734
-0.0888018
-0.312136
-0.28049
0.200502
-0.257152
-0.265294
0.210851
-0.140741
0.368577
-0.370291
-0.425515
0.289517
0.405649
-0.326144
0.304561
-0.50613
-0.477244
-0.0974016
-0.419142
-0.254511
-0.352102
0.436773
-0.52504
-0.27461
0.0298085
0.0270036
0.283564
-0.0879042
0.206569
0.171471
-0.0288347
-0.104132
-0.210124
-0.091335
-0.120509
-0.155447
0.539348
0.0349786
0.1508
0.304823
0.421666
0.000443325
0.20862
-0.56971
-0.0492366
-0.236535
-0.309879
-0.00698202
-0.452169
0.0124062
0.0971127
0.141651
0.300215
-0.551188
0.190629
-0.502598
-0.379327
0.453911
0.079064
-0.207226
-0.253535
0.178635
0.218162
-0.423154
-0.209104
-0.610191
0.0755101
-0.547262
-0.467537
0.282859
-0.27639
-0.255563
0.184001
-0.0256001
-0.149332
-0.297084
-0.41125
0.0258134
0.145086
0.199794
-0.521157
-0.5926
-0.214702
-0.298474
0.266042
-0.411514
-0.15116
-0.314881
0.189449
-0.233571
-0.378014
-0.0443876
-0.192816
-0.174589
-0.211198
-0.288246
0.015526
0.360988
-0.403879
-0.29405
-0.309157
0.0183638
0.106414
-0.251775
-0.366527
-0.376724
-0.210286
0.307107
0.233904
-0.56768
-0.263992
0.273482
-0.385321
0.0656339
-0.493097
-0.14625
-0.60135
-0.243894
0.301621
-0.158151
-0.285874
0.316732
0.353089
-0.591939
-0.570919
-0.410831
0.242735
0.216654
0.0991084
0.393599
0.206822
-0.172255
-0.153243
-0.233344
-0.118608
-0.216365
0.225226
-0.181559
0.0942963
-0.106416
0.271984
0.619276
0.223944
0.107887
-0.730128
0.252079
0.288429
-0.260336
0.166203
-0.359745
0.494902
-0.22823
-0.703264
0.87291
0.494241
0.441115
-0.285143
0.409677
-0.128464
-0.210694
0.329804
-0.0215901
-0.0929945
0.364259
-0.150902
-0.386418
-0.103174
-0.156451
