#input normalization
0.161133 0.272743
22.2137 31.7026
10.6297 33.0848
8.5346 29.7551
0.0113217 0.0386773
0.0092546 0.0322126
1 -1
0.823511 1.27769
1.05267 1.47112
1.29982 1.67897
1.57855 1.87949
1.86027 2.06281
2.12999 2.22636
2.39629 2.3791
2.64341 2.50023
2.87854 2.5868
3.10222 2.64749
3.30893 2.68228
3.49211 2.68429
3.64898 2.62459
1 -1
1 -1
#output normalization
1 0
#neurons weights
0.466008
0.16757
-0.187128
-0.293573
0.446931
-0.100877
-0.238472
-0.176636
0.254898
-0.355413
0.232674
-0.305623
0.00787306
-0.489759
-0.0178917
-0.236248
-0.416175
-0.33624
-0.377981
-0.479594
0.175022
-0.393571
-0.349534
-0.466265
0.525826
0.115495
0.253691
0.192024
0.303515
0.330674
0.58648
0.312107
0.363566
0.327093
-0.667416
-0.236579
0.478644
-0.181732
-0.170812
0.145259
0.727556
-1.13363
0.379951
-0.0350116
0.462998
0.13733
0.112193
-0.23329
0.455279
-0.0254127
-0.364429
0.236646
-0.223545
0.184194
-0.0482597
-0.0450339
-0.360032
-0.0908529
0.255624
-0.306398
-0.210717
0.153938
-0.529537
0.308121
0.233947
0.0509729
0.377444
0.0298296
#synapses weights
0.513114
-0.780971
0.246001
-0.0309614
-0.06433
0.111275
0.0380118
0.475009
0.447217
-0.112672
0.0397046
-0.250087
-0.341544
-0.361771
-0.0456023
-0.449504
0.134905
-0.306905
0.216114
0.341937
0.240127
-0.442868
-0.0514397
0.493826
-0.0730005
-0.318392
0.00886862
0.272413
-0.182824
-0.208923
-0.311097
-0.334927
-0.124951
-0.26023
-0.513192
0.171349
0.322647
0.0128524
-0.0896408
-0.517447
-0.331431
-0.302273
0.0253376
-0.358716
-0.333766
0.395596
0.282198
-0.10244
0.417469
0.12802
0.223912
0.138318
0.411201
0.346731
-0.478561
0.408745
-0.101272
-0.468988
-0.0742081
-0.369845
0.272452
-0.381225
-0.450604
0.0122474
0.197623
-0.0770731
0.00555972
-0.117569
0.123936
0.380089
-0.0989225
0.436454
0.393789
-1.27245
-0.738962
-0.788752
0.0796026
0.428967
0.0292652
-0.103741
-0.402602
-0.202531
-0.0631191
-0.178149
0.215916
-0.266132
0.265475
0.378002
0.26012
0.437384
-0.0850335
0.345439
-0.33849
-0.15233
-0.483628
-0.870331
0.176052
-0.319877
-0.417755
-0.271361
-0.489579
-0.0221084
0.377554
-0.051771
0.0585301
-0.33795
0.0923141
0.223376
-0.363705
0.352495
-0.243047
-1.43943
-0.0557108
0.146792
-0.00852235
0.0390419
0.336426
1.03956
0.33543
0.418794
0.0161125
0.0126105
-0.20697
0.349273
0.0488738
-0.136812
0.132276
0.0225657
0.111189
-0.21899
0.487222
0.0566319
0.351928
0.49502
-0.0788561
0.102299
0.218133
-0.229853
-0.0379796
0.663853
0.836146
0.404154
-0.159102
0.218379
-0.169633
0.194859
-0.33289
-0.198216
-0.113015
-0.0999297
0.331614
-0.4297
-0.139275
-0.163082
-0.300522
0.301123
-0.308766
-0.031972
0.279319
0.295717
0.0597669
0.0607074
0.28373
-0.104638
0.201939
-0.0351748
0.317709
-0.285556
-0.235195
-0.40494
0.369158
-0.107663
0.28225
-0.285867
-0.135666
0.479761
0.0695008
2.69379
0.0610562
0.0538661
0.127007
-0.0542203
0.244853
4.29377
0.167392
-0.0632889
-0.185028
-0.287875
-0.174124
-0.14394
-0.346029
-0.407597
-0.19145
-0.370922
-0.541537
-0.357904
-0.124087
0.482157
0.356408
1.0714
-0.135053
0.0984044
0.284068
-0.280625
-0.462085
0.626951
-0.0316117
0.222886
-0.157596
-0.369251
-0.236455
-0.0557148
-0.174077
0.315452
-0.277915
-0.0092751
0.0230177
-0.230733
0.23201
0.476176
0.224427
1.12828
0.36613
0.0386869
0.538675
0.0244753
-0.181022
0.935144
0.0837633
0.248194
0.04526
0.224681
-0.0983275
-0.301707
-0.461471
0.140756
-0.504881
0.306554
-0.342079
-0.220603
0.15009
-0.421882
-0.280951
-0.834539
0.159963
0.0523352
0.244709
0.301956
0.495009
0.9221
0.403135
-0.196014
0.185288
0.23728
0.161953
0.144479
-0.170142
0.449167
-0.214458
0.525781
0.172634
-0.20183
-0.310749
-0.148687
-0.0657385
-0.833264
-0.67432
0.362726
-0.107782
-0.295602
-0.180304
-0.408383
-0.0473428
0.251312
-0.0819744
0.442298
-0.51466
-0.321633
0.147729
-0.128192
0.498993
0.288057
0.437357
0.423512
0.442533
0.299923
0.276014
-0.572028
0.612449
0.0291309
0.00268149
0.0487225
0.237941
-0.106658
-0.100136
0.0109783
-0.346525
0.00692469
-0.17791
-0.127822
0.0391196
-0.106698
0.0721258
0.280319
-0.124547
0.0903755
0.367527
-0.382921
0.434362
-0.34879
0.597513
-0.331133
-0.298557
0.120456
0.0518712
1.0631
0.744188
0.096157
0.221244
-0.167656
0.235815
-0.0247564
-0.244263
-0.179648
-0.0206714
-0.0660175
0.18795
0.276647
0.102929
-0.446901
-0.391959
1.28836
-0.0911185
-0.287874
0.295334
-0.0642746
-0.022456
-0.149962
-0.0841011
-0.504847
0.176853
-0.302412
0.0313625
0.302089
-0.34336
0.316567
-0.321916
0.364793
-0.0349854
-0.14376
0.163125
0.252196
-0.219888
0.184239
0.0816765
0.0638015
-0.315799
-0.0437888
0.230637
-1.43615
-1.46983
-0.3083
-0.514652
-0.0721289
-0.0561414
0.168252
0.122828
-0.127938
-0.276918
0.138181
0.389111
0.339356
-0.383904
-0.304942
-0.121543
0.940581
-0.32743
-0.316344
-0.484717
-0.012501
-0.335715
-1.32403
-0.0866296
-0.0195467
0.0288066
0.217563
-0.287601
-0.241974
-0.114731
-0.222466
-0.251111
-0.0382464
-0.220184
-0.198005
-0.443126
0.27504
0.0696126
0.982624
0.32982
0.0339394
-0.128999
-0.114638
0.362686
0.956462
3.70641
0.337386
0.112025
-0.0860934
-0.0174775
-0.19803
0.0332478
-0.0931758
-0.0599743
-0.0785329
-0.156936
-0.189654
-0.31648
-0.259787
0.00887466
-1.33995
-0.396168
0.109397
0.282422
-0.0664091
-0.140275
-0.291323
-0.0988951
-0.0541896
0.198126
0.151392
0.517411
0.377021
0.455841
0.69399
0.319582
0.440447
0.409652
0.457429
0.450985
0.223693
-0.351972
-0.867384
-0.357815
-0.0262465
0.440751
0.250308
-0.418629
-0.0786442
-0.338811
-0.092499
0.00707273
0.245091
0.125853
0.207531
-0.238693
0.48994
-0.181492
0.116123
0.0627128
0.114353
-0.00443737
0.157662
-0.120847
-0.521419
-0.322473
-0.244316
-0.114156
-0.158499
0.143688
-0.15273
0.297434
-0.473153
-0.216415
-0.0370343
0.00769963
-0.0398659
-0.29121
0.162395
-0.304401
0.141691
-0.029544
-0.253006
-0.462666
0.386323
0.245686
-0.668081
-0.140665
0.0642877
-0.35187
0.213092
0.373506
-1.35543
-0.59253
0.147304
0.0697158
0.329833
0.256616
0.392806
0.396288
0.17063
-0.0325204
-0.339325
0.11677
-0.114131
-0.135875
0.0327684
0.358247
-0.121565
-0.00572424
0.279329
0.116539
0.456328
-0.331532
-0.0152986
-1.03496
-0.585409
-0.127128
0.0944345
-0.0842206
0.194434
-0.17296
-0.475512
0.312928
-0.109376
-0.716937
0.259544
0.231519
0.233371
-0.119069
-0.302776
0.222719
-0.10064
-0.0045081
-0.399658
-0.315937
-0.341095
-0.247916
0.118659
-0.453382
0.509028
-0.19942
0.334028
0.0818498
-0.223651
-0.137696
-0.477719
0.42312
0.270941
0.2779
0.333383
0.322812
-0.519798
0.34444
0.436338
-0.149161
0.242464
0.226392
0.146081
0.0129728
0.268478
0.498282
0.350208
0.404227
0.0959396
0.343222
-0.317579
0.326695
0.139827
0.199726
-0.137775
0.296385
0.445259
0.441313
0.293032
-0.173066
-0.142628
-0.418221
0.146364
-0.214882
0.070055
0.0752764
0.285792
-0.226658
-0.410152
0.209522
-0.151487
0.245974
0.50508
0.420873
0.107448
-0.0652755
-0.337224
-0.194016
-0.0789085
0.198903
0.233327
-0.109882
0.0517035
0.109268
-0.181396
-0.513998
-0.241725
-0.368443
0.467197
0.109778
0.392964
-0.429037
0.229443
0.119197
0.368005
0.281526
-0.439908
0.312642
-0.18094
-0.23073
-0.51902
-0.132947
0.0596668
0.510589
0.47633
-0.258489
0.120569
0.222661
0.00184496
-0.211734
-0.027215
-0.252707
0.192424
0.0984778
0.633236
0.467579
0.400322
0.0565471
0.108985
0.546693
-0.43662
0.00402075
-0.192529
0.034331
0.238338
-0.403775
0.584797
0.466192
-0.386031
-0.0946878
-0.360374
0.0201826
0.0821433
-0.223881
0.35355
0.435089
0.210115
-0.316135
-0.145549
-0.389322
0.304385
0.180751
-0.14922
0.3681
-0.174292
0.170331
0.142357
0.246448
0.548355
-0.194929
0.419096
-0.368835
0.313758
0.19259
0.0644765
0.104722
-0.205917
0.38849
0.231901
-0.0606403
-0.353409
0.312937
0.420885
-0.0162999
0.309177
-0.0585002
0.355112
-0.0700159
-0.436272
-0.589797
0.309394
0.648677
-0.302618
0.0904797
-0.156734
0.310714
0.215895
0.0312025
-0.141763
-0.552725
0.434028
-0.166347
-0.0897642
-0.981852
-0.174131
-0.405881
-0.232623
0.138202
-0.00349188
-0.150092
-0.67573
-0.255173
-0.302944
-0.472821
0.757493
0.385618
0.4678
-0.21277
-0.17664
-0.123981
0.455056
0.134068
0.235274
-0.114878
0.287124
0.103569
0.906487
0.379571
-0.0241303
-0.428284
0.140624
-0.211773
0.325989
0.0483789
-0.153434
0.756515
0.283652
-0.029593
-0.499437
0.422636
-0.367934
0.351549
-0.166752
-0.431889
-0.47404
0.290272
0.499297
-0.0803293
-0.45315
-0.343961
0.237716
-0.149848
0.201031
-0.39275
0.138563
0.408157
0.228554
-0.308455
0.360101
0.347365
-0.0153556
0.44818
-0.245151
0.226358
0.197937
-0.313255
0.407484
0.355686
0.192768
-0.504223
-0.092883
-0.205366
0.901963
0.10191
-0.028544
-0.544613
-0.26077
0.0683097
-0.0410962
0.332289
0.448939
0.592028
0.200862
-0.0906301
0.0304447
-0.561216
-0.158448
-0.293106
0.209375
-0.33225
0.417624
0.174887
-0.131778
-0.389827
-0.177838
-0.433136
0.180584
-0.53353
-0.462965
-0.242469
-0.407205
0.227537
0.122006
0.0543241
0.188875
-0.0306113
0.580036
-0.356745
-0.267395
-0.371178
-0.466784
-0.372954
0.356403
-0.216031
-0.197716
-0.15136
-0.0277401
0.0202194
-0.710497
-0.215787
-0.41653
-0.0146456
0.21036
-0.284201
-0.22696
-0.345947
0.420352
-0.424708
-0.712023
0.505639
0.241502
-0.299808
0.303645
-0.616626
-0.57922
-0.544082
0.112174
0.258281
-0.156415
-0.602948
-0.330327
-1.09006
0.0197015
-0.393272
-0.0782894
0.526494
-0.185759
-0.541288
0.11058
-0.0488807
0.0934353
-0.522634
0.232973
0.120438
-0.0615394
0.0677199
0.238609
-0.14392
0.0729773
-0.100125
0.260284
0.228517
0.107448
-0.0989058
-0.563044
0.30183
0.248675
-0.162089
0.000888911
0.187238
0.639062
0.288776
0.327327
-0.113933
0.137994
0.294469
0.292606
0.0472856
0.0590819
0.446487
0.0998008
-0.27441
0.0759326
-0.336066
0.0735373
0.218166
-0.656221
-0.503059
-0.414564
-0.106714
-0.164743
0.471833
0.410487
0.459134
0.0155713
-0.378699
-0.0555367
-0.12291
0.784346
-0.272042
0.382494
-0.073297
-0.433687
0.154997
0.184917
-0.261392
0.391713
-0.206157
0.114551
-0.0378402
-0.101141
-0.043104
-0.276768
0.00906877
-0.163024
0.0761702
0.210987
-0.107992
0.375595
-0.21335
0.466558
-0.202299
0.497781
-0.269961
-0.616409
0.167323
-0.346404
-0.356236
0.187381
0.418586
-0.366285
0.255084
-0.223933
-0.0186653
0.363161
0.0879652
0.169643
0.28439
-0.231944
-0.069792
0.105201
-0.0508669
-0.334587
0.510479
0.0118518
-0.0877446
0.00715923
0.194084
0.373008
0.543593
0.146722
0.398272
0.21763
0.039255
-0.123507
-0.294537
0.87143
0.361056
0.517503
0.253436
-0.238286
0.52415
0.347243
-0.397648
-0.419184
0.162244
0.534896
-0.596523
-0.233635
-0.0402355
-0.163117
-0.0581153
0.157119
-0.350299
0.409827
-0.464406
-0.485059
-0.356298
-0.128523
0.477689
0.638969
0.429976
0.291976
0.353514
-0.477715
-0.0683814
-0.00411542
0.31267
0.334169
0.209618
-0.478022
-0.110995
-0.438095
0.308197
-0.567205
-0.176721
0.330155
0.290222
0.162049
-0.122641
0.121795
0.484951
0.111358
0.370946
0.177185
-0.684242
-0.574008
-0.568682
-0.571722
0.477403
0.155845
0.193941
0.511527
-0.961742
-0.569522
0.0638568
-0.276423
0.697487
0.346795
0.00682523
0.433805
0.680338
-0.392683
0.50609
0.765796
1.13107
-0.359962
0.207292
-0.728472
0.128958
0.634719
-0.00750781
0.29896
0.875488
0.0389051
-0.0769713
-0.574267
-0.944794
-1.29628
