#input normalization
0.16111 0.272711
70.6754 67.9586
9.59108 38.2061
7.92521 31.8408
0.0111657 0.0442375
0.00880027 0.0338869
1 -1
0.823511 1.27769
1.05267 1.47112
1.29982 1.67897
1.57855 1.87949
1.86027 2.06281
2.12999 2.22636
2.39629 2.3791
2.64341 2.50023
2.87854 2.5868
3.10222 2.64749
3.30893 2.68228
3.48879 2.68793
3.62724 2.6498
3.75209 2.59835
3.85097 2.5101
3.92847 2.41397
3.96982 2.29961
3.99558 2.16779
3.98964 2.01953
3.9519 1.86013
3.89572 1.68228
3.7862 1.48252
3.65921 1.28429
3.54363 1.09712
3.41767 0.920599
3.26231 0.743118
3.10185 0.573586
2.93657 0.413281
2.78635 0.266603
2.61822 0.128358
2.47497 0.00581553
2.31182 -0.108566
2.15924 -0.217336
2.01212 -0.320746
1 -1
1 -1
#output normalization
1 0
#neurons weights
-0.181824
-0.0293668
0.478907
0.254981
0.305454
0.468953
-0.0828528
0.094505
-0.456345
0.0327342
0.324454
-0.419519
-0.079588
-0.0297312
0.192145
0.403944
-0.230379
0.183042
-0.110353
-0.191429
-0.288134
0.12406
0.348483
-0.24709
-0.116894
0.453243
-0.330964
0.422098
0.458595
0.424091
0.128855
-0.228277
-0.105371
0.0379623
0.0528117
-0.139075
-0.24204
-0.192717
0.463604
-0.0321226
-0.231638
0.365465
-0.239038
0.259248
0.0391192
-0.288502
0.46058
-0.443895
0.216092
-0.388622
0.127207
-0.128067
0.525206
-0.0753337
0.160725
0.131223
0.333894
0.214848
0.0673235
0.358334
-0.329511
-0.405908
-0.516142
0.162599
-0.473472
-0.360399
0.259534
0.0739141
0.215171
-0.199313
0.370192
-0.173001
-0.612946
0.0878958
-0.329356
0.462039
-0.153436
0.123969
0.334092
-1.01744
0.480248
-0.392039
-0.0637366
0.486232
-0.344298
0.418229
-0.506404
0.320094
-0.136515
0.143431
-0.0237153
-0.140171
0.237881
0.446765
0.347942
0.158764
-0.0618547
0.505011
-0.132274
-0.0498628
-0.366733
0.54126
0.400243
-0.3773
-0.127492
-0.164772
0.0414516
-0.494285
-0.444135
0.348821
-0.325159
0.0201525
-0.256132
0.519277
-0.312473
0.19569
0.196512
-0.392514
-0.194782
0.301254
0.217071
-0.133444
0.403378
0.530131
-0.329186
0.16934
0.466786
0.327565
-0.0541086
-0.0563766
0.11188
#synapses weights
0.117892
0.244327
0.407539
-0.692244
0.168493
0.195605
0.362646
1.03016
0.863475
0.0133319
-0.0584752
0.0506468
0.0650322
-0.264134
-0.189237
-0.0729401
0.189584
0.346769
0.180713
0.324998
-0.369712
-0.0796849
0.452442
-0.162226
-0.192808
-0.18413
-0.040915
-0.407621
-0.333412
0.234372
-0.0182561
-0.356668
0.125394
0.00895212
0.54163
0.203851
-0.144454
0.033084
-0.0856052
-0.425985
0.0458572
0.322319
0.100258
0.504121
0.341701
0.297159
-0.0632116
-0.394587
0.38457
0.063252
-0.307692
0.298576
-0.127052
-0.331204
0.0773016
-0.328537
0.0482392
-0.0338789
-0.140865
-0.364745
-0.297181
0.215163
-0.045265
0.0714612
0.605707
-0.0178449
0.392073
-0.100705
-0.137669
0.0102182
-0.0416304
0.476
-0.0703955
0.327629
-0.307314
0.344285
0.0436766
-0.163119
-0.316729
-0.327867
-0.113079
0.219597
0.353055
-0.230766
-0.0983423
-0.134316
-0.408712
0.757325
0.404922
-0.377993
0.614731
0.261508
0.475275
0.135569
0.763505
-0.077731
0.0125699
-0.094413
-0.428025
0.393187
-0.154535
0.127487
-0.263584
0.360928
-0.551517
-0.454907
-0.26065
-0.149176
0.431758
-0.264932
-0.396827
0.0772261
-0.0617491
0.0844542
0.143883
-0.0758419
-0.0541473
-0.00656953
-0.0373052
0.271098
-0.101887
-0.625157
-0.0689426
-0.182757
0.14579
-0.188492
0.198318
-0.00528532
0.280092
-0.107173
0.126231
0.297789
-0.0764189
0.0939637
-0.360521
-0.375171
-0.314971
0.346079
-0.372632
0.164563
-0.324494
0.452647
0.354171
0.275227
0.0678051
0.381553
-0.215514
0.281587
0.0971782
-0.407443
0.132815
-0.356927
0.319678
0.105231
0.341679
0.0556414
-0.248993
-0.0784158
-0.311106
0.0248013
0.0144191
-0.187804
-0.463733
-0.479503
-0.249716
-0.233886
-0.221686
0.252971
0.401077
-0.229353
0.0398055
0.421413
0.140724
-0.613953
-0.137147
0.0449468
0.246086
0.475
-0.0806085
0.115515
-0.485327
-0.24214
-0.000403854
-0.0635829
-0.306166
0.357171
0.0593441
0.408807
0.0250848
0.0403803
-0.0244776
0.345467
-0.521983
0.122024
-0.00927031
0.0388715
-0.0849377
0.249739
0.198812
-0.0398425
0.011007
0.15057
0.238181
0.14385
-0.293826
-0.290729
-0.343657
-0.0115314
0.0865588
0.277323
0.41284
0.177604
0.170726
-0.101162
0.273559
-0.361556
-0.277663
0.325367
-0.568924
-0.113962
-0.0091653
-0.0874633
0.510013
-0.266493
-0.96611
-0.328774
-0.157214
-0.237049
0.419958
-0.0674142
-0.440058
0.208503
0.47485
-0.000174042
-0.487864
0.386235
-0.0478621
-0.19404
0.107942
-0.306156
0.112792
0.0130003
0.238121
0.0591548
-0.271452
-0.0112022
0.152847
-0.122929
0.158566
0.226703
-0.0389474
-0.0137602
0.111545
-0.351032
-0.0155473
0.396334
-0.0587664
0.112951
-0.234055
0.547225
-0.229788
0.456856
-0.322995
0.258764
-0.238676
0.381682
0.482238
0.300698
0.303095
0.162428
-0.153153
-0.129437
-0.031537
0.0352759
0.44576
-0.1383
0.450822
0.458627
0.185189
0.365251
-0.0951461
-0.235906
-0.170732
0.0475701
0.23337
-0.194922
0.116605
0.0428673
0.0405142
-0.325824
-0.287816
0.166032
-0.283283
0.0957634
-0.118517
-0.34163
-0.491054
-0.261485
-0.103275
-0.0842897
0.0674248
0.358149
0.470823
-0.309157
-0.187367
0.0281099
-0.193004
-0.487363
-0.113909
0.041423
0.289912
0.209977
0.510677
-0.13865
0.354591
-0.409708
-0.0207073
0.443482
-0.149468
0.035414
0.596216
-0.156355
-0.150284
0.269881
-0.155151
0.0740203
0.225687
0.215981
0.139938
0.455982
-0.154639
-0.403406
-0.0601741
0.100058
0.045842
0.464854
-0.326739
0.597617
-0.0193213
-0.275923
-0.150462
0.258696
-0.272854
-0.108234
-0.130751
-0.0789547
-0.0129063
0.35331
0.27247
0.514569
-0.0488206
0.587658
0.103532
-0.0490217
-0.488299
0.123801
-0.0243996
-0.30747
-0.29952
0.17871
0.135219
-0.0986305
0.123294
-0.127322
0.215673
0.15367
0.385403
0.225829
0.148076
0.233366
0.382387
-0.33585
0.366124
0.143608
-0.148358
0.128005
-0.233454
-0.162612
-0.45479
0.382967
-0.407944
0.0742649
0.16611
-0.000814814
0.0196209
0.0569646
0.408625
-0.141972
-0.309096
-0.00496563
0.255684
-0.446993
-0.29054
-0.267186
0.581977
-0.463774
-0.262937
-0.249351
0.264287
-0.11885
-0.221919
-0.487367
0.0836056
-0.294165
0.216879
-0.432689
0.182372
-0.0658726
0.269737
-0.199402
-0.523419
0.33172
-0.315846
-0.297862
0.355765
-0.0895659
-0.260343
0.39043
-0.284076
-0.0836723
-0.413313
-0.0709743
-0.159161
0.232229
0.202069
-0.392521
0.124139
-0.301808
0.370171
-0.0379897
0.593383
-0.174031
-0.284878
-0.0726612
-0.374458
-0.0541631
-0.190339
-0.633134
-0.744879
-0.129623
0.107075
0.238213
-0.236791
0.2523
0.174568
0.352594
-0.328407
0.385403
0.454108
0.145495
-0.122068
0.185498
0.330084
0.1526
0.155618
-0.0864194
-0.337682
0.222109
0.346185
0.129933
0.34445
0.159806
-0.11237
0.122215
-0.475494
0.286221
0.494593
-0.291913
0.255125
0.371774
0.266304
-0.188948
0.0884565
-0.170724
0.393125
0.474014
0.0917919
0.06292
-0.141593
-0.228544
0.294406
-0.108719
0.266125
-0.175384
-0.35429
0.360572
0.582919
-0.33306
0.424757
0.368124
-0.438496
0.113486
0.292322
0.00882443
-0.412932
-0.422213
-0.277697
-0.54633
0.30899
-0.149323
-0.34224
0.0577816
0.463698
-0.404959
0.188445
-0.401377
-0.381454
-0.0164949
-0.0609263
0.0498659
-0.470134
0.34264
-0.337822
0.286679
-0.340586
-0.132617
0.29563
-0.273913
0.0351913
0.251455
0.135704
0.328906
0.427415
-1.1254
-0.797978
0.0522132
-0.202928
-0.173241
0.421514
0.0874125
-0.00310635
0.147855
0.279608
0.00931558
0.193771
-0.106972
0.0498529
-0.279875
-0.0158063
0.260743
-0.221695
-0.281035
-0.0785933
-0.383992
-0.443234
-0.0589119
0.253207
0.0553597
0.362334
-0.142267
-0.220126
-0.0452718
0.240898
0.412497
-0.251589
-0.115425
-0.017212
-0.0567244
-0.172407
-0.244119
0.548271
0.431439
0.141545
0.517881
-0.498853
0.432555
0.752079
-0.197709
-0.0688051
-0.537279
0.133919
0.111384
-0.263742
-0.315149
-0.687307
-0.253575
0.0133528
0.318812
-0.0292792
-0.160323
-0.237605
0.0994247
-0.0492243
-0.168685
0.36415
-0.0260614
-0.141327
-0.289957
0.331267
0.332478
0.216166
-0.0351104
-0.194776
0.0560153
-0.0108306
-0.17781
-0.191419
0.263748
0.0593173
0.308163
0.137703
-0.0538694
0.230095
-0.00989922
-0.0813044
-0.245541
-0.0522776
-0.371774
0.376132
-0.846115
-0.124707
0.0476635
0.259842
-0.0144687
-0.305901
0.188854
-0.345116
-0.232051
-0.126369
-0.0136618
-0.108841
-0.429904
0.0942527
0.437088
0.414903
0.416504
-0.168313
0.190909
-0.0867429
-0.321593
0.348836
-0.459937
-0.143383
0.266097
0.517676
-0.102748
-0.163572
0.386856
-0.189558
0.144771
0.221035
0.188517
-0.0101611
-0.126446
-0.0610648
0.263615
-0.553758
0.273768
0.392707
-0.130959
-0.497729
0.0572
0.499175
0.218636
0.088457
0.200834
0.531755
0.0277709
-0.251464
-0.122474
0.100483
0.0828404
0.163758
-0.20342
-0.320557
-0.285726
0.0065978
0.183942
-0.31371
0.0588981
0.392977
-0.122754
0.298874
-0.101191
-0.438616
0.268142
0.295613
-0.342164
0.432194
0.0548282
-0.242375
-0.13672
-0.131573
-0.388872
-0.154673
-0.0498771
-0.202238
-0.255515
0.0574912
-0.580862
-0.272405
0.248082
0.166548
-0.499982
-0.270632
0.223646
-0.347957
-0.228491
-0.215198
0.191359
0.0160146
-0.340274
-0.331257
-0.231316
-0.164508
-0.104659
-0.0324583
0.434596
0.248767
-0.376325
-0.00632694
-0.374443
-0.116598
-0.249561
0.388643
-0.388804
0.276514
0.0562174
-0.425663
-0.45988
0.455907
0.366455
-0.455299
-0.159444
0.305492
-0.216114
0.248957
0.224207
0.201089
0.11045
0.232852
-0.0398952
0.885579
-0.121747
-0.136082
0.398479
-0.257648
-0.354821
5.03979
-0.268056
-0.108221
0.0169026
-0.136889
0.121718
0.0409896
-0.168807
-0.174068
-0.103726
0.00100415
-0.130306
0.0527912
-0.204338
0.0361011
-0.0995132
0.00431255
0.110927
-0.454451
0.152356
0.122617
-0.282527
0.0295571
-0.207043
0.0280641
0.00995835
-0.223731
0.0047851
0.0332287
0.19356
0.00790699
-0.148808
-0.0395523
-0.0515987
-0.22653
-0.273182
-0.0461953
0.484909
-0.375773
0.150872
0.264911
-0.141758
0.218377
-0.742889
-0.374645
-0.00539137
0.148484
0.101551
-0.290411
-0.174464
0.162496
-0.0801635
0.433649
0.0317337
0.279152
-0.160367
-0.349548
-0.0881818
0.21532
-0.362313
-0.241487
-0.248759
0.127314
-0.16615
-0.133973
-0.411918
0.274028
-0.340959
-0.307012
-0.347903
0.552492
0.0524213
0.0284321
0.315139
0.296871
0.228553
0.434021
-0.051441
-0.375598
0.00590168
-0.588219
-0.58275
0.0830988
-0.057074
0.183297
-0.497116
-1.15747
-1.03255
0.00714163
0.458891
-0.166273
-0.120904
-0.109362
-0.0599094
0.394712
-0.23706
0.0603925
0.458715
0.0198042
-0.0455804
-0.251696
0.119491
-0.23053
-0.0677539
0.300405
-0.259895
0.33615
-0.140022
0.0809135
-0.0652532
0.314803
-0.209808
0.119499
-0.0922963
0.376407
-0.202737
0.266088
-0.214251
-0.252561
0.163831
0.00985413
0.283692
-0.431084
0.558433
-0.0826064
0.313541
0.270794
0.230073
0.423405
-0.398002
0.577373
0.0848521
0.433464
-0.0883793
-0.281243
-0.0993759
0.079675
0.222266
0.0878356
0.0258203
-0.388013
-0.135141
0.186899
-0.122714
0.000365061
-0.482886
0.448462
-0.0251406
0.267338
-0.0127955
0.382027
-0.34332
-0.125176
-0.0753723
-0.117384
-0.126834
-0.385197
0.367822
-0.262955
0.233746
-0.0243697
-0.037439
0.0718785
0.153736
0.383353
-0.0804711
0.300437
0.41932
0.368443
-0.034103
-0.227339
0.087693
-0.227551
-0.199501
0.24393
-0.157544
-0.397352
-0.0898465
0.0268097
0.116774
0.118672
-0.255119
-0.291509
-0.10785
-0.196706
0.509039
-0.101549
-0.0966442
0.247377
-0.0185643
0.307391
0.466533
-0.222901
0.448316
0.0527438
0.110818
0.189432
0.496664
0.371287
0.108091
-0.207378
0.175513
0.315528
0.0438299
0.500247
0.133656
-0.00773208
-0.135191
-0.348374
0.27803
-0.301594
0.0878461
-0.329558
-0.487502
0.163124
0.725407
0.184285
0.117397
-0.390096
0.337504
-0.372307
0.527463
0.132844
0.495566
0.352454
0.122127
0.473815
0.0853049
0.081049
-0.18481
0.0208925
0.541402
-0.101917
0.382767
-0.368612
0.0593923
-0.331361
0.0133669
0.415122
-0.112069
-0.30856
-0.430447
-0.425406
-0.108192
0.22908
0.525248
-0.311561
-0.276082
0.453191
0.12493
0.391972
-0.418346
0.0394193
0.2982
0.151424
0.106402
-0.563476
-0.332073
1.60976
0.134613
0.394672
-0.0785149
0.139611
0.0840884
-0.249486
0.535562
0.313968
-0.126354
0.0824578
0.281134
0.276762
0.0767856
-0.216842
-0.168835
0.352152
0.24878
0.528288
-0.0944494
-0.12582
0.043679
-0.317194
0.237622
-0.377136
-0.238406
0.115925
0.17802
0.0613671
0.256448
-0.0469275
0.335436
0.302489
-0.400444
0.0430636
-0.408769
-0.193573
-0.146328
0.316214
0.176084
0.391611
-0.146701
-0.0215931
-1.2014
-0.0309664
-0.621408
-0.188593
0.181138
-0.0898261
-0.267147
-0.00536589
0.202722
-0.479271
0.362054
0.0482179
0.209098
-0.0815065
-0.0873507
-0.256607
-0.229551
-0.0611428
0.188565
0.373577
-0.225744
0.19172
0.25205
-0.267376
-0.12895
-0.0622993
-0.269856
0.427836
0.35467
0.573215
-0.0886369
0.508458
-0.260551
-0.0242481
0.394755
0.163831
0.227499
-0.45131
-0.456619
0.565953
-0.162681
0.18712
0.152965
-0.822929
-0.190467
-0.176175
-0.0796039
0.0220207
0.24575
0.444742
0.413516
0.562599
-0.10758
-0.0681366
-0.144589
-0.0426153
-0.334533
0.423257
0.520771
-0.0338397
-0.0753485
0.420283
0.271569
-0.104864
0.134883
0.475568
0.420911
-0.0098283
-0.0190976
-0.242615
-0.0370071
0.494783
0.427456
0.148449
-0.207861
-0.071447
0.00326104
0.207318
0.476258
0.326644
-0.265376
0.0494144
0.284814
0.0694937
0.312307
-0.0874913
0.585488
0.0772518
-0.0269793
-0.116909
0.380126
0.366448
-0.0863065
-0.13863
0.278741
0.215204
0.311962
0.00984119
-0.145936
0.203525
-0.2862
-0.00895913
-0.0122458
-0.0914611
-0.455697
0.112432
-0.285767
-0.205635
0.0826898
-0.0275427
0.32449
-0.196628
-0.139238
-0.423527
-0.261556
0.163812
-0.312695
-0.275909
0.293553
-0.113237
-0.211102
0.0144988
0.434499
-0.149781
0.123907
0.339727
0.305002
-0.402359
-0.411213
1.13351
0.522784
0.320816
0.289776
-0.194901
-0.143306
-0.0168763
0.0564009
-0.129796
-0.136995
-0.103259
0.134234
-0.271915
0.132698
0.165703
0.0614287
0.214583
0.0318041
-0.246964
-0.462247
-0.212127
0.322847
0.377958
0.342986
-0.420273
0.372388
-0.0144813
-0.0436478
-0.216334
0.112703
0.283659
-0.128391
-0.00104299
0.0737505
-0.290775
0.318478
-0.0297911
0.0195811
0.150988
0.131264
-0.169581
0.0708672
0.477318
-1.09564
-0.24855
0.0609551
-0.399253
0.569908
-0.00788232
0.188445
-0.254665
-0.145529
-0.132135
-0.399301
0.500761
-0.198623
0.100858
0.0533477
0.0935271
-0.151722
-0.0481265
0.211279
-0.274077
-0.067859
-0.141119
0.336153
-0.317406
-0.345879
-0.261974
0.0618324
0.117841
-0.0599925
0.00262182
0.229417
-0.273328
-0.215275
0.360195
-0.403959
-0.179876
0.180241
0.445058
-0.178612
0.297344
0.0991132
-0.293564
-0.465459
-0.871158
-0.37246
-0.31815
-0.303867
0.552257
-0.00303382
-0.115038
0.22219
-0.21828
-0.0842898
0.259605
-0.399422
0.101562
-0.194002
-0.0832665
0.481917
0.376838
-0.363204
-0.33207
0.156894
0.143638
-0.291306
0.296664
0.406477
-0.287977
0.0580571
0.349931
-0.399002
0.116774
-0.0458738
-0.50092
0.240973
0.0112979
0.15297
0.376421
-0.326341
-0.188312
-0.465309
-0.204702
0.116344
0.25099
-0.188911
0.273212
0.0635957
0.237052
0.477367
0.565212
0.297113
0.251867
0.475079
0.4008
0.327299
-0.310688
-0.501124
-0.193316
0.237561
0.213759
-0.031497
0.0626115
-0.0653275
0.111029
-0.261618
-0.063399
-0.242819
0.199177
0.0267376
-0.0653983
-0.366894
-0.456467
-0.480925
-0.298442
0.509706
-0.391661
0.477181
0.147247
-0.0858034
-0.420889
-0.149103
-0.224309
0.337396
-0.403873
0.286851
0.380998
-0.391149
0.116659
-0.488461
0.0497007
-0.381045
0.115361
-0.188241
-0.244941
-0.481176
-0.0165718
-0.215449
0.0287301
0.189399
-0.327779
0.486446
0.182359
-0.240068
0.362542
-0.368449
0.569779
-0.2633
-0.354754
-0.317634
0.228851
0.527833
-0.387891
-0.0772715
-0.382256
-0.325414
-0.460541
-0.244184
0.336889
0.0402794
-0.28298
0.270177
-0.211895
-0.289195
0.249292
0.252944
0.326938
0.550418
0.28123
0.222172
-0.188144
-0.367206
0.0443722
-0.417629
-0.163521
0.4018
-0.125619
0.48194
0.152119
0.440565
0.314542
-0.314652
-0.0153488
0.0560046
0.414738
0.430352
0.263988
0.149131
0.403014
0.0854386
-0.303925
0.0228994
-0.0637048
0.302207
0.303946
0.437165
-0.382127
0.54845
-0.390394
-0.441449
0.26122
-0.350276
0.198726
0.322113
0.248164
-0.275549
-0.353965
-0.448152
-0.06885
0.413202
-0.0119537
0.182318
0.439697
0.261739
0.477157
0.485616
0.0551388
-0.183478
0.00883332
-0.023729
-0.00517823
0.310596
0.293229
-0.215717
-0.350117
-0.236369
0.306542
0.247505
0.0278541
0.268399
0.241728
-0.207825
0.00635042
0.237561
0.445051
0.420671
0.0326234
0.358522
0.133496
0.341831
0.393838
-0.131875
0.375602
-0.284791
-0.378815
0.0525346
0.00635142
0.300306
-0.152414
0.287461
-0.20651
-0.00737514
0.376914
0.402623
-0.0937046
-0.301929
0.40802
0.128183
0.210216
-0.0673262
0.118322
-0.528732
0.0081201
-0.151269
-0.190236
-0.278708
0.395923
-0.137964
0.278292
0.206586
0.0821263
0.302749
-0.292543
0.351682
-0.219183
0.214008
0.169788
-0.292614
0.328257
0.30135
-0.0237149
0.000684401
-0.363706
-0.213001
0.294994
0.329487
0.452768
-0.144657
-0.113124
-0.106762
-0.364752
-0.0931197
-0.377447
0.22182
0.356031
0.429668
0.50669
0.0670798
-0.0667192
-0.00855291
-0.222536
-0.423952
-0.040722
0.0634657
0.076398
-0.537224
0.0613599
-0.016194
-0.33739
-0.362657
-0.0228381
0.231685
-0.397571
-0.281795
-0.0173626
0.142524
0.084172
0.167949
0.384765
0.393183
0.391732
0.348801
0.504565
0.418651
-0.272926
-0.245229
-0.320043
0.00854848
0.503499
-0.384178
-0.286895
-0.236937
-0.277775
0.432883
-0.259279
0.30102
-0.380261
0.145836
-0.229162
-0.888861
-0.30593
-0.197297
0.515165
0.0477222
-0.148562
-2.35005
-2.89875
-0.755563
-0.279339
0.0188787
-0.0686928
0.0490613
-0.0382518
-0.0298347
-0.275261
0.0178464
0.308541
-0.147898
-0.126806
0.233624
-0.039727
-0.0039528
-0.0409305
-0.192923
0.42228
0.0963836
0.267241
0.26235
-0.249141
-0.271332
-0.00209807
-0.00898348
0.0449925
0.287062
-0.0839112
0.158488
0.329443
-0.213071
-0.130371
0.347894
0.425508
-0.30582
-0.373436
0.255232
0.574699
0.134549
0.458331
0.279122
-0.0627418
0.0950238
0.370812
-0.298447
-0.301327
-0.118699
-0.155495
-0.206586
0.227847
0.402102
-0.0714912
0.406622
-0.016417
0.407582
0.416344
0.0146261
-0.0954314
0.269359
0.294313
0.407974
0.139082
0.285856
-0.507299
0.355193
0.203286
0.172519
0.360978
-0.141654
-0.43975
-0.234675
-0.288146
-0.149871
-0.00364989
-0.472681
0.0391297
0.460758
-0.458834
-0.363145
0.0359621
-0.0522161
-0.140226
-0.127389
-0.329261
0.232628
-0.306618
-0.209706
-0.160979
0.437932
-0.348565
0.0467048
0.494418
-0.438626
-0.0417434
-0.236175
0.15494
-0.431971
-0.393051
0.0723571
0.187199
-0.347569
0.0369274
-0.232004
0.243326
0.35332
0.432453
-0.115926
0.00409338
-0.42294
0.0740139
-0.278988
-0.105108
-0.446077
0.14882
-0.366009
0.286845
-0.184003
0.00400059
-0.0996734
-0.230151
0.383382
0.565469
0.419213
0.0896586
0.10945
0.157961
-0.0215229
0.477391
0.0598249
0.233195
-0.0896417
-0.323128
-0.401464
0.223924
0.30463
-0.0614604
-0.284286
-0.0880316
0.0834453
-0.382646
-0.00135156
-0.065108
-0.167199
-0.283182
0.0498577
0.372708
-0.162633
0.00598319
-0.36715
-0.215235
0.138877
-0.408157
-0.297383
0.190017
-0.370385
0.0121137
-0.394277
0.256506
-0.483511
0.153417
-0.0295565
-0.208027
-0.423151
0.190957
0.299357
0.235234
-0.367732
-0.0505928
-0.518079
0.303648
0.37185
0.0966071
0.0632549
-0.103486
0.556768
-0.306268
-0.488015
-0.262405
-0.214331
-0.484613
0.322532
0.382795
0.268282
-0.548901
0.0725859
-0.461119
0.167576
0.405927
0.250906
0.00946386
-0.542807
-0.0935599
0.169988
0.0979847
-0.384591
-0.518593
0.338664
-0.0456402
0.0417453
-0.163077
-0.364509
-0.174242
0.230697
0.461488
0.232136
0.361222
-0.0972559
-0.107019
0.1834
0.00504184
-0.572575
0.0819996
0.0175664
-0.552001
-0.0358042
0.106789
-0.153618
0.631044
0.16067
-0.367665
-0.49174
-0.372586
0.0362048
0.372571
-0.239664
0.111798
0.444711
-0.287996
0.417526
0.381103
-0.0998373
0.241629
-0.133884
-0.0915104
-0.189362
0.377037
0.349825
0.0886742
0.381709
0.430888
0.164963
-0.309349
0.390784
-0.121057
0.457886
-0.252534
0.463288
0.128972
0.290093
-0.367186
-0.156854
-0.0945319
-0.350073
0.205353
-0.158821
-0.194931
1.1507
0.982305
-0.193979
0.314708
0.238569
0.206726
-0.261045
0.201401
0.261535
-0.376464
0.28482
-0.109631
0.00145593
-0.398267
-0.319889
0.0766431
-0.0125858
0.284057
-0.146455
-0.258449
-0.264123
0.277917
-0.00663772
-0.421629
0.276013
0.232051
-0.0881382
-0.227978
0.163564
0.223124
-0.0029849
-0.0315441
-0.160048
-0.267384
-0.185935
-0.153025
0.389127
0.333456
-0.365984
0.109975
0.0212084
-0.00371421
0.335713
0.176436
-0.0744212
-0.134853
0.00169958
0.216446
0.259495
0.683498
0.134556
-0.224451
-0.314565
-0.164684
0.00708505
0.02698
0.379672
0.244473
0.153644
0.165873
0.144709
0.049831
-0.00669096
-0.315174
-0.456649
-0.195871
-0.138075
0.361732
0.373479
0.0785317
-0.196544
-0.0179654
-0.346148
0.250184
0.130795
-0.187656
0.168157
-0.0862543
0.131851
-0.609654
-0.46593
-0.147153
0.0674017
-0.0194893
-0.0811199
0.268991
-0.393469
0.205729
0.334728
-0.491717
-0.534158
0.352894
0.298243
-0.507405
-0.351529
0.335324
0.18743
0.3173
-0.212996
0.246342
0.01492
0.176946
0.0634781
-0.334258
0.13745
-0.565591
-0.219073
-0.432916
-0.108969
-0.377151
-0.433414
-0.354055
-0.401245
0.0430235
-0.058391
-0.409581
0.0653804
0.127809
-0.5574
-0.613051
-0.141281
0.10353
-0.03469
-0.367704
0.36421
0.13433
-0.204135
0.2193
-0.482656
0.0675237
-0.404173
-0.188643
-0.0612088
0.246189
0.240362
-0.405159
0.456278
0.209462
0.209041
-0.315792
-0.0840621
0.139976
-0.0461412
-0.279775
-0.0344126
-0.479972
0.176454
-0.34701
-0.186939
-0.508785
0.33449
-0.126127
-0.416264
-0.0732961
-0.375352
0.191274
-0.217433
0.0606942
-0.357175
-0.42926
0.0708088
-0.313782
0.332807
0.016102
-0.376865
0.337896
-0.382651
-0.00132539
-0.0439734
0.00950566
-0.00683896
0.0684559
0.471775
-0.153598
-0.342341
0.537859
0.494202
0.0553474
0.220296
-0.033799
-0.175764
-0.208337
-0.389448
0.464064
-0.160198
0.538616
0.0183102
0.463743
0.466977
-0.0687328
0.456267
0.422221
0.11663
-0.136323
0.513435
0.247666
-0.273705
-0.0426174
0.447022
0.385365
0.535469
0.0836906
0.362422
-0.242751
-0.139222
0.333383
0.438919
-0.0201664
-0.20333
0.306079
-0.0492834
-0.266836
0.040453
0.0248143
0.215874
-0.0786467
0.149418
-0.11524
-0.110511
0.273004
0.0540099
0.158362
-0.114776
0.305683
-0.313341
-0.169533
-0.25607
0.0653736
-0.139716
0.311218
0.379912
-0.0545533
0.127473
-0.226464
-0.0801192
-0.153321
-0.171145
0.56215
0.292944
0.145572
-0.64041
0.0952417
-0.0754944
0.352729
0.227566
-0.532074
-0.507304
0.465931
-0.458835
0.111583
-0.224772
0.219728
0.0358225
-0.39647
0.2598
0.284016
0.246608
0.27872
-0.00650766
-0.41861
-0.578691
0.457738
0.563741
0.0558109
-0.457538
-0.254856
0.037785
-0.156905
0.12901
-0.450027
0.403134
0.182427
0.966821
0.242745
-0.365928
0.295214
0.164556
-0.205512
-0.0245721
-0.217143
0.366284
0.302588
0.270171
0.276679
0.160876
-0.445032
-0.144476
0.216035
-0.451561
0.27298
0.273889
-0.664912
-0.344443
-0.214772
0.199898
-0.161804
-0.214494
0.578203
0.0930654
0.0465074
0.380972
0.211553
0.264278
-0.228297
0.457147
0.446024
0.400211
0.111446
0.338609
-0.00161601
-0.420112
-0.369117
-0.405725
0.248445
0.0773055
-0.160433
-0.148858
-0.00804545
-0.341022
0.0911256
0.4942
-0.567341
0.119548
-0.396283
-0.066941
0.100869
0.2831
-0.3814
-0.100078
-0.135538
0.217736
0.361569
0.173182
0.187377
0.0463511
-0.484346
0.162884
-0.259805
-0.0609742
0.172624
0.113952
-0.468657
0.0964528
0.388795
-0.208195
-0.587011
-0.256749
-0.342563
0.226211
-0.285449
0.457855
0.405007
-0.399057
0.158233
0.0338989
-0.182668
0.214344
-0.304717
0.219408
-0.120386
-0.201933
-0.496
-0.091983
0.225614
-0.251619
0.231942
0.455119
0.0631998
0.262612
0.255618
-0.310508
-0.25325
0.28987
-0.229335
0.436189
-0.457271
0.193766
-0.183562
0.238715
0.279597
-0.00429557
0.119855
0.209063
-0.161265
0.447228
-0.407087
0.414472
0.36534
0.288186
-0.227976
-0.329763
0.243288
0.38187
-0.108472
-0.36748
0.332265
-0.252401
-0.105463
0.42988
-0.402727
-0.188789
0.510613
0.084584
-0.0323554
-0.116705
-0.148903
0.0487793
0.354496
0.41112
0.314986
-0.398564
-0.0311494
-0.0381187
-0.278801
-0.375919
-0.0443364
0.173711
0.139135
0.465991
-0.378578
0.523617
0.366073
0.378468
0.473775
-0.0990069
0.185313
0.397496
0.37467
0.496173
-0.0362606
-0.0670856
-0.511175
-0.3382
0.192436
-0.393503
0.404432
0.414727
-0.360991
0.023104
0.0546925
0.324458
0.513211
-0.13441
0.648794
-0.323757
0.444699
-0.287589
0.0284453
0.680504
0.0197869
0.287347
-0.185492
0.216348
-0.527742
-0.324267
-0.138809
-0.261734
-0.164696
-0.0222136
0.0695687
-0.167618
-0.248675
0.135887
0.436319
0.348563
0.327253
0.356956
0.190453
0.203744
-0.00672883
0.282264
0.234457
-0.115333
0.0162413
0.0886726
0.273031
0.258084
-0.49698
0.105472
-0.0447782
0.250318
-0.291091
-0.505424
0.14319
-0.227095
-0.12484
-0.432889
0.294394
-0.140237
0.413923
0.336547
-0.101447
-0.0282006
0.0854846
-0.272386
-0.147302
-0.428293
-0.274477
-0.0176709
-0.0547231
0.180382
0.0280116
0.435112
0.128622
0.430535
0.481567
0.298047
-0.313723
-0.475989
0.354578
-0.242433
-0.0137221
-0.57777
-0.229931
-0.242374
0.171193
0.0123868
-0.0436866
0.0303262
-0.464636
-0.252168
-0.225816
0.209189
-0.0972607
-0.199679
0.40383
-0.227903
-0.0971059
0.378598
-0.285495
0.281786
0.420361
-0.25438
0.314814
-0.0969104
-0.363779
0.081565
0.152335
0.639524
0.271211
0.201629
0.438712
0.298993
-0.050111
0.192487
-0.224465
-0.571977
0.264426
0.417173
0.270997
-0.529191
0.151927
0.0637101
0.175319
-0.0657861
0.72776
0.094463
0.0874772
-0.208426
0.320295
-0.185393
-0.386436
0.393182
-0.00395592
-0.283561
-0.109304
0.349279
-0.0261698
0.369217
-0.387265
-0.358101
-0.119378
-0.0232044
0.0455029
-0.0346476
0.162921
0.528135
0.122031
0.0333037
0.063138
-0.193141
0.556535
0.191857
0.60174
0.348148
0.212262
-0.127364
-0.0846644
-0.0402371
-0.1225
0.116102
-0.173856
0.0199342
-0.343944
0.21025
0.210742
-0.46901
0.440939
0.0349013
-0.0289308
0.181203
0.626857
-0.257861
0.245962
-0.350696
0.268143
0.181799
0.315283
-0.382893
-0.145247
-0.0285311
0.0134514
0.172905
-0.395819
-0.00653075
-0.259716
0.325168
-0.360393
0.309121
0.0612957
-0.382033
0.0289931
0.13915
-0.346056
-0.110452
0.262354
-0.545962
-0.307714
-0.0179392
-0.722586
-0.10268
0.407575
-0.4971
-0.487663
-0.17484
-0.0290755
-0.213594
0.0023797
-0.399958
0.396716
-0.388612
0.47423
0.186154
0.276108
-0.237762
-0.173632
-0.446467
0.430932
-0.128692
-0.415736
0.441803
0.360969
-0.266831
0.146823
0.376452
0.491168
-0.374853
0.008953
-0.189578
0.13585
-0.264531
-0.060085
0.425999
-0.0195815
-0.119881
0.392865
0.359197
-0.394975
-0.593961
-0.203937
-0.330958
-0.194364
0.0612999
-0.0915585
0.0105405
0.278158
0.246205
-0.466655
-0.30351
0.00878892
-0.460813
0.322973
0.0169323
0.22468
0.287075
-0.520127
0.311729
0.302382
-0.445816
-0.0981806
0.200655
-0.00889171
-0.106798
-0.286312
0.0553091
0.293152
-0.0546329
0.044482
-0.348526
0.214397
0.327993
-0.247264
-0.227444
0.200755
0.20721
0.198331
-0.295903
0.266675
0.376327
-0.0798448
0.0492157
0.319079
-0.180489
-0.186933
0.321345
-0.245228
0.0591343
0.101675
0.070215
-0.139625
0.0217027
0.397874
-0.217848
0.317216
-0.213233
-0.0871633
-0.32635
0.292288
-0.309941
0.382228
-0.0456249
0.297945
-0.174162
-0.484758
-0.522494
0.223199
-0.172352
0.481671
-0.180913
0.244324
0.280292
0.299834
-0.250392
0.248274
0.198189
-0.0433739
-0.243698
-0.388139
0.192377
-0.411266
0.0815984
-0.25578
-0.450891
-0.193012
0.434649
0.264671
-0.534752
0.107179
-0.451666
0.120475
0.2161
-0.0824276
-0.058225
-0.375832
0.282328
-0.25774
0.18404
-0.210296
0.161655
-0.102049
0.0433006
-0.0479429
0.38169
0.279339
0.0470571
0.0427876
-0.502031
0.356259
-0.432228
0.351428
-0.479824
0.341335
-0.387095
0.282425
-0.0606711
-0.111739
-0.0654264
0.386563
0.268492
0.111513
0.101074
0.316287
-0.230402
0.186951
-0.358361
-0.297907
-0.145329
-0.414876
-0.361676
-0.358837
0.0973255
0.163599
-0.296984
-0.133072
-0.363294
-0.290639
-0.344723
0.0433473
-0.0542114
0.357328
-0.704948
-0.208983
0.201966
0.443348
0.18709
-0.371522
-0.0329635
0.358746
-0.423712
-0.549514
0.105888
0.141469
-0.245415
0.109696
0.498051
0.412118
0.312457
-0.328668
0.34271
0.0762071
0.068083
0.0358499
-0.219971
0.254169
0.0176404
-0.107874
-0.295988
0.184977
-0.50317
0.49204
-0.532812
-0.209686
-0.278197
0.321401
-0.771257
-0.0124676
0.156867
-0.0262512
-0.154754
0.312003
0.383616
-0.172633
0.325426
0.443353
0.305724
0.241242
-0.419204
-0.170046
-0.40387
0.36398
0.124869
0.409698
0.113665
-0.289054
0.226085
0.511066
-0.23232
0.213189
0.541824
0.0643094
0.308845
-0.366201
0.160994
-0.327376
-0.465421
-0.151303
0.17389
-0.336569
-0.44061
-0.178928
0.0594554
-0.167479
0.0123897
-0.188095
-0.237584
-0.209905
0.0062461
0.230588
-0.935568
-0.356094
0.485648
0.125575
0.285996
0.0426723
-0.192987
-0.379498
-0.12898
0.295746
-0.289832
-0.21238
0.101316
0.111178
-0.151188
0.111156
-0.296579
0.18009
-0.0574966
0.677896
-0.110785
-0.122525
-0.228569
-0.0868346
0.163748
-0.230025
0.0336043
-0.188564
0.00890965
-0.385751
-0.0331539
0.421294
-0.0991823
-0.207719
0.373083
0.0605394
0.343424
0.383665
-0.147364
0.0799811
-0.182716
0.327515
0.323801
-0.236828
-0.447462
0.0798104
0.23741
-0.535153
-0.0356844
0.499615
0.182855
0.0942074
-0.149346
0.446197
-0.353819
0.242778
0.166704
-0.243346
0.0619573
-0.363913
0.10755
-0.059118
-0.128991
0.659376
-0.236013
-0.338626
-0.387744
-0.550075
0.103739
-0.315672
0.395457
0.179032
0.0378745
-0.519955
-0.0983244
0.556421
0.127381
0.168838
-0.208007
-0.444473
0.0402211
-0.123858
0.442457
-0.256788
0.302107
-0.479105
0.059206
0.370575
-0.0470388
0.25251
-0.191761
-0.217933
-0.0596691
0.017408
-0.26293
0.151217
0.323101
-0.227119
0.2466
-0.423315
0.113559
0.0494199
-0.0610927
-0.327643
0.170721
0.245306
0.378126
0.604771
0.280045
-0.384583
-0.511464
-0.444309
-0.288105
-0.432428
-0.334657
0.481241
-0.199833
0.165103
-0.111689
0.324278
0.145981
0.155935
-0.403962
-0.264074
0.164762
0.472611
0.114084
-0.288245
0.551227
0.262647
0.445022
-0.134721
0.775537
0.449853
-0.087825
-0.344942
-0.210819
-0.105054
0.370007
-0.0589416
0.312498
0.368335
0.132778
-0.175244
0.0669145
-0.0455489
0.42475
0.0428313
-0.097897
-0.250546
0.54397
-0.678826
-0.211279
0.245953
-0.0708004
0.0030041
-0.160117
-0.394246
0.223074
0.474821
0.294338
-0.2694
-0.448158
-0.218453
-0.481071
0.0195143
0.269941
-0.29363
-0.0803532
-0.336902
-0.434799
-0.534052
-0.430304
-0.420353
-0.51525
-0.146407
-0.644186
0.300464
0.273845
-0.0564738
0.192447
-0.165138
0.289077
-0.0466382
-0.591772
0.280256
0.130181
0.00763843
0.185793
-0.273731
0.251117
0.118434
-0.333474
-0.510213
0.121619
-0.232702
0.0114837
-0.212652
-0.367312
-0.150698
-0.12549
0.362007
0.0203536
-0.402939
-0.223557
0.181529
-0.288466
0.105018
-0.14581
0.25761
-0.441196
-0.267482
0.428604
-0.0992503
-0.22202
0.251019
0.116875
0.0478599
0.0583749
-0.0886236
-0.51175
0.231914
-0.185513
-0.739774
-0.474796
0.477811
-0.262831
0.0998533
0.285006
0.30671
-0.154388
-0.21111
0.215308
-0.108822
-0.233728
0.0685258
-0.0160895
-0.497006
-0.308797
0.461735
-0.106644
0.351158
-0.343848
0.232307
0.234658
0.173349
-0.103485
0.373144
-0.212315
-0.00247965
-0.205984
0.218348
0.0242721
-0.099431
-0.539189
-0.147394
0.0386604
-0.0498388
0.00309009
-0.455398
0.181732
-0.113063
0.441938
0.514681
0.327121
-0.123842
-0.73376
0.406163
0.353918
0.0565015
0.294834
-0.338384
-0.410826
0.0223293
0.441021
0.278262
0.546783
0.00821097
-0.21177
-0.240484
-0.541615
0.0876095
0.319689
-0.248522
-0.429344
-0.343301
0.292633
0.290921
0.216512
0.264482
-0.497356
-0.140069
0.46966
0.292083
0.511445
0.352342
0.256466
-0.463637
0.0413357
-0.530723
0.0111643
0.0662599
0.356805
-0.0649251
-0.306917
-0.407652
-0.190249
0.269987
0.38526
0.260271
-0.0760585
0.504491
0.417835
0.348486
0.252201
0.313881
-0.412934
0.364265
-0.060493
-0.186821
0.303837
0.28888
0.172311
0.254492
-0.270399
0.313458
-0.481157
-0.61836
0.159599
0.377911
0.216008
-0.343825
-0.326955
0.377831
0.247324
-0.185968
0.158573
0.285803
0.450978
-0.0308766
0.0735797
0.0579867
0.00449165
-0.210274
0.194736
0.409377
0.256181
0.176202
-0.211948
0.394504
0.0529256
0.012926
-0.0631521
-0.329191
-0.165129
0.450726
-0.336168
0.361109
-0.0705422
0.07439
-0.327467
0.160006
0.0900222
0.546482
-0.168736
0.0751502
0.021275
-0.184524
-0.144739
-0.0812498
-0.3694
-0.522544
0.0205089
0.364968
0.0200728
-0.235663
-0.150193
0.463746
-0.303477
-0.365677
0.00134574
0.423902
0.470448
0.124503
0.278822
0.300159
0.269434
0.17842
-0.253864
0.398808
-0.078559
-0.283685
-0.0922948
-0.046413
0.448103
-0.466533
-0.616746
-0.380119
0.28412
0.269986
0.191297
0.417617
-0.389578
-0.475204
0.202992
-0.123199
0.2481
0.103224
0.330455
-0.109808
0.137279
0.475563
-0.215661
0.288097
-0.261322
0.588553
-0.217882
-0.273765
0.11902
-0.200554
-0.259596
0.0426794
-0.159818
-0.350433
0.363094
0.449213
-0.319186
0.301781
0.417424
0.344583
-0.482934
-0.336397
-0.252366
-0.510221
0.322009
-0.186686
0.41033
0.081885
-0.0540223
-0.449031
0.22491
0.0628958
0.070887
0.113146
0.366987
0.216775
0.139379
-0.316159
-0.139543
-0.318588
-0.512653
0.187599
0.490931
0.39353
-0.277719
0.220155
0.0654453
0.275898
0.391604
-0.39507
0.376544
-0.464468
-0.314147
0.262367
0.100625
-0.233188
-0.21095
-0.418085
0.12677
-0.529291
-0.267502
-0.156012
-0.169816
0.0430571
0.213204
-0.516883
-0.0656125
0.00618366
-0.39264
-0.371643
0.159995
-0.565424
-0.168552
-0.274572
0.151649
-0.542061
-0.372544
0.0769217
-0.125222
0.0440392
-0.146253
-0.329723
-0.051026
0.25983
-0.0661939
-0.291919
0.403834
-0.0626122
0.0869821
0.413471
0.270539
-0.386733
-0.156337
-0.515647
0.307302
-0.335829
-0.588181
-0.00506675
-0.320728
0.0861314
0.244303
0.17264
-0.261036
-0.0257438
-0.0837829
-0.278426
0.427156
0.381996
-0.26167
0.229645
0.0598443
-0.191446
0.31443
-0.208891
0.4131
0.257984
-0.0656396
-0.430752
0.455617
-0.223084
-0.341158
0.372862
-0.174309
0.261801
-0.0856792
0.414562
-0.235583
0.441918
-0.131558
-0.0798646
0.15678
-0.147017
0.137635
-0.0739024
0.325683
0.542128
0.0749674
-0.115925
0.168378
0.563777
0.15009
0.494485
0.194609
-0.370606
-0.363151
0.396703
0.311548
0.466515
-0.283361
-0.276162
-0.396447
0.168453
0.142749
-0.144261
-0.434611
-0.421259
-0.172189
-0.391471
-0.277446
-0.00873773
0.280012
-0.30566
0.160474
-0.372963
0.614278
0.269889
-0.21034
0.167104
0.32535
0.143909
0.325219
-0.209502
0.0323797
0.286456
0.0273999
0.155156
0.418147
0.533035
0.0426483
0.381363
-0.443615
0.148458
0.0245936
0.111274
0.245819
0.403722
-0.176417
-0.206491
0.234122
-0.447834
-0.48956
-0.0456366
0.397923
-0.285039
-0.0472551
-0.343028
-0.203903
0.195032
-0.087468
-0.437292
0.357121
-0.0722569
-0.325812
-0.0181661
-0.339815
-0.292734
-0.136276
0.195817
-0.344091
-0.0980405
0.372451
-0.0259469
0.357592
0.466533
0.202275
0.169246
-0.440946
0.48073
-0.228748
-0.135535
0.156382
-0.187919
-0.250647
-0.282592
0.183781
0.16529
-0.36452
0.129247
0.485453
0.12049
0.156879
-0.157768
-0.182912
0.349991
-0.182804
0.303246
0.051912
0.248448
0.361656
0.23593
0.549563
0.271237
-0.251059
-0.0696027
0.00215965
-0.341592
-0.249156
0.120304
0.118492
-0.443111
-0.529199
-0.123676
-0.336511
-0.300078
-0.0729324
-0.132772
0.307642
-0.104879
0.162028
-0.306037
-0.174651
0.426861
-0.186557
0.408976
0.268411
-0.240345
-0.280636
-0.0176123
-0.118633
0.19423
-0.215697
0.146287
0.549891
0.154912
-0.110823
0.456094
0.464546
0.536658
-0.297121
0.319209
0.0334907
-0.454023
-0.012518
0.557635
0.0829416
-0.272009
0.122181
-0.0340408
0.0752997
0.498424
0.122597
-0.402126
-0.179185
0.254905
0.460855
-0.351956
0.170608
0.344557
-0.198213
-0.0168797
0.0943752
0.307183
-0.389214
0.48707
0.542903
0.191137
-0.201657
0.32525
0.0245685
0.105045
0.148742
0.487789
0.0889797
0.224713
-0.124057
-0.417711
0.34805
0.158252
-0.0838264
-0.31725
0.193557
-0.296196
0.346074
-0.125561
-0.120711
-0.0233554
0.0778328
-0.0443243
-0.364393
0.405896
0.424863
0.363132
0.136916
-0.284289
0.283633
0.021024
-0.0186556
0.279134
-0.374687
-0.0949147
0.380998
-0.224193
0.0939609
0.136645
-0.441835
0.134966
-0.285002
-0.173801
-0.0645866
-0.319464
-0.300777
0.164565
0.439678
-0.438355
-0.154528
-0.0551976
0.37613
0.127915
0.102725
0.0779305
-0.259061
0.0734673
-0.323266
-0.39492
-0.078537
0.340077
-0.381316
-0.119464
-0.159781
0.122847
-0.275672
0.350769
-0.104917
0.416701
0.149525
0.359349
0.532423
0.241408
0.0638847
-0.209959
0.340825
0.223099
-0.0697748
0.0134632
0.308132
0.386429
-0.207637
0.0747431
0.0177296
-0.560722
0.428813
0.0335375
0.415728
-0.0428763
0.272596
0.541701
-0.441411
-0.206008
0.523571
-0.391396
-0.368532
0.321579
0.527525
-0.313191
-0.0453407
0.256955
0.22351
0.446508
0.468561
-0.534714
0.31786
0.00549769
0.119592
-0.376924
-0.063507
0.0844893
0.471018
-0.378078
0.371439
0.239139
-0.0960593
0.0566502
0.218846
0.465388
0.401931
0.0525027
0.365982
-0.157948
0.0468056
0.271329
0.214745
-0.0651395
0.254821
-0.423381
0.277489
-0.00871435
-0.250803
0.0257728
0.336249
-0.114031
0.0830734
0.338141
0.129378
-0.343118
0.410097
0.187987
-0.237758
-0.229448
0.0156302
-0.0424016
0.11335
-0.0166963
0.19812
0.288507
0.08918
-0.13245
-0.382749
0.185816
-0.147518
0.0291562
0.160644
-0.119461
-0.161067
-0.495939
0.343499
-0.275311
-0.0657004
-0.217485
0.356571
0.546139
-0.468125
0.51986
-0.189589
0.140398
-0.133235
-0.258649
0.492179
-0.042382
-0.0266154
-0.0996492
-0.132771
-0.426769
0.221577
0.23057
-0.0545202
0.0485643
0.249604
-0.014745
0.32183
0.652896
0.498638
-0.0167165
0.462504
0.188574
-0.258095
-0.243484
0.137456
0.31628
-0.584867
-0.250466
-0.229172
0.363825
0.432211
-0.2234
-0.0100897
-0.0713131
-0.0952228
0.0469811
-0.0168779
-0.0544855
0.0301133
-0.264046
0.10801
0.297695
0.431229
0.131322
0.0384983
-0.0147398
-0.331472
0.0668452
0.0867731
-0.377258
-0.194861
-0.12069
0.28746
0.103526
0.137106
0.237181
0.477955
0.333278
-0.146738
-0.161827
-0.335242
0.252609
-0.418837
0.134294
0.376944
-0.450568
0.231828
-0.0656017
0.292407
-0.041706
0.0515686
0.147837
0.298608
-0.113224
-0.0154562
-0.0989374
0.38517
0.165761
-0.167504
-0.557586
0.0819597
-0.435442
0.479662
0.117371
0.580679
0.332457
-0.298068
0.171381
-0.0515983
-0.477014
-0.0799017
0.256186
-0.188061
0.146309
-0.434732
0.557182
0.228863
0.032944
0.060797
0.302268
-0.144589
0.0751889
0.326831
0.19743
-0.138261
0.194697
0.356598
-0.287346
0.397022
0.387433
0.2163
-0.124333
-0.138506
0.55825
-0.067526
-0.257005
0.336152
0.136599
-0.0661259
-0.275208
0.268392
0.425998
-0.205361
0.0813461
0.316029
-0.0834069
-0.0222547
0.180576
0.0627019
0.0240099
-0.544306
-0.301448
-0.0395996
0.309308
-0.100856
0.449451
0.379055
-0.0107413
0.363153
0.375585
0.537981
0.0610852
0.145025
0.358107
0.297083
0.22313
0.170239
-0.377014
-0.325986
0.208683
0.414036
-0.257736
0.149828
-0.344519
0.349697
0.197963
0.0260806
-0.0542852
-0.0417431
-0.323093
-0.0838449
0.103254
-0.342021
-0.264893
-0.310139
-0.375491
-0.0894773
0.408374
-0.290844
-0.297809
-0.164108
0.353016
-0.384735
-0.453875
0.187427
-0.427854
0.0528307
-0.286524
-0.150766
-0.277148
0.247619
-0.465612
-0.455273
-0.240549
-0.484803
0.381832
0.143925
-0.458123
-0.380644
-0.475931
-0.0310947
-0.00688875
-0.424353
0.265815
-0.0986599
-0.449069
-0.289733
0.313905
-0.0903121
-0.270468
0.233747
-0.138182
0.210778
-0.125896
0.0186278
-0.632799
0.00850698
0.259013
-0.0679453
-0.121708
0.038764
-0.877399
0.371237
-0.303861
0.100977
-0.0194156
0.247245
-0.216159
0.513703
0.581332
0.141096
0.256585
-0.505165
0.00275068
0.321348
-0.0491783
-0.327991
-0.266267
0.160288
-0.312693
0.102594
0.0900647
-0.246257
-0.0529234
0.667861
-0.291245
0.034778
0.524568
-0.264714
0.362632
0.0110588
0.278794
0.598184
-0.287834
