#input normalization
0.161144 0.272755
16.9015 25.8238
11.0726 31.5069
9.06263 28.918
0.0117746 0.0365318
0.00970807 0.0310855
1 -1
0.823511 1.27769
1.05267 1.47112
1.29982 1.67897
1.57855 1.87949
1.86027 2.06281
2.12999 2.22636
2.39629 2.3791
2.64341 2.50023
2.87854 2.5868
3.10678 2.64299
3.33733 2.65248
1 -1
1 -1
#output normalization
1 0
#neurons weights
0.236761
-0.393842
-0.169432
-0.11892
0.28346
0.11603
0.432424
-0.148631
0.380422
-0.188016
-0.132067
0.00202776
-0.0350502
0.458034
0.430079
0.190131
0.269514
-0.0336659
0.237139
-0.431443
-0.17866
-0.290947
0.260454
-0.150657
0.788161
-0.479683
0.0997307
0.581679
0.23187
0.571538
0.132081
0.387686
-0.480727
1.05101
-0.110366
-0.916395
0.730176
-0.344231
0.284555
0.440148
-0.450355
0.511586
0.394676
0.370125
0.130081
-0.0194066
-0.583147
-0.370811
-0.263283
-0.330465
0.221315
0.225824
0.437291
0.135118
0.748789
-0.0222149
-0.213509
-0.619032
0.00739277
-0.228177
-0.0428009
0.633104
#synapses weights
0.231334
0.725804
0.516565
-0.367553
-0.406783
0.121454
-0.281028
0.725891
0.133058
0.486132
0.0291266
0.0485235
0.174256
-0.368585
0.30937
-0.186725
-0.152385
-0.15995
-0.128336
0.247171
0.26384
-1.48195
-0.0806861
0.205775
-0.251933
0.0695827
0.471182
-0.320624
-1.96942
0.246107
0.220861
0.23324
0.234798
0.0842366
0.25635
0.119603
0.328398
0.2034
0.264126
0.434252
0.0261892
-0.925444
0.570991
-0.267068
0.158841
-0.430757
0.271975
-0.183432
-0.325571
-0.235424
-0.240384
-0.150299
0.202168
0.236409
-0.0851893
-0.0226731
0.334056
-0.0128187
0.0976315
-0.165179
-0.117959
-0.0534454
0.0898053
0.19682
-0.192089
0.220139
0.30526
-1.07137
-0.871093
-0.776792
-0.647873
0.205117
0.228135
-0.274596
0.27291
0.537622
-0.237877
0.136814
0.439381
-0.184364
-0.00984018
0.283971
-0.0751702
0.0455764
0.445093
-0.163726
-0.339144
0.147675
0.0675754
0.00611172
0.249225
0.401921
-0.371621
0.375941
0.389242
0.348056
0.0674686
0.0197471
-0.22993
-0.207568
0.147558
1.49472
-0.199798
0.248027
0.0446514
0.1542
0.173244
-1.12381
-0.999706
-0.325757
-0.0871194
0.0260532
-0.0421362
-0.192683
-0.187118
-0.505965
0.107308
-0.459323
-0.416279
-0.386757
-0.193451
-0.451623
0.466326
-0.0193689
-0.355887
-0.155053
0.286856
0.310376
0.563848
0.478237
0.0488764
-0.183274
-0.17733
-0.401253
0.312465
-0.43723
0.306025
-0.0538759
-0.137391
-0.440988
0.102121
0.418339
0.0750703
0.176544
-0.234043
0.0792977
0.361377
-1.67845
-0.771653
-0.526246
-0.197653
-0.276394
-0.327258
-0.491957
-0.31985
-0.102168
-0.385281
-0.282357
0.217941
-0.121847
-0.0306177
0.923961
0.257389
0.145898
0.162274
0.690792
-0.191717
-0.695533
-0.0136162
0.102214
-0.227817
-0.12974
-0.0175767
-0.142919
-0.575648
-0.0794908
-0.416833
-0.281549
0.194091
0.344142
-0.125889
1.90588
0.378855
-0.442058
0.374787
-0.335635
0.410765
2.86169
0.476367
-0.267293
-0.330667
-0.211915
-0.335195
-0.334513
-0.309776
-0.319894
0.0232785
-0.578085
0.136945
0.230274
-0.187951
-0.687104
-0.171624
-0.0314273
-0.123215
0.175071
-0.271266
-1.97713
-0.572262
0.0674851
-0.484258
0.340482
-0.235392
-0.140443
-0.0367066
0.512267
0.107603
0.430029
-0.424525
0.361671
0.157196
0.191094
0.168523
-0.416183
0.0988233
-0.274861
0.377068
0.74526
1.25133
0.347169
-0.17079
-0.574508
-0.1702
-0.327575
-0.183356
-0.352425
-0.319904
-0.480064
0.252507
0.387547
0.0158489
-1.8633
-0.159506
0.214474
0.107748
0.404158
0.0692988
-0.383704
-0.166433
-0.0213663
0.00102124
0.335271
0.561234
0.333371
0.416396
0.37485
0.549642
0.233623
-0.0932121
-0.347178
-0.0383869
1.26882
-0.288587
0.26758
-0.112086
-0.17525
-0.16938
-1.47097
-0.574237
-0.4688
-0.246715
-0.183402
0.254495
0.297998
0.138518
0.131714
0.648594
0.324354
0.357437
0.459437
0.0890809
-1.45104
0.116954
-0.103827
0.246153
0.1276
-0.428064
1.70156
0.922844
-0.15458
0.268012
0.21969
0.293333
0.206146
0.346038
0.370844
0.436185
0.21431
0.208463
-0.145558
-0.0178613
-1.02389
-0.493892
-0.0871963
0.407646
0.323475
0.0663575
-1.57923
-2.42625
-0.777045
-0.365388
0.0663137
0.0433838
-0.247924
0.0765389
0.0498874
0.299379
0.210569
-0.112778
-0.295629
-0.164702
0.325676
0.77312
-0.450868
0.216009
0.0479259
0.238833
1.41833
0.293848
-0.012633
-0.187202
-0.0407949
-0.750426
-0.689864
-0.690111
-0.602164
-0.930653
-0.893956
-0.344587
0.316685
-0.212283
-0.198088
0.269382
0.0219729
-0.0917022
-0.044757
0.336506
-0.583911
-0.520383
-0.0932301
-0.0722621
-0.0645214
-0.45154
-0.161012
-0.315731
0.301678
-0.510824
-0.0882353
0.351614
0.313516
-0.00864337
0.586253
-0.246212
-0.0936936
0.357299
-0.326591
0.24246
-0.0257994
-0.0831249
0.179823
0.114955
0.0139521
0.282829
0.455038
0.16688
-0.325086
-0.299813
-0.326618
-0.225315
-0.136699
0.17558
-0.785655
-0.0728334
-0.271464
-0.168252
0.167213
-0.423453
0.324421
0.368166
0.153954
0.0394835
0.342711
-0.0873265
0.349681
-0.512463
-0.266442
-0.230232
0.233827
0.496078
0.00707557
-0.135529
-2.17648
-0.0807713
0.128977
-0.0133703
-0.229701
0.439413
-3.19967
-0.411708
0.171321
0.101786
0.321734
0.241761
0.103031
0.319622
0.25479
0.366633
0.284856
-0.305454
-0.273038
0.240957
0.0570984
0.674662
-0.193158
0.423016
-0.211378
-0.422136
-0.331076
-0.0175844
-0.145654
0.348275
0.611631
0.339159
0.168593
0.180195
0.413685
-0.0602255
0.284554
0.0239445
0.0864459
0.374292
0.477418
0.0841224
-0.548179
0.324137
0.27636
0.735598
-0.0347076
-0.352192
0.0250046
0.666594
0.10043
0.0287161
-0.91962
-0.0523846
-0.175026
-0.544555
0.507361
-0.0270475
0.306239
-0.312135
-1.0316
0.0677232
-0.170311
0.291201
0.0684615
-0.106501
0.297228
0.0220552
0.377329
-0.316537
0.655352
0.204018
-0.578645
-0.0788277
-0.375657
-0.152955
-0.165154
-0.264536
0.0263908
-0.10511
0.339213
-0.00927803
0.0963488
-0.0814887
0.188108
0.0613804
-0.166273
0.210412
0.437019
0.630795
-0.167909
0.0610468
-0.537891
-0.0834841
0.0757367
-0.0810516
-0.431556
-0.694269
0.555814
-0.126355
0.0233251
-0.575378
-0.458811
-0.0868253
-0.466649
0.165612
0.503998
0.100082
0.0062917
0.44063
-0.112189
0.287225
0.805459
-0.303854
0.275196
-0.494395
0.569319
-0.28878
-0.351465
0.275566
-0.597489
0.300059
0.277526
-0.143036
-0.446382
-0.615008
0.0295246
-0.122279
-0.391131
-0.219651
-0.602261
-0.425555
-0.126851
-0.203573
-0.28824
-0.270596
-0.0295174
-0.12509
-0.280869
-0.25949
-0.205951
-0.307625
-0.354914
-0.171255
-0.446479
-0.234506
0.750001
0.254506
-0.279285
-0.350245
-0.960191
0.143149
-0.00745282
-0.243557
-0.695311
0.430245
0.27411
0.471633
-0.322407
0.135552
0.318317
-0.443806
0.356773
-0.543112
0.32686
0.798105
-0.360482
0.365257
0.678239
-0.254859
-0.282809
0.0362652
-0.237284
-0.468866
-0.235701
0.0993755
0.321578
0.471838
0.316769
-0.502003
0.688899
-0.299611
-0.510104
0.117053
0.186142
0.0351598
0.176025
0.0929137
0.498999
-0.127832
-0.271283
-0.312269
-0.2236
-0.220348
-0.266862
-0.144132
-0.0154328
-0.182129
0.225337
0.141935
-0.0846993
0.781262
0.154189
-0.401851
0.418557
-0.249045
0.0754715
0.688718
0.362268
-0.147577
0.412908
0.289944
-0.366075
-0.653876
-0.0840946
0.247151
0.152844
-0.165202
0.0495708
-0.00828918
0.514331
-0.144019
-0.04498
-0.271487
-0.36595
0.380696
0.10743
0.535378
0.222153
0.124512
0.35669
-0.111762
0.248116
-0.135667
-0.474052
0.588301
-0.546406
-0.127149
-0.109081
-0.183398
0.387154
0.473345
-0.860858
1.02808
0.198785
0.553072
-0.156984
-0.204164
0.212576
0.266238
0.161942
0.152324
0.0643833
-0.593204
0.348199
-0.18922
-0.202246
0.184473
-0.154684
-0.295527
0.208106
-0.149987
-0.238024
-0.220931
0.0593408
0.879956
-0.149857
0.101035
0.0814645
0.742947
-0.0157898
0.02552
0.163174
-0.0754961
-0.34822
0.299978
0.159657
-0.491926
0.508991
-0.153318
-0.112355
-0.512899
-0.224497
-0.273726
-0.252802
-0.69158
-0.025542
0.154121
-0.510813
-0.211434
-0.498089
-0.701962
0.33966
-0.815935
-0.294252
0.196136
-1.11631
1.18478
-0.0626868
0.857965
0.606041
1.06799
-0.135227
0.691482
-1.04133
-0.47023
-0.993956
-0.0218608
0.803369
0.320309
0.118034
0.0388265
-0.733286
-0.195718
-0.333526
-0.154413
0.142214
0.532139
0.198971
-0.317
-0.1624
-0.173667
-0.342861
0.161631
0.457084
-0.231872
0.0365145
-0.143392
0.284178
0.160685
0.373896
-0.300356
0.341709
-0.359423
0.548483
0.0439013
0.158679
-0.0830835
0.060412
0.0328649
-0.465374
0.33725
-0.373355
0.570935
-0.349159
0.238678
-0.590239
0.051354
-0.760181
-0.533992
-0.0972287
0.0379895
0.0341755
0.223017
-0.552795
-0.0963286
0.194275
0.0423646
-0.0707824
0.198495
0.0630755
-0.100212
-0.0416466
-0.495244
0.455527
0.179873
0.0346334
-0.364822
-0.38135
-0.0643033
-0.341569
-0.436874
-0.440205
0.197382
-0.290783
-0.246259
-0.624896
-0.00388906
-0.339198
-0.483464
0.129197
-0.977198
0.0949558
-0.0448553
0.193799
-0.842532
-0.043107
0.165398
0.666078
-0.321161
0.349402
0.657329
-0.458073
-0.0764548
0.0142525
0.0268482
0.865776
0.490145
-0.345976
0.0549696
-0.0825924
0.0863507
0.484087
-0.252971
0.0234838
0.67811
-0.0829142
0.278492
-0.167968
-0.159764
0.995867
-0.835691
-0.215262
-0.659143
-0.277497
0.0331768
-0.496424
-0.525704
0.374961
0.146528
0.575307
-0.689632
0.389673
-0.265719
0.372068
-0.0157835
0.118685
0.216096
-0.0585322
-0.078682
0.528074
-0.616767
0.565899
0.435377
-0.0061775
0.504961
-0.261131
0.0507987
0.198748
-0.151084
-1.04184
0.118035
-0.155948
-0.162745
0.543736
1.17754
0.859595
0.563555
0.494133
1.15482
-0.335409
-0.163549
-1.89517
-0.261726
-0.3789
0.201281
0.675378
-1.64676
0.730843
