#input normalization
147.136 189.449
5.45858 31.618
3.94832 25.5603
0.00329567 0.0204567
0.00212486 0.0135061
1 1
0.57549 0.886105
0.845794 1.12433
1.13915 1.44019
1.45071 1.83582
1.77972 2.24465
2.10446 2.67235
2.44738 3.12592
2.85677 3.63768
3.18026 4.06202
3.54085 4.54
3.97449 5.02128
4.40353 5.50486
4.68346 5.80151
5.07198 6.16748
5.40202 6.50693
5.7423 6.82167
5.99089 6.97418
6.27165 7.15316
6.56035 7.3365
6.83806 7.54194
6.95185 7.47804
7.09044 7.46059
7.23014 7.46737
7.37741 7.51253
7.30938 7.243
7.32672 7.11955
7.38757 7.02812
7.41177 6.89247
7.17059 6.47792
7.18035 6.30284
6.99501 6.01981
6.93557 5.84071
6.65377 5.36474
6.39258 5.01456
6.30775 4.82821
#output normalization
1 0
#neurons weights
0.416618
0.243396
-0.216381
-0.313381
0.433686
-0.478663
-0.338009
0.381089
0.47684
-0.229387
-0.191448
-0.00569195
-0.00152592
-0.47048
0.205935
0.3074
0.207423
0.0368514
0.44297
0.148508
-0.439899
0.228719
0.256908
-0.255677
-0.132734
-0.127079
-0.060206
0.285658
0.137277
0.267667
0.0537843
-0.454163
0.184552
0.283804
-0.0888036
-0.168941
-0.266783
-0.188237
0.261888
-0.118663
0.299313
3.15787
-0.597282
0.87991
-0.124638
3.1273
0.133543
1.78408
-0.122322
1.0784
0.23293
1.72803
2.70571
-1.09559
-2.71329
2.05841
2.26098
-0.0472877
-1.59211
0.286865
2.19584
0.324786
0.524124
1.91553
-0.327987
2.47849
0.981567
0.579955
1.55972
0.682405
1.21312
1.32896
1.42496
0.13502
-0.483522
1.65209
-1.53151
1.2887
0.564427
-1.94238
0.314054
0.935229
0.209734
0.513754
0.719354
-0.489645
-0.237577
0.531336
-0.479852
-0.269424
0.404388
-0.080539
-0.328481
-0.368017
-0.217769
-0.0948328
-0.477277
0.163089
-0.253022
0.288544
0.651777
-0.277958
-0.260134
0.154196
-0.131023
-0.284735
-0.259529
0.22572
-0.326564
0.275453
0.0347097
0.0279083
-0.146287
0.383637
0.0474045
0.468785
-0.524461
0.489218
0.062134
0.0838845
-0.0500826
-0.293132
-0.083347
0.0572306
0.0932247
#synapses weights
-0.342612
1.61417
-1.62917
-1.0999
-1.04529
0.0253174
0.719737
0.665148
0.201583
-0.0865491
-0.227025
-0.297889
0.637711
-1.1729
0.74211
-1.10285
-0.0122208
0.462784
0.49941
-0.0442707
-0.019032
0.0788866
-1.1765
-0.150524
-0.827469
0.213694
0.607125
0.448433
0.796824
-0.872383
0.0184583
-0.950451
0.98654
-0.592256
-0.0521033
0.679442
-0.525426
-1.47643
0.46662
0.0774666
-0.238299
0.221427
-0.699892
-0.475827
-0.7672
-0.178429
0.443059
-0.0578674
-0.084246
0.283574
0.361599
0.354164
0.687544
-0.417717
0.146375
0.0467716
0.355993
0.164222
0.411333
0.0199837
-0.0295174
-0.0202076
0.433177
0.0945294
0.729287
0.336486
1.05146
0.230804
1.23987
-0.110084
0.316535
-0.0146809
1.05527
1.12347
0.509167
0.092177
0.080301
1.17321
0.723584
-0.0184993
0.545284
0.421765
-0.3972
1.64903
-0.9465
0.83218
-0.951093
-0.443212
-0.33136
-0.0973733
0.40534
-0.123539
0.666373
-0.264973
-0.0868222
0.150858
0.0200754
0.920792
-0.887563
0.41045
-0.507158
-0.829031
-0.305437
-0.755006
-0.682811
-0.209182
0.966132
-0.601245
0.647973
-0.379546
-0.311147
1.51779
0.0142117
-0.466213
-0.311447
0.348494
-0.696482
-0.556009
0.195233
1.35881
-0.616167
0.664931
-0.254148
0.59592
-0.523932
-0.713954
-0.0653286
1.38532
-0.38528
-0.776986
0.152347
-0.288266
0.800041
-0.0255446
-0.496191
-0.169939
0.347726
-0.192047
0.600111
-0.632884
-0.916143
0.306966
-0.220132
1.36995
-0.0454406
-0.556796
1.39164
-0.343175
0.654624
-0.0279179
0.673026
-0.160455
-0.559964
-0.531767
0.357474
-0.647908
-0.911277
-0.731693
1.14178
0.951963
0.720967
-0.497865
-0.969899
2.81707
-0.094858
2.48914
-1.02939
0.687799
0.260841
0.438512
0.0570767
-0.160848
-0.341612
0.0476548
-0.0912677
0.397529
0.558639
0.629759
-0.591798
-0.659013
0.818438
-0.973648
-0.573426
0.123974
0.77334
-0.825299
0.453913
-0.947977
-0.179196
2.06102
0.550988
-1.26943
-0.766158
-0.685347
2.0076
-1.55047
0.416731
-0.212251
1.01871
-0.543147
-1.21886
-0.348976
-0.186327
0.643647
-0.249566
-0.0837781
0.485451
0.753981
-0.0951815
1.67721
-0.34903
-0.0399572
-0.497795
0.000333759
1.56339
0.0966492
-0.0663763
0.613932
-0.272624
0.247725
-0.486831
-1.13025
-0.0298248
-0.156815
0.330112
0.654967
1.61477
1.01607
1.1044
1.10454
0.427196
0.906857
-0.132013
0.0268737
0.246871
0.754954
1.04396
0.485023
-0.207084
-0.147318
0.438402
-0.203258
1.03062
-1.21188
0.224686
-0.202535
-0.0231631
1.95376
-0.758681
-0.0241854
0.820215
-0.00836249
-0.297297
0.367809
0.400844
-0.446743
-0.962315
0.769268
-0.0530617
-0.436771
-0.441245
0.273668
0.172584
0.375929
-0.729831
-0.0859786
0.212678
0.0180115
-0.0728824
-0.438625
0.282213
-1.42988
0.965456
-0.161689
0.0363585
0.509327
-0.745186
0.549213
-1.04145
0.618669
-0.0293283
-0.595706
0.316776
0.25664
-1.33516
-0.500325
0.254606
0.510364
0.28615
0.716735
0.153711
0.238801
0.223685
0.408678
-0.16462
0.869529
-0.833617
-0.517647
-0.0872354
0.805387
-0.371012
-0.0763342
0.645769
0.562495
0.511938
0.223269
-0.454417
-0.11698
0.118005
0.651002
0.479485
0.589058
-0.197438
1.08321
-0.422999
0.0830993
0.394299
0.328912
-0.0711448
0.0692112
0.190998
0.326692
1.05567
0.787552
0.62441
0.291243
-0.416583
-0.164054
-0.3829
0.47263
-0.396987
1.53696
-0.0820183
-0.352401
-0.192953
-0.722337
-1.12474
-1.16881
0.0152868
-0.456168
-0.429774
0.203194
1.3144
1.59561
0.547614
-0.407801
-0.365552
-0.268653
-0.267794
0.839103
0.666058
-0.83635
0.44357
0.595207
-0.540034
1.02029
-0.376761
-0.775104
-0.102205
-0.0485445
-1.22828
-0.361547
-0.908108
-0.597618
0.0791833
-1.01461
-1.12482
-0.979635
-1.49979
0.900403
-0.0184586
-0.234998
0.546179
-0.495168
-0.312613
0.722007
-0.379273
0.489759
-0.363609
-0.122469
-0.213704
0.528768
-0.0528156
0.493757
-0.0636633
0.045913
0.100599
-0.645436
-0.0623255
0.757031
-0.175452
0.149428
1.45802
0.62174
1.0367
0.003602
0.545676
0.0677216
0.7374
-0.238866
1.01276
-0.373808
0.472071
-0.694706
0.1295
0.364439
0.626413
0.477654
0.709397
0.688904
-0.139288
0.156012
0.0162973
-0.324381
-0.891063
0.20745
-1.02022
1.03302
0.104241
0.0848314
0.101287
-0.543622
0.314761
0.51477
-0.314538
-0.239262
-0.0670589
-0.856844
0.836731
0.514352
0.566041
-0.148099
-0.87844
-0.65645
0.639662
0.520308
-0.0373971
-0.252179
-1.00614
-0.595782
-0.123996
-0.250831
0.211725
-0.748581
0.312954
-0.142081
0.255447
-0.346932
-0.124091
-0.427355
-1.16476
-0.122636
0.967352
0.0505313
-0.249459
-0.599299
0.085188
0.959019
-1.14279
0.455504
-0.244851
-0.202866
0.0949409
0.632955
-1.42141
-1.0863
-0.111585
-1.77908
1.04643
1.6594
0.893313
-0.526024
0.371285
-0.141565
-1.42171
0.126789
0.147075
-0.0722385
0.477078
0.204772
-0.425627
0.190312
0.515484
0.248346
-1.00584
-0.0816922
1.68328
-0.0855506
-1.24083
0.711301
-0.892851
-0.965191
0.419154
-0.560351
-0.00531981
0.547095
1.09613
0.47712
0.472462
0.33842
-0.970704
-0.698415
0.1835
-0.292323
0.227428
0.117247
0.550085
-0.166161
0.138737
0.130096
-0.279114
0.625711
-0.239644
0.710703
-0.0620663
-0.0553049
0.157031
-0.814086
0.108835
0.514166
0.242101
0.49044
0.0826061
0.282862
0.809577
0.312762
-0.072351
-0.589937
0.428646
1.29997
-0.349264
1.57702
-0.544653
0.158933
-0.369932
1.21828
-0.892967
0.48416
-0.413095
-0.0347987
0.365652
0.336222
-0.495743
-0.0102031
0.824481
-0.380123
0.261011
-0.19478
0.137664
-0.361297
-0.166974
-0.336824
0.832846
0.0774945
0.123226
-0.592582
-0.4274
-0.338293
0.633603
2.63667
-1.75717
0.901612
-1.19029
0.241484
-0.15072
0.285525
0.207696
1.35527
0.032941
0.440831
-1.16672
-1.13071
2.20839
0.173264
-0.233829
0.934025
0.441113
0.873369
-0.414979
0.3154
-0.353404
-0.02024
-1.05904
-0.111729
0.52589
0.272527
-0.495116
-0.634223
0.579878
-0.631815
-0.280805
-0.454185
-0.54371
-0.150556
0.485957
-1.26164
0.787855
1.57073
0.0338294
-1.20773
-1.19478
-0.767661
0.309432
-1.15645
0.866315
0.131749
-0.359336
0.810632
0.817487
-1.50919
-0.456831
-1.6183
1.48127
0.586651
-1.16232
-0.137485
-0.281315
0.542439
-0.585429
0.887422
0.20262
-0.318616
0.106195
-0.321035
0.505988
0.388523
-1.44892
-0.473063
0.572793
0.65301
-0.0329827
0.256484
-0.760561
0.0388691
-0.231478
0.541223
0.254392
-0.140576
0.286931
1.33408
-0.0238356
-0.0615942
-0.841959
0.201357
-0.0473378
0.025522
-0.240499
0.570713
0.706544
0.875301
0.6961
0.129656
-0.655067
-0.873952
0.156288
0.711021
0.0874856
-0.0936887
0.641817
1.16052
-0.913344
0.213689
0.820707
-0.357554
-0.398299
-0.469734
-0.0426146
-0.144676
-0.488448
-0.486224
0.498486
-0.0454813
-0.325924
-0.842528
-1.09493
-0.784393
0.967179
0.674339
0.941645
0.73259
-0.367849
-0.00623481
0.811694
0.131716
-0.305892
0.123681
-0.353963
-0.597728
-0.435489
-0.652094
-0.911802
-1.09241
-0.477669
-0.127363
-0.307131
-0.187805
-0.199246
-0.344529
-0.243661
0.725986
-0.659631
-1.0663
0.370063
0.0711175
-0.746739
0.105217
-0.711018
-0.463995
0.503512
0.355093
-0.335606
-0.340393
-0.175184
-0.759646
0.04409
-0.260436
-0.26288
-0.777781
0.578546
-0.653637
-0.570212
-0.461795
0.272344
0.376659
-0.401099
0.318336
-0.733093
-0.379809
-0.288847
-0.791578
-0.381302
-0.607605
0.69307
-0.819358
-0.64298
0.17513
-1.32434
1.12468
0.0223666
-0.451938
0.0979679
0.546246
-0.589845
-0.115096
-0.557393
0.0833213
-1.04476
-1.10839
-0.0938847
2.30062
-0.660747
-0.436507
-0.376303
0.639162
0.153281
1.59194
0.875417
-0.392915
-0.813262
-0.170616
0.263589
-0.267074
-0.66347
-0.447108
-0.28654
0.483886
0.396531
1.03134
0.0998846
0.346716
1.07267
0.874605
-0.155395
-0.203956
-0.242098
0.0374019
0.445893
-0.481089
-0.460217
-0.726718
0.395189
0.905425
1.77274
-0.428771
0.0509417
1.68077
0.0198884
-0.0947139
-0.120448
1.09511
-1.53689
-0.412626
0.11239
-0.535701
-0.235062
-0.413769
0.110142
-1.37895
-0.424487
-0.648911
-1.09499
0.0678932
-0.117902
0.748142
-0.22221
-0.145904
-0.333201
-0.387945
-1.28765
0.176197
1.48316
-1.01882
-0.5854
-1.57099
0.712773
0.795918
0.105519
-1.0893
-0.16442
-1.70788
0.837974
-0.890477
-0.605924
0.576623
0.736015
0.281582
0.0203842
-0.17215
-0.071815
1.22926
1.11009
0.566972
0.725987
-0.138502
1.39963
-0.446765
0.82698
0.607914
0.27746
1.34418
0.673106
0.932793
-0.954679
0.00706503
0.378856
-0.0680621
-0.288409
1.02787
0.640312
1.36538
1.16292
0.435352
1.22914
0.768052
-0.0488336
0.83833
0.694135
1.11384
1.07509
0.0278917
0.0343195
0.244374
0.00950099
0.411408
-0.232749
0.527024
0.133965
1.00688
-0.128064
0.024401
0.81503
-0.262096
0.435146
0.511207
0.789695
0.497298
0.172157
0.440467
-0.337085
0.122492
-0.302234
0.406336
0.726044
0.605358
0.794604
0.544778
0.529985
1.11083
0.63043
0.946727
1.28083
1.177
1.39704
0.0449402
0.0868839
-0.472959
0.703745
0.698311
-0.203383
-0.113725
0.0241657
0.466078
-0.250592
0.992459
-1.91106
-0.48207
0.351406
0.476012
0.270658
0.63544
2.59429
0.528394
0.97897
-0.525197
-0.183546
0.781523
-0.690111
-0.492147
-0.781297
-0.355229
0.00783485
0.688613
-0.317769
-0.250499
-0.0820751
-0.188439
0.364371
0.243599
0.364833
1.30499
-0.147552
0.0278766
0.114747
0.0779856
0.0378208
-0.536659
0.0828183
-0.555926
0.712545
0.0288999
-0.886312
0.829096
0.456978
0.405283
-1.07608
0.326072
-1.09111
0.161656
0.342742
0.830531
-0.589559
-0.719981
0.64411
-0.0657133
0.0375464
1.15541
-1.16126
-0.471537
-0.0044611
0.371511
0.571919
-1.07356
0.484645
0.613873
0.0819962
-0.445186
-0.748733
0.395141
0.420584
0.200699
0.0670901
0.284143
0.606168
0.340627
0.118656
-1.13766
-0.897403
1.18612
0.301407
-0.332854
-0.509496
0.894233
-0.311282
-0.384585
-0.0857761
-0.00880844
-0.132402
-0.130523
-0.193101
-0.155089
-0.0419268
0.50572
0.00531543
-0.317679
-0.475398
0.478016
0.201762
1.41938
0.469416
0.42495
-0.829696
0.45727
-0.0272247
0.255687
-0.628853
0.940737
0.719622
0.177305
0.178902
0.460741
0.767943
-0.406936
-0.290413
0.0686926
-0.234191
0.144609
0.381173
-0.585851
0.158543
0.234961
0.762842
0.45384
0.415639
0.496118
1.14913
-0.475435
0.304515
1.11227
-0.364669
0.396122
-0.2468
-0.960617
0.409899
-0.290501
0.56549
-0.152211
0.712626
-0.461932
0.0759676
-0.0202027
1.5319
2.52185
-1.4391
0.140475
0.199661
-0.425756
1.25731
-1.49709
-0.206992
-0.415186
-0.421857
0.222515
0.526305
-0.318836
0.0746868
-0.370126
-0.749019
-1.13971
0.763374
1.51123
-0.899084
1.27194
-0.264858
-0.107657
-1.62914
-0.706747
0.686649
-0.681878
-0.892511
0.226028
-0.707793
0.258328
0.543818
1.19665
-1.11294
1.16051
0.181436
0.672412
1.21907
1.71323
0.0838425
1.59987
0.76313
-0.481161
0.425139
-0.878024
0.447086
0.920963
0.215116
0.0638003
-0.136233
0.38812
1.41896
0.116185
-0.684081
-0.18098
-0.628746
1.06548
0.88941
1.79843
0.430936
-0.209372
-0.651479
0.065931
-0.0946795
-0.846955
1.20343
-0.497888
0.620012
-2.39138
0.645481
0.481529
0.11943
0.152449
-0.2739
0.106078
0.541091
0.761514
0.234564
-1.81592
-0.414731
-0.332943
-0.411456
-1.19745
-0.894328
0.39202
0.292071
0.325473
-0.29942
-0.0225105
-0.686717
0.601857
-0.662499
0.331144
-0.767099
-0.0481237
0.331947
0.952874
-0.939754
-0.353001
0.813162
-0.446264
-1.09963
0.117589
-0.229306
-0.0499392
-2.37264
-2.3239
0.288693
-0.66029
-0.0778
0.0156988
-1.14221
0.499921
1.07787
-0.772151
0.343353
-0.341914
0.19127
1.03813
1.66908
0.346551
0.520794
-0.706058
0.298431
-0.265972
0.43883
0.20946
0.769941
-0.0273995
0.405521
-0.357443
0.576103
0.695846
2.64168
0.696229
1.53905
0.471454
-0.631318
0.161007
0.794524
0.536345
0.81337
0.75958
-0.647758
-0.274418
-0.285635
1.07361
1.02008
-0.42246
0.318665
0.15295
-0.120902
0.0628916
0.349759
-0.293567
0.212349
-1.14083
0.189489
-0.153249
0.493102
0.619012
0.0752465
1.96817
0.669898
0.576706
0.0825784
0.131452
0.939025
0.28016
0.405338
-0.99357
0.732076
0.516029
-0.108395
0.866316
-0.732379
0.415744
-1.22299
-0.792898
1.13745
-1.21235
0.146114
0.424184
0.460712
0.659894
-0.112472
-0.971325
-1.05645
-0.242445
0.527156
-0.294061
0.428853
-0.461159
0.147055
0.263342
-0.751241
-0.315694
0.353246
-0.283389
0.325221
0.259303
-0.109024
0.40314
-1.32999
0.425747
-0.064724
0.686208
0.446137
-0.297252
-0.491854
-0.0528974
-0.173295
-0.326882
-0.741001
-0.266889
0.905846
-0.018112
0.366233
0.0283024
0.0437184
0.747945
0.274274
0.0356663
0.20711
0.349027
0.910331
0.425683
1.37966
0.396183
1.49152
-0.402579
-0.0805883
-0.406905
0.428122
0.277291
-0.380366
-0.0589675
-0.759406
-0.259648
0.4096
-0.20977
-0.101792
-1.25062
0.716348
-0.382715
0.153518
-0.0395109
0.185801
-1.69622
-0.431552
0.753665
0.415125
0.657189
1.40009
-0.516184
-0.683665
-1.18555
-0.200426
0.572835
0.603662
-1.99043
1.44899
0.107167
-0.0147619
0.102911
-0.368069
-0.00731067
0.778261
-0.549979
0.424275
0.576758
-0.228942
-0.793115
0.471899
-0.128863
-0.261438
0.268583
0.271971
-0.71938
-0.388326
0.290816
0.762625
0.00132001
0.0251691
0.246685
-0.330084
0.0340969
-0.0480902
0.298856
0.0850942
-0.0377711
-0.00416239
-0.54393
0.0481814
0.350395
0.0427671
0.19258
0.544265
-0.504215
-0.316305
0.0355594
0.288554
0.236354
0.0407133
0.332183
0.361821
0.598441
0.761696
0.132524
0.637453
0.982462
1.42993
0.139772
-0.662358
-0.790819
0.108482
-0.481658
0.189367
0.773067
0.619044
0.488851
-0.845028
-0.664497
0.106768
0.601964
-0.40228
0.494281
1.0043
0.69028
0.307789
0.154246
0.656031
0.29509
-0.159271
0.770731
1.11879
0.0270005
0.0353877
0.376387
0.0874316
0.574546
0.698991
0.0606465
0.030951
-0.50578
-0.612148
0.176885
0.218691
1.46989
1.04702
0.783701
0.2992
-0.217925
-0.0402288
0.70424
-0.0292054
0.269961
0.885674
0.235507
-0.387966
-0.290727
-0.564732
-0.0631582
-0.334349
-0.282696
-0.881444
-0.768654
1.10555
-0.808216
1.15274
0.228061
1.15482
1.64825
-0.326198
-0.576085
-0.994731
-0.827676
-2.31664
0.324438
0.0864414
-1.12494
-0.621383
0.0876406
-0.657715
0.0425172
-1.84412
-0.625806
0.0157338
1.47937
-0.558468
0.824694
0.442299
-2.1625
0.32675
-0.210228
0.11057
-0.356835
-1.16363
-0.151526
0.075209
-0.389445
-0.37591
0.495851
0.563045
0.609478
0.653878
0.100532
-0.67525
1.02396
0.283453
1.06941
0.942072
1.10382
-0.332568
-0.859289
-0.226115
-1.34528
0.423605
-0.0505676
-0.159301
-0.722015
0.077846
-0.642308
-0.00353483
0.174023
1.47232
1.11344
-0.526428
1.57959
0.360558
0.914948
-0.473026
-0.228101
0.81985
0.200241
-0.351432
-0.248244
0.00324994
0.274002
0.559253
0.368583
-0.000309845
-0.774222
1.57361
0.375454
0.810981
-0.332064
-0.234042
0.339471
-1.14878
1.03633
1.0945
-0.167759
-0.766799
0.721378
0.179935
0.363383
1.61609
-0.0200904
-0.510652
0.30972
-1.04775
-0.293407
0.531907
0.706408
0.160315
-0.164565
-1.12036
0.926326
0.132159
-0.272162
-0.91333
-0.909392
1.48998
1.04885
1.08722
0.0522785
0.526801
0.883005
0.280401
-0.549995
-0.0618344
0.306706
-0.0112662
0.373607
-1.04117
0.470557
0.709155
0.985845
0.48061
0.741624
-0.299453
0.511927
-0.324197
0.244057
0.56969
0.286833
0.370386
0.623194
0.756011
0.0954146
0.455795
0.890991
1.61969
0.89542
1.12089
0.236025
-0.063364
0.809783
0.0523055
1.00687
0.212807
-0.62447
-0.601663
-0.178382
-0.406251
-0.0642524
0.0613177
-1.1953
-0.339898
-0.567843
0.0323384
-0.477155
0.222755
-0.598862
0.171397
0.726832
0.655889
-0.250968
-0.753965
-0.469234
-0.432186
0.0423518
-0.152119
0.26713
0.471095
0.700497
0.219375
0.184728
0.253924
0.356564
0.486839
0.0294532
0.248037
0.931149
0.236619
-0.0489053
0.379784
0.931111
0.604831
1.31194
-0.220673
0.237944
0.839729
1.14577
0.304262
0.0586161
0.82061
0.39266
-0.738203
0.273185
-0.23331
-0.429206
-0.141262
0.215552
-1.24374
-0.226328
0.000451331
-1.69537
0.36339
0.610654
-1.59961
0.292702
-0.297051
0.356475
0.0021485
-0.149471
1.1712
0.29267
-0.00180349
0.257451
-0.222918
-0.166091
0.043868
1.92783
0.401936
0.343024
-0.116418
0.702023
1.07657
0.017906
0.407906
0.768989
0.591358
0.442049
0.504498
-0.543613
-0.0687936
-0.906882
-0.403671
2.10697
1.68672
0.488624
-1.62968
-0.479848
0.424098
-0.133629
-1.21863
-0.183745
-0.120125
0.453829
-0.209869
0.251859
-1.03346
0.755453
-0.271453
-0.0992709
-0.455943
-0.382374
-0.688993
1.04256
0.0451401
0.17916
-0.695695
1.36797
-0.502747
-0.72221
0.334409
0.268039
-0.780106
1.31851
-1.05236
-0.608693
0.267474
-0.158773
0.409325
-0.0970072
0.182349
-0.502219
-1.20625
0.487371
0.114501
0.347818
-0.62127
-0.644098
0.26643
-0.132054
-0.537409
0.388333
-0.258455
-0.311843
-0.171586
1.41607
0.310984
0.54117
0.0158898
0.34065
-0.285078
0.635502
0.425968
0.139915
0.369953
-0.41905
-0.41977
-0.327006
0.558015
0.938536
-0.278941
0.415334
0.140474
0.352419
-0.0229957
0.0707742
0.864855
0.0999303
1.24334
0.039987
-0.448873
-0.224262
0.908981
0.850228
-1.05784
-0.35473
-0.389289
0.839094
-0.658435
-1.25708
-0.572095
0.137633
0.112208
0.252521
-0.00711505
-0.641288
0.790759
0.553191
-1.87547
0.586294
0.402052
-0.178663
0.0425811
-0.765686
0.66151
-0.106087
0.617707
0.872025
0.362086
-1.37557
-1.15095
-0.78197
-1.32544
-1.06346
0.470299
-0.517428
0.286638
-0.920965
-1.02027
1.38817
1.21618
1.82154
-0.455453
-1.23373
-0.865581
-1.0016
0.115228
0.0154641
0.738311
0.999119
0.815162
-0.128891
1.44932
-0.435121
-0.289919
0.36658
-0.196228
-0.418926
0.215391
0.793854
-0.178715
0.870414
-0.509004
-0.722436
1.14002
-1.10483
0.190283
-0.325416
1.41574
0.0274111
1.27267
0.109855
0.788213
-1.31599
-0.173064
0.895194
-0.445835
-0.0839602
0.230415
-0.287163
0.428202
1.01654
0.469652
1.15508
-0.0589893
0.370588
0.139331
-0.0255792
-0.771316
0.129084
-0.684661
0.611723
-1.32232
-0.156717
-1.45183
-0.106608
-0.702763
0.0698574
-1.04531
-1.23235
-0.260218
0.976996
-1.58004
-0.509812
-1.0182
-0.486575
0.0116695
-1.26196
0.503889
0.32388
-0.258713
0.556245
0.284338
-1.47548
-0.144289
-0.504768
-0.245345
-1.21621
0.427064
-0.232954
0.400753
-0.597425
-1.18682
0.752129
0.606476
1.22291
-0.356798
0.223976
-1.46785
0.219618
0.359079
-0.406198
-0.0101522
0.251483
-0.198888
0.269135
-0.287445
-0.32726
0.321611
0.00747231
-0.0981861
-0.129494
0.265312
0.487326
0.453027
0.50554
0.340889
0.162581
0.000922611
-0.0135158
-0.37992
-0.372843
0.440338
0.42899
-0.226
-0.115036
-0.10382
-0.0578711
0.209936
0.0750411
-0.261927
-0.0116535
0.371153
0.068919
-0.160555
0.376112
-0.00350256
-0.135918
0.414206
0.107599
-0.162616
-0.249488
-0.8879
0.25516
-0.126975
0.378943
-0.757093
-1.18675
-0.677248
0.106516
-0.303613
0.199784
0.199194
-0.459704
0.302065
0.0129779
-0.0274789
-0.255784
0.43802
-0.282681
0.543605
0.0561416
0.243198
-0.132931
-0.878045
-0.0330132
0.320301
-0.106926
-1.13234
-0.764343
-0.983885
-0.0607853
0.837268
-0.697479
0.612721
-0.957913
0.163989
-0.407124
0.572618
0.508855
0.209931
-0.568724
-0.295481
-0.400928
-0.331066
0.700455
-0.237199
-0.157659
-0.346881
0.480802
-0.206956
0.350337
0.129206
0.128021
0.0505772
0.0865279
0.544287
0.154276
-0.099291
-0.0103186
-0.205258
-0.421936
-0.621073
0.00263996
0.3958
0.509476
-0.298489
0.349304
-0.213879
0.160704
0.661485
-0.385799
-0.0967083
-0.470964
0.621317
-0.570212
-0.136299
-0.110172
-0.682906
0.536377
-0.0400198
0.192967
0.234259
-0.411773
-0.465035
0.0923182
-0.14771
0.415402
-0.74328
0.868088
-1.0433
-1.03318
-1.13142
-0.170591
0.394044
0.285745
-0.0963801
-0.768501
0.536734
1.05452
-0.657064
0.807283
-0.202738
-0.709476
0.137356
-0.715231
0.15361
-0.698432
-0.683226
0.548528
0.176969
-0.330442
-1.15203
-1.31079
-1.31614
-0.38634
0.29806
0.265035
0.244231
-0.726735
-0.678804
0.871062
1.16588
0.472492
0.797174
-0.270873
-0.578575
-0.646153
-0.0472217
0.520039
-1.4592
0.796291
-0.495977
-0.761745
-0.768341
-1.10381
-0.754673
-0.844562
-0.431193
0.0900222
-0.0544088
0.948788
1.00339
0.116863
1.88419
-0.329441
-0.315844
-0.73069
0.0749103
-1.45263
1.0608
0.357244
0.170923
-0.573345
-0.62747
-1.21829
-1.20054
1.07379
0.337298
0.302961
-0.261771
-0.563722
-0.48865
0.33082
0.551232
0.216925
0.761625
-0.572887
-0.81548
-1.48483
0.0564884
0.231702
0.149789
0.0392202
0.173963
0.11238
-0.100441
-0.405091
-0.562905
-0.269318
0.430058
0.225148
-0.0390903
0.668685
0.0116822
0.283552
-0.519428
0.152826
0.104681
-0.457631
0.19025
-0.730591
0.265335
-0.235727
0.263157
0.100607
0.611171
0.197095
0.428988
-0.497103
-0.153833
0.231582
0.137134
-0.118294
-0.452856
-0.190801
-0.362564
-0.203347
0.377209
0.00992899
-0.0142835
-0.344607
-0.497218
0.288354
0.033809
0.293045
-0.783594
-1.06119
-1.0482
0.133934
-0.0305552
-0.440403
-0.572148
-0.864151
-0.226417
0.582154
-0.30862
0.211754
-0.678331
-0.00424093
0.282914
-0.789028
0.314252
-0.332203
-0.236474
0.0101606
0.418606
0.165437
-0.350659
-0.294219
-0.0196856
-0.807314
-0.340421
-0.912953
0.273627
-0.312026
-1.1688
0.702088
0.0278625
0.246198
0.465523
0.0936993
-1.04687
-0.155621
0.1173
-0.478646
-0.32883
0.0439349
0.171103
0.0575405
-0.0704292
0.0408335
0.0462441
-0.152158
-0.0461635
-0.312783
0.0384775
0.190485
-0.311207
-0.510966
-0.00653951
-0.151704
0.113209
0.185909
-0.503142
-0.264489
0.239847
-0.226955
0.361881
-0.493637
0.126649
-0.118114
-0.438408
-0.108793
0.121146
0.0167595
-0.405936
0.0704932
0.216816
-0.232366
-0.189726
-0.482615
-0.499856
-0.405181
-0.377315
0.51989
-1.45041
0.634121
0.0938106
0.18911
-0.305511
0.38847
-0.379403
-0.35099
-1.15312
0.930818
-1.65874
-0.477096
1.65651
1.11371
-0.198188
1.25532
-0.822588
-0.941094
0.140477
0.330669
1.53518
1.21424
-0.591121
-0.0812582
0.615779
0.515025
-0.320322
-0.288475
-0.945922
0.659845
0.0562171
-1.75452
-0.888623
-1.00513
-0.995829
-0.224291
-0.0437391
0.418022
0.724788
-0.465949
-0.879594
-0.115844
-1.11616
0.289468
-0.597728
0.284097
0.176482
-0.135078
-0.30017
-0.309198
-0.33087
0.468395
-0.791706
-0.352655
0.787878
0.307929
-0.314859
0.341787
-0.228904
-0.0776194
0.510687
-0.455674
0.418428
0.253931
-0.799701
0.0923275
0.0338205
0.20883
-0.452706
-0.675906
-1.03122
0.443495
0.310593
-0.492423
0.124128
-0.573769
-0.208509
-0.418718
0.54038
0.210812
-0.109349
0.302513
-0.205325
-0.826177
-0.500272
0.10296
0.215864
0.917914
-1.19323
-0.868845
-0.0407426
-0.674718
0.279861
0.468722
0.495314
-0.0642445
-0.179906
0.884837
-1.03854
-0.163459
-0.206138
0.0638858
-0.0271773
-1.00106
0.474017
-0.257715
0.762709
0.0521578
0.650084
-0.883161
-1.51668
-0.747483
-0.734346
-0.981141
0.220719
-0.762717
-0.372435
-0.559832
-1.26373
1.02099
0.297092
0.847107
0.672989
-1.35724
-0.872944
-0.552197
-0.148914
0.0376308
0.528939
-0.0276443
-0.0706181
0.479402
0.148898
0.38528
-0.519669
-0.508195
-0.033009
0.319112
0.39133
0.394963
-0.232124
0.0855366
0.250742
0.0630188
-0.0979522
-0.280998
-0.563641
-0.592912
0.278067
-0.313084
0.379595
0.443942
0.0399777
0.296192
0.279071
-0.397918
-0.155998
0.172854
0.622617
0.372203
-0.598198
-0.364938
-0.144572
0.080114
-0.378615
-0.174443
-0.0499858
-0.29094
-0.0359261
0.141408
-0.319689
0.216746
-0.0663636
-0.629505
-0.662636
-0.737501
-0.12389
-0.359145
-0.437508
-0.380236
-0.0806204
0.2125
-1.14021
-0.234338
-0.419574
-0.600298
-0.376265
-0.130445
0.242967
0.0651905
0.0673927
0.4774
-0.203054
0.173697
-0.632842
-0.201335
-0.499742
-0.569186
0.583109
-0.789941
0.410114
0.0289569
-1.11864
0.840302
0.429015
-0.296648
-0.278587
-0.265717
-0.464767
-0.710721
0.248882
0.501681
0.206982
0.142209
0.244501
0.19961
0.347392
-0.434609
0.0601049
0.0472157
0.426224
0.51136
0.53662
0.712812
-0.107791
0.0326096
0.0973133
0.46521
0.348379
0.139951
0.0816623
0.0704386
0.395888
0.762054
-0.0479455
0.453282
0.36815
0.341601
-0.19805
0.297937
0.60288
-0.00207093
0.524532
0.224505
-0.0671156
0.287656
0.456834
-0.403221
0.0718619
0.0989804
-0.313315
0.312006
-0.13831
0.166364
-0.96614
0.987397
-0.0560276
-1.6605
0.491828
-0.5899
-0.901263
0.952451
0.160988
0.0280815
0.739075
1.03099
-0.57922
0.116109
0.802937
-0.24408
-1.24284
-0.411379
0.825071
0.667637
-0.810614
1.43327
0.539376
-0.0390128
-1.93424
-1.99361
-0.855395
-0.0879688
0.136618
-1.06784
-0.974444
-0.774586
-0.326217
-0.674671
-0.126788
1.04169
0.0480752
-0.413302
-0.207494
0.248471
-0.32347
0.171128
0.22667
-0.414914
-0.0812964
-0.268415
-0.160459
-0.067856
0.0253314
-0.382185
-0.57594
-0.287758
-0.443272
0.102032
-0.486283
-0.739773
-0.445326
0.646848
-0.194341
0.0457453
-0.140448
-0.310901
0.123599
-0.390556
0.0535339
-0.394739
0.189318
0.270508
-0.346593
0.158619
-0.240129
0.0276023
-0.131889
-0.209142
0.0186853
-0.388689
-0.592297
0.308439
-0.091357
-0.579275
0.365231
0.0963501
-0.706592
-0.405677
-0.624138
0.173585
-0.762487
-0.453816
-0.638596
-0.659794
0.0758524
-0.363006
-0.573183
-0.801332
0.387359
0.350266
-0.296542
0.30032
0.329522
0.321375
0.0535008
-0.276301
0.44267
-0.63207
-0.00979317
-0.304382
-0.291034
-0.770917
-0.544813
-0.259967
-1.04568
-0.923517
0.547222
-0.0316896
0.215284
-0.418842
-0.36965
0.669323
-0.0154993
0.339844
0.279385
-0.682079
-0.0696781
-0.376915
0.299429
0.504871
0.207782
0.256265
0.111529
-0.289378
-0.242064
0.140359
-0.0866269
0.215589
0.125507
0.299918
-0.566151
0.153385
-0.524935
-0.178399
0.501646
-0.425837
0.291097
-0.300651
0.28653
0.21935
0.0734952
0.0823992
0.18601
-0.122867
0.376849
-0.0603252
0.277961
0.212332
0.754038
-0.389395
0.73049
0.0542921
0.244619
-0.152567
-0.106174
0.256899
0.301096
0.308281
-0.461172
-0.271838
-0.644831
0.398054
-1.04991
0.649574
-0.0784813
-0.119632
-0.463063
-0.30663
-1.17949
0.350846
-0.196849
0.0729012
0.909708
-0.345176
0.36025
0.237389
0.0263699
0.070222
0.819315
-1.1722
0.731548
0.213333
-0.546969
0.386962
-0.257438
-0.444694
0.153345
0.240371
-0.259203
0.296061
0.0431617
-0.654787
-0.354369
-0.976438
-0.899764
0.31524
-0.726623
0.270317
1.21185
0.772789
-0.985253
-0.630565
0.0223808
0.0657157
-0.0678266
0.332013
0.0310506
0.231325
-0.340524
-0.528869
-0.467928
-0.230958
-0.0373976
-0.237143
-0.47794
0.399863
-0.333
0.0503158
-0.428991
0.328929
-0.316558
-0.490377
-0.147836
0.221184
-0.186987
0.134441
-0.353454
0.0514143
0.0869064
-0.293226
-0.0737737
0.166801
0.32072
-0.698244
-0.0678473
0.22727
0.00432986
-0.102496
0.279903
0.0733231
0.376147
0.193287
0.0620458
-0.613002
0.215888
0.465322
0.382815
0.518993
0.0477083
-0.457076
0.42621
0.129775
-0.185376
0.21198
-0.241147
-0.351023
0.114472
0.26286
-0.209395
0.476256
0.117669
0.352733
0.477286
-0.618905
0.467158
-0.253491
0.431949
-0.0325615
0.31079
-0.280392
-0.048555
0.0745269
0.406906
-0.318664
0.370212
-0.401552
0.220059
0.218945
0.254071
-0.251579
0.326021
-0.122046
-0.197406
0.342365
0.100091
0.0804113
-0.664633
0.0151125
-0.69481
-0.278155
-0.439254
0.331844
-0.0647619
-0.194163
0.518041
-0.60143
-0.00311319
-0.510723
-0.125181
-0.200096
-0.139713
-0.677769
-0.940653
0.645546
-0.52345
0.271755
-0.208654
0.0042578
-0.879981
0.0825089
-0.758166
-0.000993478
0.0178377
0.436411
-0.022272
0.4963
-0.969769
0.221463
0.0236333
-0.285675
0.10148
-0.0164903
-0.242287
-0.354762
0.148975
-0.866879
0.231526
-0.108157
-0.995091
0.303467
-0.966172
1.17067
0.511342
-0.595328
-0.315784
-0.567798
0.0558182
0.476317
0.219599
-0.316121
-0.0381015
-0.478606
-0.288463
0.061326
0.669871
-0.491184
-0.0487474
-0.614458
0.857958
-0.284287
-0.71764
0.439822
1.07099
0.0885548
-1.06699
-0.607457
-0.738636
0.298668
0.33229
-0.626391
0.128452
-1.46395
0.0315116
0.153624
0.590462
0.0711604
0.230947
-0.458596
-0.535328
-0.391608
-0.905349
-0.185669
-0.545685
0.470653
-0.169177
-1.23826
-0.0706995
-0.029104
-1.15677
-0.0721272
-0.549446
-0.219473
0.662883
0.0948006
-0.369631
0.227373
0.522308
-0.43368
0.111064
0.0192969
1.00124
0.121209
-1.10058
0.692573
-0.167823
-0.158606
-0.45689
-0.906552
-0.781165
0.189346
0.90921
-0.143111
0.0992583
-1.02968
-0.542056
-0.480094
-0.249318
0.217949
0.347722
-0.098511
-0.0929438
-0.519971
-0.671486
0.426636
-0.550944
0.156268
-0.373777
-0.283087
-0.358185
0.384852
-0.449409
0.535287
-0.663882
0.228151
0.652602
-0.383059
-0.422093
0.0681491
-0.515545
-0.133657
-0.5087
0.0584534
0.343735
0.304804
-0.504223
-0.122251
0.242254
-0.208452
0.103813
-0.0914648
-0.529564
0.233132
0.0232715
-0.772133
-0.207874
-0.248524
0.131387
-0.319511
0.236422
-0.429053
-0.0615613
-0.135895
0.188246
-0.0797425
-0.576088
0.105617
0.140148
0.267297
-0.140905
-0.453568
-0.322703
0.224541
-0.272338
0.449223
-0.705361
-0.110901
0.727959
-0.274053
-0.710387
0.553177
-0.0280378
0.0473527
-0.190807
-0.300803
0.681428
-0.0380517
-0.919124
0.536367
0.263024
-0.36524
-0.500351
0.142881
-0.132646
0.169982
-0.344376
-0.0911833
0.485421
-0.581969
-0.200353
-0.311275
0.17982
-0.484631
-0.0386838
-0.368304
0.18541
-0.212792
1.10964
0.263953
-0.183336
0.155707
-0.328387
0.101217
0.709217
0.169206
0.0232901
0.0285731
-0.72754
0.605632
-0.832232
-0.132255
-0.259438
0.72907
1.20374
-0.999199
0.696568
-0.798357
0.181817
-0.507121
-0.429478
0.039354
0.798793
-0.320952
-0.551708
-0.510544
-0.601302
0.312103
0.758028
-0.180434
-0.112979
0.518258
0.451199
1.03967
0.301431
0.427359
0.308472
0.595988
-0.16648
-1.10777
0.684388
-0.11886
0.620325
0.291728
-0.0874467
0.48856
0.127948
0.41088
-0.0607668
-0.812085
0.42167
0.296718
0.354469
-1.05075
0.508679
-0.855583
-0.261409
-0.0174967
0.433199
-0.389773
0.0248183
-1.23454
-0.530624
-0.419049
-0.960032
-0.170112
-0.748764
0.150591
0.347795
-0.916906
0.0234848
0.821904
-0.335928
-0.227121
0.640826
0.34369
-0.441074
0.146716
-0.350424
0.187278
0.208533
0.42711
-0.476235
-0.130848
0.299272
0.133469
-0.44479
-0.096994
-0.572336
-0.186082
-0.0257387
-0.547202
0.378312
-0.824356
0.0374181
-0.272236
-0.221574
-0.664684
-0.560827
1.26437
-0.447552
0.809246
0.144308
0.387301
-0.138161
-0.261094
-1.12627
0.171392
-0.926034
0.655627
-0.383836
-0.206244
-0.595837
0.189159
-0.603487
0.352602
-0.0978287
-0.480155
-0.877404
-0.232078
-0.336002
-1.16142
-0.333725
0.401625
-0.923129
0.44063
-0.744847
0.526397
-1.06047
-1.19959
-0.224966
-0.902522
-0.0461685
0.539314
-0.0690229
0.0660502
-0.449612
0.854506
0.658194
0.0440655
0.220818
-0.269155
0.0703783
-0.0472941
0.824662
-0.125863
-0.814712
-0.221319
0.484463
0.434047
-0.945073
-1.40605
-0.724511
0.298145
0.425792
-1.11298
-0.0594883
-1.00606
-0.397071
-0.157156
0.565985
-0.200644
0.71001
-0.517435
-0.00298236
-0.548499
0.545213
-0.45539
0.124695
-0.508979
0.216415
0.0943801
0.495061
0.0759807
-0.0821768
-0.198037
0.652076
0.0132182
0.158887
-0.142877
0.658136
-0.603584
0.0553222
0.265536
-0.424231
0.0475419
-0.351593
-0.246234
-0.509464
-0.697144
0.0776235
-0.353602
-0.62376
-0.303556
-0.15996
-0.183613
0.279759
-0.192717
0.37605
-0.123612
0.061358
0.053357
0.275523
0.576985
0.0620073
0.298987
-0.0553377
-0.12238
0.0849648
0.339419
0.194945
0.134718
0.18871
-0.42594
0.305451
0.0229864
-0.382855
-0.0714842
-0.316131
0.675447
0.106043
0.00416882
0.074506
-0.0389283
0.606506
-0.295603
0.189504
-0.306449
-0.362207
-0.164059
0.347349
0.428488
0.304417
0.651093
0.3061
-0.305263
-0.24103
0.770191
-0.164419
-0.27251
0.278481
-0.399433
0.11656
0.301357
0.349051
0.610239
0.52362
-0.0816741
0.641106
0.350939
-0.3315
0.722374
0.174939
-0.293946
-0.0295628
-0.110454
0.753893
-0.078156
-1.20221
-0.106941
0.0632924
0.0138767
0.419614
0.361519
0.176826
1.00857
0.378195
-0.454557
0.414313
-1.23064
-0.0271174
0.303838
0.815689
0.361414
0.693833
-0.854617
-0.00562035
-0.698079
0.898474
-0.382572
1.91491
-0.409669
1.41088
-0.328472
0.0565521
0.406985
0.0381937
0.444604
0.182868
1.43028
0.12645
0.493377
-0.261641
-0.529893
0.306788
0.294589
0.105421
0.297962
-0.663077
0.0923505
-0.216356
-0.0948188
0.751607
-0.718769
0.0356139
0.0727483
0.171706
-0.463734
-0.444916
0.202151
-0.66173
-0.0527419
-0.208407
0.0892732
-0.297958
-0.707797
0.0146817
-0.627855
-0.381386
0.58161
0.234462
-1.00677
-0.0895786
0.32142
-0.382307
0.399252
0.241095
-0.386571
-0.846405
-0.124544
-0.291004
-0.793835
-0.342568
-0.510204
-1.05411
0.145041
-1.06255
-0.0466549
-1.38451
0.18453
-1.16363
-0.121964
-0.392142
0.223795
-0.768476
-2.19692
0.103913
0.559553
-0.79708
0.399168
-0.741506
-0.855417
0.137462
-1.58308
0.650213
-0.64232
-0.0328373
0.183201
0.168329
0.364147
0.0923178
-1.02728
-0.335765
-0.246576
0.530314
-0.758904
0.176121
0.00719252
-1.4999
0.206434
-0.118189
-0.182263
0.293795
-0.573437
-1.01113
0.0883791
-0.438588
0.528754
0.121865
0.270256
-1.283
-1.14681
-0.111127
0.109773
0.053569
0.294513
0.076852
-0.188178
-0.185284
0.930803
-1.31893
0.145099
-0.517092
-0.0729568
-0.921006
-1.14395
0.553471
-0.33529
0.201782
-0.544469
0.425867
-1.31025
-1.34572
-1.07588
-0.557031
-1.40344
0.636113
-0.65495
0.316138
-0.588275
-1.12986
0.980408
0.406145
0.996614
0.141218
-1.07836
-1.14519
-0.0509486
0.234157
0.848566
-0.288852
-0.32493
-0.127656
0.216585
-0.626776
0.0772491
-0.499875
-0.372583
0.0693551
0.122728
-0.184194
0.30529
-0.490785
0.691954
0.109335
-0.0276752
0.103765
-0.0656215
0.348063
-0.340831
0.671946
0.652523
0.706551
-0.298658
0.243727
-0.743105
-0.564929
0.259097
0.0446335
-0.32719
0.355065
0.638819
0.00122622
-0.111286
0.0467553
-0.800227
0.684001
0.433504
-0.527709
0.432105
0.105841
-0.15664
-0.00908505
0.154776
0.561469
-0.21845
0.889624
0.256802
-0.250362
0.041115
-0.373862
0.556136
-0.518072
0.222361
-0.490633
0.166512
0.764212
-0.792329
0.934152
0.00792869
0.812157
0.260328
0.18936
0.811816
1.30814
-0.19074
1.09347
-0.358212
0.523687
0.698272
1.02611
-0.181458
0.58643
0.485545
0.382015
0.437136
0.78841
0.322672
0.582249
1.17367
0.736263
0.0590605
3.34627
2.73963
2.33755
-0.737365
2.20694
-0.0145304
2.68084
3.75352
-0.216794
1.63869
-0.333851
3.05639
1.17717
2.5417
-0.320766
1.12048
0.390039
3.65654
-0.502572
1.16775
0.241027
1.66656
-0.0905233
0.391844
-1.51417
2.05975
1.95906
0.763632
0.531593
2.42607
-1.68452
-2.61377
2.50342
-0.360996
0.767576
2.29718
-1.8812
2.49251
2.77281
1.08894
1.71075
