#input normalization
180.338 219.227
5.49489 32.4032
3.95457 25.7673
0.00331785 0.020774
0.00211731 0.0135158
1 1
0.57549 0.886105
0.845794 1.12433
1.13915 1.44019
1.45071 1.83582
1.77972 2.24465
2.10446 2.67235
2.44738 3.12592
2.85677 3.63768
3.18026 4.06202
3.54085 4.54
3.97449 5.02128
4.40353 5.50486
4.68346 5.80151
5.07198 6.16748
5.40202 6.50693
5.7423 6.82167
5.99089 6.97418
6.27165 7.15316
6.56035 7.3365
6.83806 7.54194
6.95185 7.47804
7.09044 7.46059
7.23014 7.46737
7.37741 7.51253
7.30938 7.243
7.32672 7.11955
7.38757 7.02812
7.41177 6.89247
7.17059 6.47792
7.18035 6.30284
6.99501 6.01981
6.93557 5.84071
6.65377 5.36474
6.39258 5.01456
6.30775 4.82821
5.87582 4.29912
5.58475 3.91741
5.27606 3.58468
5.11071 3.34947
4.93068 3.10116
4.56373 2.76125
4.30255 2.51235
4.10571 2.29735
3.94047 2.12327
3.55629 1.83187
#output normalization
1 0
#neurons weights
-0.05854
0.437591
0.468434
0.453774
-0.0540134
0.124193
-0.052952
-0.291284
0.0681898
0.239175
0.275423
-0.256065
0.137697
-0.0794604
-0.389352
0.323559
0.393206
-0.259488
0.185941
-0.0979298
0.223703
0.313422
0.290422
-0.370344
-0.489158
0.405394
0.161995
0.17979
-0.118506
0.302043
0.168728
0.426793
-0.497481
0.0936866
0.102253
0.439373
-0.403961
-0.481774
0.0570175
-0.48066
0.0337468
-0.405445
0.156466
0.124176
0.449876
-0.485432
0.144259
-0.457506
-0.474937
0.453309
-0.0376269
1.67577
0.240546
-0.391349
1.91765
1.04189
0.777179
-0.198793
-0.391935
1.14687
1.11614
1.94481
0.420984
1.79482
-0.16921
-0.313351
1.57155
0.473027
0.271236
1.30202
0.0828115
0.107289
0.107702
-0.36789
-1.2989
0.393746
0.883045
0.240506
-2.26637
-0.755938
-0.536985
0.609164
1.29558
0.240283
1.773
0.74323
0.0679315
-0.756997
1.22772
0.653395
1.61391
2.32258
0.350577
-0.475907
0.176563
0.707801
0.755243
-0.0189009
2.75225
1.42068
0.255705
-0.0197254
3.15276
0.617283
-0.369782
0.168903
-0.0162228
0.446132
-0.296835
0.30044
-0.271255
-0.137181
-0.0759674
0.415268
0.24231
-0.551481
-0.523894
-0.280829
-0.196529
0.0173197
0.370422
0.144706
-0.479215
-0.382408
-0.158086
-0.0012867
0.330748
-0.367118
0.400599
0.130695
0.0913286
0.223415
0.097095
-0.270972
0.386278
-0.106996
0.400643
0.694461
-0.511446
0.558064
-0.0907925
-0.21553
-0.16965
0.145815
0.39176
-0.202571
0.363234
-0.136726
-0.302231
-0.264971
0.172596
0.396279
0.165275
-0.560262
0.954282
#synapses weights
-0.0982838
-0.0758763
-0.37546
-0.194131
0.282118
-0.347732
0.0551901
0.420914
-0.0040509
1.95793
-0.896892
-0.528878
-0.0772278
0.691994
-0.179934
-0.278391
0.51596
-0.77658
-0.638079
0.693068
-0.0153014
-0.254151
0.654031
0.20302
-0.263967
-0.178004
0.570441
0.0765858
1.05512
0.107708
-0.115372
-0.637836
-0.463448
0.181832
0.489683
0.882757
-0.0404015
-0.489137
0.462096
0.586773
0.127508
0.0566845
-0.118516
0.444279
0.245621
0.231792
0.15596
0.623012
-0.634758
-0.918458
0.795046
0.426392
-0.0532211
0.35203
-0.336819
0.243327
-0.292982
-0.204113
0.72413
0.276525
0.176025
-0.0790367
-0.00993124
0.0668395
-0.492327
-0.123636
0.194693
0.406783
0.265768
-0.127611
0.119316
-0.308182
-0.122018
0.0121734
-0.124692
-0.129283
-0.0790198
-0.0863691
0.664528
0.171099
-0.0667955
0.834332
0.237162
0.68342
0.583395
-0.0721527
0.562943
0.561381
0.182367
0.415042
-0.33455
-0.0864546
0.0073245
0.134591
0.24644
-0.0413289
0.481399
0.205691
0.0976359
0.133515
0.353847
0.713952
0.147537
-0.350188
-0.164144
-0.285132
-0.296656
0.070911
-0.210258
-0.0512079
-0.925711
0.195205
-0.0640176
0.99809
-0.658822
-0.461586
-0.351452
0.810516
-0.0963327
0.277452
-0.106081
0.917904
0.0396966
0.178799
0.406566
0.277212
-0.0195703
-0.0543776
0.36299
0.347518
0.053198
-0.549278
-0.17846
-0.0345065
0.104781
-0.426611
-0.14848
0.704132
0.111859
0.410594
1.37544
0.757539
0.291208
0.432406
-0.367351
0.887869
0.295898
-0.439973
0.0155273
0.13099
0.438155
0.402911
0.795471
0.171284
0.128187
-0.211294
-0.019037
0.864522
-0.31397
-0.219731
-0.206009
-0.292341
0.512042
-0.892034
0.0964582
0.390414
0.0625432
0.314454
0.510869
0.611031
-0.218144
0.49046
0.28823
0.0724777
-0.277468
0.180522
-0.445966
0.768321
-0.456228
-1.20957
-0.48538
-0.296454
-0.0627679
0.585299
-0.590111
0.594561
-0.382002
-0.63067
-0.194084
-0.861488
-0.294751
0.334118
0.593892
0.455086
0.119878
-0.413501
-0.103174
-0.0134873
1.09862
0.593094
-0.0785712
0.0984451
0.635479
0.285887
0.53968
-0.793555
0.546278
-0.15727
-0.0118741
0.118353
0.201667
0.400792
0.602692
-0.140137
-0.129232
0.854603
0.382779
-0.142947
0.012187
0.254545
0.00212048
-0.648702
-0.188021
0.0998865
-0.290381
-0.176742
0.262353
0.988302
0.618341
-0.142789
-0.253619
0.157323
0.711016
0.4422
0.69197
0.248966
0.509426
0.287428
0.595866
-0.214499
0.220716
-0.0475645
0.472601
-0.595352
-0.0601098
-0.0819539
0.00198777
0.277109
-0.165058
-0.319691
0.678117
0.19889
-0.093921
1.40568
-0.14946
-0.340353
-0.0888077
-1.57191
-0.47356
0.420591
0.303109
0.0821087
-0.0491764
0.270332
0.0162385
-0.351687
0.470209
0.146154
-0.880746
0.522895
-0.551839
-0.044712
0.544406
0.0824838
-0.138181
0.113934
-0.424228
-0.365401
0.00022498
-0.437222
0.257499
0.374865
0.51814
0.667941
-0.962573
0.263739
-1.11233
0.540332
-0.18995
1.06368
-0.11989
-1.72497
0.95618
0.312648
-1.70122
1.09991
-0.0139836
0.0585622
-0.828554
0.749053
-0.0256186
-0.381902
0.274534
-0.124761
-1.10349
0.521455
0.103338
0.197572
0.139364
0.0782585
-0.285761
0.390928
0.164246
-0.475333
0.384606
-0.260955
0.477042
0.549049
0.503922
-0.190863
0.610044
0.359992
0.270463
-0.107799
0.334494
0.364636
0.160928
0.487954
0.27401
0.0495045
-0.126789
0.639769
0.584356
0.10315
-0.189937
0.160725
-0.138266
-0.17216
0.458139
0.7468
0.0419258
0.0332831
0.158693
0.69726
-0.280236
0.400731
0.382206
0.450435
0.57752
1.1469
0.451525
0.906316
0.173481
0.448998
0.200767
0.0566431
-0.18655
0.546042
-0.262301
0.200397
-0.0186302
0.238226
0.352106
0.212158
-0.681338
-0.209218
0.0281848
0.26049
-0.222613
-0.751758
0.509155
-0.0778662
0.341871
-0.0624435
0.647633
-0.251648
-0.205579
-0.267833
-0.496257
0.0191388
0.048994
0.0360994
0.213724
0.195614
-0.411313
-0.33514
-0.335775
0.276178
0.211182
-0.473815
-0.424374
-0.0741429
0.481344
0.639316
0.40503
0.249544
0.674329
-0.312455
0.493543
0.403735
0.807656
-0.0555399
0.412407
0.489207
0.314373
0.607989
0.415289
0.203512
-0.544907
0.08837
0.636272
0.120866
-0.57318
0.142642
0.651655
-0.258524
-0.705919
0.808594
0.189464
-0.144209
-0.323092
-1.31159
-0.904064
0.239354
-0.937535
-0.0650233
0.154771
-0.703697
0.334651
-0.415508
-0.187237
-0.717175
-0.794954
-0.0822369
-0.545081
-0.382067
-0.273492
0.112365
-0.127143
-0.16885
-0.00121967
0.20848
0.000419076
0.175258
-0.797948
0.087485
0.170436
0.000620555
0.0958076
-0.103607
0.0476385
-0.641461
-0.138198
-0.508779
0.436942
0.325389
0.443108
-0.34512
-0.597921
-0.255353
1.63718
-0.710916
1.30731
-1.07888
-0.413307
0.0768031
0.462516
-0.128379
-0.801356
0.306823
0.602905
-0.350959
-0.432921
-0.681257
0.806323
0.12081
0.0927283
-0.906101
-0.212339
-0.446067
0.237101
0.207966
-0.131624
0.425938
-0.141938
-0.37654
-0.209642
0.677153
-0.130878
-0.545272
-0.17473
-0.710483
0.341619
0.946867
0.420459
-0.32394
0.722708
-0.596125
0.39682
-0.730406
-0.275013
-0.240164
-0.409891
-0.372808
0.868678
0.452959
-1.14584
0.394437
-0.174742
-0.700072
0.11397
0.580997
0.771533
-1.01302
-1.84289
0.356387
0.0093285
0.0659103
-0.32336
-0.273632
-0.285298
0.259408
0.712328
-0.388619
-0.195094
-0.445507
0.24742
-0.239125
0.660929
-0.328402
-0.661383
0.750961
-0.286227
0.164008
-0.450428
-0.931555
0.423695
0.0195969
-0.0572821
-0.0736789
-0.215402
0.270371
0.429317
0.492999
0.282595
-0.444508
0.136477
-0.744524
-0.879505
-0.420922
-0.270246
0.29142
0.055488
-0.735718
0.424886
0.116074
-0.534972
0.684794
0.367193
-0.466114
-0.575696
0.445869
0.526387
-0.0933704
0.17878
-0.313088
0.314858
0.431225
-0.131276
0.283731
0.194044
-0.189485
-0.0163177
-0.700498
-0.285258
0.877549
-0.312561
0.830467
-0.0186362
0.661129
-0.43802
0.401881
0.386399
-0.692659
0.58822
-0.398175
0.175935
0.733233
0.234427
0.216144
0.134833
0.726157
0.752485
-0.155044
-0.437907
-0.375876
0.129459
-0.632604
0.0871162
0.534792
0.89433
-0.0988518
1.71183
0.410133
0.0910263
0.72677
0.40973
-0.185825
-0.497757
-0.734157
-0.528692
-0.659127
0.129488
2.46675
-0.449131
-0.255006
0.121009
0.00634463
-0.0665251
-0.496375
0.773685
-0.463468
-0.129379
0.0511527
1.085
0.281634
-0.752497
0.0507608
0.256255
-0.258341
0.689662
-0.868217
0.486106
0.39818
-1.52621
-0.924676
0.457544
0.335324
-0.966958
-0.120018
0.751994
-0.347011
0.246944
-0.0419208
-0.451382
0.14344
-0.236442
-0.679283
-0.258265
0.948134
0.493623
0.613823
-0.257703
0.195456
0.487974
-1.15016
0.259567
-0.114369
-1.07829
-0.401226
-0.0468039
-0.0206619
-0.45933
0.594305
-0.373662
-0.167422
-0.732374
-0.441557
-0.431504
-0.373181
-0.371923
0.771132
-0.578358
0.131713
0.568296
0.568896
1.04838
0.620351
0.81493
0.238714
-0.0572299
0.995925
-0.1504
-0.0832073
0.648755
0.811286
0.0605642
0.332725
0.111021
0.589152
0.0760047
0.281181
-0.727615
-0.883507
0.161557
0.524401
0.377017
0.553184
0.651352
0.275101
0.909264
0.245783
0.231275
0.663034
0.184687
0.428774
0.706974
-0.233983
0.722152
-0.508325
0.367932
0.449908
-0.0829324
-0.345992
0.286591
-0.0466435
-0.352843
-0.186945
0.00583062
0.299722
0.137052
0.97477
0.53333
0.09599
-0.186042
0.373584
0.065403
0.1103
0.887953
-0.436415
0.258809
-0.183742
0.723794
0.47627
-0.208246
-0.0776254
0.146776
-0.280995
0.47356
0.358035
0.342973
-0.251155
0.669364
-0.312252
-0.0530848
-0.244477
-0.0915724
-0.119813
0.060104
-0.139092
-0.185834
-0.0364689
0.368048
0.421366
0.539854
0.297414
0.146039
0.566609
-0.385225
-0.417789
0.605845
0.496322
0.335023
-0.224709
0.277372
-0.113136
-0.568191
0.0853276
-0.972929
-0.142842
-0.444385
-0.380245
0.358886
0.729632
-0.358677
-0.107032
-0.261102
-0.998823
0.194264
0.241684
-0.0489885
0.254634
0.544481
0.435678
0.566021
-1.20515
-0.00922084
-0.665251
-0.702676
0.767122
-0.111635
0.538518
-0.532989
0.110448
0.450204
-0.554664
0.0289883
0.167948
-0.685389
0.0351634
0.139688
0.0436643
-0.333188
-0.436058
0.166268
-0.502842
-0.490825
0.611462
-0.235322
0.620882
-0.152708
-0.452092
-0.206841
-0.850706
-0.689133
-0.520162
0.282494
-0.600271
0.365032
-0.448968
-0.556504
-0.233746
-0.496372
0.0854417
0.743658
-0.609849
0.214148
0.597651
-0.027008
-1.01741
0.735645
-0.207158
-0.258544
0.137731
0.624034
-0.388479
-0.266064
-0.112855
-0.680247
0.315229
-0.706736
0.0921638
0.565794
0.606226
0.0044535
-0.196571
-0.144398
0.171841
0.397463
0.0328657
-0.290925
-0.0686851
0.795818
0.338621
-0.451015
-0.723359
0.398022
0.663344
0.953344
0.561712
-0.00327671
0.2079
-0.0680591
0.325958
-0.389219
0.170952
1.188
-0.0461773
-0.0187426
0.361362
-0.363495
-0.0269118
0.373397
-0.540649
0.274202
-0.460212
0.104424
0.305265
-0.277766
0.527239
-0.352995
-0.350995
-0.2394
-0.0834504
0.118149
0.309213
0.255917
-0.264059
0.546188
0.441609
0.728975
-0.253877
-0.11081
-0.173661
0.459399
0.164906
0.0238695
0.277669
0.391868
0.14869
0.377701
0.182932
0.563368
0.688154
-0.164076
0.765164
0.225763
-0.0161842
-0.237079
0.238877
0.347485
0.549678
0.442215
0.429138
0.0505705
0.685084
0.263003
0.677507
-0.0255686
0.337907
0.323452
0.932773
-0.160386
-0.469449
-0.447438
-0.0739231
-0.367441
0.914684
-0.383504
-0.0586221
-0.120083
0.170182
-0.231763
0.114036
-0.85706
-0.82927
-0.314948
-0.688338
0.734322
-0.306456
-0.870735
-0.124767
1.05184
1.16737
0.183577
0.284557
-0.0281414
-0.00403408
-0.514104
-0.277027
-0.820005
-0.502208
0.108558
0.500694
-0.21137
0.627749
0.431661
0.0327966
-0.541521
0.121261
0.224044
-0.433007
-0.897507
0.343193
0.2148
0.0841792
0.782623
-0.666518
-1.81853
0.215478
-0.318381
1.35118
-0.538367
0.257963
-0.470848
0.263498
0.435178
-0.0264837
0.0946661
0.0285477
-0.412614
0.10034
-0.0266706
0.351356
0.26122
0.223648
-0.214859
0.494997
0.426919
0.0667531
0.318101
0.443455
-0.313095
-0.284811
0.0777199
1.13545
-0.106715
-0.181243
-0.447954
-0.115158
0.237008
-0.43565
0.283751
0.727346
0.556669
-0.267571
0.498433
0.130972
-0.359843
0.379111
0.0363656
-0.0383101
0.602639
0.0990337
0.432585
0.482775
-0.0990437
0.207169
0.497103
0.494052
0.174225
0.175442
0.26647
0.230595
-0.0752759
0.286768
0.178382
0.35461
-0.585753
-0.106734
0.422888
0.0283003
-0.0867508
0.58474
0.710637
0.688992
0.435792
0.098724
0.233758
-0.377466
0.819641
0.569803
0.494865
0.0872459
0.179201
0.590572
0.669685
0.264047
0.716699
0.564264
0.785308
0.189394
0.511784
-0.0224853
-0.0981915
0.226351
0.161959
0.656866
-0.00831808
0.544198
0.0961111
0.27991
-0.299108
0.397884
0.583569
0.110516
0.0377383
0.565625
-0.0297328
-0.543305
-0.723407
0.0123118
0.0277804
-0.340464
-0.340809
-0.160311
0.423014
0.366134
0.183566
-0.878389
-0.716466
0.125173
0.145499
-0.0696724
0.750085
-0.305003
0.461236
-0.0485435
0.716982
0.92993
0.335437
0.168903
0.154338
-0.222789
-0.676919
-0.383111
-0.33129
-0.638849
0.225919
-0.238314
-0.25565
0.197223
0.236987
-0.472912
-0.609666
-0.471279
-0.537625
0.00160455
-0.326894
0.055059
-0.161985
0.00784716
-0.605267
-0.943531
-0.919049
-0.604082
-0.789321
-0.0150753
-0.173542
-0.608611
-0.208855
0.324346
0.725205
-0.437379
0.0324142
-1.55373
-1.34297
0.00195494
0.148671
0.0635711
-0.16433
0.352198
0.286788
-0.454996
0.0296968
0.0733271
0.241572
0.854506
0.88806
0.422165
-0.027718
0.411228
0.656457
-0.0731856
0.443726
0.137863
0.469138
0.805876
0.971642
1.15621
-0.397796
0.0886955
0.949293
0.90992
1.1939
0.593093
-0.193611
0.109108
1.50713
0.801137
-0.0464846
-0.337044
0.293152
0.0320088
0.538742
0.420734
-0.0656814
0.440877
0.0443063
0.490137
-0.00738182
0.538919
0.783987
0.487494
-0.450122
1.98373
-0.558486
0.14571
0.0947417
-0.462775
0.644588
-0.120847
-0.780573
-1.18298
0.436441
0.466776
0.665601
1.10148
-0.0350918
-0.145459
0.3578
0.440206
0.0756452
0.366727
0.700851
0.185718
-0.216333
-0.546658
-0.265132
0.444185
0.84586
0.193198
-0.0374344
-0.628738
-0.8163
1.09056
0.936202
1.18697
-0.414811
-0.937853
0.393235
-0.249921
0.756092
0.334599
0.21745
-0.962711
-0.541126
0.313041
0.713737
0.0370015
0.152445
1.17565
-0.226776
0.717091
0.0812688
0.369613
-0.181556
0.700508
0.159219
-0.267473
-0.153048
0.0258254
-0.00675487
-0.146352
-0.523212
-0.482496
0.208134
-0.331246
1.11441
-0.572417
-0.117518
0.0128463
0.0512493
-0.461446
0.093246
-0.883984
-0.699573
0.8132
0.250994
-0.559466
-0.0203478
-0.731895
0.607997
0.702892
-0.11586
-0.252171
-0.488115
0.0895068
-0.746704
-0.352852
-0.512523
-0.239793
0.465005
0.96301
-0.284384
-0.739839
1.07222
0.138156
0.116559
-0.774666
0.49044
-0.315954
-0.30631
0.0308755
-0.360132
-0.414543
-0.475276
0.649573
-0.788659
-0.746378
0.0569971
0.420437
-0.297682
-0.556863
0.0284406
-0.072339
0.771276
-1.09659
0.140144
0.0272254
-1.72902
-0.678075
0.19738
0.438311
-0.0320962
0.250408
0.0977438
-0.150189
0.641494
-0.250449
-1.20637
0.664401
0.411935
-1.01887
-0.15149
0.97034
0.53487
0.206373
-0.473578
-0.0724995
0.258185
0.271176
-0.644831
-0.368585
-0.0298719
-0.0222146
-0.0578822
-0.775329
-0.322769
0.731502
-0.975987
-0.0343006
0.584498
-0.458556
-0.404495
-0.993494
0.270648
0.150202
-0.0424623
0.801742
0.171687
0.198717
0.322779
0.269041
0.277
-0.207666
0.00253758
0.544862
0.397097
0.127623
0.641627
0.120952
0.400143
0.252002
0.639121
0.0959298
0.833926
0.915679
0.881019
0.609884
0.191127
0.0221585
0.351552
0.260799
0.681462
0.919846
0.616648
0.0115609
0.128331
-0.0332463
0.526616
0.168502
0.712596
0.702501
0.250776
-0.105245
0.350016
0.176139
0.165964
0.306933
-0.176017
0.121252
-0.00524938
0.10217
-0.0724166
-0.3251
-0.761997
0.55135
-0.547893
0.984558
-0.86773
0.136717
0.0375668
-0.249419
0.352756
-0.421813
0.565674
-0.306249
0.0862814
0.425236
-0.437719
0.174965
-0.600528
0.536853
-0.0668732
1.15594
0.471885
0.875297
-0.388071
-1.29886
0.0641945
-0.404497
0.735056
-0.355319
0.0512238
-1.21889
-0.0157942
0.972336
0.350115
0.324993
0.236235
1.02296
0.62512
-0.81097
-0.0410693
0.886661
-0.871894
0.279227
-0.169576
0.461098
-0.515197
0.0745581
0.262849
0.142944
-0.39441
-0.182864
0.710688
0.532426
-0.523193
-0.0280693
-0.0920543
-0.394493
0.382027
0.141055
-0.0734895
-0.850679
0.062715
0.332811
0.151673
0.802969
0.217916
-0.14472
-0.0862012
-0.683231
-0.355061
0.313413
0.575432
-0.520252
-0.217812
0.180328
-1.11661
0.514074
-0.817323
-0.18578
-1.0315
-0.0652791
0.821815
-0.0438415
-0.088522
-0.138403
-0.942253
-0.370481
-0.230812
-0.22813
0.575576
-0.165982
0.10513
-0.442085
-1.03576
0.54789
-0.4957
0.000598383
0.4423
-1.06176
0.0971866
0.819483
0.429175
-0.584684
-0.550597
-0.163139
-0.436753
1.42063
0.400929
-0.102285
-0.384494
-0.330738
-1.16075
-1.29108
-0.706345
-0.251468
0.318781
0.741314
-0.292791
0.785083
0.0671904
-0.639654
-0.0872053
1.24043
-0.239159
-0.00746886
0.375892
0.370557
-0.239147
0.116949
0.137143
0.565821
0.502558
0.194346
0.402189
0.424267
0.516039
0.232672
0.976679
0.479915
0.364286
0.428748
-0.0715213
-0.107368
-0.400685
-0.676629
-0.468239
-0.84474
-0.289841
0.311139
-0.314989
0.901282
0.272169
0.444265
0.627831
0.716426
-0.0174999
1.1237
-0.113561
0.649375
-0.73641
-0.0575625
0.12253
-0.140423
0.560841
-0.277975
-0.522461
-0.537435
0.219603
0.450975
-1.10105
0.8975
-0.0881092
1.07409
-1.20033
0.249465
-0.110784
0.402066
-0.62766
-0.89089
-0.719101
0.492396
-0.363612
0.536038
-0.046031
-0.358194
0.415993
0.842246
-1.1732
0.532499
-0.423724
-0.153624
0.315906
-0.801565
0.458355
-0.431318
0.246726
0.270742
-0.279442
0.304045
-0.574204
0.990508
-1.30667
0.495046
-0.137159
0.670921
-0.0507501
-0.113868
1.88596
-2.23499
-0.2851
0.000426135
0.451539
-0.374203
1.29749
-0.112719
-0.185336
0.010868
0.153197
0.0208582
-0.136928
-0.367724
0.495759
-0.12832
1.05942
-0.424621
0.212754
0.368743
-0.305497
-0.463806
-0.000584335
-0.981763
-0.284468
0.0845969
-0.621423
-0.689749
0.23105
0.07387
-0.142666
-0.505721
1.07368
0.861024
-0.683621
0.351083
-0.550557
0.121626
-0.259494
0.743253
-0.0147205
0.481006
-0.597925
-0.475347
0.430644
-0.20336
0.0203892
-0.073713
0.0916382
-0.408432
0.795624
-0.00382222
-0.0282668
0.416858
-0.443185
-0.310948
0.55781
0.771711
0.727893
-0.169671
-0.28949
0.493157
0.939574
0.0127902
0.364774
0.606179
0.285809
-0.286595
0.834104
0.0029657
0.247255
0.0428175
0.768304
0.113949
0.149055
0.52666
1.22945
0.350382
1.41591
-0.874943
0.296244
0.763351
0.561051
0.737402
0.892682
0.435131
0.0526602
0.358647
0.287919
-0.0673182
-0.272512
-0.192403
0.377415
0.0159325
0.370359
0.625348
-0.701802
0.125333
0.616959
0.209355
0.122009
0.437026
0.293395
-0.853469
-0.523848
0.728557
0.132954
-0.103485
0.255876
-0.321286
0.321434
0.075843
-0.421736
0.057555
0.21306
-0.228807
-0.551695
-0.0442029
-0.530508
-0.398647
0.692906
0.965131
0.438405
-0.761308
0.519801
-0.591275
0.814428
-1.11479
0.822184
-0.688023
0.24411
-0.54292
0.361255
0.223633
-1.07583
-0.0636491
-0.599517
-0.308943
0.805335
0.528205
-0.92514
-0.502341
0.181747
0.142608
0.471324
-0.650379
-1.24474
0.157586
-1.1413
0.0382834
0.370037
0.401966
-0.116492
0.372908
-0.732873
0.718222
0.211688
-0.341853
-0.158061
0.693255
-0.6796
0.436936
-0.255425
0.50704
-0.413259
0.499172
-0.109672
-0.483464
-0.914185
0.167548
0.0839341
-0.448255
0.690059
-1.15572
0.44936
0.129685
-0.109018
-0.648923
-0.311633
0.0868714
0.366256
-1.24031
-0.0524718
0.132898
-1.86519
0.834121
-0.162125
0.526642
-0.115883
-0.414793
0.537741
-0.374443
0.537836
0.414616
0.00166619
-1.58348
-0.485714
1.22011
-0.849357
0.359246
-0.380264
0.324168
-0.0964611
0.466374
-0.25923
0.383259
0.0485577
0.0104213
-0.242221
-0.258668
-0.596994
0.186541
0.587629
0.0481456
-0.950168
-0.156897
0.529797
0.446788
-0.0986963
0.682654
-0.198045
0.237074
0.026252
0.447575
1.22405
1.92672
0.449416
-0.25573
0.17672
0.245162
-0.305534
-0.448739
-0.897502
-0.604046
0.162709
-0.598628
-0.615649
-0.395102
-0.0230319
0.284973
0.484627
-0.287611
0.251181
0.620761
-0.0361181
-0.338513
0.48981
0.0609121
0.148898
0.40736
-0.0464103
0.592785
0.0289834
0.0133797
-0.201833
-0.525974
0.314951
0.650616
0.183822
-0.458306
0.00130323
0.18822
0.76469
-0.0630589
-0.459863
-0.471849
0.183381
-0.525783
0.00722592
-0.325138
-0.215157
-0.719422
0.0223338
0.476726
0.173673
-0.531482
0.186367
0.692318
0.578793
-0.105778
0.00808509
-0.51684
0.295187
0.0324671
-0.286658
-0.374147
0.354059
-0.0936466
-0.326114
0.0222572
0.336122
0.425388
-0.66231
-0.484851
-0.203079
-0.557923
-0.824032
-0.768636
-0.802804
-0.579781
-0.324071
-0.536387
0.25308
-0.467639
-0.428766
-0.173514
-0.551756
-0.130804
-0.236655
-0.492935
-0.314058
-0.0448584
-0.854666
-0.476582
-0.501531
-1.24153
-0.0541885
-0.215868
0.0922851
-0.0895789
-0.0943361
-0.372768
0.276647
-0.157295
0.58535
-0.158359
0.236109
0.356455
0.0544311
0.832107
0.884336
0.737406
0.126645
0.0894825
0.0134044
0.514357
0.358236
0.72774
0.035332
0.978888
0.986285
0.565135
0.0296294
0.0687668
-0.203521
0.329219
-0.373931
0.181547
-0.0484878
0.265892
0.053424
-0.00570415
0.11484
0.334483
0.396111
0.0950136
0.183295
1.72107
-1.50214
0.093981
-1.02792
-0.0393121
-0.810092
0.366092
0.183263
-0.0488721
-0.61602
0.801566
-0.518442
0.193025
-0.0646382
-0.00414437
0.796577
-0.588879
0.590254
0.20153
-0.410218
-0.0792777
0.538883
-0.24736
-1.28984
0.0552163
0.0971038
-0.896776
-0.244778
0.758474
0.242612
-1.18451
0.418848
0.282265
0.0614826
-0.734331
0.666054
-0.572224
-0.531343
0.838382
0.556965
-0.519197
0.289909
-0.0958073
-0.645818
0.234881
0.447793
-0.663725
0.132622
-0.506683
0.313981
-0.0836995
-0.247482
0.169226
0.130776
-0.197057
0.312366
-0.349222
0.349568
-0.0849633
-0.619004
0.347527
0.978994
-0.088742
0.41021
0.330514
0.646152
-0.478648
-0.21197
1.08661
0.369658
-0.294203
-0.0276188
0.554375
0.408443
0.480124
0.864245
0.195034
0.192681
0.186867
0.239484
-0.107022
0.332499
0.214922
0.189472
0.789303
-0.0652144
-0.118438
0.111156
-0.14082
-0.258059
-0.72468
-0.0987557
-1.14292
0.717708
-0.00877533
-0.636206
-0.422608
-0.123495
-0.178613
-0.635156
0.295752
-0.45122
2.04143
1.37434
-0.218325
-0.941827
-0.112813
0.587888
0.829098
0.0937428
0.290795
-0.187663
-0.332985
0.631218
-0.249406
0.235184
-0.658351
-0.0125107
0.972247
-0.940119
0.175593
0.404093
-2.01968
-0.105663
0.764213
-0.104104
0.107686
-0.397344
0.223679
-0.849741
-0.832387
0.144615
-0.181966
1.02689
0.458187
0.0506134
-1.01273
-0.0395445
-0.291822
0.93446
0.148575
-0.59628
-0.825818
-0.174167
-0.18771
-0.375922
-0.187303
0.738892
0.0680649
-0.386943
0.0696737
0.376972
-0.0106811
-0.761578
-0.154908
-0.0911219
-0.195344
0.185882
0.0974842
0.197963
0.225214
-0.268075
0.283131
0.421645
0.997964
0.063321
0.336785
0.647727
0.506191
0.677415
0.142888
0.485999
0.131133
0.507604
-0.037958
0.338859
0.18508
-0.163578
0.294668
-0.269889
-0.345428
0.0845764
-0.193163
-0.091133
0.642476
-0.100859
0.44973
0.643909
0.350999
-0.0986527
0.31086
0.644544
-0.037348
0.241088
-0.0514864
0.699857
-0.175907
0.527907
0.0674324
0.460366
0.261651
-0.175586
0.592421
-0.246471
0.280193
-0.768192
1.03586
1.33416
-0.396204
-0.219436
-0.225274
0.675078
-0.347944
0.500123
-0.259994
-0.19475
0.171994
0.00801187
-0.125137
0.600196
0.437934
0.260465
0.474091
0.454961
-0.299966
-0.0190504
0.665863
-0.309947
0.0892722
0.14696
-0.728419
1.19706
0.703192
0.0819003
0.354115
0.487295
0.903367
0.0427803
-0.54286
-0.214918
-0.0532594
-0.253414
-0.326421
0.068914
0.682309
1.08931
0.167029
-0.317662
0.84919
0.259293
0.198727
0.350332
-0.691344
-0.327615
-0.348346
0.35393
-0.0977199
-0.0911965
-0.0353092
0.283025
0.677828
0.175869
-0.456675
-0.124087
-0.154646
-0.344314
-0.377223
-0.16353
0.263083
-0.176273
0.134472
0.100459
-1.04587
0.0733818
-0.160662
-0.172954
0.533541
-0.258008
0.325069
-0.472754
0.166862
0.145822
0.146436
-0.47654
-0.0458066
-0.179332
0.228207
-0.0617407
-0.462475
-0.280266
-0.203554
-0.336202
-0.447831
0.237015
0.0937363
-0.319232
-0.369642
0.541063
-0.358883
-0.498008
-0.0382656
0.0656688
0.16606
0.134831
-1.00139
-0.00581995
-0.427054
-0.421684
-0.113315
0.0490559
0.125221
-0.0359248
0.517591
-0.447382
0.655152
0.977195
-0.0207459
-0.154481
0.196712
-0.0936748
0.119912
1.02637
0.25999
0.701986
-0.130763
1.19903
0.0367851
0.083358
0.271958
-0.255731
-0.315087
-0.421476
0.73691
0.160878
0.449997
-0.414946
0.716812
0.135817
0.425897
0.527942
0.795376
0.634541
-0.00070348
0.846484
-0.0193963
-0.714958
0.175605
-0.139943
-0.258837
1.00141
0.431818
-0.223524
0.928133
0.389906
0.0543114
-0.16019
-0.404814
0.667664
0.664389
-0.820323
0.102788
-0.26181
0.702186
0.0728013
-0.987648
-1.02149
-0.401917
0.176109
-1.21743
-0.609327
-0.336776
-0.566113
-0.611199
0.446951
-0.585404
-0.228251
0.985251
1.30625
0.646463
0.506791
0.0294341
0.0678725
-0.677776
0.514972
-0.561665
-0.133845
-0.00289793
-0.192924
-0.492209
0.0540669
-0.093167
0.104389
0.582376
0.176912
0.202017
0.192841
0.0686817
-0.262181
-0.701929
0.436314
0.117968
-0.623048
-0.675609
-0.570205
0.0397987
-0.0559802
-1.11902
-0.134286
0.603818
0.947981
0.0809067
0.536871
0.11152
-0.481922
0.767347
0.321048
-0.515447
0.219536
-0.854787
-0.720155
-0.0822472
0.81385
0.778757
0.686316
-0.890654
-0.0772639
0.0592692
1.28594
0.920172
-0.220013
0.255473
0.0831447
0.3609
0.310173
0.776416
0.144022
0.265828
-0.3553
-0.00171512
-0.00941961
-0.258086
1.08966
0.169268
-0.370481
0.484404
-0.333837
0.279621
0.314516
-0.0122806
0.506658
1.49541
0.716464
0.608224
0.438992
-0.133917
-0.888993
0.121963
-0.482874
-0.301844
2.08311
-1.15145
-0.977615
-0.157865
-0.285318
0.556177
-0.637062
-0.374576
-0.134962
0.892731
0.049741
-0.518436
-0.215672
0.064397
-0.242943
-0.314572
-0.388708
0.0780768
0.412839
-0.368289
-0.100675
0.647571
0.0210738
-0.0335139
-0.323355
-0.102727
-0.235841
-0.870032
0.188529
0.132195
0.00277568
0.381971
0.735385
-0.0904035
0.578305
0.0770315
-0.705819
-0.673126
-0.798908
-0.137389
-0.0193891
0.214844
0.194693
-0.0141275
0.42735
0.136197
0.509383
-0.391872
-0.0343364
-0.381675
0.19021
-0.582195
0.117617
0.513349
-0.732377
0.0676995
-0.053648
-0.384303
0.750704
0.243742
1.1313
0.926672
0.0652817
-0.480382
-0.0898131
0.765464
1.48102
0.509816
0.156781
0.338848
0.124716
-0.570992
0.0488586
-0.820883
0.370471
-0.104753
0.283252
-0.730032
0.167093
-0.0889053
0.778099
0.00412753
-0.602511
-0.47038
0.277291
0.611324
0.407603
0.0553837
-0.221135
-0.0132509
0.158791
0.789348
0.177101
-0.410669
-0.0931966
0.595985
-0.0123941
-0.0496544
-0.220341
-0.407746
0.421774
0.1504
0.343283
-0.484565
0.988655
1.41364
-0.232185
0.137582
0.275869
0.144162
-0.887215
-0.542731
-0.304703
-0.0440999
-0.173241
-0.218685
0.0267361
-0.0580812
-0.342238
-0.23643
-0.740742
0.19376
-0.0576939
0.168465
0.174173
-0.185168
0.358151
0.20738
0.301702
-0.497751
-0.347325
-1.01081
-0.887763
-0.225203
0.137922
-0.376371
0.735124
-0.597969
-0.0739281
-0.25825
-0.176148
0.384241
-0.806451
-0.684433
0.0534456
-0.16458
0.0805485
-0.582726
-0.426977
-0.218458
0.250597
-0.679699
-0.319305
0.352909
-0.828625
0.249233
0.393027
0.0413478
-1.05415
0.892878
-0.542616
-0.341406
0.212332
0.205822
-0.610383
-0.118239
1.11182
-0.56138
0.304804
-0.394459
0.514785
0.458037
0.206109
-0.45564
0.27955
-0.0144446
0.392526
-0.44563
-0.49475
-0.657675
-0.122686
-0.26867
-0.931624
0.160915
-0.665547
-0.368059
-0.441025
-0.592447
0.0896319
-1.21217
0.269479
0.674368
-0.18156
0.0546683
0.356436
0.49985
-0.084738
0.762775
-0.560421
-0.378118
-0.445741
-0.00973399
-0.127585
-0.229104
0.389043
-1.01792
0.912045
0.177108
0.0559033
-0.352928
0.547761
-0.239799
0.0458289
0.45678
-0.619355
0.0362801
-0.424586
0.1792
0.703266
-0.175291
-0.148412
0.271014
-0.774283
0.620794
0.0727238
-0.640829
0.0312152
-0.466834
-0.896876
1.49627
-0.874417
-1.10432
0.611052
-0.688223
-0.210027
-0.195018
-0.436449
0.127283
-0.110701
0.685694
0.653505
-0.569298
-0.655933
0.506651
0.0361603
-0.641654
0.399205
-0.0143052
-1.1962
0.652866
-0.319999
-0.00459489
0.111188
-0.0250299
0.0708825
-0.487053
-0.0824046
-0.330446
0.33497
-0.145793
-0.0338134
-0.320906
-0.698145
-0.262398
0.0891097
-0.723547
-0.544655
-0.420761
-0.372004
0.137512
0.00578762
0.469172
-0.0419704
0.13042
-0.26628
0.00278147
0.517838
0.769705
-0.644045
-0.106843
-0.42154
0.659298
-0.427846
-0.49181
-0.293007
0.00237268
-0.558992
0.340542
-0.0206994
0.201085
0.147192
0.276677
-0.0711601
-0.362721
0.0805231
0.274806
0.473435
-0.544419
-0.0190902
0.0645098
0.110861
-0.00923722
0.714792
-0.0842611
-0.0923547
-0.68546
0.418788
-0.0785501
0.446827
0.583242
0.633714
0.462127
0.190032
0.514044
0.250125
-0.353009
-0.161231
0.987581
0.385322
-0.29382
0.397348
0.377337
0.915234
0.295306
-0.388692
0.202456
-0.424272
-0.527105
0.336257
0.649525
-0.230867
-0.319604
0.344314
0.657801
-0.861729
0.883341
0.286779
1.05992
-0.109717
-0.478428
-0.502368
0.853957
0.0191057
1.00126
-1.09907
1.20774
0.359778
0.12541
0.738527
0.0871771
0.642853
0.641528
-0.666975
0.49689
1.14316
1.01506
0.00883924
-0.542017
0.554196
0.505793
0.720258
0.298075
0.33869
-0.731642
0.0482495
-0.110717
-0.853377
-0.88228
-0.231926
-1.2445
-1.19386
-0.432541
0.475988
-0.379938
-0.00245099
-0.494121
-0.911738
-0.156037
-0.0944634
0.243863
0.58705
0.0740029
-1.00679
-0.938964
0.277473
0.884669
-0.0607796
-0.570911
-0.202676
0.210953
0.183777
-1.0641
-0.580864
0.341091
0.294447
-0.0214314
-0.587252
-1.22935
-0.451182
-0.353436
0.33129
-0.780746
-0.00367839
-0.819774
0.258608
-0.803179
0.118923
-0.476538
-0.56129
-1.46754
0.0134319
-0.271838
-0.098357
-0.248916
0.129517
-0.365395
-0.184204
-0.00456165
-0.428784
-0.577552
-0.771632
-0.504959
-1.41736
0.24227
0.500631
-1.10693
0.0915561
-0.0366652
-0.608493
0.0263661
-0.109038
-0.311956
0.690781
0.334642
-1.05212
-0.893769
-0.563539
1.19713
-0.279324
-0.480009
-0.866353
0.181874
-0.175419
-0.918271
-0.716578
0.363966
0.0253114
-0.565487
-0.95878
0.715971
-0.953007
0.285655
-0.209828
-0.767911
0.383334
-0.191048
-0.157376
-0.707583
0.610937
0.0950548
-0.352977
-1.07082
-0.134909
-0.0276949
0.742921
-0.0785987
0.358279
-0.196354
0.248012
0.447572
-0.163093
-0.000792432
0.146725
0.0297529
0.83173
0.0422673
0.455672
0.241665
0.54543
0.34278
0.736008
-0.286585
-0.0718862
0.345063
-0.0528988
0.215572
-0.0419585
0.0926688
0.21897
0.618952
-0.516235
0.254205
0.386478
0.421866
0.500805
-0.175327
0.141625
0.156483
-0.699757
0.598679
-0.157753
0.344315
0.497909
-0.345337
0.583848
-0.271564
0.711252
0.898859
-0.747756
0.344301
0.622972
0.650363
0.134381
-0.419215
0.451779
0.232588
0.0897493
0.215662
0.17278
-0.424711
-0.28934
-0.0178745
-0.079361
0.341454
-0.301473
-0.361651
0.332502
0.15985
-0.287567
-0.636988
0.00280221
-0.104737
-0.721163
0.350981
-0.358499
0.374425
-0.281461
0.236059
0.284294
-0.497118
-0.145177
0.0932625
-0.413522
-0.507939
-0.250467
0.385208
0.0425407
-0.450097
-0.347293
-0.370357
0.0542423
-0.308034
0.177124
-0.372653
-0.110193
0.171035
0.0418177
0.0338557
-0.403261
0.374075
-0.0165818
-0.195478
0.332621
-0.215892
-0.642041
-0.363329
-0.5157
0.0290175
0.292686
-0.295186
0.209262
0.146952
0.215418
0.136909
-0.238899
0.152942
0.288466
0.382856
-0.472134
-0.522868
-0.061423
-0.103998
-0.263546
-0.0485471
0.230326
0.0277291
0.442753
-0.292343
-0.280393
0.55773
-0.567768
-0.388359
-0.189934
-0.325861
0.0543908
0.403932
-0.170965
-0.370494
-0.164802
-0.276014
-0.0524868
0.0196094
-0.104145
-0.0635264
-0.0604243
0.183563
0.355615
-0.0416891
-0.14979
0.167332
-0.0274144
-0.42476
-0.335086
-0.490604
0.200632
-0.165273
-0.467711
-0.211488
-0.431304
-0.387588
-0.157575
-0.036818
-0.469099
-0.240605
-0.254483
0.226028
-0.273968
0.0379151
-0.531859
-0.462503
-0.602274
0.346979
-0.168522
-0.0242942
-0.432514
-0.0133834
-0.839431
-0.310169
0.341521
0.356595
0.367121
-0.031862
-0.0800041
-0.108251
0.0987645
-0.305681
0.0725493
-0.568446
0.149973
-0.636979
-0.223668
0.434844
0.273817
0.43985
-0.411209
0.225573
-0.359403
0.364363
0.647796
0.0540964
-0.0691608
0.230262
-0.49265
-0.484992
0.494324
0.187274
-0.411317
-0.348638
0.495042
0.241177
0.381767
-0.283154
0.715393
-0.570036
0.895278
-0.844575
-0.355741
0.0816532
0.386891
-0.558129
-0.0714658
-0.707278
-0.162814
-1.14866
0.681986
-0.663077
-0.548428
0.0719646
0.536263
0.354171
-0.276351
0.484164
0.590648
0.434855
-0.536815
0.312014
0.280917
0.346243
-0.433599
-0.818334
0.0475539
0.140681
-0.571864
-0.0932343
-0.330541
-0.00659981
-0.12401
-0.634965
-0.00946973
0.445725
0.362612
-0.100502
0.09231
0.0574375
0.377409
0.270743
-0.869918
-0.63449
-0.344191
-0.416935
-0.518973
-0.238145
-0.0379774
-0.361007
0.768396
-0.386657
-0.310844
-0.105085
0.388322
0.083081
0.0636542
-0.537313
-0.0960089
-0.0191067
0.63348
0.340412
0.621342
-0.030706
0.631569
0.218653
0.351638
0.105201
-0.259671
-0.116414
-0.178958
0.545748
0.387287
0.407255
0.150331
-0.111673
0.3341
0.483814
0.284925
0.599494
0.436536
0.300445
-0.210266
0.226404
-0.186654
0.0134125
-0.267853
0.0402605
-0.100427
-0.17427
0.0277528
-0.55197
0.221184
-0.0440332
-0.733524
0.45462
0.69383
-0.120482
0.0643876
-0.278093
0.201015
-1.09028
0.994505
-0.391248
-0.235172
-0.417508
0.241287
0.237619
0.16728
-0.966972
-0.667829
-1.10101
-0.129766
-0.803318
-0.321418
-0.705451
-0.221665
-0.746349
0.109481
0.565722
-0.806153
1.19808
0.523081
1.17178
-0.377917
-0.596799
-0.35778
0.2691
-0.97525
0.18754
0.212018
0.700133
-0.282075
-0.0809545
-0.573018
0.0542367
-0.564255
0.292365
-0.950745
-0.536889
-1.30601
0.184284
0.0916841
0.653686
0.455062
1.08559
-1.07672
0.293446
-0.359223
1.15095
-0.0741508
-0.159509
-0.213304
0.417182
-0.099502
-0.728276
0.0638694
-0.199858
0.052646
0.205725
-0.188225
0.0923615
-0.328114
-0.0175167
-0.26208
-0.029201
-0.306339
0.0851982
-0.0249437
-0.442468
-0.547088
0.359132
-0.0651311
0.453886
0.996535
0.520321
-0.539084
-0.884661
0.377661
-0.0739347
-0.366988
-0.337128
-0.194199
-0.440085
-0.639943
-0.368604
-0.676282
-0.809394
0.782811
-0.220384
-0.174856
-0.49749
-0.266322
0.580259
0.669426
0.010762
-0.406418
-0.0513773
-0.296619
-0.0757764
0.570397
-0.083744
-1.00961
0.21275
0.114851
-0.204626
0.140347
-0.614541
0.450564
-0.483893
0.0303791
-0.285012
-0.842445
0.199561
-0.569827
0.242909
-0.19225
-0.0497405
-0.418223
-0.327935
0.480672
0.188828
-0.00710075
-0.0176863
0.266613
-0.193835
-0.319496
0.510057
0.308001
0.111
-0.213854
0.220419
-0.49042
0.288828
0.018416
0.562525
-0.354806
-0.0417719
-0.588334
0.0988416
0.32369
-0.384259
0.05937
-0.55537
0.383943
0.474866
0.279631
-0.220265
0.111211
-0.675262
0.250114
-0.670589
-0.239274
-0.419606
0.164846
0.0601437
0.521449
0.388117
0.87686
0.272416
0.381744
0.392608
0.303088
0.116671
0.0583139
0.0768746
-0.0575448
0.391948
-0.0966765
-0.147651
0.392742
-0.416644
0.401889
0.241389
-0.186242
0.345478
0.492525
-0.47885
0.518297
-0.135888
0.0828836
-0.106456
0.375643
0.348072
-0.715751
0.411869
-0.277792
-0.122965
0.543866
0.162086
0.252753
0.660196
-0.542225
-0.222121
0.334554
0.271603
-0.0399916
-0.0126273
-0.105881
-0.453117
0.642096
-0.0411418
-0.0136007
-0.103681
-0.0544043
-0.0902812
-0.267048
0.151398
-0.0481907
0.113354
0.235039
-0.675869
-0.349964
-0.625628
0.0640761
-0.494643
-0.577312
0.207466
0.10955
0.0626563
0.0713408
0.0721167
-0.459971
-0.137346
0.3275
-0.0158397
-0.448911
-0.427731
0.350053
-0.210315
0.477683
0.0761231
-0.528125
-0.367429
-0.330821
-0.318979
0.178646
-0.335964
0.116403
0.187938
0.0122003
-0.617297
0.118837
0.237105
-0.130804
-0.50638
-0.163231
0.111738
0.144117
0.174583
0.296331
0.360267
0.0158458
-0.213873
0.0193604
-0.148249
0.259737
-0.107161
-0.24685
-0.0806182
0.150537
-0.347695
-0.106793
0.0333603
-0.153561
-0.603036
-0.0177743
-0.309447
0.330583
0.425494
0.00293522
-0.567304
0.6912
0.217119
-0.173116
0.080767
-0.0126531
0.170813
0.734076
0.466724
0.0171773
-0.223701
0.547718
0.440531
0.478438
-0.363421
-0.1654
0.0810943
-0.157921
0.3673
0.399109
0.561195
-0.465758
-0.320027
0.485974
0.154748
-0.505559
0.114846
0.0390414
0.755382
0.0371289
0.601112
0.558295
0.0514254
0.191037
0.536156
-0.48423
-0.218287
0.730993
0.220318
0.207094
-0.263131
0.0313265
-0.195085
-0.329625
-0.93311
0.160066
-0.52642
0.0607384
-0.238973
0.13592
-0.393197
0.214338
0.744951
-0.120416
0.394059
0.427839
0.310215
0.46465
0.405028
0.0866804
-0.339064
0.133081
-0.713948
0.364847
0.347039
0.202277
0.236315
0.720911
0.137103
0.150478
0.0241692
-0.812464
0.361113
0.397403
-0.11274
-0.544954
-0.0375145
0.139439
0.201763
-0.310592
0.784496
-0.699038
0.227671
0.381371
0.383874
-0.180758
-0.57053
-0.261618
-0.202823
0.373377
-0.235574
-0.412662
-0.928779
-0.183967
0.360218
0.815859
-0.373292
0.0595411
-1.05728
-0.165396
-0.0937852
-0.336212
-0.80385
-0.248835
-1.26739
-0.29099
-0.886591
-0.737878
-0.396246
0.501613
0.099378
-0.537008
-0.334996
-0.132713
0.716384
0.531979
1.07332
-0.584801
0.111941
-0.297848
0.360867
-0.617761
-0.311599
-0.153034
0.703022
-1.40672
0.354211
-1.03397
-0.383142
-0.0924251
0.0167076
0.226707
-0.31853
-0.17261
-0.321026
0.374274
0.542463
0.842004
-0.483222
-0.420316
-0.801577
0.595219
-0.142568
-0.632528
0.175841
-0.0598424
-0.247064
-0.358095
-0.594968
0.151685
0.0903537
-0.143601
-0.346505
0.245728
0.215962
-0.636232
-0.210143
-0.180456
-0.164533
0.0157071
-0.382749
-0.328861
0.131039
-0.662013
-0.420567
0.322533
-0.286379
-0.0494635
0.515193
-0.0697723
-0.83352
-0.40332
-0.165077
-0.16566
-0.43102
-0.114571
-0.399622
-0.0533211
-0.0962137
-0.468183
-0.097731
0.0143032
0.169439
-0.1104
0.00170819
0.123504
0.23883
0.515539
0.03496
0.220506
0.238123
-0.379872
-0.116752
0.366682
0.0551691
-0.543542
-0.37324
-0.288457
-0.178811
-0.261697
-0.597404
0.087982
0.00836236
0.219728
0.406993
-0.0794146
0.181946
-0.609718
-0.153379
-0.196632
-0.193349
-0.235321
0.113016
-0.134017
0.0850258
-0.625779
0.0339368
0.231256
-0.0614726
0.406197
0.421298
-0.274453
0.180109
-0.212432
-0.18573
-0.37551
0.4165
0.162148
0.334844
-0.0460002
-0.586813
0.0523766
0.370799
0.53512
-0.526413
0.0219343
-0.272997
-0.79437
-0.359147
0.516569
-0.35943
-0.507243
0.288243
-0.316078
0.182843
0.225902
-0.504739
-0.713191
-0.0572391
-0.248111
-0.156522
0.273676
-0.723573
-0.0773712
-0.157538
-0.400258
0.0163842
-0.441838
-0.900423
-0.564226
-0.096053
-0.980677
-0.0333476
-0.426362
-0.55576
-0.285433
0.0205695
-0.555637
0.174265
-0.128141
-0.0796067
-0.101202
0.43746
-0.265939
-0.667926
-0.00361821
0.742311
0.15097
0.18985
-0.51921
-0.467816
-0.502421
-0.799287
-0.759999
-0.239793
0.238431
0.196403
-0.483016
0.134444
-0.831592
0.0139268
-0.19461
-0.503152
-0.317531
-0.340458
-0.463395
-0.897527
0.13699
-0.740752
-0.120451
-0.334539
0.276396
0.364744
0.591254
0.221715
0.184917
-0.269516
-0.479944
-0.241498
-0.520172
-0.569627
0.362843
-0.545873
-0.484443
-0.802139
-0.274364
0.0230506
0.198655
0.0776708
-0.0750444
-0.0484412
-0.895153
0.572304
0.73398
-0.11511
-0.16395
-0.240621
-0.0381602
0.316099
-0.484505
-0.806747
0.25706
0.158786
-0.824086
0.10048
-0.305645
0.263839
-0.335772
0.145699
-0.0550568
-0.249721
-0.0940218
0.16744
0.143771
-0.256481
0.281484
-0.473995
-0.812568
-0.361903
0.381477
-0.500365
-0.100147
-0.855661
-0.518566
0.139264
-0.42635
0.107186
-0.385587
-0.231331
-0.402602
-0.602637
-0.0769647
0.0419455
-0.68549
-0.732505
0.0765152
-0.102208
-0.77983
-0.0842345
0.462229
-0.795621
-0.229635
-0.145468
-0.108553
0.799344
0.796646
0.132426
0.100895
-0.331894
-0.174979
0.657058
-0.179654
0.266366
-0.326042
-0.0582409
-0.0166005
0.585053
-0.716358
-0.0742904
0.00227827
0.107628
-0.805258
0.121117
-1.04231
0.131558
-0.186686
0.273309
-0.31493
0.599182
-0.47002
0.0649994
-0.434483
0.224702
-0.0496855
-0.54505
-0.305776
0.408822
-0.63626
0.484399
-0.467917
-0.127968
0.32217
-0.370791
0.791372
0.0898365
0.123368
-0.635321
-0.862984
-0.899155
-0.0799897
-0.838407
-0.543493
0.39843
-0.359474
-0.45104
-0.632063
-0.446112
-0.421007
-0.146966
0.168448
-0.29749
0.122557
0.13076
0.375573
-0.0153683
0.120976
0.0677809
0.182822
0.32101
0.384441
-0.672343
0.710155
-0.416949
-0.205516
0.107768
0.408538
-0.49064
-0.144644
0.0780202
-0.600747
-0.78522
1.4153
-0.386437
0.354824
-0.0587695
-1.03051
0.446542
-0.073461
-0.0871652
-0.669501
0.234057
-0.309059
-0.427172
0.159731
0.400188
-0.223803
-0.521501
0.12082
-0.19519
0.0594734
-0.504486
-0.225083
-0.233042
0.0135067
-0.127062
0.470906
0.287548
0.0281949
-0.155675
-0.502268
0.482359
0.480821
-0.11323
-0.512951
0.192235
-0.0701237
0.175166
-0.463711
0.118059
-0.484721
-0.299727
0.177285
0.0672548
0.0747989
0.174211
0.103905
0.252796
-0.0271065
-0.514798
-0.219099
0.474701
-0.187958
0.0366965
-0.21771
-0.275701
-0.309802
-0.377615
-0.079266
0.38116
-0.0157989
-0.298863
0.371219
-0.31459
0.760383
0.0490474
-0.471278
0.319849
-0.288159
0.0284872
0.0891725
0.357796
0.497363
-0.261791
0.702476
0.172335
0.806578
-0.272607
0.652609
-0.415676
0.212889
-0.201514
0.40966
-0.0894715
-0.0603821
0.213053
0.48646
-0.0986808
-0.807078
0.489319
0.0789728
0.364476
-0.323343
-0.558559
-0.16764
-0.587783
0.0868721
0.0828377
-0.451966
0.103205
-0.403237
0.642724
0.411359
0.389048
-0.12427
-0.0703702
-0.303277
-0.154231
0.0688878
-0.075127
-0.399509
-0.919261
-0.308964
0.451477
0.156334
-0.0994575
0.0213936
-0.240982
-0.46836
0.315048
-0.673307
-0.42772
-0.86703
-0.30393
0.372101
0.080961
0.458981
-0.382334
-0.136663
-0.0544121
-0.477726
-0.146674
-0.157899
0.227011
-0.187779
0.807272
0.071655
-0.502311
-0.0835061
0.511649
-0.386929
-0.0708078
-0.599287
-0.462954
-0.510657
0.00880631
-0.144852
-0.264042
0.145849
-0.0863682
-0.45217
-0.0168705
0.207663
0.0540314
0.350092
-0.203037
0.636748
-0.302297
-0.0208385
-0.80202
0.0101438
0.18297
-0.809301
-0.551839
0.324478
0.369867
0.529102
-0.330472
0.436833
-0.707641
-0.382418
0.201563
-0.360378
-0.562925
-0.478113
-1.12656
-1.32272
0.0560197
-0.318328
-1.04423
0.668589
-0.50619
-1.20969
0.387081
-0.0949524
-0.103848
-0.214737
0.525407
-0.999374
-1.06789
-0.0491482
0.76811
-0.533307
-1.46622
-0.47576
0.0784789
0.290702
-0.778985
-0.863139
0.497782
-0.0080319
-0.0384143
-0.934259
-0.0934726
-0.754487
-0.225205
-0.310034
-0.484072
0.467125
-0.907381
0.327214
-0.786736
0.842243
-0.105448
-0.973307
-1.24795
-0.0372921
-0.117178
-0.256472
-0.00137113
-0.201668
0.430224
0.555694
-0.270899
0.548205
-0.152231
0.253775
0.466602
-0.315651
-0.263377
0.465461
-0.194944
0.00792342
0.136062
0.331494
0.053577
-0.0775179
0.551832
0.704856
0.00983418
0.432207
0.398843
0.397495
0.227681
0.493205
0.106585
0.273353
-0.346026
0.403298
0.191612
0.511199
0.401869
-0.273744
-0.21925
0.290072
0.372905
0.110664
-0.109925
0.544049
0.295684
0.42482
0.514349
-0.0096927
0.0977031
0.0715023
0.561392
0.0249532
0.0632032
0.301174
-0.373602
-0.0852381
-0.0219354
-0.56475
-0.0849677
0.106685
0.0865757
-0.189601
0.209152
0.174846
0.168073
0.388727
-0.257384
-0.469465
0.0677092
-0.0344764
-0.024444
0.00737655
0.343613
-0.466252
-0.0680102
-0.180816
0.0292569
-0.212658
0.126694
-0.470329
0.424515
0.0214719
0.286379
0.256246
-0.591878
0.0704378
0.270724
0.0150375
-0.444755
-0.213756
-0.118547
-0.0564873
0.130666
0.342603
-0.571531
-0.309377
-0.301949
-0.408353
-0.353994
0.501324
-0.0964339
-0.17141
-0.113554
0.373102
-0.28908
0.546125
0.163907
0.547458
-0.115687
0.280242
0.114578
0.110449
0.834575
-0.0491856
-0.08926
-0.44302
0.0661644
0.464051
-0.86292
-0.416539
-0.769799
0.203827
-0.330296
0.283999
-0.449798
0.0192079
-0.197713
0.279189
-0.139355
0.494905
-0.479041
0.441036
0.0643958
0.212408
-0.865921
0.103533
-0.667536
0.0806797
-0.453163
-0.382133
-0.259582
-0.0998732
-0.0983842
-0.640083
0.244183
-0.517953
0.0819064
-0.152391
0.123472
0.633822
0.333185
-0.351787
-0.0142731
0.0663858
-0.151145
-0.598497
-0.0657159
0.377208
-0.287356
0.297457
-0.111662
0.568168
-0.0614861
-0.0610505
-0.286468
-1.01871
-0.487124
-0.412024
-0.32449
-0.335567
-0.962731
0.306074
-0.307803
0.36141
0.340032
-0.010292
0.434802
-0.325439
0.205151
0.403301
1.47406
0.507468
-0.466383
-0.36319
1.00822
-0.338739
0.549413
-0.77113
0.583916
-1.08727
-0.269055
-0.160033
-0.345478
0.80122
-0.799013
-1.31077
0.270954
-0.81398
0.536616
0.399586
0.201103
0.704093
0.550712
-1.01784
0.0329502
-0.157113
0.143837
0.299679
-0.985702
0.264415
-0.0833131
-0.213976
-0.22607
0.569423
-0.0801879
-0.000960055
0.387278
0.0965564
-0.161321
-0.64325
0.622651
0.35107
0.0747529
0.213112
-0.0791439
-0.123831
-0.070716
0.272051
0.294409
0.0433197
-0.557703
-0.0660056
-0.509797
0.0595023
-0.648
0.636804
0.413691
0.092372
-0.351965
-0.457963
0.47393
-0.0637485
-0.256683
-0.355391
0.225552
-0.512654
-0.0843933
-0.537087
-0.485084
-0.581874
-0.23236
1.15603
0.0785644
0.166858
-0.0289705
-0.0122499
-0.389772
0.461014
-0.644778
-0.0533453
0.0160786
0.0277824
-0.478446
-0.29425
0.192304
0.218212
-0.360167
0.0520026
-0.335927
-0.125913
-0.153826
-0.315656
-0.372623
0.0413792
-0.302755
0.264066
-0.189724
0.118285
-0.465142
-0.0903649
0.160492
0.0219448
-0.181044
0.260528
-0.253344
-0.599315
0.188093
-0.43119
0.467507
-0.345444
-0.48372
-0.215566
-0.316749
0.0782684
-0.273978
0.119727
-0.336456
-0.347145
-0.0120461
-0.444474
0.0506216
-0.594689
-0.00498862
0.371652
0.220462
-0.133765
-0.270111
0.0541976
-0.111714
0.243587
-0.151565
-0.200009
0.223428
-0.037006
-0.135056
0.972404
-0.441899
0.786045
-1.11653
-1.00622
-0.914386
-0.438641
-0.584922
-0.245844
-1.17056
-0.458763
-1.1072
0.0121608
-0.104227
0.572373
0.510384
-0.404933
-0.0876432
-0.580886
1.07904
0.888642
1.40134
-1.02874
-0.876693
-0.552781
0.479709
-0.919332
-0.676212
-1.21506
0.490015
-1.48777
-0.0758827
-0.502324
-0.155026
0.394497
0.376253
0.164685
-0.126017
-0.260389
0.344026
0.49655
-0.203368
0.664802
0.273631
-0.366355
-0.924115
0.345406
-0.77319
-0.129402
0.387252
0.211505
-0.283802
0.460051
-0.330494
-0.67003
-0.225374
-0.0261689
0.019103
0.200825
0.0273695
-0.726946
-0.639208
0.0598538
0.0759952
0.239617
0.212099
0.434677
0.195055
-0.520057
-0.0566662
-0.305884
0.274609
0.322262
-0.0123644
-0.651329
-0.137957
-0.070478
0.588192
-0.248691
-0.538229
0.11439
-0.256327
0.131608
-0.293213
-0.340183
0.0945621
-0.118335
-0.0183281
-0.00565576
-0.288944
0.00339059
-0.0827191
-0.322694
-0.151462
0.301646
-0.394488
0.0338432
-0.0531963
-0.258167
-0.207459
-0.197217
-0.228883
0.189669
0.328175
-0.0585615
-0.0592062
-0.18578
-0.825159
-0.750743
0.398983
-0.378862
-0.381745
-0.127387
-0.602455
-0.386035
-0.24244
-0.512212
-0.639524
0.471032
0.303411
-0.877201
0.485631
-0.935137
0.855958
0.128265
0.255734
-0.752381
-0.888375
0.174662
0.104531
-0.286491
-0.82734
-0.600528
-0.170748
-0.404065
-0.589876
-0.685704
0.477179
-0.0924777
-0.294151
-0.342833
-0.342517
-0.451127
0.391778
0.437805
-0.388407
0.64874
-0.398693
-0.432902
-0.425808
0.440478
0.00466707
-0.676301
0.292783
0.439538
-0.290364
-0.116072
-0.326938
0.209188
-0.726346
-0.141556
-0.155334
0.306181
-0.833943
-0.945254
-0.598294
-0.547108
-0.271765
-0.49298
-0.376031
-0.0314741
-0.172551
-0.48987
-0.308672
-0.252796
-0.231286
0.426678
0.159709
-0.261725
-0.268946
-0.459768
0.928753
0.180948
0.238059
-0.253156
-0.478377
-0.139047
-0.532559
-0.224234
-0.453179
-0.265984
-0.117388
-0.559853
0.0111778
-0.283962
0.134881
-0.325346
-0.353206
-0.444483
-0.283773
-0.402233
-0.638767
0.0641557
-0.590253
-0.710455
-1.09621
-0.387321
0.858057
-0.293525
0.0576645
0.145757
0.0387179
0.688572
0.515353
-0.25148
-0.108853
-0.00128378
-0.319613
-0.836886
-0.081848
-0.00939091
-0.564747
0.320308
0.053346
-0.436157
0.0980431
-0.351034
0.460934
-0.321344
0.216076
-0.505956
-0.155018
-0.162508
-0.289769
0.352127
0.0479646
0.67022
-0.190895
-0.079614
0.460071
0.39815
-0.219679
-0.00826432
-0.827481
0.125382
-0.0623131
-0.246714
0.0729053
-0.296047
-0.114117
-0.443469
-0.234633
-0.102012
-0.788698
0.225303
-0.118175
0.334551
0.42797
0.409009
-0.360298
0.164474
0.169909
0.0674387
-0.329061
-0.147848
-0.142676
-0.11226
-0.245639
0.408583
0.290282
0.34153
0.175406
-0.0691658
0.0911597
-0.227326
0.0109803
0.244934
-0.333085
0.425449
0.217674
0.149998
-0.490043
-0.227991
-0.38907
0.0189374
-0.570385
-0.209884
-0.346316
-0.125674
0.301367
-0.0636696
-0.226433
-0.178423
0.00204169
-0.158303
0.185019
-0.464176
-0.135666
0.0804293
0.32736
0.386933
0.368355
-0.143802
0.441323
0.0135213
-0.261635
-0.467937
-0.321328
-0.195438
-0.0237183
0.692098
-0.281107
0.900876
-0.116052
0.493503
0.111581
-0.241305
0.362991
-0.332403
-0.187787
-0.231164
-0.126621
0.3139
0.290302
0.046949
-0.0806704
-0.122164
0.3168
-0.0957945
0.320861
-0.0625225
0.483996
0.0211809
0.789295
0.317306
-0.0132278
-0.0525363
-0.053278
-0.42823
1.05617
0.488563
0.784149
-0.0326057
0.461483
-0.404565
0.666837
-0.555986
0.707244
-0.405645
0.790934
-0.015638
-0.0577474
0.662761
-0.062585
0.599945
0.00266775
0.318066
0.210949
0.729412
0.153167
-0.434206
0.225596
0.173871
-0.28327
0.449064
0.162243
-0.112587
-0.0713627
-0.0103598
0.371216
0.0642551
-0.106693
-0.370086
-0.12145
-0.15168
-0.0549211
0.333858
-0.433491
0.848065
-0.620215
-0.182902
0.351478
-0.17492
-0.161806
0.705244
-0.199504
0.0789144
0.106017
0.281961
0.0579438
0.0706422
-0.232525
-0.452321
0.247269
-0.0578742
0.0607599
-0.657855
0.332999
-0.227592
-0.682588
-0.590495
-0.138894
-0.363421
0.0256674
0.551375
0.0527177
-0.228125
0.0449622
0.0496246
0.087366
-0.0105318
-0.245366
-0.257208
-0.813036
-1.05212
-0.471252
-0.257621
-1.02808
-0.892255
-0.211382
0.110032
-0.627538
0.0361915
0.341595
0.0394072
-0.23066
-0.632905
-0.28094
0.00425732
-0.141616
-0.691077
-0.723083
0.0460938
-0.947397
-0.26054
0.473482
-0.684745
-0.505878
0.178013
0.0937524
-0.128654
-0.768746
1.29781
-1.24999
-0.302775
-0.702197
-0.726543
0.350209
0.707002
-0.892108
0.853538
-0.24256
0.901333
-1.2023
-0.158
-0.194203
-0.897858
0.226399
-0.785198
-0.105698
-0.527946
-0.868049
-0.836475
-1.56365
0.362089
0.424281
-0.0135218
-0.172759
-0.409883
-0.393701
-0.0678197
-0.0836262
0.107801
-0.696345
0.211281
0.158335
0.423665
0.058842
-0.111085
-0.220318
-0.205065
0.0393205
-0.487997
-0.336741
-0.0271786
-0.609294
-0.617056
-0.202501
0.103505
-0.63459
-0.423506
0.176979
-0.255683
-0.563067
0.313206
-0.61764
0.41631
-0.124736
-0.743257
-0.0145384
-0.127982
-0.420596
0.306726
0.00298107
0.43637
0.0911201
0.232129
-0.0327359
0.104065
0.510698
-0.388712
-0.354402
0.0632493
-0.441627
0.0422502
-0.0983736
-0.179005
-0.0702866
0.329438
-0.0124913
0.0517014
0.372038
0.379253
-0.9812
-0.927328
0.215793
0.192032
-0.984858
-0.868784
-1.19223
0.458281
-1.17216
0.00508835
0.0819875
0.527656
0.00405926
-0.582254
0.134064
-0.975017
1.01352
0.265715
0.425545
-0.452232
0.135522
-0.402765
0.520606
-0.453387
-0.538749
-0.0663984
0.480804
-0.770244
-0.457809
-0.600344
0.591211
-0.272874
-0.261675
-0.660511
-0.309367
-0.0587796
0.354584
-0.63075
-0.29398
0.272858
-0.291802
-0.523418
-0.0972053
0.0379225
0.140432
-0.187178
-0.661964
0.462572
-0.200048
0.154256
-0.430603
-0.325579
-0.0284822
0.0726494
0.215463
-0.0748178
-0.319767
-0.0675661
-0.211955
0.27849
0.224418
-0.134328
-0.504039
0.303692
-0.361571
-0.199743
-0.325069
-0.489536
-0.470963
-0.209153
-0.234285
-0.509984
-0.528801
-0.0558593
-0.461568
0.369928
-0.288515
0.332033
0.0808412
-0.109178
0.399712
-0.509474
-0.274341
-0.183983
-0.424549
0.302051
-0.392708
-0.0867305
-0.313927
0.0412253
0.122145
-0.00323577
-0.260977
0.348421
-0.171473
-0.442124
0.466032
-0.0192469
-0.525069
-0.493376
0.254945
0.180224
0.158346
0.110558
-0.599848
-0.520982
0.0597321
0.105979
-0.384705
0.140314
0.420213
-0.508698
0.123668
0.341648
-0.206161
0.0134618
-0.456841
-0.466069
-0.146744
0.0920579
-0.107382
0.382439
0.290124
0.286094
-0.252469
0.0984375
0.172731
-0.279073
0.053497
-0.299735
-0.113796
-0.115897
-0.333393
0.227985
-0.185664
-0.148717
0.206457
-0.363349
-0.34814
0.367488
-0.130323
-0.207095
-0.109166
0.137299
-0.477485
-0.426796
0.0612069
-0.138006
-0.0160742
0.402266
-0.215483
0.0987697
0.174732
0.0497623
-0.334973
0.269643
-0.153645
-0.230092
0.0956526
0.122262
-0.0667617
-0.58039
0.343877
-0.382742
0.0767866
0.0846914
-0.857259
0.0922459
-0.029064
-0.769262
0.344161
0.313744
0.0689664
0.800924
0.893148
-0.636779
0.0497583
0.234619
0.178717
-0.387206
0.593936
-0.496084
-0.419488
-0.681194
-0.625648
0.36288
-0.659004
-0.0443839
-0.049066
-0.353523
-0.0597983
-0.404315
0.0993594
0.0760849
-0.2133
0.741539
-0.609593
-0.195998
-0.178277
0.0653434
-0.838177
-0.555494
-0.232403
0.734738
0.363038
0.755409
0.678687
0.172033
0.0116773
-0.330872
-0.147303
-0.207048
-0.680527
-0.0487522
0.469969
0.441609
-0.0153978
-0.0973956
0.0801676
0.107125
0.225978
0.0801783
0.183092
0.45014
-0.306759
0.180033
0.413788
-0.14069
-0.413124
-0.0482872
0.127197
-0.267989
0.882296
0.425241
0.263283
0.152365
0.403298
-0.0972454
0.458077
-0.393911
0.692464
-0.797066
1.07551
0.491175
-0.305484
0.72677
-0.277472
0.352259
0.273533
0.306598
-0.077512
0.63361
0.50828
-0.0503963
-0.195197
-0.0598389
-0.340464
0.0407792
-0.338266
-0.552604
-0.169523
-0.292587
-0.643497
-0.347945
-0.720709
-0.129256
0.0479574
-0.144376
-0.257623
0.222596
0.230073
-0.0340602
-0.381136
-0.354423
0.348008
-0.0942445
-0.31521
0.269483
0.36658
-0.353887
-0.200807
-0.339671
-0.0943776
0.364189
0.264107
-0.558618
-0.0898918
0.0580032
-0.474722
-0.679282
-0.547785
-0.0549148
0.145535
0.00138553
-0.254068
0.127026
0.168567
-0.619442
-0.368649
-0.166942
-0.483458
0.206355
-0.652523
0.00841537
-0.578604
-0.502054
-0.469152
-0.740331
0.227779
-0.861931
0.673758
-0.181566
0.206676
0.449797
0.137452
0.50738
0.103696
-0.0511337
0.40128
0.0946248
0.423296
0.373155
0.416311
-0.49611
-0.587077
0.0565522
-0.154419
-0.0678889
0.272917
-0.311908
0.0290152
-0.656504
0.58715
0.217216
0.296768
0.14825
-0.161638
0.00657579
-0.604667
0.662675
0.329601
0.0367003
-0.538676
0.502136
0.564208
0.126787
0.685189
0.0754828
0.442075
-0.686518
0.240503
-0.332304
-0.192231
0.0948112
0.30571
0.208186
0.251299
-0.323737
0.091788
1.47209
2.5008
2.10494
2.61263
1.6882
0.379156
0.12164
-1.16819
2.1057
0.732837
3.21282
1.52151
1.05101
0.755583
0.0248451
1.00084
1.08727
2.71152
0.633251
0.720128
1.77456
1.81814
1.21365
-2.43131
-0.503086
1.4054
1.09999
2.85042
-0.500108
-0.395815
1.23135
2.22273
1.07432
0.261149
3.54498
0.251439
1.95439
1.40959
-1.09989
0.209848
1.51959
0.479223
-3.49098
-0.886759
2.37514
0.0426829
-0.158111
1.36435
1.35609
0.388182
-1.84747
