#input normalization
14.8939 26.5691
7.51127 20.1865
6.50195 20.8586
0.00485824 0.0142952
0.0034896 0.0116179
1 1
0.57549 0.886105
0.845794 1.12433
1.13915 1.44019
1.45071 1.83582
1.77972 2.24465
2.10446 2.67235
2.44738 3.12592
2.85677 3.63768
3.18026 4.06202
3.54085 4.54
#output normalization
1 0
#neurons weights
-0.40174
-0.107451
0.414331
-0.107317
-0.0448849
-0.157189
0.157334
-0.366363
-0.492073
0.204741
-0.0221696
0.38673
0.428904
-0.467303
-0.147491
-0.0932299
3.38635
-4.16891
-0.558837
-3.44584
-2.17138
-3.09522
0.000721932
-0.788794
-4.61102
-0.968635
1.80047
-0.62695
1.1056
5.85503
0.808954
-0.268534
-4.5178
0.39766
1.57857
-0.443578
0.372362
0.313451
0.951074
1.34053
0.216451
-0.361035
1.21026
0.0128846
-0.657703
0.622879
0.533968
0.393368
0.402455
0.710821
#synapses weights
-0.557204
0.865026
-0.317744
0.825061
-2.53085
-0.0912867
-1.2033
0.126384
-0.837637
0.897164
1.7233
0.50555
0.00509335
-3.08799
-1.26449
-0.616546
0.990205
-2.3983
2.08154
-1.06919
-0.677665
-0.0313898
-0.704383
1.00204
0.705773
-0.414228
1.66827
0.412741
-1.14158
0.454185
-0.581642
2.53701
0.96098
-1.54167
0.552176
-1.58149
-0.241196
0.0690724
0.937293
-0.223034
2.47526
0.283878
2.14664
1.12417
0.520828
-0.267465
0.532242
2.4761
-0.277985
-1.00526
1.53255
1.41063
0.873484
-0.261396
-1.5238
-0.619934
-0.0898716
-0.799279
1.26326
-0.287361
3.0772
-0.865659
-1.06271
0.614167
0.731085
3.69412
-0.625224
0.064579
-0.647098
-0.437435
-0.683742
0.833397
0.241454
1.01561
0.0118072
0.767301
1.62323
0.378026
0.888025
-1.21537
-2.1412
1.62094
0.95299
-0.919488
0.770847
-0.459864
-0.0179486
0.135722
1.73971
-1.46048
-0.402227
0.563362
0.681403
-2.49891
-4.31848
-2.28848
0.930785
1.02128
1.83713
0.142753
-0.112898
-0.037247
0.00271733
2.03514
0.933674
-1.17777
0.429097
-0.0997102
3.56907
-0.927035
0.172648
1.96231
-1.30128
-0.167112
0.663953
2.95707
-1.55769
-0.435056
0.649401
-3.66122
0.102422
-0.519404
1.10803
0.897283
-0.884502
-1.18605
-1.44713
-1.5518
-0.674986
1.22663
-0.146948
-1.63296
-0.954754
0.458827
-0.95096
-2.83337
-3.43116
-1.25786
-1.15925
0.986583
0.624759
0.0487322
-0.168674
1.36042
0.323382
-0.243051
0.311815
-2.19633
1.04051
0.200485
-0.0448327
-0.249803
0.040549
0.294431
-0.219107
0.226294
0.149902
0.00197581
-0.261346
0.156119
0.117403
0.775311
-0.293759
-0.0370812
-0.542732
0.157847
-0.192167
-0.601618
-0.144029
0.938225
3.18227
0.046943
-2.74052
-0.0120984
-1.02312
3.93787
1.22934
-2.08539
-0.141533
2.17614
1.69585
-0.362493
-1.4147
-0.249403
-2.56573
-1.57794
1.51686
3.04689
-0.117682
1.52214
2.45335
2.95138
-0.0526762
2.6223
-0.341806
-0.0208912
-1.05614
0.338791
-0.692775
-0.628171
0.773603
-1.44026
0.18131
0.0387442
0.930073
0.615474
-1.41919
0.787595
-0.699428
1.55966
-0.12624
2.02234
0.443868
-0.332328
0.505975
0.256286
-0.619139
1.32234
-0.182111
0.568181
-0.873173
-0.0959983
0.152828
-1.07229
0.738792
-2.35081
2.01833
1.66893
2.52985
0.482369
0.706427
2.14511
1.16682
2.20493
2.17782
-1.10968
-1.42767
0.675594
1.56534
-0.192716
2.11978
-1.34541
-1.10811
1.85507
-0.245801
0.496364
-0.175371
-0.426524
-1.13801
0.929038
0.65641
1.20621
-0.318761
2.43914
4.42687
2.79536
-0.832116
-0.223697
0.032969
1.0137
-2.0819
-0.241708
-0.0021468
-0.0652182
-0.521154
0.342932
1.33029
0.778494
-0.623483
-0.97875
-1.56595
-1.38504
0.312424
0.96748
0.384697
0.194924
-0.738651
-1.14686
-0.435749
-0.1577
1.3441
0.871234
0.269131
0.317712
-1.15268
-1.80226
0.613749
0.377656
-0.482625
-0.165101
0.356587
1.20524
0.55299
-0.945706
-0.442885
-0.380041
1.53972
-1.1759
3.60829
-0.123007
0.280665
-1.71274
-0.982607
0.17033
-1.0364
-1.17363
-0.231573
0.811048
0.0790115
0.645142
-0.270943
-0.177504
-0.00399508
-0.211971
0.389359
1.01561
-0.346964
0.027279
-0.380519
-0.723292
-0.0350973
-0.11578
-0.21626
-0.60018
0.64045
1.01196
0.614455
-0.989071
-0.934697
1.08074
-0.801135
-0.570113
2.105
1.75012
0.678928
0.516787
-0.026443
0.23232
-0.186747
-0.759023
-0.655663
0.0418675
-0.895066
-0.767654
0.735774
-0.245613
0.324994
-0.774907
0.0466044
0.920421
-0.788296
1.18197
-2.50343
-2.31065
1.18346
-1.77341
-0.902314
-0.628657
0.460761
0.879211
-0.0763471
-1.00064
-1.37706
2.03257
-2.13395
0.25882
3.92095
2.61934
0.206473
1.16787
-0.174821
-1.39759
-0.849605
-2.0034
-2.4092
1.51854
-0.0676723
2.85178
0.18833
-0.637141
0.846327
-1.75105
1.79953
2.32971
-0.672656
-0.211306
-0.384674
-2.8804
2.58425
-1.82925
-0.987339
-0.310815
0.344273
1.15155
1.54739
-0.0949637
-0.844807
-2.82769
-0.469128
2.37989
-0.454465
1.55729
-0.442372
-1.81877
-2.3897
1.75827
0.0907942
-1.27664
-0.839255
0.780531
1.14432
-0.257292
1.12601
-1.09183
-0.0570487
-1.48284
0.475597
1.8906
-1.26386
0.302511
-3.3892
-3.22818
0.504314
-0.573524
-0.183551
-1.15885
2.65162
1.54008
1.69766
-1.73512
0.0844871
-0.868263
-0.105842
2.72449
2.59262
-1.88024
2.20869
-0.798462
-2.74806
0.235709
-1.10257
-0.832607
-0.536561
0.153581
0.720859
1.03035
-0.822731
-0.302238
0.218822
-0.276427
0.642452
0.418478
-0.166424
0.514727
-0.345135
0.335691
0.305132
-0.148244
0.747758
0.117346
0.333256
0.124673
-0.230965
0.420137
0.0879661
-0.0283723
0.309533
0.156734
0.615304
-0.366479
-0.437798
-0.736136
-0.876077
0.223029
-0.470223
-0.801312
-0.967993
0.285518
1.05241
0.241378
-0.713715
-0.683169
-0.990949
-0.777644
1.19878
0.785351
-1.28317
2.17285
-1.46372
-1.86321
1.79465
-0.988038
-0.924652
-0.602699
0.58885
0.229094
1.67874
-0.795425
-0.776073
0.450475
-0.953505
1.72374
1.26813
-0.772834
0.640217
-0.354242
-1.79288
1.03003
-0.900959
-0.278335
-0.957851
0.236606
0.588939
1.20089
-1.50386
-0.586092
1.04632
-0.985288
1.16577
2.53012
1.767
1.28011
-0.609897
-0.881266
-0.857483
0.0384365
-1.88457
-0.121246
0.6339
1.68976
-0.44029
-0.36022
-1.14044
1.67165
-1.19887
-1.28917
2.2404
1.87414
0.428709
1.70121
-0.192666
-1.13823
-0.359342
-0.48846
1.24494
2.88786
-0.237431
0.43479
3.40218
2.52807
3.40999
3.14232
3.91202
3.25989
-1.02177
0.411394
2.28325
1.27645
1.44698
2.02846
