#input normalization
0.365727 0.976507
0.544937 1.06383
0.735145 1.18611
0.926814 1.32181
1.10397 1.43426
1.28435 1.53621
1.43749 1.63273
1.58521 1.72786
1.70751 1.78629
1.82178 1.83477
1.9221 1.87392
1.9822 1.88428
2.04996 1.8893
14.856 22.0227
15.0268 20.6674
0.018333 0.0232243
15.611 21.6906
0.0171357 0.0226993
#output normalization
1 0
#neurons weights
-0.0986571
0.401486
-0.308325
0.0629196
-0.0808516
-0.374753
0.360028
-0.415345
0.00981252
-0.275797
-0.0811556
0.128284
-0.48845
-0.156163
0.471346
0.166945
-0.0218983
-0.233843
0.35664
0.0186665
-0.0557326
-0.0675344
-0.0639012
0.0862903
0.083125
-0.192938
-0.439467
0.0084334
-0.346634
0.342225
0.430418
-0.264404
-0.352296
-0.331548
-0.263349
-0.0548347
0.0145281
0.45751
0.0468648
-0.0864225
0.035203
0.656111
-0.0230698
-0.258909
0.257201
0.359037
0.0536672
-0.754998
0.205559
-0.565501
-0.0283976
0.2754
-0.476039
0.140523
0.313171
-0.0258906
0.296827
0.372495
-0.00018211
0.0331545
-0.598891
0.922948
-0.722633
0.0342443
-0.434351
-0.147798
0.0381823
0.508932
-0.0179497
-0.0353644
0.31901
-0.363122
0.251482
0.563697
-0.23215
0.495368
0.358491
0.189064
-0.298193
-0.238033
0.103698
-0.301931
0.456312
-0.443131
0.0359444
-0.275019
0.127049
0.383411
0.0905461
-0.00947937
0.216652
-0.294349
0.0255503
0.0134138
-0.387967
0.0560632
-0.0261791
0.519106
0.165409
-0.0661492
-0.373535
-0.517731
0.11407
#synapses weights
0.41216
0.175805
0.0793269
0.10568
0.264482
0.246129
0.301106
-0.173966
-0.162867
0.305985
0.480564
-0.373292
-0.0171252
0.303795
-0.19124
0.0934529
0.429148
0.190492
0.116348
0.237323
0.379992
0.372782
0.262365
-0.258052
-0.0284561
0.194078
0.33955
0.0254405
0.333166
-0.306387
0.187745
-0.294447
0.186492
-0.559412
-0.30425
0.240366
-0.258349
0.0225911
-0.466164
-0.481599
-0.124006
0.119604
-0.0782441
0.0553839
0.317713
0.535668
0.265358
0.192634
0.0566519
-0.458557
0.0398581
-0.379376
0.00165137
0.360167
0.293332
-0.337278
0.367966
-0.390696
0.397126
-0.176759
0.3345
0.207306
-0.441877
-0.404552
0.143452
-0.321174
-0.0168938
-0.411561
-0.0101027
-0.367948
-0.127152
-0.218309
-0.169304
-0.0209649
0.0794462
-0.180466
0.334462
-0.627728
-0.326068
-0.456609
-0.121957
-0.587291
-0.469075
-0.0310289
0.247029
0.0108515
0.742492
1.14001
0.325413
-0.0763176
0.022043
-0.0774649
0.0848754
-0.36875
-0.228888
-0.155929
0.695001
-0.238007
0.690658
0.744187
0.779493
1.18809
0.950963
0.657317
0.57181
0.683601
-0.514914
-0.218007
0.499572
-0.446143
0.0347618
-0.544911
-0.293397
0.00798565
-0.0683191
-0.208811
-0.352833
0.37483
-0.315675
-0.0954717
-0.300704
-0.0780597
-0.111786
0.729581
0.372052
0.482733
0.227678
0.419611
0.263869
-0.453143
0.106685
0.519593
0.288476
-0.501233
-0.104352
0.358755
-0.296463
-0.0438963
-0.160292
0.0520075
0.267034
0.0947004
-0.0306314
-0.204728
0.492753
0.439129
0.0845379
0.0636665
-0.0322201
0.216941
-0.307584
-0.109214
-0.09964
0.352664
-0.481863
0.161754
0.034029
0.499412
-0.29934
0.414043
-0.0192019
-0.267301
0.0368542
-0.100482
-0.0018864
0.0811659
0.218619
0.0444879
0.246856
-0.177669
-0.461351
0.224435
0.357341
0.135041
0.235978
-0.513752
-0.447076
-0.203513
0.119012
-0.177524
0.104118
-0.0674581
0.142714
-0.253319
0.0740049
-0.330483
0.116471
0.345946
-0.169046
-0.157837
-0.0808494
0.124557
0.191047
-0.27316
-0.480837
0.00438148
0.410088
0.111332
-0.409551
0.25451
0.217179
-0.206827
0.195726
-0.178478
-0.0748194
-0.174176
-0.224269
0.242126
0.414007
-0.117615
0.324507
0.367599
0.344384
-0.149026
0.161827
0.300342
-0.180267
0.47962
-0.393973
-0.0270029
0.197349
-0.00417564
-0.162783
-0.0249245
0.33542
-0.110649
-0.44481
-0.0165746
0.00688419
-0.0493163
0.0520247
-0.673018
-0.151093
0.261457
0.223431
-0.290509
-0.00875418
-0.0321654
-0.418313
0.416735
0.608915
0.484172
0.568443
0.658152
0.475973
0.149629
0.785609
0.36447
0.0800773
0.182633
-0.0876136
-0.0607671
0.224429
0.41922
0.0542949
0.389338
0.235469
0.418424
-0.0546893
-0.561402
0.190329
-0.0827001
-0.359816
0.206467
-0.199279
0.60065
0.719559
0.59951
-0.18793
0.343773
-0.196775
-0.248571
0.235257
-0.662868
0.086339
-0.365791
-0.238505
-0.389213
-0.624205
-0.403194
-0.739954
-0.183826
0.0338487
-0.746073
-1.23825
-1.59289
0.518336
0.139441
0.223171
0.244114
-0.0740546
0.244609
0.360703
0.166784
0.234031
0.0527822
-0.164885
0.44306
-0.161601
0.482743
0.0930047
0.451561
-0.436857
-0.55473
-0.756573
-0.852057
0.256339
-0.137628
-0.0244758
-0.400687
-0.409613
0.635009
0.151498
0.11438
0.611285
0.187692
0.541712
0.682649
0.260012
0.21047
0.0289778
0.239896
0.156134
-0.0708941
-0.223036
-0.181406
-0.398137
-0.16358
0.124847
0.0658204
0.637182
0.519886
0.912328
0.975103
0.310807
1.03669
0.50201
0.477752
0.24877
0.393297
-0.439061
-0.0894112
0.113492
-0.361387
-0.309521
-0.311128
-0.181256
-0.170367
0.184179
0.503429
0.187996
-0.532561
-0.542995
-0.309945
0.117961
0.108095
-0.266314
-0.152896
-0.337175
-0.345125
0.467659
-0.379081
0.318662
-0.549246
-0.0629477
-0.102418
0.209703
0.0807709
-0.311023
-0.0747738
-0.386229
0.320975
-0.365145
0.512697
0.19321
0.118228
-0.168693
-0.0436761
0.307087
0.427781
0.221876
0.065802
-0.183412
-0.088288
0.0736026
-0.082868
0.444351
-0.0736512
0.368517
-0.166818
0.536884
0.324785
-0.0180717
-0.18092
-0.220229
0.241736
-0.241058
0.0352716
0.308036
0.253256
0.35596
0.0645974
0.527972
-0.27464
-0.366221
-0.232029
-0.410237
-0.116065
0.223871
-0.410885
0.0913386
0.100106
0.110694
-0.181544
-0.0628062
-0.131233
0.192816
0.27012
-0.129525
-0.106887
0.204324
-0.14018
0.385587
-0.281012
0.281007
0.0172129
-0.0230111
0.108492
-0.117787
0.0298209
0.229021
-0.337254
0.00687966
-0.368632
0.0937741
-0.592233
-0.0562298
0.109459
0.277092
0.541184
0.0811275
0.198837
0.662618
0.507901
0.147762
-0.136603
-0.363716
-1.34933
0.0746426
-0.58618
-0.144442
-0.0679318
-0.650115
-0.104744
0.0519172
-0.319257
0.207288
-0.0191018
0.137818
0.0455449
-0.00475585
0.341631
-0.495625
-0.250961
-0.416927
-1.36596
-0.0149047
0.173903
-0.175393
-0.10285
0.4142
-0.135753
-0.583599
0.144944
-0.685537
-0.562788
-0.637428
-0.701862
-0.54284
0.0233361
0.209255
-0.363725
-0.635712
-0.571949
0.100467
0.0156528
0.261007
-0.383938
0.196594
-0.316896
-0.2945
0.495531
0.200706
0.193961
0.252233
-0.360933
-0.0450791
-0.298278
0.571715
0.339858
0.284566
0.450016
0.375076
-0.196055
0.0431883
-0.407244
0.0576001
-0.388537
-0.0880562
-0.284914
0.145859
-0.136825
0.459589
-0.381368
-0.357021
-0.360999
-0.328818
-0.259061
0.0111811
-0.0893284
0.268031
-0.301588
-0.532188
0.0587605
0.193341
-0.0815676
0.0982641
-0.0638574
-0.578348
0.204648
-0.319642
-0.399613
-0.48296
-0.24517
-0.0865994
-0.262675
0.215746
0.833765
0.253082
-0.245452
0.424529
0.143312
-0.0219079
0.677591
-0.173906
-0.274066
0.445787
0.460134
0.258895
0.0888347
-0.106047
-0.298976
-0.215775
0.346538
0.435881
0.223683
0.392782
0.514468
-0.210862
0.0250227
-0.137457
0.287211
0.130616
0.217027
-0.411511
0.0488498
-0.299687
-0.369607
-0.381891
-0.40299
-0.276442
-0.138289
0.26897
0.486921
0.345422
0.44231
0.178465
0.22337
-0.00488402
0.426048
0.487504
0.418657
0.538782
-0.359846
0.260571
0.0662712
0.230536
-0.218843
0.234855
0.264277
0.491726
0.380502
-0.240317
0.155084
-0.38954
-0.279135
-0.000141038
0.189916
-0.644377
-0.401219
-0.179767
-0.440882
0.455156
0.368388
-0.240677
0.383479
0.144492
-0.111397
-0.321429
-0.5705
-0.168912
-0.141288
-0.0523001
0.424779
-0.290082
0.018826
0.111733
0.416485
-0.488534
-0.316657
0.0341328
0.0304445
-0.341935
0.00594972
-0.286402
-0.0056544
-0.360769
-0.231375
-0.0126401
-0.202882
0.409638
-0.0749718
-0.233981
0.379808
0.240073
-0.326798
-0.236132
0.282176
-0.288641
-0.0506284
-0.0604489
0.138933
-0.130158
-0.440002
0.0825598
0.076099
-0.0704373
0.122268
0.0980322
0.0240887
-0.120618
-0.0922616
0.230213
-0.191915
0.155957
-0.223372
-0.475069
0.283648
-0.000526128
-0.209514
-0.674542
0.216214
-0.888166
0.219056
-0.176756
-0.595433
0.15455
0.485634
0.346635
0.277597
0.504272
0.0245796
0.0259528
-0.454137
-0.244165
0.213657
0.327866
0.313958
-0.262116
-0.297216
-0.151446
0.14537
-0.00171752
0.0802321
0.27008
0.397799
-0.274871
0.1737
0.509278
0.375098
0.187691
-0.171772
0.349633
-0.399437
-0.0944221
-0.284225
-0.161527
0.383268
-0.358895
0.377573
-0.113447
-0.129183
0.165352
-0.00770956
0.138902
0.16293
-0.269979
0.402948
-0.335557
0.251233
-0.0433378
0.190445
0.166148
0.236069
0.407545
-0.33382
0.510773
0.804269
-0.256765
0.620168
0.0586406
-0.0246119
0.243941
0.302868
0.428986
0.483943
0.204384
0.462106
-0.0145663
0.451513
-0.374267
0.0364493
0.238651
0.342259
1.04741
0.644917
-0.015906
-0.0621341
-0.278215
-0.231277
-0.220112
0.287472
0.412677
-0.212278
-0.25833
0.0125227
-0.0401842
0.017615
-0.349037
-0.174447
0.293282
0.442887
0.109609
-0.338241
0.327556
-0.215192
0.400986
0.34449
-0.389949
-0.137199
0.390709
-0.337141
-0.28095
-0.0566843
0.315974
0.101
-0.324137
0.378326
0.496341
-0.534595
0.61899
-0.391722
-0.134204
0.660244
-0.154207
0.103836
0.226962
-0.275267
-0.584638
-0.235811
-0.237222
-0.432019
-0.187303
0.00839517
-0.512355
-0.458504
-0.0721552
-0.125445
0.286325
0.125567
-0.652618
-1.22385
-0.360085
0.44931
0.412974
-0.182137
-0.0231389
0.0445138
0.512152
0.161284
0.325291
-0.170078
0.571164
0.472557
-0.222173
0.346909
-0.280644
-0.613976
0.622268
0.527717
0.0467245
0.131275
0.388336
-0.367755
-0.0550371
-0.131443
0.366902
-0.184959
-0.163059
0.277213
0.019001
0.233074
0.161501
0.466036
0.588784
0.418289
0.0739465
0.455888
-0.455122
-0.281844
0.278803
0.47295
-0.288693
0.197509
0.265719
-0.242089
-0.132116
0.328912
0.311331
-0.235113
0.454782
-0.421608
-0.0190102
0.142783
-0.428171
0.479645
0.160221
-0.361901
-0.245239
-0.408185
0.095498
0.0841799
-0.614801
-0.561248
-0.279837
-0.721334
-0.639965
-0.72819
-0.416095
0.0259555
-0.419184
-1.00546
0.28513
0.367147
-0.00357486
-0.318113
-0.615719
0.134568
0.297024
0.18917
-0.286085
-0.0884541
0.317674
-0.238944
0.185525
-0.327821
-0.162501
-0.539335
-0.569722
-0.307697
0.0565352
-0.261528
0.281353
-0.0829822
0.134035
0.456287
-0.134613
0.0958567
-0.100382
-0.295147
0.45252
-0.20805
-0.104539
-0.458521
0.299783
0.467729
-0.0667756
0.391919
0.489329
-0.411225
-0.285755
-0.0327393
-0.179116
-0.0714064
0.132918
-0.164203
-0.111875
0.0071088
-0.144951
-0.27735
-0.236225
-0.105172
-0.144462
-0.0204632
0.147012
0.220184
-0.651519
-0.266283
0.199638
-0.480617
0.0798925
-0.342585
-0.0987879
-0.308793
-0.103658
-0.406646
-0.277559
-0.177014
-0.0456442
-0.398117
-0.263935
0.0206101
-0.232972
-0.13077
-0.404416
-0.715312
-0.0678091
0.233557
0.00358318
0.298504
0.340102
0.260071
0.447541
0.279285
0.255507
-0.210253
0.785483
0.407073
0.65187
0.832684
0.456913
1.18878
-0.550746
-0.162467
0.0288276
0.276097
-0.414657
0.0329071
-0.0872196
-0.13279
0.15355
0.0188774
0.326634
-0.437435
0.243653
-0.0526863
0.277656
0.00816893
-0.620638
0.000177478
0.0648689
-0.399557
0.46329
-0.366252
0.291454
0.400722
0.0461171
0.101881
-0.276451
0.46261
0.124846
0.337146
0.541379
0.0413442
-0.182263
0.212401
-0.0761114
-0.833803
-0.532404
0.582745
-0.321273
-0.201632
0.349522
0.0318717
-0.292541
-0.561074
-0.499968
-0.112216
-0.093884
-0.631114
-0.170961
-0.2044
-0.179763
-0.482445
0.62229
1.60021
-0.17596
-0.425392
0.000802092
0.213743
-0.488391
0.286023
-0.0311098
-0.422968
0.261858
-0.0217886
-0.350756
-0.10555
-0.399834
-0.0565128
-0.476299
-0.147511
0.544392
0.470143
0.0168881
0.113753
0.30242
-0.299546
-0.303417
-0.169127
0.00845408
-0.454567
-0.305456
0.327431
-0.385564
-0.126288
0.000632475
-0.220405
-0.210893
-0.214021
0.0639633
0.326318
0.109258
0.805392
0.310982
-0.436043
0.127559
0.0295249
0.15413
-0.220721
-0.403102
0.465093
-0.495239
-0.127271
0.234474
-0.513655
-0.603644
0.045308
-0.0231013
-0.282007
0.386191
-0.227185
-0.191471
-0.434669
0.10065
0.0612644
0.298417
0.848616
-0.00556689
0.515848
0.083769
0.0966145
0.633104
0.977311
1.1508
0.412698
0.792802
1.51505
-0.455861
-0.329307
-0.176897
-0.229722
0.285906
-0.268459
-0.388607
0.459371
0.232848
-0.48355
-0.2748
-0.309013
0.500464
0.183074
0.00388491
-0.0648367
0.506991
-0.459916
0.18685
-0.200418
-0.261664
-0.2647
-0.211086
0.27864
-0.179616
-0.353795
-0.0196814
-0.0628353
-0.0505965
-0.299931
-0.26373
0.297651
-0.433815
-0.453136
-0.247156
0.251597
0.415129
0.475424
0.413339
0.433997
0.265735
-0.265349
-0.208105
-0.239589
0.262242
0.138979
0.48425
0.00941722
0.0931934
0.3154
-0.111723
0.581507
0.304233
0.627137
-0.0537151
0.0527832
-0.0590724
0.386796
0.30958
0.00193962
0.209132
-0.113364
0.187228
-0.32268
-0.0425243
-0.330668
0.374613
0.109717
0.0950504
0.246869
-0.371269
-0.323261
0.0194185
0.0120245
0.526078
-0.0283691
0.370358
0.167044
0.291233
-0.286615
-0.502581
-0.341262
-0.178366
0.372376
-0.128587
-0.0961926
0.214647
0.59859
0.111176
-0.35061
0.591169
0.277751
-0.298399
0.150235
0.132047
-0.0340677
-0.18794
0.409242
0.0799594
-0.110734
-0.296992
0.242801
-0.0868648
-0.460818
0.157331
0.27094
-0.409149
0.345946
0.558966
-0.482584
0.288442
0.691536
0.115983
-0.233055
-0.116458
0.036521
0.158944
-0.000504252
0.342389
0.394624
0.475763
-0.334335
0.313198
0.281498
-0.0564936
-0.0273806
0.0220645
0.280088
-0.363678
-0.414094
-0.125703
0.2252
-0.406831
-0.0754053
-0.0438858
0.236566
0.359791
-0.240374
0.268808
0.478398
0.38322
-0.151608
0.453651
-0.229372
0.265505
-0.0185978
-0.0925295
0.482865
0.475779
-0.0740688
0.327735
0.472229
0.292589
0.0390934
0.299456
0.238656
0.296627
0.087469
0.0665322
0.215422
0.481399
0.372934
0.19092
0.00987368
0.209372
0.229348
0.119112
-0.363741
0.346653
-0.282783
-0.158507
-0.435041
0.332113
0.14822
0.101098
0.298823
0.172005
0.356519
-0.188211
0.337677
0.167168
-0.338025
-0.039934
-0.411481
0.0969483
-0.183302
-0.315311
0.423374
-0.00554787
-0.477605
0.125425
0.116409
-0.00247834
0.276808
-0.324747
-0.153554
0.0952971
-0.0528588
0.113124
-0.359045
-0.10173
-0.445926
-0.113648
-0.395088
0.311036
-0.409775
0.155352
-0.341079
-0.203341
-0.00633062
-0.0479668
0.174028
-0.472308
-0.0753061
0.237206
-0.385522
0.404856
-0.136873
-0.115565
-0.351105
0.269479
-0.0372269
0.133784
0.308066
-0.0905516
0.317951
0.129353
-0.392502
-0.32156
0.28083
0.280012
-0.376246
0.305261
-0.314754
-0.414189
0.00361356
-0.0884955
-0.315509
-0.144875
0.326948
-0.544352
0.250665
-0.42748
-0.388455
0.257116
-0.411917
-0.160951
0.312254
0.515139
0.488186
0.139876
-0.391033
0.335545
0.470507
0.200285
0.0928085
0.474738
-0.459133
0.568482
0.572601
0.0255514
-0.315506
-0.116888
-0.0953965
0.251711
0.0541077
-0.0717766
0.451439
0.37605
0.228599
-0.205201
-0.493953
-0.084678
0.096987
-0.189614
-0.544658
-0.0560211
0.203043
0.395934
0.0661184
0.0234158
-0.088336
0.479967
-0.24917
0.353281
-0.00252963
0.391356
-0.251229
0.580262
-0.411501
0.187832
0.12059
-0.481303
0.0426579
0.182517
0.427817
-0.154954
0.0531626
-0.107756
0.32019
-0.00695697
-0.0209834
-0.0732769
0.388515
0.132799
0.156163
0.261652
0.203502
-0.138314
-0.199827
-0.0630377
0.0134855
-0.0791307
0.421834
0.168006
-0.261775
0.327388
0.292851
-0.0400293
-0.400943
-0.198368
-0.103518
-0.307585
0.352344
-0.405224
0.474565
0.271669
-0.133675
0.389876
0.423346
0.0964324
0.440289
0.362832
0.308272
0.0357743
0.555949
0.494224
0.215201
-0.0267439
0.451985
0.0340673
-0.0905046
0.287103
-0.368267
-0.133808
0.274503
0.255348
0.458079
-0.149086
0.273235
-0.251143
0.216319
-0.169661
0.0847307
-0.357641
-0.225284
0.266934
0.487724
0.358397
0.487822
0.138374
0.0443513
-0.232991
0.386992
0.136452
0.0646042
-0.144901
0.105636
0.0610018
-0.0416172
-0.207028
-0.470809
0.0115922
-0.159118
-0.222708
-0.723797
-0.177736
-0.0920364
-0.284121
0.16893
0.13761
0.296765
-0.224747
-0.0368177
-0.585816
-0.37961
0.339393
-0.384656
-0.722534
-0.687557
-0.387164
-0.517063
-0.570709
0.249381
-0.503324
-0.00537535
0.217647
0.100726
0.23594
-0.250891
-0.390115
0.417851
-0.514051
-0.49803
-0.512226
-0.116801
-0.304881
0.0659496
-0.26954
-0.392479
0.371421
0.0983981
0.377035
0.10579
-0.244602
0.114045
-0.134725
-0.34709
-0.352248
-0.200208
-0.498109
-0.535173
0.30586
-0.510256
0.0518035
-0.00459945
-0.713611
-0.212852
0.0493053
-0.368989
-0.610405
-0.433432
0.360643
-0.328695
0.447736
-0.00448813
0.147625
-0.365113
-0.10334
0.251178
0.127028
-0.0850588
0.43311
-0.0159108
0.118891
0.539624
-0.269209
-0.339781
0.123231
-0.0574728
-0.0435582
-0.0266236
0.277436
-0.269153
0.31164
0.205805
-0.312791
-0.00542762
-0.337359
0.197202
0.0455709
0.103366
-0.279253
-0.0804029
0.303067
0.183993
0.296284
0.0645421
0.480097
0.442342
0.0372077
0.0691896
-0.121164
0.0229633
0.191391
0.455641
0.321335
0.246907
-0.300551
-0.184515
-0.201864
0.435738
0.191405
0.260486
0.386351
0.140172
-0.154479
0.370528
0.187856
0.0139737
0.0805659
0.329266
0.07319
0.561474
0.26546
0.0655456
0.36837
0.530138
0.298524
0.317745
0.100366
0.637895
0.19699
-0.235327
-0.373517
0.377041
0.181029
-0.187788
0.26973
-0.0689328
0.363544
0.657792
-0.606403
-0.535641
-0.0849725
0.380949
-0.378157
-0.000986069
-0.0445933
0.255899
-0.257377
-0.607798
-0.782534
-0.70199
0.434841
-0.285776
-0.0953129
0.581892
0.55293
0.199525
-0.178769
-0.422576
0.183468
-0.478629
0.225101
-0.508559
0.568657
0.387518
-0.296037
0.623544
-0.376145
0.0208843
0.808538
0.0522373
-0.110891
-0.371468
-0.0625439
-0.0482372
-0.634368
0.811042
-0.504808
0.166557
-0.198893
0.0194476
0.150673
0.341529
0.443705
0.138931
0.398895
0.519604
0.15318
0.338789
-0.26919
-0.410502
0.0606022
0.0575188
0.414684
0.106191
0.147231
-0.0559693
0.180156
-0.234663
0.225612
0.55132
-0.290332
-0.366999
-0.355646
-0.0482125
0.0561586
0.00293016
0.148444
-0.481006
0.431742
0.434978
-0.374225
-0.335428
0.432899
-0.249059
0.20419
0.454173
0.508192
-0.360776
0.0260849
-0.352605
-0.0710012
-0.18654
0.437606
0.393958
0.544236
0.0426778
-0.422731
0.301855
0.269893
-0.2716
0.348764
0.054731
0.335234
-0.139323
0.407958
0.410255
0.175071
-0.340122
-0.389785
-0.0832437
0.150107
0.299008
-0.238339
0.290765
0.535425
0.353123
0.0739345
-0.234858
-0.192248
0.143913
0.236837
-0.278563
-0.11302
-0.413088
-0.546319
-0.237346
0.00203731
-0.161664
0.276083
-0.0564853
-0.464646
0.421965
-0.429245
-0.495534
0.554525
0.016461
0.208326
-0.239528
-0.163045
-0.226357
0.265899
-0.386372
-0.307446
0.258797
0.377932
0.342752
-0.408532
-0.174045
0.0492622
-0.124118
-0.286888
-0.387128
-0.406037
-0.316842
-0.208042
-0.557207
-0.614193
-0.53529
-0.605395
-0.190009
-0.174795
-0.213676
0.0230022
0.0741859
-0.4122
-0.118136
-0.0227629
-0.313474
0.177246
-0.137784
-0.365491
-0.115388
0.115947
0.19912
-0.608437
0.283767
-0.0894824
-0.285273
-0.255238
-0.242767
0.0599235
-0.39046
-0.0729381
0.341145
0.530567
0.0259255
0.325068
-0.414465
-0.220263
0.0140819
-0.404899
-0.138896
0.0589039
0.312957
0.282479
-0.0904701
-0.148307
0.800137
-0.0599158
-0.31349
-0.330611
0.172721
0.352137
-0.246121
-0.338779
0.584505
0.0684795
0.26254
-0.00386644
-0.437215
0.080651
-0.596109
-0.392595
-0.381018
-0.417001
0.589716
0.216064
0.217733
-0.0377606
-0.086487
-0.207174
-0.256962
-0.621309
0.195582
-0.1174
-0.248435
0.0576407
-0.144713
-0.185822
0.504873
0.0889361
-0.233975
0.446715
-0.0625071
-0.574073
0.075123
0.449466
-0.430873
-0.056618
-0.529716
0.297539
-0.521263
-0.417216
0.597897
0.0823998
0.233951
-0.189373
-0.184819
0.180686
0.0484996
-0.444039
-0.266958
-0.0557135
0.00676715
-0.515614
0.0124204
-0.165245
-0.110044
-0.40708
-0.194604
0.265038
-0.184587
-0.268084
-0.488304
-0.221648
-0.277332
0.127116
-0.0300172
0.0797658
-0.302412
-0.625101
-0.250568
-0.641225
0.445181
-0.273796
0.335733
0.128007
-0.280787
-0.287231
-0.3355
-0.10014
-0.731763
0.350773
0.0192039
-0.193772
0.457249
-0.0843061
0.345173
-0.0337024
0.250751
-0.396604
0.0133841
-0.236479
-0.565917
0.178249
-0.0927327
-0.584354
-0.338005
-0.0915397
-0.378131
-0.275853
0.244198
0.0688655
0.0660758
-0.584573
-0.188231
-0.39494
0.0105177
0.538636
-0.393984
0.180433
0.481788
-0.109471
-0.121836
-0.158681
-0.273109
0.109861
-0.200542
0.354084
-0.125198
0.427259
0.431111
-0.0621452
0.275256
0.197215
0.129622
0.438467
-0.466513
-0.489426
0.346865
0.168114
0.219475
-0.206892
-0.381546
-0.0874652
0.221289
-0.352512
0.255218
-0.428954
-0.0158451
-0.0854999
0.0589932
0.0448816
0.037433
-0.0675225
0.621099
-0.136885
0.477336
-0.17515
-0.22818
0.147778
-0.0753393
-0.102229
-0.138008
-0.0646607
-0.0933695
-0.223105
-0.218457
0.332994
0.326905
0.297135
0.517386
0.119322
0.0881153
-0.205472
0.484712
0.234246
-0.185287
0.475989
0.568901
-0.0608321
0.0862067
0.421433
0.40582
0.0726289
-0.0620541
-0.0304378
0.328337
0.0216304
-0.303323
0.437989
0.0817732
-0.0194331
0.339119
0.377881
-0.16516
-0.147334
0.0698928
0.308623
0.343571
0.205168
-0.0719348
0.318584
-0.368974
-0.212601
0.367491
-0.129326
0.373198
-0.087146
0.00673548
-0.190766
0.469652
0.256262
-0.245715
0.271176
0.46777
0.424712
0.0822626
0.142785
0.268371
0.494021
0.00600347
-0.19704
-0.427161
0.267216
0.2621
0.505227
0.160125
-0.359012
0.300363
0.465186
-0.326197
0.419561
0.152539
-0.182391
-0.209848
0.0742029
0.0442882
-0.00997492
-0.0357636
-0.355226
0.457484
0.0360049
0.435585
-0.187043
0.0481729
-0.0990971
-0.31399
0.0449002
-0.857873
-0.53188
-0.261583
-0.341035
-0.41705
0.179518
0.176648
-0.478303
-0.398972
-0.577781
0.0823497
0.452258
-0.343658
-0.738903
-0.628091
0.37184
0.307184
-0.123222
-0.115307
0.523472
0.143514
-0.0278048
0.171834
-0.297471
-0.330469
0.468717
0.137122
0.352873
-0.0131723
-0.109176
-0.0347238
-0.166771
-0.00176039
0.214864
0.137976
-0.392218
0.278716
0.362349
-0.599717
-0.154099
-0.157279
0.383477
0.300113
0.179337
0.104545
-0.385466
-0.0246986
-0.750051
-0.00122994
-0.0617351
0.0726283
-0.190993
-0.157217
0.034374
-0.406127
0.454916
-0.443169
-0.346593
0.188888
-0.239707
-0.7565
-0.215192
0.770917
1.56467
0.47097
0.0415657
0.0910695
-0.209327
0.0227007
0.0400666
-0.336817
0.702661
0.511008
-1.0706
-0.832629
0.277557
1.34257
0.0568004
0.173772
0.0985337
0.121029
0.163399
-1.05506
-0.794232
-0.759355
0.114973
-0.405606
0.506026
0.0815817
0.278095
0.438747
-0.526985
-0.000956702
-0.0202355
0.495282
0.119741
0.415407
0.0254605
0.75246
-0.000203701
-0.500567
0.912549
-0.746893
0.106136
-0.195891
-0.949518
-0.514563
0.45728
-0.0661078
0.1867
1.28738
0.149301
-0.740543
1.06407
0.254147
0.393672
-0.121093
1.43313
-0.507982
0.244408
0.308603
0.0401762
0.165153
-0.188961
-0.262639
0.144551
0.593946
-0.265247
0.366973
0.327876
-0.0963104
-0.168885
0.194646
0.201269
0.593385
0.0377995
-0.290391
-0.0738286
0.722689
0.172037
0.105685
0.00573196
0.292247
-0.285422
-0.25759
0.21368
0.37879
0.0574887
0.117071
0.288439
0.161194
0.0239441
-0.219338
-0.343886
0.343691
0.208138
-0.359259
-0.231417
-0.156001
-0.279774
-0.0483692
-0.0736179
-0.365846
0.0577323
0.0688832
0.18034
-0.133494
-0.208855
-0.0421891
-0.0763115
0.180272
-0.448823
0.0904261
0.590397
0.045535
-0.381217
0.274683
0.044553
0.420498
0.348661
0.313898
0.3918
-0.29323
-0.156332
0.373724
0.112092
-0.308449
-0.427901
0.267155
-0.237478
-0.0140703
-0.258534
0.0635571
-0.242909
0.378144
-0.144183
-0.171153
-0.3096
0.134354
0.294781
0.146164
0.274886
0.489012
-0.47471
0.403585
-0.149948
-0.187811
0.189404
-0.321244
0.0134224
-0.125143
-0.0702107
0.191996
0.255201
-0.0766193
0.256889
0.154307
-0.369732
-0.0514848
-0.131883
0.378969
0.281438
-0.224637
0.0581738
0.496304
0.406818
-0.315772
0.367391
0.283383
0.487567
-0.317467
0.197629
0.0604714
0.0730058
0.281359
-0.42476
-0.119424
0.426579
0.213844
0.145659
0.0673617
0.384633
-0.0549121
0.102472
0.135846
0.299286
0.241544
-0.209629
0.0937316
-0.671356
-0.239144
-0.431611
-0.534939
-0.459167
-0.340979
-0.16353
-0.239022
0.00632897
-0.45376
-0.384674
-0.102337
-0.541796
0.239263
-0.254685
-0.788426
0.256823
0.116718
-0.503124
-0.702216
0.282412
-0.385714
-0.345965
-0.232155
-0.502745
-0.488628
0.229757
0.12776
0.0606459
0.162295
-0.114607
-0.00920943
0.0278331
-0.437716
0.393083
-0.0211851
0.0646651
-0.891633
-0.48701
-0.326617
-0.153113
-0.515828
0.245284
-0.419041
-0.621718
-0.306327
0.101392
-0.402068
-0.380616
0.0829017
-0.616672
-0.154227
-0.518702
-0.27859
-0.120079
0.0557152
0.305041
-0.654762
-0.303962
0.184986
-0.293573
-0.145406
-0.372088
-0.231842
0.0875745
0.255313
-0.0763159
0.000533013
-0.225515
-0.403925
0.164831
-0.455697
-0.0430778
-0.137225
0.101566
0.0365439
-0.209869
0.180518
-0.0699123
-0.0651148
0.0910917
-0.329315
-0.305884
-0.13313
-0.194693
0.0117576
0.197421
-0.31762
-0.0552026
-0.629284
0.161417
-0.527147
0.20172
-0.452357
-0.253325
0.0576369
-0.311556
-0.0116737
-0.503212
0.200428
-0.237745
-0.0822723
-0.525175
0.462723
-0.399161
-0.208304
0.248164
-0.0889616
-0.327953
0.0380621
0.262572
-0.28105
-0.25589
0.18452
-0.106707
-0.264095
-0.262336
-0.169414
-0.464281
-0.094633
-0.527494
0.149762
0.233385
-0.576284
-0.192705
-0.284181
-0.423089
-0.0870537
-0.285174
0.24491
0.323151
-0.367536
-0.161946
-0.0864621
0.0828977
-0.554348
0.093292
0.145681
0.0142902
0.407705
-0.181379
-0.339712
-0.472454
-0.0272379
-0.016112
-0.0953109
0.127933
-0.174455
-0.175713
-0.179864
0.330361
-0.501261
-0.0329801
-0.24793
0.248472
-0.223754
0.162606
-0.0176874
-0.476724
0.022978
-0.317518
0.0892761
-0.0279205
0.194899
0.216838
-0.442242
0.49479
-0.610737
0.0737848
0.166661
-0.286144
-0.215352
-0.568299
-0.589377
-0.542221
0.199922
-0.0296938
0.189027
-0.102997
-0.168836
-0.167238
-0.086227
0.214076
-0.430479
0.269398
0.187474
-0.166827
-0.332654
-0.0638378
0.171321
0.0385856
-0.0811855
-0.397283
0.339145
-0.769645
0.000424215
-0.118071
-0.195435
0.135223
-0.130995
0.0442995
-0.537635
1.70589
-0.0330353
0.15536
0.134527
-0.199846
-0.248475
