#input normalization
0.365727 0.976507
0.544937 1.06383
0.735145 1.18611
0.926814 1.32181
1.10397 1.43426
1.28435 1.53621
1.43749 1.63273
1.58521 1.72786
1.70751 1.78629
1.82178 1.83477
1.9221 1.87392
1.9822 1.88428
2.04996 1.8893
2.08279 1.87483
2.10369 1.84735
2.11217 1.81369
2.10498 1.76654
2.08033 1.70426
2.02959 1.62594
1.97532 1.55444
1.93843 1.49554
1.86508 1.40686
1.77748 1.31959
1.71521 1.24695
1.62957 1.16514
1.55966 1.09458
1.48151 1.01779
1.41333 0.953457
1.32353 0.889351
1.25272 0.829482
1.16274 0.761553
1.0663 0.690409
1.0205 0.641733
0.939147 0.579372
0.86411 0.532275
0.824901 0.498726
0.787014 0.468224
0.728323 0.426557
0.699678 0.403341
0.660801 0.379239
0.631358 0.357824
0.613798 0.339234
0.586672 0.320091
0.571029 0.305463
0.542546 0.284076
0.542656 0.277399
0.527811 0.262023
0.519439 0.254322
37.0975 51.7816
17.351 25.3217
0.020572 0.0279099
13.688 26.6352
0.0147956 0.027649
#output normalization
1 0
#neurons weights
-0.392882
0.331072
-0.363602
0.154899
-0.258611
0.436599
0.0819078
-0.193976
-0.267664
-0.325712
0.197401
0.233373
0.00212262
-0.198857
-0.476829
-0.369764
-0.133182
0.319692
-0.229878
0.471027
-0.0925204
-0.401355
0.272351
0.162228
0.0878088
-0.0383836
-0.253321
0.441294
-0.293769
0.35808
0.482761
-0.274389
-0.260044
-0.0331103
-0.227526
0.09067
-0.394196
-0.396833
-0.249106
-0.348996
0.221706
-0.264653
-0.450962
-0.0870072
0.480793
0.0908633
-0.3288
-0.374719
-0.21583
-0.0320766
0.236639
0.355073
0.211051
-0.348926
-0.449393
0.669343
-0.180396
0.499663
-0.436424
0.565482
-0.193237
-0.342252
-0.216117
-0.317424
0.164533
0.309959
-0.361891
0.3594
0.0414036
-0.121117
0.424541
0.263541
0.242495
0.162962
-0.219246
0.335695
0.0302007
0.0104984
-0.502882
0.154956
-0.246541
0.0556281
-0.0855892
-0.31991
-0.0603137
-0.0248082
0.1166
0.356317
0.127353
0.0055413
-0.0768972
-0.352881
0.105766
0.000497253
-0.0878294
-0.135733
-0.43484
-0.193323
0.491496
0.118715
0.267329
-0.479429
0.250897
-0.0555372
-0.163042
0.400322
0.793326
-0.469363
0.457308
0.355888
-0.0251704
-0.281888
-0.0660908
0.305773
-0.0920991
0.394066
-0.123473
-0.178748
-0.546098
0.467279
-0.479356
-0.024515
0.207786
-0.135735
0.535435
-0.39766
-0.222671
-0.447888
0.116769
-0.3413
-0.0615853
-0.240111
0.170213
0.379534
-0.529114
-0.0113232
-0.162919
0.951488
#synapses weights
0.383515
0.287282
0.364973
0.190556
0.157386
-0.118081
0.359174
0.206513
0.208013
0.666304
0.601414
0.385762
0.48752
0.308844
0.109029
0.225527
0.0534898
0.00968743
0.575809
0.358688
0.247514
-0.00501949
-0.0582234
-0.0509142
0.193961
0.322741
0.166523
0.328522
-0.30251
0.0634288
-0.121205
-0.14052
-0.124585
0.102787
-0.0413867
-0.13851
-0.315618
-0.108882
0.226861
0.476832
0.2271
0.16887
-0.190557
-0.00762894
-0.00181202
-0.068627
-0.306617
-0.200295
0.58677
0.678979
0.677307
-0.273907
0.0796108
-0.114249
-0.470464
0.0623696
-0.286628
-0.418408
0.309646
0.0530695
0.584079
-0.133181
0.54527
0.122386
0.532084
-0.19737
0.649629
-0.0878155
-0.162885
0.387136
-0.124392
-0.0537743
0.529538
0.165257
0.504268
0.514136
0.512124
0.454706
0.115733
0.0232953
-0.0224787
0.00980477
0.371429
0.0256565
-0.373597
-0.0524826
0.47112
-0.327322
-0.300552
0.289306
-0.040645
0.0419465
0.334327
0.0912319
0.47971
0.459885
0.346712
0.271564
0.0217946
0.447495
0.373457
0.18302
0.229747
-0.0321779
-0.0315904
-0.21299
-0.177432
-0.0959939
0.404055
-0.117789
-0.325149
-0.111054
0.0314691
-0.380146
-0.205056
-0.0573565
-0.380674
-0.182627
-0.243756
0.324937
-0.203372
0.470403
0.108556
-0.00344036
-0.179557
0.25547
0.289046
0.172095
0.311457
0.254268
0.334196
0.498241
0.0174019
0.20927
0.507366
0.440417
0.247532
-0.297407
-0.127921
-0.299138
0.14118
0.144138
0.179028
0.108444
-0.257662
0.329542
-0.127549
0.302251
0.292755
-0.299972
-0.447483
-0.0510786
0.391616
0.371348
-0.386795
-0.388004
-0.330593
1.17959
1.75225
0.16302
-0.117537
-0.119416
0.115374
0.0457008
0.137899
0.189178
0.129034
-0.384098
-0.405922
-0.164099
-0.35073
0.463298
0.182131
-0.0758546
0.502455
0.544511
-0.0837726
0.284843
0.168067
-0.289288
-0.0518506
0.40463
-0.220236
-0.0325313
-0.195939
0.409147
-0.384368
0.371734
0.411052
0.428552
0.311378
0.349243
0.261432
-0.271775
-0.523341
0.477703
-0.186513
-0.0208767
-0.212014
-0.356275
0.172907
0.216325
0.0705444
0.374894
-0.357817
-0.279957
0.166734
-0.320993
0.0360256
-0.67516
-0.0352823
0.623363
0.685873
0.403868
-0.207296
-0.221672
0.00075205
0.0665496
0.572006
0.353887
0.222261
0.251998
-0.321095
-0.140415
0.538507
0.384813
0.0181205
0.0590873
0.000734446
-0.149771
0.517023
-0.404617
-0.436026
0.18198
-0.218299
0.425972
0.168373
-0.416441
0.432843
-0.199222
-0.111181
-0.316238
-0.300266
-0.367633
0.560617
-0.360128
-0.136536
0.212307
0.359089
-0.0295575
0.0248612
-0.0418612
0.445868
-0.221238
0.1881
0.108626
0.183213
0.477197
-0.418554
-0.115876
0.604783
-0.848284
-0.481877
0.165835
0.0623818
-0.115302
0.319455
0.20034
0.194907
0.365024
-0.0862222
-0.0780987
0.219309
-0.31999
-0.066172
0.419482
-0.41519
0.373161
0.224375
-0.228263
-0.0997238
0.350417
0.32877
-0.357225
-0.108219
0.450503
0.240096
0.06319
0.294198
-0.0183224
-0.173279
0.466654
0.46836
-0.267298
-0.230988
0.369311
-0.123683
0.158387
0.190433
0.206026
0.0863227
0.351888
0.0966579
0.412538
-0.211559
0.225429
0.387866
-0.33407
-0.230967
-0.283004
-0.0363245
0.255402
-0.0522919
0.0489782
0.126346
0.443347
0.351403
-0.0121686
-0.214482
-0.254432
-0.541224
0.140121
-0.0872945
-0.236697
-0.44179
-0.115063
-0.685877
-0.0641861
0.162386
-0.0704896
0.194454
-0.177148
0.201351
0.39808
-0.307915
0.0325319
0.215675
0.264878
0.201671
0.393309
0.54538
-0.235501
0.364055
0.354202
0.575092
0.288704
-0.0122257
0.139565
-0.235415
0.425453
-0.138619
-0.259609
0.0760034
-0.457715
0.0774645
-0.443794
0.568968
0.1905
-0.0297654
0.326683
-0.239024
0.0849478
0.301126
-0.258292
-0.0941444
-0.00492089
0.289503
-0.434823
-1.11294
0.835336
1.92593
0.221709
-0.403985
0.155808
-0.0945981
-0.400937
-0.426166
0.342172
-0.384368
-0.0461187
-0.334507
0.206798
-0.119873
-0.0869586
-0.633285
0.121442
-0.230293
-0.338668
-0.261131
-0.211012
-0.184541
-0.340475
0.153227
-0.0551544
-0.136781
-0.533638
-0.165364
-0.153661
-0.0851411
0.00270617
-0.380151
0.33382
-0.584397
-0.0881096
0.404743
0.343185
-0.216554
0.138213
0.248043
-0.448774
0.338186
-0.142547
0.210441
-0.454773
0.201827
0.238107
0.138115
0.132598
0.352443
-0.562931
0.657695
0.428309
-0.47793
-0.0310397
0.144398
-0.307612
-0.35312
-0.232421
0.255134
0.0354975
-0.157789
-0.184289
-0.208982
0.552475
0.278106
-0.0674904
0.0261154
-0.0604066
-0.227717
0.0268383
0.14435
0.384458
-0.421091
-0.0129777
0.233895
0.0328226
0.0784234
0.148216
0.374484
-0.00924672
0.0770338
0.381856
-0.100404
-0.42515
0.332904
-0.214025
0.423794
0.53982
-0.124815
0.0728503
0.476006
-0.226801
0.380861
-0.113344
-0.196717
0.213349
-0.318499
0.0167887
0.519594
0.220344
0.322366
0.501616
0.349442
0.939405
0.430351
0.155629
0.135632
0.113775
-0.180574
0.290576
0.166455
0.0943122
0.232428
0.0642124
0.0350505
-0.447027
-0.0883713
-0.512014
-0.44059
-0.371132
0.347127
-0.5051
-0.570981
-0.285846
-0.0428009
-0.431526
-0.454469
0.0556047
0.274273
0.188601
0.077431
0.211313
0.455805
-0.300048
-0.520422
0.485733
0.446816
0.417065
0.0256506
-0.15588
-0.118041
-0.055809
-0.28652
0.265158
0.49379
0.0275057
-0.308741
-0.132833
0.374521
0.215682
-0.198341
0.525096
0.463703
0.503068
-0.197276
-0.254282
0.533606
0.174461
-0.32957
-0.371339
-0.273004
0.327428
-0.414286
-0.132877
0.193318
-0.386119
-0.306988
-0.178005
0.157751
0.12638
-0.299449
0.143446
0.0686295
-0.38764
0.0266933
0.0626178
0.152869
-0.453702
-0.264861
-0.175802
0.0762846
0.352608
0.0456252
-0.118663
-0.431717
-0.0982579
-0.076733
-0.15716
-0.380942
-0.217814
-0.427887
0.322242
0.387013
-0.138932
0.300257
-0.192495
-0.295179
0.371659
0.107811
-0.17505
-0.131604
-0.0173079
-0.556913
0.272526
0.228931
0.44919
-0.321159
-0.162091
-0.451818
0.540051
0.457245
0.139872
-0.639621
-0.305303
-0.422443
0.506749
-0.235178
-0.0245511
-0.419647
-0.0615832
-0.393963
0.28873
-0.594956
-0.229298
-0.553812
-0.570189
-0.337377
-0.525563
0.211077
0.331918
-0.120582
0.268697
0.180573
0.416295
0.0976378
-0.457184
-0.225458
0.0696279
-0.324149
0.101729
-0.318682
0.498281
-0.243994
-0.313435
0.140051
-0.0485335
-0.333462
0.0255767
0.2664
0.148268
-0.420287
0.497537
0.519092
0.0541085
0.135603
0.361743
0.529454
0.233051
-0.204306
-0.142614
-0.0470713
-0.304257
0.1885
0.436715
-0.132465
0.0319017
0.399625
-0.186279
0.536927
-0.354575
0.437334
-0.149442
-0.310401
-0.366991
-0.304574
-0.302755
0.209697
0.439169
0.0492055
0.483101
0.089915
-0.428286
-0.00277878
-0.364239
-0.181267
0.141794
-0.441476
0.497307
-0.376856
0.123927
0.466685
0.180559
0.458024
0.135668
0.178368
0.230814
0.0448375
0.40966
0.413405
-0.350698
0.148585
0.389963
0.5041
-0.0194533
-0.150899
-0.130577
0.248747
-0.0720926
-0.0569394
-0.405336
-0.429819
-0.422876
0.508052
0.215534
0.542606
0.181158
-0.582221
-0.27201
0.351911
-0.189467
0.318838
-0.0957292
0.112383
-0.339909
0.476443
0.683827
0.0294261
0.708982
0.522991
0.0425361
0.582092
-0.161322
0.692419
0.583733
0.556512
0.304606
0.319879
0.309278
-0.136829
0.169514
-0.138911
0.247954
0.252751
-0.110587
0.186235
0.242815
-0.0346325
-0.491006
0.311696
-0.125436
-0.212497
0.271032
0.222891
-0.179457
-0.238669
0.0299616
-0.115592
-0.139708
0.111572
0.332031
-0.0156423
-0.00621031
-0.311937
-0.121913
0.0771041
0.356143
-0.371934
0.164912
0.280885
1.10423
-0.336151
0.23777
-0.36044
-0.248881
-0.441066
-0.279764
-0.249015
0.463326
-0.543462
0.036424
-0.377708
0.210853
-0.570001
0.144984
-0.444499
-0.309737
-0.386345
-0.534494
0.195451
-0.0665169
-0.435638
-0.413483
-0.565139
0.326081
-0.115801
-0.281618
-0.313475
-0.129311
-0.29435
0.11833
0.0630048
0.25805
0.286734
0.107678
0.444196
-0.518804
-0.056609
-0.100193
-0.212239
-0.186519
0.22763
-0.0382507
-0.354634
-0.237902
0.466507
-0.328308
-0.0664787
-0.273152
0.0943367
0.459335
-0.546253
-0.331085
-0.0600914
-0.324189
0.106857
0.488153
0.12347
0.04269
0.438977
-0.134252
-0.126411
0.491585
0.145835
-0.41654
0.0549917
-0.0118519
0.467389
0.20771
0.408378
-0.221102
0.322554
0.490251
-0.128301
-0.275171
0.0022447
-0.239125
-0.0312938
0.145864
-0.233767
0.00750981
-0.154893
-0.413596
-0.0506428
0.429018
0.209553
0.171526
-0.0311824
0.408483
0.276459
-0.19886
0.318657
-0.18254
0.151958
0.0237404
-0.243618
-0.159814
0.144454
-0.139232
-0.292773
0.0374792
0.439618
0.37344
-0.370138
-0.101578
-0.362974
-0.625761
-0.158438
0.406786
-0.249832
-0.378534
-0.145322
-0.0207095
0.392731
0.238601
0.160837
0.00687685
-0.54597
-0.0921486
0.411958
0.400854
-0.372309
-0.1295
-0.245004
-0.247511
0.202883
0.104519
-0.196019
-0.0524207
-0.115559
0.175107
0.618841
0.410044
0.424347
-0.347341
-0.371345
0.268258
-0.0161535
0.596574
-0.405822
0.420577
-0.257419
0.480927
0.0273892
-0.0885814
-0.0629354
0.372673
-0.0571069
-0.109958
0.00734446
0.0461701
-0.108293
0.38392
-0.151432
-0.253769
0.172139
0.494618
0.128458
-0.783623
-1.23918
-0.00788295
-0.0116003
-0.285044
0.479693
0.0930923
-0.0406188
0.379084
0.29119
-0.461811
-0.354827
-0.186251
-0.12955
-0.0145237
0.115838
0.159638
0.346561
0.502516
-0.170285
0.177419
0.234799
-0.0632573
-0.369372
-0.0411909
-0.248423
-0.111213
-0.00101997
-0.154419
-0.342309
0.229935
0.449279
-0.395146
-0.0635749
-0.0259598
0.500937
-0.329815
-0.178935
-0.140713
0.0299535
0.43262
-0.078662
0.259143
-0.0354104
0.18231
-0.303832
0.421894
-0.232901
-0.400723
-0.0663011
-0.357661
-0.476995
-0.384037
-0.0648424
0.453683
0.0921769
0.252807
-0.374661
0.468177
0.405737
0.245822
0.114525
-0.0134882
0.3978
-0.262334
0.167057
0.00781004
0.393432
0.387705
0.171774
-0.305353
-0.306363
0.0859842
-0.604889
-0.304921
0.296572
-0.226478
-0.386438
0.409234
0.00133335
-0.39003
-0.183464
0.0414218
-0.569115
0.284461
-0.32227
0.0414095
-0.460234
-0.150213
-0.404465
-0.408842
0.29217
-0.207881
0.334356
0.37296
-0.51324
0.125582
-0.339925
0.233982
0.149746
0.320879
-0.121719
0.115221
0.052805
-0.34695
0.238069
0.344452
0.991315
-0.0528271
-0.208202
0.190188
-0.170014
0.620469
0.200834
-0.000328206
-0.59172
-0.083544
-0.301024
-0.18245
-0.377397
0.0412259
-0.50225
0.0967407
0.0697717
0.197409
-0.301895
-0.0384142
-0.591474
-0.397079
-0.0442259
-0.481201
-0.171764
0.328875
0.0491288
-0.181358
-0.220285
0.251453
-0.55426
-0.249581
-0.0124268
0.420936
-0.0600113
0.388497
0.369038
-0.445943
0.551463
-0.0703058
0.162256
-0.0258547
0.00143864
-0.175346
-0.361534
-0.217512
0.114181
0.0477775
-0.376132
-0.527163
-0.395993
-0.3212
0.131158
1.44992
0.270275
0.40895
0.417773
0.0585176
-0.422681
0.344057
-0.482355
-0.497756
0.220991
0.036416
0.29709
0.374698
-0.333972
-0.405541
0.460436
-0.202472
-0.480223
-0.131691
-0.435396
0.365902
-0.324555
-0.221455
-0.131662
0.363419
0.522397
0.447489
0.341378
-0.00790244
-0.376482
0.079176
0.383737
0.237837
0.121259
-0.252798
0.318705
-0.400856
0.370726
0.207396
0.327442
-0.277729
0.509729
-0.18276
-0.474525
0.424626
0.256722
-0.188235
-0.523051
0.432953
-0.0173405
0.199048
-0.156935
-0.210558
-0.280083
0.153908
-0.0993929
0.00987008
0.403971
-0.0607686
0.115257
0.185744
0.512973
-0.0520683
-0.348446
0.363152
0.168096
0.0746929
0.0808376
0.0871828
-0.417552
-0.0785522
-0.0488184
0.38152
-0.0331693
0.230757
0.435121
0.0214686
-0.129624
0.473645
-0.104181
-0.289218
0.418147
-0.0288868
-0.331113
-0.060918
-0.423253
0.0974639
0.402031
0.0851978
-0.284072
-0.190302
0.363149
-0.117017
-0.433055
-0.27868
0.272623
0.188257
0.0676851
-0.520329
0.14593
0.263946
0.401242
0.0223819
0.276524
-0.0818845
-0.339171
0.0864018
0.342579
-0.0162217
-0.0431295
0.0172225
0.360902
0.671448
0.454576
0.575689
0.432933
0.760491
0.486201
-0.0596428
0.214292
0.201209
-0.399249
0.385938
-0.176376
0.283515
-0.310331
-0.24135
0.543327
-0.0427891
0.137102
-0.19821
-0.337419
-0.0233002
0.231376
-0.267529
-0.447648
-0.488056
0.0502466
0.0740866
0.139142
0.222226
-0.367462
0.387268
-0.330049
0.0866204
0.255736
0.464676
0.112435
-0.437653
0.286509
-0.128974
0.0989062
-0.350339
-0.120075
-0.546122
-0.122842
0.0231907
-0.0753902
0.711303
1.36689
0.543006
0.0169977
-0.358972
-0.316298
0.314214
-0.453236
-0.147726
-0.52414
0.0455291
0.349526
-0.191122
0.352184
-0.280477
0.245682
-0.432637
-0.305256
0.372392
-0.37174
0.422853
-0.382399
-0.33413
0.215564
0.421535
0.432621
-0.202881
0.387771
-0.366588
-0.411169
0.423732
0.0213911
0.0699075
0.295922
-0.259544
0.281387
-0.0660327
-0.0113356
0.337042
0.307174
-0.324095
-0.1098
0.430768
0.267426
-0.262563
-0.388884
-0.123812
0.360975
-0.257123
-0.0494464
-0.256524
0.230217
-0.534598
0.0972334
0.211642
-0.222326
-0.490304
0.350579
-0.0239968
0.345362
0.524711
0.330672
0.739491
0.341423
0.0989548
-0.184158
0.362072
-0.270703
-0.121294
-0.472839
0.224601
0.0649419
-0.144553
0.50282
-0.100212
-0.289739
0.474339
0.211967
-0.0585754
-0.290244
-0.375282
-0.0930644
-0.414182
-0.0565229
-0.427891
0.303972
-0.0974832
0.206402
0.37387
-0.168019
0.192655
0.203108
-0.0446741
0.38056
-0.22488
-0.359029
0.140586
0.120816
-0.352535
-0.302178
0.182256
0.132915
0.255515
-0.145813
-0.0941495
0.339209
0.486159
1.25077
0.330011
-0.175259
0.01733
-0.195697
-0.1195
-0.276804
-0.379909
-0.0370717
-0.0786437
-0.442966
-0.0494199
0.113781
-0.100652
0.199808
-0.446713
0.368014
0.31356
0.237283
0.387882
-0.183398
0.0326108
-0.0426636
-0.0610894
-0.543044
-0.263823
-0.541993
-0.453415
-0.0228022
-0.194509
-0.152992
-0.373522
-0.19496
-0.459764
-0.443495
-0.373059
0.249316
0.233654
0.0825442
-0.390548
0.0870551
-0.352447
-0.464968
0.0404522
0.27503
-0.236869
-0.403723
-0.140651
0.150776
0.32508
0.301169
0.153021
0.0177239
-0.00686555
0.147924
-0.309307
-0.090815
0.323479
0.048448
0.215343
0.283675
-0.0644395
0.637447
0.90947
0.416839
0.666663
0.836439
0.761236
0.0712814
0.118037
0.0625842
0.591696
-0.0866075
0.20651
-0.00614135
0.20246
-0.0211766
-0.319147
0.388192
-0.0368678
-0.341643
-0.204341
0.0187087
-0.321289
0.0814194
0.103894
0.274552
-0.301985
-0.514415
-0.0114898
0.17039
0.23501
-0.0893455
0.124912
-0.379107
0.240161
-0.279691
-0.00475267
-0.142064
-0.0125838
0.265572
0.0762922
-0.0533139
-0.0323377
0.631957
1.41355
1.55909
-0.56391
-0.385002
0.255748
0.0938808
-0.18241
0.426642
0.107143
0.388773
0.0590083
0.159224
0.406682
0.24342
0.413581
-0.368354
0.255273
0.314687
-0.112659
0.270601
0.102751
-0.204719
-0.280271
0.179267
-0.0388554
0.198214
0.405368
-0.269389
-0.0296626
-0.107069
0.272944
-0.194153
0.150237
0.119997
-0.0165864
-0.0749137
0.161005
0.227193
0.277092
0.0912235
0.278423
0.0974081
-0.318264
-0.412229
0.0667567
0.390558
0.0780465
0.340511
-0.0430994
0.165074
-0.207664
0.366726
0.308457
-0.371784
-0.299929
0.00048718
0.213707
-0.168065
0.230729
-0.125398
0.198219
0.175864
0.282326
0.265883
-0.279443
-0.247753
0.16978
-0.086156
0.0391544
0.335724
-0.174863
0.263176
0.240558
-0.20343
-0.429417
-0.426527
-0.257065
0.331878
-0.222713
0.466464
0.353683
0.534232
0.42675
0.456017
-0.0771421
-0.150453
0.388633
-0.0921983
-0.215648
0.213302
0.13172
0.164909
0.18016
0.177841
-0.124919
-0.350619
0.556636
-0.189642
-0.082158
-0.276178
-0.09609
0.112148
0.525724
0.0785717
0.506449
-0.137589
0.22731
0.0956142
0.385608
0.637113
-0.513803
-0.232075
-0.356201
-0.517578
0.143524
-0.353851
-0.263504
0.30467
0.170236
0.401306
-0.0660454
-0.1818
-0.188061
0.0389164
-0.245735
-0.196281
0.186309
0.0576194
-0.312064
-0.154928
-0.568206
-0.114688
-0.127915
0.148738
-0.22883
0.106813
-0.415108
0.35956
0.340526
0.250253
0.183128
0.245558
0.0421332
0.0193295
-0.391518
-0.2466
-0.457376
0.390073
0.32826
0.132696
0.259659
0.0420435
0.357089
0.460429
-0.0361082
-0.32127
0.191593
0.0706679
0.202643
0.468548
-0.44367
-0.191982
0.161605
-0.0339333
-0.56063
-0.118525
-0.130304
-0.352214
-0.242725
-0.0250803
-0.313881
-0.569654
-0.169596
0.183293
-0.20183
0.421301
0.200658
-0.180982
0.258823
0.120951
-0.161792
0.297261
-0.504755
-0.0662146
-0.106221
0.245917
0.308814
-0.503526
-0.398663
0.104969
0.0587237
-0.38467
0.0521692
0.110126
-0.364989
0.204073
-0.22658
0.443203
-0.500308
0.342501
0.456209
-0.304346
0.411199
0.388586
0.300468
-0.339736
0.0120188
-0.136754
0.321044
0.221379
0.469738
0.0159288
-0.335945
-1.10521
-0.0301325
-0.100806
0.24478
-0.148224
-0.296138
0.535251
0.208057
0.310992
-0.271385
0.357929
0.440784
0.367334
-0.218508
0.0467107
0.454143
0.489345
0.400218
0.196547
0.510984
0.472885
0.176382
0.552655
0.469412
-0.293664
-0.195558
0.470235
0.404027
0.041821
0.0659602
-0.0990646
-0.232043
-0.302706
0.167617
0.260592
0.0599401
0.245297
0.366824
0.0166513
-0.318794
0.337961
-0.53024
-0.0980687
-0.258046
0.14504
0.385168
-0.348724
-0.283301
0.188796
0.489106
-0.136432
0.204914
0.608734
0.50249
-0.0188432
0.0801361
0.0313773
0.273631
-0.0898102
-0.404198
-0.336866
0.0496141
-0.54694
-0.50004
0.179937
0.152503
-0.296231
0.164915
-0.492706
-0.00374607
-0.159589
0.267847
0.0900255
0.289612
-0.052466
-0.346901
0.201457
0.0741872
0.0974191
0.157184
-0.428372
0.444224
-0.227923
0.198853
-0.401298
-0.0312106
-0.268881
0.44336
0.0178063
-0.224444
0.165279
0.2555
-0.491193
0.425847
0.333986
-0.0584374
-0.0712189
-0.243796
-0.0603625
0.0629796
0.156367
-0.194578
-0.311405
-0.117064
0.418726
0.286762
0.432803
-0.307871
-0.322007
-0.128432
-0.105404
-0.113377
-0.275758
0.258408
-0.289289
-0.0999187
-0.358255
0.444651
0.246705
0.440445
-0.349913
-0.379295
-0.144224
-0.367457
-0.281335
-0.184984
0.425471
0.100204
-0.0956316
-0.226043
0.102468
-0.277169
-0.391417
-0.475252
-0.344713
-0.511026
-0.360245
-0.55813
-0.0201988
-0.50031
-0.267288
-0.2801
-0.484277
0.0190711
-0.438307
0.0895045
-0.5125
-0.352634
-0.34781
-0.335944
-0.47544
-0.31336
0.184434
0.494977
0.385976
0.302826
-0.0602
-0.0820227
-0.255268
-0.217021
-0.164259
-0.28745
0.0734283
0.169627
-0.0507497
0.415046
-0.269856
-0.324701
0.342738
-0.118108
0.247348
-0.357443
-0.499653
0.532575
-0.347673
-0.390219
-0.290416
-0.270655
0.0902314
-0.380423
-0.124049
0.449493
-0.356974
0.335755
-0.0868285
-0.404033
0.0108425
0.19935
0.0807454
0.107881
-0.15464
0.129111
0.434734
0.499078
-0.360489
0.343882
0.0170011
-0.418389
0.298285
-0.217783
0.362511
0.16398
0.522895
0.57626
-0.389831
0.474719
-0.37092
-0.147206
0.321281
-0.254261
0.389426
-0.322907
0.335804
0.254545
-0.1213
0.349153
-0.271193
0.225219
-0.480811
-0.305278
-0.685508
-0.52175
0.0646082
-0.147535
-0.106708
0.0925029
0.181804
-0.16168
-0.106914
0.0720159
-0.361132
0.481983
-0.251277
0.02706
0.395417
-0.223554
0.328724
0.452429
-0.1535
-0.334937
0.250758
0.148473
-0.32587
0.153137
0.470678
-0.211187
0.482658
-0.159278
0.279563
-0.187385
-0.486822
0.427143
0.390452
-0.3963
-0.103596
0.30258
-0.465609
0.175145
-0.50638
-0.027252
0.389058
-0.414339
-0.399287
-0.246484
0.0333497
-0.925136
-0.100965
-0.252518
-0.215209
-0.390691
-0.142966
0.001292
0.222022
-0.321555
-0.0280392
0.60716
0.149904
-0.0859698
-0.200652
-0.252916
-0.117342
0.670366
-0.0940871
0.424075
-0.172731
0.550204
-0.120774
0.0535483
0.300303
-0.307524
-0.0301367
0.538719
0.567424
0.579766
-0.0708956
0.500296
0.569546
0.0309784
0.276333
-0.326237
0.525835
0.0109349
0.236862
0.212357
0.5323
0.264126
-0.160387
0.0604087
-0.189675
0.158012
-0.175711
0.460849
-0.0841183
-0.296796
0.139336
-0.242375
0.147016
-0.364858
-0.772295
0.679156
0.556977
-0.370987
0.449561
-0.52627
0.0378562
-0.0231415
-0.179181
0.0713094
0.172331
-0.369879
-0.3318
-0.420821
0.216918
0.0369203
0.274392
-0.180371
-0.216937
-0.294515
0.181901
-0.227227
-0.055133
-0.00511177
0.529615
0.0678267
-0.16538
0.515148
-0.283327
-0.0539664
-0.281819
0.501628
-0.258448
-0.168694
-0.351953
-0.237642
-0.355558
-0.645356
-0.372456
-0.2167
-0.282434
-0.656478
0.07421
-0.39017
-0.148454
-0.129605
-0.158151
-0.16254
0.277661
-0.25133
0.110575
0.14417
0.813466
0.376675
0.109637
0.201528
0.314899
-0.43036
0.15487
-0.534281
0.0403553
0.264545
-0.280242
-0.044927
0.283005
0.175408
0.445993
0.12208
0.745414
0.0714518
0.390358
0.12776
-0.158231
-0.226642
-0.190521
-0.265138
-0.124439
0.220792
0.428852
-0.460541
0.451038
-0.380587
0.267263
-0.00673002
-0.455163
-0.432267
0.109655
-0.197448
-0.370828
0.255356
0.247384
-0.262929
-0.369389
0.266036
-0.328029
-0.073358
0.325178
0.408276
-0.115137
0.125146
0.460468
0.304272
0.192329
0.25762
0.0468472
-0.651462
-1.46188
-0.607081
-1.02766
0.474597
-0.305122
0.370548
-0.310929
-0.162274
-0.0493072
0.187149
-0.0146288
-0.163761
-0.0787333
-0.528629
-0.46521
0.106502
0.343914
0.272704
0.2727
-0.243363
-0.474015
-0.350542
0.3817
-0.432891
0.446996
0.473541
-0.363932
-0.16847
0.316945
-0.441904
-0.0688392
-0.191584
-0.305686
-0.183945
0.367338
0.00472494
0.213286
-0.0166518
-0.153342
-0.143516
0.487015
0.160158
-0.488561
0.0904403
0.484291
0.123385
0.0964302
-0.145624
-0.317701
-0.403638
0.331851
0.275822
0.417411
0.922265
0.25098
0.167062
-0.0447308
-0.00459169
0.0678771
-0.400679
-0.637606
-0.437367
-0.742356
-0.660963
-0.482832
-0.213579
-0.728453
-0.239157
-0.495566
0.0746062
-0.463728
-0.419247
-0.387403
-0.187086
-0.0366532
-0.427775
-0.526025
-0.00448595
0.0536394
0.000400072
-0.294094
-0.0689916
-0.244376
-0.401555
-0.0882727
0.162722
0.141962
-0.416975
-0.498424
0.145968
0.0443465
0.178961
-0.259814
0.176824
0.237039
0.0330305
0.140216
-0.400616
0.161423
0.0808971
0.0157254
0.350798
0.187208
-0.418155
-0.190008
-1.59072
-1.26426
-0.526099
-0.211294
0.198945
-0.178704
0.368842
-0.0325036
-0.147264
0.155468
-0.335112
0.169896
-0.193225
0.441554
-0.291027
0.0991924
0.278176
-0.192246
0.056258
0.310233
-0.107115
-0.394416
0.42327
0.431041
-0.0928844
-0.174759
-0.303245
0.333855
-0.451007
-0.062784
-0.148448
-0.0347504
0.22985
-0.439751
-0.0866343
0.144538
0.0526397
0.313174
-0.483075
0.218609
-0.326212
-0.274842
0.31845
0.120152
-0.22007
-0.265905
0.489789
-0.452642
0.0353441
0.0549056
0.117984
0.426832
-0.017073
-0.598677
0.0691824
-0.00928488
-0.18989
0.220201
0.00153611
0.204546
-0.0598066
-0.204533
0.320608
-0.0573999
0.315541
-0.292495
-0.695916
0.221046
-0.504326
-0.327645
0.0294722
-0.372573
0.183545
-0.649573
-0.134958
-0.316263
-0.139181
-0.0195281
0.0902949
-0.164146
0.069024
0.355196
0.4467
0.380483
0.406009
-0.22819
0.548565
-0.130816
-0.456285
0.133352
0.374029
-0.153235
0.0833708
0.0737766
0.317104
-0.191662
-0.322488
-0.375719
-0.0287325
-0.04396
0.36637
0.0720724
-0.404764
0.0857981
-0.450604
-0.16349
0.262517
1.22138
0.134915
-0.0777137
0.053679
0.296749
-0.337565
-0.0202584
0.333664
-0.256294
-0.525096
-0.619756
-0.373694
-0.46882
-0.297206
-0.593993
-0.48184
-0.125354
-0.382695
0.0772188
-0.276239
0.367615
0.304622
0.206798
0.341433
-0.0764629
0.129572
-0.0760151
-0.253979
-0.0871446
0.418407
0.321508
-0.356273
-0.39482
-0.112245
-0.202698
0.281972
0.564605
0.332838
0.369661
-0.117669
-0.232693
-0.134457
0.551158
-0.303911
0.315733
0.489424
-0.0283483
-0.167006
0.598304
0.190669
0.0538645
0.0703543
0.343984
0.454274
-0.251462
0.0146964
-0.014741
0.139965
-0.40723
-0.244786
0.256481
0.063542
-0.207598
-0.152285
-0.287797
0.193898
0.390815
0.214612
-0.436789
0.116962
-0.498367
0.208652
-0.284847
0.285678
-0.00328644
-0.249385
-0.313864
-0.0205873
-0.0522971
0.14156
0.191003
0.0530192
0.0335099
0.185398
-0.470592
-0.226162
0.431847
-0.0209067
-0.331183
-0.00252628
-0.361792
-0.00981561
0.0594489
-0.448914
0.221188
0.17882
0.450054
0.0829386
0.0842404
-0.28011
0.293016
-0.115006
0.254437
0.321232
-0.12045
0.0225997
-0.0129867
-0.49974
0.108947
-0.28313
-0.138394
0.0351368
-0.235624
-0.133885
0.220036
0.415369
0.131983
-0.00552702
-0.19493
-0.504862
-0.0581998
-0.382049
0.217101
0.198323
0.351479
-0.345739
-0.0645617
-0.216933
-0.110644
-0.0535799
-0.259053
-0.388247
0.200845
-0.113268
0.00929464
-0.371468
-0.0615357
0.435139
-0.406651
-0.254462
-0.0478659
0.218549
-0.164651
-0.129869
-0.274269
0.0104734
0.263695
-0.351907
-0.252165
-0.165986
0.268196
-0.106528
0.179542
-0.486917
0.178963
0.00480311
-0.219768
-0.261428
-0.162159
-0.177019
0.127619
0.08532
-0.235105
-0.529708
0.0758915
-0.0169205
-0.0938698
-0.485736
-0.0237749
0.0101288
-0.852876
-0.651405
-0.59645
-0.243617
-0.422875
-0.177847
-0.294423
-0.36474
-0.0334897
-0.364287
0.25876
0.350591
-0.36201
0.345044
0.268385
-0.109621
0.163591
-0.125372
-0.298777
-0.330816
-0.0453501
0.251778
0.0900177
-0.33591
-0.288794
0.140963
-0.262151
0.146873
0.283716
-0.228114
0.547873
0.213882
-0.0180279
0.135157
-0.34437
-0.276821
0.301811
-0.158563
0.38614
-0.125927
-0.523637
-0.09085
-0.984901
0.112012
-0.0782489
0.255195
0.158206
0.115437
-0.421257
0.0245362
0.439657
0.48694
0.212237
0.560657
0.021005
-0.330299
-0.182887
0.116964
0.13216
0.16725
-0.248379
0.370666
-0.389467
0.426767
0.139305
-0.195148
-0.00627696
0.463156
0.368262
-0.188917
-0.400232
0.129672
0.000715853
-0.363232
0.0664736
0.0871874
0.438352
0.542723
-0.23994
0.369334
0.000441562
-0.237258
-0.0173447
-0.343747
-0.101189
-0.0763757
0.31497
-0.123769
-0.472284
-0.117052
0.154963
0.388026
0.116699
-0.315569
0.79396
0.0250643
0.57849
-0.221958
0.214091
0.462233
0.023328
-0.0875066
-0.168882
-0.0856441
-0.655767
-0.113544
-0.414054
-0.239916
-0.436798
-0.028888
-0.196669
0.199791
-0.199298
-0.277235
-0.598453
0.247646
0.0453873
0.278871
-0.339068
-0.023018
0.376773
-0.186893
-0.370391
0.19819
0.0281514
-0.102854
-0.0358702
-0.372699
0.445274
0.334858
-0.244213
-0.456211
0.0200601
0.294148
-0.31881
0.262435
0.195591
-0.489215
0.274132
0.0222399
-0.156101
0.189382
-0.228454
0.0615542
-0.259373
0.382644
0.333776
0.807938
0.860957
0.237764
-0.126114
0.169393
0.415277
-0.309794
0.108682
0.434363
0.194336
0.252892
0.0559542
0.839832
0.700815
-0.117522
-0.14087
0.562707
0.527507
0.667526
0.510556
-0.417586
0.221839
0.478679
0.241426
0.101319
-0.230626
-0.232695
-0.114718
0.0929121
-0.0367429
0.259839
-0.305166
0.36787
-0.267045
0.586883
-0.312307
-0.129114
0.0716513
-0.0459204
-0.00221496
-0.0539283
-0.170492
0.11895
-0.0948821
-0.344437
0.24098
0.31203
0.129916
-0.198102
-0.261897
0.340203
0.143637
0.152165
0.678405
1.22557
-0.373858
0.054243
-0.206677
-0.211725
0.369779
-0.28663
0.378906
-0.13915
0.153174
0.101676
-0.285261
0.0127853
-0.459709
-0.0353091
-0.0308649
0.0745575
-0.313857
0.421753
0.0649739
-0.261199
0.441815
-0.0118827
0.359706
0.467929
0.575545
0.0425698
0.029046
0.293758
0.422179
0.423389
-0.490237
-0.0465972
0.0826985
0.146166
-0.452127
-0.473972
-0.470229
0.429319
0.242476
0.527256
-0.142381
0.0647887
0.175618
0.377049
-0.296106
0.226714
0.0147542
-0.000429984
-0.367372
0.319754
0.173428
-0.834142
-0.0620842
0.658587
0.834954
0.359578
0.322073
0.104705
0.299724
0.450966
0.125297
-0.144838
-0.486181
0.221382
0.0322895
-0.393605
-0.428651
-0.154607
0.27751
-0.328947
0.484905
-0.0745593
-0.247966
0.0686275
0.503226
0.0487277
-0.247429
-0.159466
-0.135272
0.214382
-0.0703568
0.11539
-0.290718
-0.357302
0.380251
-0.0321382
-0.101757
0.359161
-0.189865
-0.191763
0.317788
0.298235
0.183606
0.4298
0.370921
0.486311
-0.19591
0.454692
-0.42584
0.262612
-0.367444
-0.370737
-0.382849
0.35265
-0.820888
-0.318557
-0.118475
-0.285158
-0.0817277
-0.0563706
0.272157
0.119958
0.376925
-0.423936
-0.339609
-0.27455
0.212254
-0.490753
-0.350403
-0.482402
-0.0249008
0.219586
-0.0406739
-0.261361
0.370529
-0.0574651
0.318961
-0.346667
0.382818
-0.0588464
0.201397
0.0971418
-0.170756
0.336002
-0.262107
-0.489952
0.272247
-0.184879
-0.442104
-0.318698
-0.371916
0.558108
-0.219265
-0.244937
0.0414887
0.17381
-0.168345
0.150406
0.380013
-0.381332
0.379103
0.105456
0.153517
0.276107
-0.115108
-0.214952
0.479584
-0.30788
0.318611
0.0832962
0.118096
0.326479
-0.157486
0.256636
0.240343
0.436141
0.448864
0.348081
1.00197
0.18347
0.462723
0.318294
0.0730751
0.380102
0.384483
0.220832
0.174787
0.218892
-0.544775
0.337937
-0.374409
-0.369962
0.583615
0.0455389
0.253694
-0.173678
-0.174639
-0.250409
0.151634
-0.505508
-0.28832
-0.0151689
-0.475713
0.16301
-0.401102
0.329519
-0.057489
-0.326943
0.0224847
-0.34191
-0.265217
0.201623
-0.275139
-0.05899
-0.289742
0.103664
-0.126182
0.402537
-0.495828
0.35009
1.95511
1.70871
-0.197703
-0.479658
0.321406
-0.0841095
0.543099
-0.321072
0.0372834
0.186928
0.452739
0.129517
-0.0685821
-0.157937
-0.338044
0.281945
0.0382652
-0.342095
0.524745
0.254498
-0.364438
-0.456759
0.466729
0.459873
0.19589
0.248706
-0.130781
-0.312115
0.32047
-0.0427153
-0.197152
-0.132812
0.215537
0.0157328
0.15429
0.101846
-0.398559
0.418782
0.0906861
0.157501
0.062221
-0.194783
0.324649
-0.428011
0.153639
-0.00950848
0.0224988
0.123303
0.225695
-0.429614
-0.385938
-0.274907
-0.287981
0.871523
0.540261
-0.525421
0.307492
0.121506
-0.489465
-0.232048
0.270461
-0.190629
-0.116086
-0.266919
-0.151678
-0.662363
-0.550751
-0.323568
-0.885494
-0.527833
-0.367563
-0.786019
-0.567362
-0.407102
-0.0223763
-0.415392
0.090889
0.227939
-0.628613
-0.0474587
0.0734946
0.298386
-0.530505
0.0399513
0.102247
-0.333004
-0.260938
0.205069
0.108171
0.169559
0.161915
-0.226942
0.2849
-0.144561
0.443512
0.203558
0.481132
0.19349
-0.181763
0.0452014
0.381214
-0.352913
-0.0559198
0.263271
0.32963
-0.270829
-0.478427
-0.350847
0.325424
-0.138575
-0.213606
-0.210853
0.00651979
0.0376726
0.28203
0.293594
-0.3269
-0.209867
-0.378758
-0.299132
-0.359598
0.115884
0.128889
0.119865
0.443459
-0.436745
-0.160553
0.323388
0.170257
-0.380588
-0.331187
0.101193
0.167261
-0.464053
-0.377069
0.116087
-0.0722085
0.371498
-0.245001
-0.307762
-0.0419073
-0.14714
0.395953
-0.117932
0.230838
0.429309
-0.293728
-0.0407891
0.268948
-0.401347
0.228024
-0.0379913
-0.249363
-0.237992
-0.343741
0.268415
-0.163259
0.27535
-0.270827
0.308841
0.0286359
-0.303589
0.133856
-0.0065587
-0.304864
0.569289
0.0930126
-0.0124654
-0.155326
-0.277323
0.309624
-0.210679
0.575652
0.353619
-0.0369635
0.138723
0.23108
-0.350604
0.396906
-0.0756141
-0.345846
-0.309515
-0.141233
0.40189
-0.184169
0.139209
0.564009
-0.358129
0.386433
0.0567155
0.187201
-0.36363
0.125355
-0.0948861
-0.22171
0.120922
-0.304451
-0.38498
-0.242931
-0.11814
-0.319027
0.383218
-0.180067
0.217529
0.533441
0.333926
0.23157
-0.199513
-0.0160222
0.208755
0.517243
-0.348141
0.6511
0.960911
0.236668
-0.0831758
-0.174209
0.266112
-0.0513905
0.158807
-0.112499
-0.22519
-0.0316621
-0.351399
0.494203
0.299407
0.127094
0.563642
-0.325897
-0.255149
0.302941
0.201724
-0.0956634
-0.393376
0.0632452
0.103077
0.335168
-0.419364
-0.288677
-0.00339702
0.39767
-0.0558965
-0.107832
-0.179552
0.497449
0.124992
0.277577
-0.373639
-0.449241
-0.155082
0.113954
-0.273058
0.447867
0.137789
0.32562
0.286809
0.12029
-0.450638
0.138775
-0.299016
-0.175928
0.0690437
-0.304706
-0.395864
-0.23581
0.0565648
0.513174
-0.138529
-0.0166996
0.673955
0.197271
0.47588
0.0563968
0.172247
0.258435
0.345377
0.245356
0.512248
0.271657
0.744654
0.230519
0.0169895
0.0823477
0.611436
0.653486
0.671615
0.358788
0.00392589
0.627725
0.33609
0.253962
-0.340806
-0.289164
-0.295331
0.296569
0.295004
0.0807883
0.171743
-0.461864
0.0427025
-0.153953
-0.530688
-0.00341999
0.0731548
0.0517145
-0.50978
-0.518656
0.175185
-0.288102
-0.372493
0.386863
0.182915
0.439845
-0.501991
0.0163415
0.0562399
-0.326845
0.0792598
-1.51604
-1.92225
0.689376
0.366805
-0.206603
-0.0695435
0.161226
-0.0806092
-0.166212
-0.0864238
0.236711
-0.0882347
-0.0150241
-0.516124
0.212641
0.108136
0.093395
0.237082
-0.232556
-0.526598
0.320714
0.111531
-0.37112
-0.264205
-0.159833
0.0158204
-0.427293
-0.323447
-0.00861954
-0.544968
-0.403649
0.272474
-0.0326598
-0.518574
-0.422475
-0.136432
0.216766
-0.548429
-0.14861
-0.276858
0.278742
0.217342
-0.229314
-0.332461
-0.423149
-0.226603
-0.0710263
-0.089995
0.416735
0.0925907
0.0713973
0.343579
-0.56321
0.534739
0.378701
-0.551801
-0.374127
-0.010847
0.300989
0.527143
-0.256906
0.366304
-0.583045
-0.383061
-0.854535
-0.375438
0.0802856
-0.0762033
-0.756835
-0.330611
-0.475942
-0.0821707
-0.428509
-0.335259
-0.327551
-0.3648
0.168899
-0.132127
0.220196
-0.378185
-0.0807974
0.101258
0.0801968
-0.17686
0.389669
0.0779135
-0.385419
0.25393
0.135924
-0.234875
-0.145301
0.394659
-0.487226
0.44984
0.335577
0.298249
-0.209259
-0.16282
-0.151373
0.1149
-0.36627
-0.218356
-0.099424
0.171126
0.139734
0.255443
-1.10264
-1.41018
0.250012
0.205464
-0.018945
0.147088
-0.692638
-0.494002
-0.178807
0.602983
0.0813443
0.411729
-0.155791
0.423962
0.680949
0.219884
0.03316
0.19172
0.477053
0.260093
0.0348412
0.590552
0.23745
0.380469
0.416712
0.334636
-0.428092
0.113904
-0.0176844
-0.249993
-0.478312
-0.437883
-0.191911
0.360607
-0.174598
0.213686
0.00131552
0.224749
0.389727
0.356461
0.144294
-0.193014
0.331854
0.188284
0.47445
0.234114
-0.289279
0.209004
-0.121871
-0.221581
0.261721
-0.301629
-0.0959604
-0.673227
-1.81969
-0.530222
-1.23333
0.0837441
-0.172019
-0.325606
-0.12838
-0.300464
0.264052
-0.00292343
0.271099
-0.522553
-0.0115855
-0.119507
-0.000178934
0.0614063
-0.547849
0.173805
-0.0101727
-0.365185
-0.473284
0.292808
-0.464511
-0.412462
-0.435492
-0.357838
-0.221411
-0.333047
0.278429
0.132015
-0.255905
-0.551442
0.346519
-0.07198
-0.0360791
0.390523
-0.100042
-0.446455
-0.335828
-0.252777
0.177195
-0.212378
0.364024
-0.252562
0.112053
0.358245
-0.126556
0.0622118
-0.388185
-0.0137542
-0.124552
0.207322
-0.336113
0.21391
-0.415306
0.346142
0.255545
-0.316485
0.19014
-0.393539
0.300757
0.059767
-0.467006
-0.428226
0.15373
-0.405658
-0.0579747
-0.0907137
-0.20965
-0.421296
0.160733
-0.372836
0.316825
0.348798
0.101211
0.257444
-0.396188
-0.206536
0.341847
-0.0426027
-0.317041
0.159719
-0.368399
-0.02736
-0.45773
-0.301512
0.131651
0.311488
-0.691702
0.405637
-0.559399
-0.088557
-0.349463
-0.0620667
-0.0455063
-0.0621804
-0.0107445
-0.037107
-0.0127156
-0.145524
-0.430152
-0.148871
0.0601018
-0.604883
-0.129484
-0.340477
-0.27828
0.106505
-0.387454
-0.132172
-0.397842
0.0259049
0.306148
-0.558291
-0.280669
-0.1144
0.14651
-0.489481
-0.129522
-0.0427918
-0.0359578
-0.712758
-0.420742
-0.592828
-0.427083
-0.22717
-0.0171096
-0.183387
-0.174553
0.0934576
-0.590277
-0.168166
0.270316
-0.567484
-0.194496
0.0753617
0.148069
-0.214271
-0.350789
-0.487929
-0.380733
-0.0948013
-0.184258
-0.395981
0.151071
-0.063524
-0.320024
-0.528792
-0.344204
-0.300415
0.0263018
-0.451234
0.391999
-0.557445
0.100693
0.299354
-0.0639077
-0.3392
0.0903983
-0.118278
0.244229
-0.54227
0.0966848
-0.472147
0.149381
-0.0435814
-0.241725
-0.150215
-0.128041
0.0609381
-0.241223
-0.342148
-0.261836
-0.5692
0.270673
0.222789
-0.116918
0.469002
0.0347705
-0.0855253
0.229967
0.288794
-0.0608907
-0.581964
0.319858
-0.326382
0.149014
-0.329389
-0.503986
-0.446492
0.0999591
0.243275
-0.389217
0.343641
-0.458469
0.40644
-0.384947
-0.156096
-0.28026
0.210488
-0.422492
0.00716515
-0.0810904
-0.39763
-0.204998
-0.208861
0.450089
0.0773564
0.469182
0.0448243
0.308989
-0.442865
0.262022
-0.442037
-0.339419
0.169993
0.0038252
-0.199313
0.0952261
0.0633812
-0.279783
-0.0520096
-0.26315
0.104734
0.003801
-0.0536017
-0.154236
0.0959375
-0.282826
0.130858
0.109611
-0.432345
-0.177665
-0.279267
0.377046
0.290566
0.156566
-0.234575
0.40296
0.0927006
0.0285222
-0.374117
0.0305639
0.326398
0.0764658
0.350729
0.206664
-0.151765
-0.184364
0.0872164
-0.0890635
0.0179336
-0.297915
0.162369
-0.188492
-0.0668675
0.205937
-0.82961
-0.157763
0.367733
-0.0631048
-0.249011
0.0327726
0.240612
0.310497
0.0657916
-0.421074
-0.0728963
-0.200685
0.321356
0.107268
-0.214324
-0.286939
0.0389586
0.0620398
0.129077
-0.34563
-0.299823
0.16907
-0.123183
-0.0755531
-0.0194926
-0.569685
0.181681
-0.49181
-0.335184
-0.0507874
0.156411
-0.255467
-0.573938
-0.464689
0.073549
-0.366674
-0.509463
-0.373306
-0.644062
-0.0143983
0.144195
-0.320956
0.245538
-0.468376
-0.249228
0.0391408
-0.176482
-0.248666
0.198852
-0.115192
0.214887
-0.395022
0.33098
-0.0868466
-0.487027
-0.34816
-0.614309
-0.579456
-0.104606
-0.0867548
-0.265366
-0.377409
-0.252675
0.289644
-0.414341
0.0434489
0.206134
0.130703
-0.524919
0.231789
-0.0596948
0.404336
0.149891
0.0748163
0.250931
0.127628
-0.487699
-0.0474062
-0.362617
0.104217
0.362417
-0.586334
0.20475
-0.173492
0.098993
-0.00564548
0.165159
0.291075
-0.150332
-0.220289
-0.175121
-0.450007
-0.472437
-0.225466
0.150169
-0.087714
-0.214801
-0.154932
-0.377303
-0.331302
-0.473023
0.192776
0.0731897
-0.342211
0.392331
-0.301792
-0.387271
-0.303065
-0.226499
0.217096
0.0346938
-0.291537
-0.241588
-0.134866
-0.610734
0.0836453
0.0338307
-0.315745
-0.187522
-0.125781
-0.231302
-0.0939793
-0.00932529
-0.310825
-0.308164
-0.204761
0.522576
-0.236857
0.289222
0.426285
-0.335241
-0.0640648
-0.203475
-0.334693
-0.0780141
-0.475332
0.00309807
-0.204111
0.118858
0.416995
0.0513025
-0.250814
-0.13669
-0.220263
0.321836
-0.510597
0.18466
-0.0886577
-0.20686
-0.435447
-0.635229
-0.384965
-0.4565
-0.344533
-0.0633738
-0.344132
0.0858802
-0.0201423
-0.0662737
0.0436738
0.0423137
0.0243631
-0.0233792
0.104339
0.210357
-0.263514
0.24251
-0.381731
-0.614964
-0.522309
-0.413888
-0.371651
-0.0121278
-0.226962
-0.257154
0.369379
-0.357526
0.159251
-0.0928987
0.408293
-0.244501
-0.491834
0.205127
-0.0411083
-0.288796
-0.373789
-0.289623
-0.240033
0.241416
0.631549
0.515196
0.347842
-0.265297
0.331457
0.492285
0.0495181
-0.0893549
0.143387
0.01383
0.249979
-0.252195
-0.348778
0.477912
0.052438
0.532931
-0.170822
-0.307684
0.433511
0.101653
-0.271453
-0.149293
0.0870426
0.254632
0.021951
-0.270796
0.42793
0.043614
-0.0481866
0.308414
-0.297146
-0.36192
-0.0538507
-0.388885
0.0839537
-0.0232622
-0.412405
-0.310564
-0.421702
0.375579
0.0212913
0.0812832
-0.392611
-0.358849
0.245399
0.290009
-0.0282851
-0.240813
0.0143961
0.205599
-0.0393719
-0.186039
-0.0866125
-0.283966
-0.0811515
-0.1389
-0.211346
0.477067
0.458036
0.37882
-0.292305
0.157223
0.635557
0.0343984
-0.360962
0.166527
0.143945
0.0147125
0.472226
-0.265902
0.350619
0.80027
0.669555
0.356412
0.0616336
0.0519516
0.373665
0.0836954
-0.276889
0.0212596
0.156403
0.00305838
0.536479
-0.00625597
0.340047
0.281168
0.269249
0.611434
-0.297945
0.307134
0.149064
0.0698945
0.0298132
0.754934
0.309675
0.494919
-0.111841
-0.00428524
-0.280009
-0.0802382
0.232629
-0.282623
0.0594866
0.05024
0.57647
0.65995
-0.0664626
-0.157771
0.151088
0.336598
0.523089
-0.357265
0.526684
0.267455
0.278465
-0.314007
-0.0607796
0.498472
0.563326
0.145125
-0.305239
0.229335
0.539913
-0.121196
-0.152402
-0.0119317
-0.399327
0.156882
0.0274316
-0.18427
-0.377492
-0.388956
-0.350107
-0.422575
-0.342227
0.227848
-0.360596
0.218095
0.07576
-0.280522
-0.181229
-0.169562
-0.217861
-0.174749
-0.148011
-0.112136
0.16812
0.254901
0.10286
-0.139414
-0.467246
-0.304499
-0.0387674
0.498366
0.295398
0.255301
-0.121304
-0.26374
0.0105694
-0.111448
0.14649
-0.253479
0.0258639
0.193871
-0.454132
-0.268763
-0.00154172
-0.108019
0.118756
-0.0207307
0.184971
0.421948
-0.0921824
-0.394283
0.248111
0.282819
-0.423531
0.267718
-0.107891
-0.393298
-0.401928
-0.226751
0.336893
-0.491417
0.383237
-0.426548
-0.414657
0.0402847
-0.326435
-0.130149
0.19514
-0.376179
0.513095
0.0106609
-0.357472
0.32052
-0.627499
0.102394
-0.18484
0.236914
-0.289314
-0.372706
-0.0659494
-0.0527649
-0.219954
0.256298
0.122928
0.413945
0.00462257
-0.333277
-0.0266611
0.210874
-0.290552
-0.751986
0.302882
-0.41049
0.220225
-0.523878
-0.219315
-0.220231
-0.556449
0.328235
0.270793
0.279037
-0.262692
-0.29667
-0.249337
0.0151561
-0.533581
-0.469367
0.0689231
-0.634989
-0.0229032
-0.132518
0.497329
-0.451364
0.259969
0.0720667
-0.00752875
0.070007
-0.176238
-0.338348
0.0411526
0.17007
-0.340435
0.183011
0.232516
0.415575
0.235721
-0.261202
-1.18079
-0.69296
1.555
0.33597
0.216299
0.0661922
1.83452
-0.510165
0.0857881
-0.549013
-0.530881
-0.494552
0.231779
-1.47746
0.434556
0.261526
0.105362
-0.323452
-0.400934
-1.18665
-0.0138604
-0.446219
-1.31639
-0.25133
-1.20091
-0.394265
-1.77584
-0.157388
0.382477
0.57284
0.642118
-1.05076
-0.485881
-0.102576
-0.647912
0.587448
0.297348
-0.347106
1.16161
-0.568584
0.787759
-0.344154
-0.905818
-0.835998
0.0428184
0.0545376
1.12459
-0.184847
-0.761617
-1.28095
0.586664
-0.188429
-0.219674
-1.63513
0.0856607
1.61574
0.148601
-0.16483
-0.242723
1.3955
-0.389742
1.38343
1.3588
-0.349744
-0.120123
-0.170611
0.394889
0.314803
-0.233398
-0.167276
-0.408061
-0.306389
-0.16753
0.340712
0.0285438
0.308935
-0.366712
-0.384878
-0.0519616
-0.209435
0.0154925
-0.430435
-0.218308
-0.456851
-0.526802
-0.0517387
-0.381047
-0.115917
0.304052
-0.613385
-0.282499
0.308235
-0.472425
-0.30414
-0.566737
0.105736
-0.216088
-0.506471
-0.27305
0.159735
-0.0519521
-0.349946
-0.120023
-0.387428
-0.0890999
-0.467521
-0.360129
-0.159497
-0.0158533
-0.349041
-0.165511
-0.298306
0.359667
0.195866
0.295975
-0.018297
-0.562511
-0.0917755
0.0281388
-0.243299
-0.0367447
0.0299449
-0.565254
-0.555812
-0.145833
-0.290936
-0.0937371
0.120418
0.0253947
-0.142774
0.401916
-0.470775
-0.379446
-0.221652
-0.271768
0.371586
0.425281
0.569512
0.398833
0.0894078
-0.101316
-0.394966
-0.0145743
-0.170005
-0.0337821
0.347879
-0.147631
0.33284
0.743254
0.269698
0.297306
0.131758
0.473063
0.344424
-0.374609
0.143967
-0.363057
0.563578
0.55143
0.0300426
0.287876
0.115457
-0.548467
0.360766
0.0429165
-0.149416
-0.036134
-0.0584344
0.146761
0.0200144
0.684362
0.439591
0.200251
-0.00572499
-0.278711
0.182161
-0.193413
0.0121681
0.399209
0.663845
0.618722
0.0374147
-0.180598
0.377293
-0.107684
-0.241226
0.425119
-0.426854
-0.71617
-0.456269
-0.0890927
0.16462
-0.338226
-0.383702
-0.325139
-0.0819934
-0.156662
0.363849
-0.340458
-0.532677
0.176054
-0.0321232
-0.412744
0.0963092
0.00683551
0.109542
0.0606028
-0.353699
0.0402102
0.275468
-0.222316
-0.745779
-0.372291
0.106116
-0.253052
-0.676286
0.419063
-0.0743727
-0.0342309
0.287096
-0.468041
-0.582387
0.123528
0.375416
-0.306537
0.19261
0.275901
0.681611
-0.0810172
0.414569
0.258263
-0.331684
-0.28227
0.0375859
-0.169171
0.342455
-0.426755
0.187653
-0.118962
0.210821
0.226817
-0.0837552
-0.57578
0.205004
0.447041
0.00160973
-0.640317
-0.550432
0.377759
0.107416
0.310428
0.408882
0.143303
-0.124069
-0.573049
0.0740597
0.584136
0.115931
-0.0169633
-0.162914
0.380841
0.242166
-0.0695584
0.00502574
-0.337563
0.235434
-0.058878
-0.083972
0.111905
0.276563
-0.591968
-0.1792
0.218431
-0.00169469
-0.0555034
0.181339
0.0838198
0.235175
0.280983
0.0202126
0.0211676
0.245774
0.00227452
-0.245322
0.161732
0.283488
0.27311
-0.115168
-0.439157
0.0484764
-0.23958
0.486838
0.356051
-0.366259
-0.240851
-0.472621
0.231572
-0.059817
0.0716043
0.0168721
-0.409073
0.241127
0.192696
0.116267
0.230344
-0.0472091
0.613342
-0.201415
-0.12732
-0.298622
0.377804
-0.0197065
-0.0421425
-0.43715
-0.124452
-0.369679
0.312507
-0.0857264
-0.188808
-0.170273
-0.0301027
-0.276888
0.28543
-0.0647939
0.0572157
0.59654
-0.480829
-0.126107
-0.257752
0.385695
-0.244707
0.540531
0.127413
0.194316
-0.15049
0.0492305
-0.207738
-0.265109
-0.0550764
0.257685
-0.321852
0.0959935
-0.343889
-0.0716416
0.124569
-0.187272
-0.301515
0.573
-0.0714192
-0.0199999
0.102477
-0.410831
0.125147
-0.35726
0.263734
0.0692096
-0.459513
-0.151342
-0.44623
0.421057
0.141934
-0.389042
-0.269639
-0.269821
0.116125
-0.161935
0.203879
0.158174
0.111047
0.132324
-0.234219
-0.207388
-0.0205545
0.0557764
-0.215118
0.114268
-0.0703732
-0.19388
0.0685179
-0.157189
0.0123266
-0.127814
-0.0195813
0.297999
-0.233209
-0.217134
0.217213
0.383056
0.613652
0.295131
-0.0436449
0.559576
0.801976
0.101586
0.735358
-0.293232
0.113352
0.453084
-0.439357
-0.110421
-0.0491493
0.254721
-0.306694
-9.85696e-05
0.125203
0.301677
-0.300226
0.34557
0.466833
0.0946036
0.139647
0.10851
0.234442
0.0657599
0.293331
0.0488588
-0.14063
0.316346
0.507797
0.616492
0.42006
0.348589
0.507662
0.398641
-0.0884283
-0.176992
-0.0635535
-0.206323
-0.274199
0.114265
0.227843
0.536087
0.0611645
-0.335489
0.299431
-0.130192
0.441695
0.636732
0.0814991
0.172992
0.488344
-0.30124
-0.0331907
-0.650098
0.00622944
-0.0834662
-0.510771
-0.659555
-0.231544
0.318511
0.0137127
0.291811
0.0438895
0.18364
0.0986409
-0.154989
-0.433337
-0.046661
0.081202
0.0581198
0.0472043
0.192275
0.283063
0.150352
0.328735
-0.336091
0.0682116
0.081031
-0.492828
-0.309212
-0.654855
-0.236381
-0.644993
-0.213835
0.282809
-0.201035
-0.100784
0.189971
0.417163
-0.551284
-0.217045
0.114155
0.143365
-0.041617
0.348714
-0.333246
0.513137
0.511753
0.340589
0.0353006
-0.486148
-0.605052
0.0104218
-0.181504
-0.167209
-0.0850921
0.109337
0.431812
-0.196721
0.287298
-0.607123
0.41924
-0.182016
-0.346618
0.132958
-0.0239709
0.357183
-0.180189
0.0485045
0.500535
0.19374
-0.299117
0.524591
-0.477808
0.275623
0.0192034
0.38414
0.36138
0.248602
0.233841
-0.239815
0.0486095
0.0304307
0.225347
0.430187
-0.0313573
0.130779
-0.231761
-0.169069
-0.506029
0.141967
-0.0206767
-0.318334
0.312771
-0.466577
-0.328276
-0.0331596
0.216101
0.0345999
0.241407
-0.382363
-0.480765
0.293829
-0.0737185
0.133641
-0.455302
-0.311289
0.229442
-0.0194494
0.0826237
0.346297
0.500201
-0.297755
0.214191
-0.0966242
0.280647
-0.247178
-0.495859
0.0440477
-0.342409
0.0448297
0.380343
-0.130387
-0.242911
0.177371
-0.27317
0.161956
-0.537483
-0.269006
0.698489
-0.0787461
-0.108447
-0.0847699
0.316832
-0.464238
-0.516871
-0.00681839
0.0396344
0.329234
0.291352
-0.360817
-0.495443
-0.383991
0.343696
0.469527
-0.262878
-0.0237024
0.604415
-0.0350407
-0.837198
-0.664466
-0.367623
0.286014
-0.963942
-0.447669
-0.0300336
0.649227
0.28857
0.136709
-0.0266705
-0.101164
0.439488
-0.178917
-0.167963
-0.438109
0.278145
-0.158385
0.457502
0.343437
0.0286847
0.188334
0.0671084
-0.314614
0.0723125
0.316599
-0.321121
-0.397762
0.0256018
-0.0487046
-0.0869801
-0.707558
-0.681525
0.136245
-0.131197
-0.274364
-0.398549
0.543573
0.127615
-0.00833835
0.731907
-0.238998
0.0178823
-0.0464993
-0.0592231
-0.145114
-0.00482333
0.130569
-0.00613713
-0.0268466
0.0108244
0.0414633
-1.18085
-0.0621175
0.0152894
0.092663
-0.0106066
0.0505421
0.0968444
0.00584505
-0.0341436
0.135148
