#input normalization
0.365727 0.976507
0.544937 1.06383
0.735145 1.18611
0.926814 1.32181
1.10397 1.43426
1.28435 1.53621
1.43749 1.63273
1.58521 1.72786
1.70751 1.78629
1.82178 1.83477
1.9221 1.87392
1.9822 1.88428
2.04996 1.8893
2.08279 1.87483
2.10369 1.84735
2.11217 1.81369
2.10498 1.76654
2.08033 1.70426
22.6805 30.7805
16.2006 22.816
0.0197189 0.0256175
15.3284 23.6319
0.0168409 0.0246866
#output normalization
1 0
#neurons weights
-0.238755
0.29264
0.0583559
-0.294298
0.0530959
-0.470793
0.43765
0.241595
0.139616
0.0594368
0.196387
0.370423
0.238153
0.0240983
0.168626
-0.0623174
0.0916666
0.0186985
-0.292991
0.327976
0.281457
-0.15259
-0.0689264
0.269905
0.23307
0.310991
-0.292911
-0.413857
0.0256724
0.265384
0.210662
-0.529928
0.308373
0.204993
-0.524023
0.472925
0.0954568
-0.387723
-0.508392
0.21083
0.708356
0.0655632
-0.242382
-0.393317
0.473352
0.335593
-0.115899
0.00456449
0.371151
0.425244
-0.370093
-0.0261187
-0.0113273
-0.00857383
0.171618
-0.0237431
0.273139
0.177158
-0.24384
-0.0885574
-0.180413
0.240803
0.00360953
-0.607168
-0.506897
-0.00473976
0.440756
-0.215255
0.317971
0.461633
-0.0955393
0.127791
0.174565
-0.420829
0.0921911
0.091071
-0.507233
0.126262
0.180371
0.348859
-0.32692
0.299397
-0.411283
0.497033
-0.110157
0.305568
-0.412245
-0.0534698
0.475359
-0.233417
0.244623
-0.279614
-0.0292187
-0.211623
-0.0183383
-0.312234
-0.0565371
-0.304385
-0.315047
-0.0298905
0.501558
0.498166
-0.482479
0.328067
0.28208
-0.384436
-0.622982
0.296126
#synapses weights
0.360212
-0.164074
0.29949
0.101229
0.123776
-0.488594
-0.266541
-0.31287
-0.0536168
-0.237562
0.149485
-0.436854
0.139996
0.418872
0.22571
0.447184
0.226028
-0.0554077
0.349673
-0.772346
0.0940266
0.031057
0.175067
-0.138586
0.136735
0.470203
0.447998
0.00667644
-0.349359
0.29064
-0.31841
0.255763
-0.412831
-0.29258
0.399713
-0.497155
-0.129828
-0.227487
-0.401145
-0.0507068
0.336355
-0.0907926
0.579663
0.511934
0.237724
0.379837
0.182552
0.153483
0.254284
-0.138033
0.301962
0.478683
0.146735
-0.0335171
0.257816
0.480264
0.117635
-0.0608461
-0.0955508
0.35497
-0.0321871
0.264532
0.365499
-0.149715
0.60596
0.727304
0.875273
-0.250807
-0.0710822
0.195325
0.382329
0.0433273
-0.0205845
0.643775
0.0299208
-0.27392
0.0144982
0.0768798
-0.720549
-0.530611
-0.703705
-0.721881
-0.142237
-0.623087
-0.399182
-0.731049
-1.09182
-0.796927
-0.826028
-0.328621
0.582061
0.138816
0.214279
-0.217441
-0.0618535
-0.0900152
0.271504
-0.159597
-0.102854
-0.0303913
0.541759
0.608388
0.40519
-0.233463
0.406656
0.363922
0.195977
-0.017851
0.0300303
0.214301
0.69785
0.897293
0.463901
0.0251432
-0.0802757
0.340377
-0.335136
-0.226871
0.390292
-0.251291
0.459015
0.0743744
-0.0988999
-0.173708
0.49644
0.133258
-0.139397
0.312827
-0.417244
-0.07483
0.406643
0.0237917
-0.0607204
0.497377
0.595114
0.329553
0.243842
0.278075
-0.163822
-0.145056
-0.275499
0.256306
-0.170259
-0.459761
-0.228922
0.376116
0.201774
0.0103243
0.510855
0.307813
-0.107987
0.180992
0.479118
-0.269534
0.484783
-0.263771
-0.103482
-0.221006
-0.339676
0.248804
0.544524
-0.245159
0.415746
0.0939261
0.270851
0.320769
0.162354
-0.47726
-0.50188
-0.134682
-0.471993
0.141819
0.0207705
-0.394297
-0.170162
-0.44493
-0.120562
0.0184312
-0.347209
-0.646186
-0.0233159
-0.702356
-0.00483381
0.109595
0.408216
-0.124184
0.229411
0.466374
-0.310892
-0.564976
-0.54847
-0.874845
0.0530585
-0.017918
-0.302142
0.215329
0.214009
-0.304894
0.120801
0.100385
-0.196946
-0.336201
0.222577
-0.56654
-1.00149
-0.482702
-0.123218
0.212035
-0.253638
-0.504462
0.11651
-0.361359
-0.100018
-0.498124
-0.404965
0.175028
-0.318345
0.30546
-0.421565
-0.0269615
-0.0511684
0.180197
0.347455
-0.296331
-0.313449
-0.234938
0.40583
0.227711
-0.242941
-0.0380669
-0.442977
0.150096
0.264739
0.385058
0.0241523
-0.343533
-0.144946
-0.280437
-0.297478
0.0574674
-0.221052
-0.358447
0.239011
-0.282687
-0.38372
0.177576
-0.234113
-0.419609
-0.120659
-0.946264
0.706413
0.970786
1.02996
-0.354671
-0.249296
-0.242941
0.124753
0.299857
-0.462232
0.317897
0.341286
0.199008
0.406714
0.244915
0.492451
0.497834
0.468219
0.469537
-0.192178
0.333423
-0.291739
-0.0856658
-0.162386
0.383636
-0.0412902
0.0422637
-0.0271083
-0.423087
-0.336001
0.16776
-0.464457
-0.31642
-0.218579
0.00100294
-0.30226
-0.214256
-0.446687
0.177301
-0.0150419
-0.243497
0.148942
-0.428413
-0.242447
0.449765
-0.388639
0.0801895
-0.0756877
0.248538
0.356069
-0.0919043
-0.0886704
-0.350749
0.464541
-0.129931
-0.0275072
0.146753
-0.0714038
0.58834
0.749006
0.626925
0.443823
0.671451
0.209851
-0.0704192
0.745117
0.492005
0.627612
0.815602
0.465627
0.642574
-0.263995
-0.012604
0.0795907
0.362318
0.00838523
0.285173
-0.37662
0.28532
0.440264
-0.0261852
-0.421929
-0.123677
-0.0662873
-0.277202
0.115699
0.199954
-0.442431
-0.528461
-0.680682
0.12483
-0.523022
-0.0292119
0.832198
-0.0610728
-0.637464
0.239055
0.0253528
-0.541874
-0.123559
0.0360494
-0.433629
-0.435071
0.15842
-0.0213345
-0.148282
0.0504774
-0.135227
-0.158219
-0.590879
-0.1354
-0.507046
-0.0297971
-0.0210543
-0.579697
0.79234
0.626274
-0.340945
0.29474
0.28389
0.201183
0.24082
-0.427646
-0.0792309
0.317046
-0.115694
0.175724
-0.240203
0.48522
0.294262
0.0608365
0.175009
-0.290981
-0.136602
-0.0991375
0.375899
-0.125285
0.0924337
0.16297
0.222898
0.131913
-0.316775
-0.067352
-0.0384153
-0.566858
-0.324296
0.0747326
-0.220804
0.0240233
-0.392017
-0.0392493
-0.0491428
-0.246407
-0.313048
-0.15939
-0.529238
-0.296852
-0.268781
-0.069908
-0.161798
-0.305165
-0.811342
-0.644065
-0.527703
-1.15162
-0.329991
-0.24116
0.509755
0.114067
-0.335298
-0.288084
0.285529
-0.211138
0.34307
-0.00653462
0.133552
0.103864
-0.148441
-0.165136
-0.188052
0.483754
-0.096203
-0.129936
0.30135
1.0698
0.811082
0.132292
-0.233711
-0.322578
-0.372152
-0.301664
-0.338396
0.0372927
-0.131167
-0.65236
-0.660594
0.0340126
-0.102872
-0.276503
0.229766
-0.40306
-0.0183583
0.00428815
-0.474762
0.245276
-0.141711
0.234156
-0.978223
-1.27561
0.0178069
0.323076
0.242116
-0.0942305
0.499539
0.0269595
0.375191
0.213909
-0.104578
-0.0877658
0.171697
-0.134299
0.152462
0.182583
0.405629
0.423521
-0.194713
0.194783
0.465461
-0.0477207
-0.178735
0.48793
0.348213
-0.100942
0.833577
-0.402412
0.194571
0.267046
-0.0150987
-0.0230149
0.0574558
-0.422513
-0.762724
-0.159292
0.176704
-0.193549
-0.0133156
-0.513293
-0.0274206
-0.147518
-0.63748
-0.273937
0.134257
-0.336323
-0.489979
-1.08935
0.105143
0.420545
0.0435242
0.0628877
0.485476
0.00169217
0.383351
-0.38404
-0.440846
-0.554719
-0.647976
0.0811127
0.0885729
-0.594905
-0.299523
-0.245212
-0.459626
0.0828576
-0.403362
-0.63483
-0.406648
-0.355243
-0.153967
0.221989
-0.103628
0.0580102
-0.354956
0.101444
0.299932
0.0105234
0.0760033
-0.368515
0.213289
0.253278
0.71359
0.446252
0.542996
0.149707
0.533286
0.431556
0.169232
-0.0775674
0.744633
0.167884
0.509383
0.490478
-0.204141
-0.151281
-0.212015
-0.181589
0.116332
-0.338925
-0.546605
-0.337862
-0.338313
0.293578
-0.601601
0.377104
-0.196156
-0.40024
-0.113767
0.151628
0.231948
0.169528
0.279124
-0.0254425
0.232967
-0.454079
-0.435442
-0.497062
0.28335
0.474283
-0.184483
0.497814
0.303383
-0.317867
0.148712
-0.265621
0.103532
0.0179444
-0.511637
0.0104262
-0.185024
-0.42696
-0.158878
-0.0409825
0.176755
-0.291521
0.125659
0.261572
-0.790665
0.0552547
0.427728
0.238167
0.0416258
0.340022
0.398437
0.222225
0.194688
0.0731544
0.0953788
0.232694
0.107639
-0.304409
-0.0465235
0.240573
-0.365814
-0.319042
0.323638
-0.331903
-0.427667
-0.573939
0.114808
-0.298472
-0.12721
-0.191209
-0.806641
0.43474
-0.333002
0.230331
-0.173965
-0.200271
-0.0211293
-0.244637
-0.347836
0.290239
-0.0027152
0.0805867
-0.0132461
-0.147285
0.56133
-0.103774
0.259755
0.163664
-0.0151267
0.370748
-0.137881
-0.285181
-0.0729277
0.915853
0.3916
0.234978
-0.0448521
-0.355211
0.482584
0.360899
-0.137277
0.122046
0.028881
-0.345066
0.397197
-0.139728
0.511843
0.521155
-0.327488
-0.360031
0.217583
-0.100357
0.615808
0.508095
0.067942
0.100805
0.359682
-0.418434
-0.0861183
-0.0807613
0.416295
0.0121245
0.306542
0.174148
-0.430957
-0.281323
0.447765
-0.379265
-0.377249
0.206201
-0.256852
-0.292621
0.226315
0.0382824
0.337814
-0.513218
0.161353
0.884291
0.306786
0.234427
0.339657
0.01039
-0.406579
-0.412623
-0.364046
0.130476
-0.536269
-0.0877387
-0.307249
0.0555909
0.244946
-0.572474
0.131548
-0.0538975
-0.51397
-0.112944
-0.322208
-0.161928
0.233467
-0.0563708
-0.130152
0.405204
-0.109293
0.0130183
0.0770458
0.0223778
0.531523
-0.108146
-0.261713
-0.0840859
-0.0199138
-0.527758
-0.433787
-0.0369389
-0.170941
0.12875
-0.294514
0.384551
0.0207731
0.000513036
-0.0497523
-0.480792
0.737136
1.43772
-0.379315
-0.583867
-0.295465
0.0940581
-0.245311
0.0492267
-0.21785
-0.212967
0.186594
0.220061
-0.395003
-0.043119
0.47304
-0.016737
0.228674
-0.251961
-0.291697
0.369395
0.30591
-0.208844
0.308452
-0.305165
-0.364528
-0.424974
-0.256842
0.178643
0.173122
0.283181
0.275674
-0.215258
-0.0350386
0.391411
-0.502984
-0.14454
0.231795
-0.255677
0.22858
0.433439
0.386805
-0.390887
-0.363368
-0.14861
0.0361837
-0.467497
-0.207131
-1.02423
0.433424
-0.183351
0.142147
0.274833
0.301081
0.484533
0.377474
0.48478
-0.170882
0.460627
0.129828
0.0879114
-0.258744
0.223844
0.0329523
0.0638362
-0.141979
0.482124
-0.453685
0.228098
-0.0609277
0.814291
0.677285
-0.122367
0.0805893
0.256806
0.00552477
0.273942
-0.103152
0.0287949
0.370035
0.0971074
-0.253854
-0.458795
-0.328099
-0.208398
0.264688
-0.218234
0.393516
0.0633559
-0.251386
0.00115428
-0.295907
-0.234822
-0.398989
0.0120524
0.0625578
-0.205084
-0.435707
-0.486899
0.246802
-0.0782023
-0.18227
-0.167963
-0.644216
-0.308101
-0.619135
-0.795165
0.107225
0.0226923
-0.144202
0.261921
0.141944
0.0138075
0.139175
0.0652644
-0.568192
-1.03546
-1.22023
-0.0316179
0.33223
-0.29987
-0.504887
-0.178041
-0.471529
-0.436185
-0.281558
0.38281
-0.573663
0.410548
-0.307715
-0.439695
-0.0678718
-0.260516
-0.29483
-0.298441
0.0858409
-0.0449353
-0.0785002
0.159442
0.0642816
-0.0314819
-0.35932
-0.34024
-0.123913
-0.336905
-0.345142
-0.056095
0.56328
-0.272373
0.495509
0.630485
0.0809007
0.159716
0.666161
-0.225063
-0.0863659
0.068223
0.330212
-0.29852
0.458597
-0.423383
0.00524289
-0.727713
-0.664499
-0.0919672
0.208816
-0.0560602
0.121535
0.30101
-0.146592
-0.356005
-0.546906
0.0179919
-0.0165069
-0.82224
-0.150427
-0.0777259
-0.771431
-0.33108
-0.288801
0.028867
-0.380863
-0.0105582
0.134986
0.166085
-0.949225
-1.21095
0.347038
0.29953
0.0631794
-0.0602904
0.190339
0.603892
-0.00462889
-0.323091
-0.365078
-0.0880567
0.447573
0.0765955
-0.242133
0.179438
0.462512
0.358886
0.751596
0.227107
0.580987
0.920641
0.847764
0.247992
1.24597
-0.21387
-0.486829
-0.176326
0.191682
0.110253
0.256953
0.208976
0.00893241
-0.290361
-0.471825
-0.231906
-0.311127
-0.34796
0.280318
-0.664267
0.266489
-0.474404
-0.522549
-0.133609
-0.136719
0.350676
0.295542
0.98072
-0.0567432
-0.168523
0.182032
-0.437706
-0.20278
0.415189
-0.416761
0.358661
0.64732
0.453453
0.45971
0.661313
0.654894
0.519522
0.599236
0.392584
-0.346671
-0.253605
-0.112986
-0.133014
0.505519
-0.0914626
0.561576
-0.0443044
0.0884246
-0.488754
-0.342491
0.087918
-0.213459
0.296863
-0.386725
0.30741
0.0334497
-0.187732
0.406574
-0.34247
-0.109253
-0.229674
0.361936
0.0613358
0.15849
0.186863
-0.397555
0.197253
0.89287
0.122779
0.300941
0.41006
0.391912
0.0946274
-0.29808
-0.237685
0.408964
-0.282816
-0.296503
-0.152428
0.200127
0.202611
-0.217305
-0.52156
-0.022543
0.343595
0.0289269
-0.142683
0.04712
-0.399632
0.280224
0.265789
-0.512697
0.0170433
-0.134524
0.00929054
-0.194895
0.225194
0.157141
0.308434
0.133821
-0.0614945
0.496542
-0.0410936
0.311066
-0.162405
0.133652
0.023209
0.151823
0.0665186
0.0318426
-0.307389
0.48712
0.320203
0.064535
-0.0961286
-0.00664822
0.137952
0.354697
-0.49643
-0.29721
0.0909877
-0.27066
-0.475079
0.201965
-0.221246
0.344613
-0.0681547
-0.288348
-0.446388
-0.175879
-0.414349
0.154874
0.36574
-0.149251
-0.27601
-0.443885
-0.380371
-0.570343
-0.621957
-1.09868
-0.511424
-0.252741
-0.25001
0.459009
-0.515514
-0.0157842
0.0440585
-0.317929
0.0167027
-0.365049
-0.458655
-0.420616
-0.108886
-0.292013
0.192857
-0.449767
-0.294829
-0.363236
0.0866164
-0.0140576
0.564641
0.235862
-0.324298
-0.226857
0.364569
-0.119038
-0.176556
-0.227128
0.143079
0.175675
0.0653818
-0.180623
0.468236
0.502262
-0.319949
0.121344
-0.00875365
0.146941
-0.0642716
0.34832
-0.14531
0.0576652
0.253108
-0.0911903
0.143561
0.398824
-0.309537
-0.292025
-0.565306
-0.184705
-0.451807
0.124078
-0.0360329
-0.332933
-0.489796
-0.43931
0.18715
0.131364
-0.067868
0.3225
0.378264
0.394399
0.192998
0.456765
0.0772871
-0.38612
-0.792621
0.0647416
0.524013
-0.355505
-0.355229
0.274422
-0.229406
-0.0676425
-0.387457
-0.0059312
-0.496073
-0.244295
-0.450934
-0.250545
-0.0318358
-0.237542
-0.391047
0.081589
-0.211268
0.274694
-0.0010243
0.307145
-0.181446
-0.325259
0.0723056
0.00273838
-0.231763
0.0708432
-0.321901
0.00860086
-0.20603
0.225408
-0.570197
-0.560336
0.314065
0.186458
-0.394849
-0.369191
-0.294286
0.474263
0.45544
0.0468484
0.144147
-0.230883
-0.0639455
-0.281686
-0.642335
-0.0147304
0.194079
-0.557123
0.17905
-0.284147
0.103143
0.186276
0.318098
-0.0879526
-0.116907
-0.101713
0.139275
0.555636
-0.280222
0.596283
-0.205824
0.245197
-0.00542989
0.434617
0.405316
0.572325
-0.592646
-1.10843
0.510077
-0.0307892
0.315952
0.0471871
-0.0913581
0.459746
0.0912624
0.35235
-0.0504587
-0.0686839
-0.318579
0.342256
-0.0810519
-0.0111381
-0.0660982
0.560464
-0.0444873
0.297158
0.193948
-0.22015
0.475802
0.385816
0.231392
0.446311
0.666791
-0.107528
0.400975
-0.0795734
0.00822507
0.244279
0.321498
-0.419573
0.484934
0.0515338
-0.439824
0.400779
-0.0368836
-0.0343294
0.30944
0.389854
0.436235
0.292448
0.251243
0.271319
-0.0641024
-0.0554568
0.328602
-0.179527
0.532089
0.0630832
0.11878
0.255856
0.541883
-0.0150997
0.700228
0.0552425
0.179045
0.243842
0.245585
-0.129331
0.576198
-0.121507
0.16454
-0.0584538
0.210439
0.461019
0.520581
-0.922664
-1.29148
0.574935
0.715799
0.160679
0.242629
-0.0146721
0.424027
0.132525
0.507061
0.164714
0.0967489
-0.0651622
0.691486
0.406728
0.43767
0.370147
-0.0321908
0.201851
-0.350751
0.279485
-0.257503
0.572001
1.02424
1.65434
-0.328033
-0.379743
0.343687
0.281682
0.565014
0.269763
0.324509
-0.0623755
-0.420088
-0.0399611
0.0167065
0.346476
0.263554
0.0745258
-0.721076
0.254161
-0.28215
-0.556416
-0.507173
-0.120391
-0.241196
0.258191
1.09668
-0.015333
-0.199827
-0.219031
0.234592
-0.10917
0.30849
-0.0196544
0.393948
0.51441
0.522307
0.403126
0.20262
-0.0211479
0.359899
0.0686293
0.38534
-0.0634397
0.0450848
0.419571
0.502471
0.555014
0.361432
1.19905
-0.531957
-0.225904
0.271368
0.24774
-0.422472
0.349115
-0.161488
0.0695641
0.383543
0.331502
0.579095
-0.185
0.638929
-0.151861
0.238246
-0.315479
0.605187
0.454287
0.492945
0.125459
0.0348672
0.34008
-0.126026
-0.0291184
0.317958
-0.235777
0.0125211
0.113883
0.0903065
0.318716
-0.555491
0.449495
-0.315933
0.109275
-0.24022
-0.324017
-0.432089
0.00904409
-0.264965
0.159661
0.0784856
-0.657783
0.00283736
0.215353
0.280709
0.934956
0.46588
0.335621
-0.123943
-0.227768
0.0957767
0.154646
-0.327366
-0.319341
0.248377
-0.325367
-0.506668
0.230775
0.261125
0.0311386
0.417984
0.342324
-0.203329
-0.467917
-0.223266
-0.123282
-0.164185
0.0782902
-0.967221
0.335089
-0.340496
-0.432788
-0.363134
-0.219178
-0.18099
-0.14405
-0.339231
-0.435212
-0.507935
-0.359248
-0.446446
0.129272
-0.151265
-0.791019
-0.0291502
-0.479653
-0.153008
-0.322042
0.193038
0.233281
0.576316
1.31917
0.571062
0.611964
-0.233992
-0.311508
-0.395351
0.333884
-0.318478
0.455895
0.213575
-0.028552
0.066092
-0.608816
0.25975
0.349276
-0.0211564
-0.535869
-0.100394
-0.0291427
0.14155
0.274753
-0.42156
-0.309164
-0.0525492
0.350516
-0.161809
0.360683
-0.523727
0.0276792
0.273526
-0.304775
-0.358116
-0.368142
0.269131
-0.601602
0.0894625
0.183389
-0.322416
0.145461
0.421186
-0.390117
-0.482829
-0.149917
-0.272175
-0.332428
-0.251687
-0.405145
0.200769
-0.343982
0.109925
-0.357585
0.148676
0.356622
0.00656923
-0.307622
0.172412
-0.00469933
0.300324
-0.220371
0.233146
-0.465395
-0.412617
-0.0229731
-0.448718
-0.434755
-0.252832
0.336592
-0.153093
0.514941
0.410194
0.440533
0.0365771
0.110024
0.294774
-0.213378
-0.271906
-0.508509
-0.291077
-0.0747
0.17342
0.276892
-0.229295
0.00685207
-0.230885
0.113962
0.0993738
0.00732626
-0.349031
-0.0266287
-0.262439
0.0275224
-0.0783381
0.00870103
0.282609
0.419896
0.399867
-0.0615887
-0.111453
-0.181516
-0.493041
0.286107
0.233858
-0.0746963
-0.0554373
-0.135669
0.19231
-0.0437948
-0.117886
0.104753
0.310556
0.225986
0.010886
-0.561618
-0.437514
0.349124
0.338524
0.240552
0.0554948
0.17186
0.0826791
0.502944
0.461731
0.260231
-0.0336503
-0.218233
-0.0988762
0.442525
0.240595
-0.103421
0.318633
-0.0593313
-0.173185
0.321751
0.00953049
0.64375
0.202243
0.544122
0.423873
0.250047
0.397199
-0.324278
0.146968
0.400913
-0.324457
0.1448
0.282563
-0.036799
-0.0557073
0.573715
-0.132785
-0.447213
0.461598
-0.24645
-0.0689035
0.530932
-0.226854
-0.12162
-0.370075
-0.248567
-0.0965029
0.11088
-0.099395
0.255663
-0.376021
-0.254291
-0.444389
-0.44925
-0.219522
0.211628
-0.51412
-0.0179119
0.408506
0.470267
-0.0197586
0.30224
-0.390621
0.0446779
0.454667
0.122252
-0.35205
-0.219958
-0.306218
-0.252033
0.308435
-0.260556
0.423774
-0.126485
-0.403324
-0.0179488
0.583221
-0.291905
-0.164536
-0.375719
-0.481782
-0.111206
-0.039989
-0.513116
0.463424
0.318513
-0.40658
0.344793
-0.0167031
0.23474
0.126385
-0.400774
-0.522218
-0.304135
-0.19505
-0.479935
-0.427824
-0.0766784
-0.276822
-0.222494
-0.217117
0.0167241
-0.23174
-0.196811
-0.13184
0.0945988
-0.451105
-0.419457
0.0899369
-0.363482
-0.037637
-0.208874
-0.190837
0.163519
-0.457145
0.263143
-0.374338
0.00586333
0.345503
0.329065
0.287484
-0.37803
0.376295
-0.477917
0.0839576
-0.322801
-0.0331101
-0.361531
-0.00638093
-0.346199
0.362159
-0.327664
0.181887
-0.193006
-0.193087
0.259156
0.228073
-0.363021
0.211389
-0.247758
0.311661
0.322909
-0.205292
0.0530324
0.468498
-0.579452
0.368245
0.509648
0.533674
0.456707
-0.138394
0.0902824
0.141698
0.415197
0.0533594
-0.369772
-0.215906
0.552671
-0.416494
0.114012
-0.145664
-0.357909
0.483813
0.43966
-0.395132
0.28532
0.518903
0.217957
0.224052
0.305611
-0.218158
0.537609
-0.0643716
-0.204671
0.0392376
0.576382
0.225075
0.440769
-0.134699
0.0256621
0.189998
-0.0243719
0.63795
0.433831
-0.124092
0.253652
0.343362
-0.431272
0.467899
0.473935
0.585221
0.244253
0.258265
-0.322587
-0.0119425
-0.335824
-0.116722
0.160473
0.365326
-0.0821469
0.450752
0.0923008
0.128189
-0.279821
0.651059
0.463579
0.134527
-0.463561
-0.27889
0.0892888
0.377128
-0.476206
-0.190455
-0.0215979
0.366673
-0.409668
0.497969
-0.535465
-0.199439
-0.39756
-0.461896
0.341307
-0.163303
-0.266913
0.181561
0.445598
-0.481479
0.124535
-0.250553
0.20845
0.257706
0.0588388
0.314005
0.413703
-0.0501426
0.0515665
-0.0707123
0.234927
0.335665
-0.139139
-0.11615
-0.0116079
0.118189
-0.163834
0.246497
0.347815
-0.0160191
-0.418749
0.0993092
-0.519045
-0.467457
-0.248932
-0.105417
-0.335357
-0.226055
0.174471
0.0684488
0.253446
0.0897573
-0.13662
-0.475544
0.449249
-0.584247
-0.297387
0.316127
-0.0370218
-0.195201
0.489515
0.479629
-0.0708578
0.392588
-0.393707
0.251889
0.115121
0.468733
0.520887
-0.144954
-0.219371
0.868276
0.152885
0.605217
-0.0904201
0.00536958
-0.567578
0.0645388
-0.0432422
-0.184364
-0.14467
0.563429
-0.080173
-0.420168
-0.427985
-0.186398
0.788653
0.703575
0.460526
0.130276
0.321362
0.341245
-0.422533
0.0133128
0.400356
0.426502
0.0819871
0.014644
0.0545388
0.661743
0.289889
0.315929
-0.0797777
0.642375
0.147892
0.239027
0.521525
-0.106006
-0.0258133
-0.163526
0.363539
-0.0977894
0.37304
0.81977
0.43334
0.131893
0.641509
-0.135631
0.341636
0.556537
0.0963273
0.298844
-0.0679206
-0.170316
-0.0462766
0.149763
0.358419
0.437548
0.09926
0.470328
0.638989
0.319558
-0.0620126
-0.471712
-0.230545
0.372683
-0.353628
-0.13031
-0.447027
0.361177
0.359335
-0.416074
-0.14937
0.367419
0.382721
0.129582
-0.403659
0.531853
-0.263906
0.153292
-0.0558828
0.538074
-0.212161
-0.160532
0.0471663
0.154342
0.381727
-0.0226818
0.0826146
-0.0063691
0.376312
0.249182
-0.0901486
0.119011
-0.18435
0.347877
0.639698
0.289544
-0.174399
-0.212855
0.0971766
-0.34589
0.0698025
0.305958
-0.444611
-0.067007
-0.194873
0.173822
-0.00417607
0.462408
0.498082
0.36683
0.091119
0.356839
0.394355
0.415221
-0.232785
0.148851
0.00631882
0.485432
0.307633
0.460005
0.144252
0.365165
0.0156263
-0.0591263
-0.409178
0.277448
-0.0567778
0.219938
-0.188785
-0.336707
-0.445551
-0.129983
0.228143
-0.0645015
0.443995
0.129956
0.22233
0.527147
-0.238111
0.00175607
-0.0273462
0.1806
0.178344
0.0272578
-0.528037
0.418899
-0.111403
-0.0447491
0.459992
0.124068
0.338018
-0.149276
0.254195
-0.33328
0.0420116
0.540535
0.158587
-0.0124656
0.470926
-0.0196163
0.525968
0.168895
0.327404
0.390994
-0.0886542
0.22102
0.267351
-0.137608
0.0735522
0.339326
0.418286
0.331599
0.518942
0.125673
0.497138
-0.429214
0.46401
0.319348
-0.155897
-0.423716
-0.658353
1.80086
-0.341762
-0.125281
0.544
0.559467
0.867823
-0.108913
-1.16341
-0.425929
-0.207863
-1.33848
-0.822951
-0.483924
0.0376991
-1.05315
-0.210772
0.668786
0.383956
0.782025
0.965031
-0.878894
0.237265
-0.552349
-0.47725
0.606128
0.019332
0.0292957
-0.0148356
-0.976783
0.140596
0.170496
-0.416395
-0.115808
0.836787
-0.194358
0.525019
1.09705
-1.28553
-1.01411
-1.03471
0.0433945
0.398857
-0.00948609
-0.651132
0.00893675
0.262055
0.612156
0.338297
0.30735
0.941766
0.501358
-0.271119
0.990674
-1.0822
-0.847787
-1.30091
-0.268115
-0.614037
0.36426
-1.03772
-0.433112
0.474718
0.608872
-0.653554
0.220104
0.0451602
0.0198679
-0.170586
-0.586458
0.355701
-0.262392
0.533175
0.0107746
0.405402
0.820928
0.0783528
-0.0811115
-0.507887
0.823275
-1.0713
0.136402
-0.743836
-0.350554
0.126795
-0.223472
-0.404031
0.1199
-0.291794
0.10399
0.318178
-0.188419
0.768694
-0.454594
-0.0130429
0.869839
0.365738
-0.630199
0.201122
-0.393398
-0.666429
1.14176
0.393868
0.381563
0.0910657
0.302104
-0.0853815
0.562131
-0.230531
-0.232906
-0.676159
-0.707154
-0.666798
-0.16153
-0.236996
0.520197
-1.01415
1.03287
0.538332
0.646046
0.195828
0.172316
-0.229041
0.529017
0.511975
-0.608401
-0.23064
-0.381124
0.0551946
-0.763608
-0.103782
-0.201299
-0.427445
0.0461781
-0.391332
-0.175787
-0.0943917
0.509768
0.277623
0.237133
-0.191585
-0.228489
0.288984
-0.157983
-0.353076
-0.0364574
-0.396489
0.551109
0.164005
-0.128666
-0.491702
0.309243
0.0147647
-0.328953
-0.242649
0.0198022
0.00614042
0.000534392
0.011554
-0.00357604
-0.0203399
0.507215
-0.0743033
0.348783
0.465526
0.164157
0.316137
-0.404884
-0.15392
-0.028135
0.477242
-0.0624585
-0.458192
0.0413652
-0.140774
0.433182
-0.13942
0.0616019
-0.174132
0.0601304
-0.212856
0.410917
-0.430467
0.046194
0.217737
-0.443921
0.108304
-0.433038
-0.145916
-0.403843
0.380199
-0.576445
-0.247761
0.285383
-0.114316
0.0407754
0.138694
-0.00966806
0.0470521
0.00603852
-0.0307744
-0.239758
-0.40747
-0.427843
0.322382
-0.474247
0.41075
-0.452977
0.366458
-0.374983
-0.157851
-0.238744
-0.0261866
0.534509
0.260895
0.189309
0.173884
0.360796
-0.481245
-0.428564
0.253381
-0.345996
0.250429
0.0583204
-0.441952
0.221377
-0.132876
0.089321
-0.483513
0.266811
-0.274394
-0.0377682
-0.448061
0.0437428
0.349089
-0.359387
0.163783
-0.150853
-0.124388
0.352656
0.470989
0.223088
0.513971
-0.232044
-0.49125
-0.00969859
0.246503
0.0476655
0.0610967
-0.0760902
0.182015
0.339499
-0.107296
0.0863594
-0.508635
-0.0721137
-0.520077
-0.144622
-0.448674
-0.58277
0.0488793
0.367174
-0.378839
0.270326
-0.317639
0.247435
-0.281761
-0.266435
-0.290615
0.11531
-0.421
0.175492
-0.341254
-0.498371
0.0914003
-0.0171379
0.404676
0.0991836
-0.444252
-0.000829086
0.266149
0.0405547
0.344119
0.0946748
-0.46149
-0.519128
0.425648
-0.375331
0.440519
-0.0974737
0.26361
-0.0285222
-0.0882901
-0.452441
-0.26831
-0.0937711
0.347585
0.0827393
0.149369
0.200667
-0.116212
-0.223421
-0.348235
0.420242
0.259851
0.339107
-0.590096
-0.135218
-0.104796
0.380695
-0.399607
0.0548397
-0.276283
-0.300012
-0.370937
0.367544
-0.39978
-0.0338071
-0.207593
0.253605
-0.294599
0.285587
-0.492794
0.342681
0.275721
-0.26382
-0.309302
0.0201977
0.139039
0.189366
0.37303
-0.364056
0.158547
0.00964949
0.053995
0.0637798
0.434998
-0.474648
0.0598116
0.122449
-0.43061
0.0198445
0.417001
0.198811
0.276062
0.182147
0.275248
0.605223
0.118808
-0.366208
0.116143
0.147008
-0.0855807
0.120417
0.0942173
0.420904
0.323243
0.130573
0.216652
0.494922
-0.504342
-0.140602
0.0264422
0.0452029
-0.400927
-0.154751
0.289045
0.196492
-0.285541
0.335507
-0.218993
0.0583029
-0.207482
0.356708
-0.261851
-0.144511
0.317516
-0.340869
-0.42634
-0.477641
0.0763289
-0.251573
-0.202923
0.10692
-0.0727627
0.236938
0.0387149
-0.289717
0.187611
0.472111
-0.0632817
0.433047
0.315251
-0.215444
-0.178965
0.27261
-0.0626096
0.267711
-0.094407
0.464387
0.41118
0.103028
0.266317
-0.44366
0.180107
0.357078
-0.26965
0.0927522
0.472582
0.0179146
-0.0393295
0.286726
0.118012
0.0663775
0.128486
0.239952
0.00666329
0.145985
0.266104
-0.0772319
-0.0081034
-0.332475
-0.310758
-0.281374
0.304195
-0.465582
0.362894
-0.353242
0.127858
0.205809
0.563603
-0.438755
0.229457
-0.343095
0.110598
0.0660309
-0.0080769
-0.460944
0.244001
-0.490996
0.431933
0.517232
-0.191118
0.176008
-0.556047
-0.452983
0.160311
-0.0829853
0.761006
0.342429
-0.0788875
-0.54054
-0.260754
0.0384764
0.417814
-0.175943
0.326675
-0.453241
-0.0571756
-0.529412
-0.268788
0.194415
-0.156278
-0.088729
0.161827
-0.0902689
-0.0679153
-0.44664
-0.0503036
0.522764
0.225549
0.126514
-0.374468
-0.355773
-0.102405
-0.52849
0.479148
-0.0837796
0.397225
0.0753543
0.552217
0.113019
-0.141692
0.0245525
-0.592892
0.215937
-0.240483
-0.561233
-0.399941
0.22232
-0.185188
-0.799103
-0.671724
-0.116534
-0.567837
0.447659
0.221973
0.180833
0.214855
0.184009
-0.00225767
-0.0421442
-0.41077
0.0352365
0.0600554
0.362079
0.667038
0.518799
-0.336318
0.00422156
0.0542165
0.0614337
-0.298556
-0.141238
0.38293
0.314002
0.243682
-0.0392175
-0.103328
-0.504915
0.615997
-0.364596
0.584186
0.0326248
-0.347701
0.124156
-0.148623
-0.392381
-0.406143
0.12927
-0.186827
0.0203626
-0.207899
0.601452
-0.0201601
-0.0717871
0.432246
-0.100269
-0.553004
0.288697
-0.0243471
-0.532138
0.129612
0.869813
-0.140293
0.171838
-0.164425
0.264697
-0.259862
0.198527
0.302156
-0.182192
-0.340351
-0.354287
-0.369073
0.378035
0.523244
0.2224
0.672559
0.508149
0.39263
0.361167
0.0791422
-0.404591
0.0720228
0.301383
0.0900726
0.106934
-0.167211
0.609272
-0.0559378
0.393698
0.118765
-0.106624
0.245629
0.149224
-0.246798
-0.251204
0.311371
0.264128
0.285428
-0.188406
-0.216121
-0.322611
0.102396
-0.181636
-0.260335
-0.255134
-0.107262
-0.171267
-0.32594
0.183299
-0.483803
0.0408658
0.183161
0.238604
0.253971
-0.115932
-0.315263
-0.112651
0.0443851
0.371196
-0.310115
0.118739
-0.487821
-0.0339627
0.356976
-0.110234
-0.123255
0.418692
-0.181074
-0.287619
0.140297
0.251291
0.33432
-0.037301
0.133789
-0.237449
-0.526787
0.214202
0.323256
0.620291
0.305242
-0.356061
-0.0112273
0.186057
0.168897
0.54285
0.0979876
-0.48522
-0.224204
-0.233615
-0.212184
0.172905
-0.123834
-0.196105
0.182189
0.11196
-0.163023
-0.121874
0.281964
-0.397083
-0.380887
-0.059597
0.063257
0.382023
0.150024
0.250566
-0.136902
-0.0458084
-0.352224
-0.308985
0.362088
-0.35867
-0.2466
0.065296
-0.399045
-0.550572
0.130386
-0.00481108
-0.244395
-0.294167
-0.640179
0.168865
-0.348082
-0.182878
0.0557549
-0.089133
-0.0262722
0.321203
-0.607496
-0.488896
0.256677
-0.453153
0.21963
-0.702336
-0.118685
0.172387
-0.412826
0.061346
-0.0264523
-0.646849
0.517457
-0.065145
-0.624246
0.0581187
-0.0812672
0.363476
-0.554617
-0.0112142
0.0223724
-0.351933
-0.456772
-0.47292
-0.149184
-0.381266
-0.389116
-0.364095
0.250319
-0.311251
0.17808
-0.100888
-0.0403783
0.0310397
0.0592089
-0.612639
-0.642238
0.305125
-0.503108
0.221691
-0.174424
-0.382726
-0.497915
-0.298706
0.220256
-0.339567
0.325203
0.0880918
0.107489
-0.193474
0.225266
-0.391202
0.0282615
-0.203375
-0.39999
-0.497715
0.0401066
0.10234
-0.110568
0.05625
-0.290917
-0.446842
0.130477
-0.392313
-0.103376
-0.610427
-0.0437374
-0.0284897
-0.477202
-0.0702471
-0.337422
0.267069
-0.292161
0.346784
0.491584
0.27549
0.235493
0.0258202
-0.0715635
0.367087
-0.293236
0.380196
0.127455
-0.25578
0.00505606
0.177189
-0.0642275
0.0665754
0.302143
0.0172942
1.00023
-0.289311
0.245052
-1.53808
-0.126125
-0.0265408
-0.222302
0.114019
-0.107928
-0.0362078
-0.0161389
-0.519746
0.122258
0.3547
0.288693
