#input normalization
0.160271 0.269192
40.2074 45.4318
10.5888 37.7469
8.48598 31.7135
0.0118163 0.0419744
0.00952878 0.0330518
0.306575 1.05843
0.682428 0.900752
0.874128 1.08374
1.05907 1.28708
1.2824 1.4637
1.53044 1.63265
1.77909 1.77713
2.00235 1.89662
2.23801 2.01932
2.44327 2.09675
2.64366 2.16226
2.83933 2.1987
3.01528 2.22364
3.15235 2.18907
3.28804 2.15886
3.3782 2.08945
3.45052 2.01346
3.50741 1.92198
3.56556 1.82263
3.57002 1.69847
3.54843 1.55147
3.51342 1.39742
3.45732 1.21611
#output normalization
1 0
#neurons weights
-0.42661
-0.0195749
0.366052
-0.386485
0.189437
0.213495
-0.36274
-0.166664
-0.428979
0.410179
0.462075
-0.497957
-0.275015
0.387762
-0.364263
0.250836
-0.369391
-0.13616
0.434051
0.348062
-0.0105641
-0.438178
0.48668
-0.378923
-0.353034
0.342657
-0.299735
0.493361
0.296138
-1.56609
-2.04689
-1.25346
-0.631358
1.66293
1.3547
-1.84304
0.592436
-2.28953
1.28336
1.56497
3.79492
3.35325
2.42367
0.414484
3.00157
-4.4192
0.045107
2.16189
-0.0590833
1.91585
0.467563
-0.866728
2.0676
2.02484
0.302073
-1.94622
1.16601
2.27831
-1.66946
0.512157
-0.668158
-0.741762
-1.20309
0.376893
0.0300106
-0.394512
0.437884
0.0216128
0.0947599
-0.268207
-0.978434
-0.545244
-0.383048
-0.569853
0.0792917
-0.14291
0.451131
-0.146197
-0.711264
0.21193
0.0119689
-2.03759
0.232236
-0.607705
-0.273987
-0.696196
-0.84389
0.335623
1.11802
#synapses weights
0.943169
1.25251
-0.54907
0.134922
-0.930454
-0.281604
-0.499647
0.336964
-0.0682052
0.0601603
-0.334857
0.1081
0.481893
-0.672815
0.050211
-0.776782
0.743169
-0.195485
-0.028385
0.323042
1.14382
-0.0527719
-0.731806
0.809809
0.525405
-0.520217
-0.120151
-0.0421073
0.56285
-0.0712187
1.04707
-1.34095
0.42731
0.341478
0.0581018
-0.359301
-0.332861
1.19526
-0.641964
0.741897
-0.0498483
-0.250188
0.559315
0.151469
0.19416
-1.04852
-0.609258
0.758954
-0.53695
-0.0560313
0.124335
0.223271
-0.0550145
-0.562963
-0.790975
0.53879
-0.161155
0.519613
0.317645
0.900567
0.313489
0.0975272
-0.319678
0.45452
0.0573687
-0.791808
-0.257304
0.133781
0.55687
0.503195
-0.0396917
-0.168855
0.393665
-0.621147
-0.541217
-0.216793
-0.474598
-0.356821
0.395254
0.831649
0.752964
0.526912
0.497671
0.395126
0.84586
0.373921
1.23
-0.247724
1.0838
-0.197391
0.190652
-0.250977
0.271369
1.3576
0.555112
0.880649
-0.756393
-0.0201247
0.0752198
-0.659944
-0.201722
-0.647531
-0.180256
-0.857097
0.0685413
0.169893
0.743297
0.420315
0.497768
0.478668
0.019114
0.37122
-0.201548
-0.382149
-0.223085
0.332215
0.0177756
0.597119
0.545318
0.0912663
-0.314171
-0.08
-0.321786
-0.000382605
0.402939
-0.501442
-0.358264
0.170521
0.671564
0.592632
1.10435
0.646292
1.05958
0.82319
0.786779
0.215347
0.167893
0.149513
0.168349
0.167001
0.350813
0.353316
-0.250934
0.300495
0.0567791
0.237305
0.459185
1.0483
-0.254793
0.821514
0.893855
-0.533515
0.462744
0.666426
0.248284
-0.106294
-0.427328
0.0748055
0.609786
-0.606632
-0.182504
0.317449
-0.0666432
0.0979773
0.298632
-0.588665
0.719244
-0.946562
-0.321684
-1.08134
-0.29011
0.275006
-0.643826
-1.00256
0.503378
0.630039
-0.694302
-0.090684
-0.394945
-0.244451
-0.0876441
0.418853
-0.182044
-0.146784
0.300465
-0.250983
0.366558
-0.603523
-0.6924
0.49035
0.0750922
0.287693
-0.104491
-0.820926
0.348862
-0.0338567
-0.101836
0.460967
0.304229
0.0648781
0.053091
0.948369
0.949783
0.0421469
-1.58861
0.53575
-0.141437
0.141749
-0.31357
0.234963
-0.525849
0.66063
-0.732946
0.367143
0.212856
-0.654763
0.203679
-0.114259
0.393259
-0.118
-0.28844
0.581396
0.433959
0.276986
0.312292
0.268216
0.214455
0.300051
0.039085
-0.971177
-0.0704872
-0.449667
-0.119756
0.448223
0.131136
-0.0784017
-1.4763
0.376851
0.179568
-1.96731
-0.451758
0.381633
0.683067
0.269785
0.359911
-0.667287
-0.101853
-0.531375
-0.217625
0.129059
0.05972
0.639506
0.139547
-0.0851981
0.770984
-0.377528
-0.234331
-0.527184
-0.127905
0.00382804
-0.0837679
-0.89828
-0.522596
0.0106135
-0.0450293
-0.165064
0.0915956
-1.12413
-0.194465
-0.00117337
0.480254
-0.559925
0.886962
-0.728493
-0.276714
0.185416
-0.905068
-0.0494545
0.0461145
0.115135
-0.269053
0.91802
-0.683002
0.083269
0.387063
0.587849
-0.807817
-1.17614
0.265606
-0.830646
-1.2308
-1.07273
0.381782
-0.224116
-0.502747
-0.785557
-0.0420776
0.0858189
0.108903
-0.692227
-0.109971
-0.73653
-0.0593774
0.407211
0.239672
-0.240641
-0.334267
-0.178569
0.299763
-0.412392
0.122099
-0.0743059
0.16427
-0.264931
-0.1407
-0.119179
0.156692
0.457417
-0.0846012
0.344014
-1.44923
1.87143
-1.27025
1.76036
-0.87575
0.168248
-0.235671
0.116305
0.601128
0.00142733
0.369768
0.53565
0.112827
-0.0867375
0.0238961
-0.0942781
-0.284159
0.365844
0.202562
-0.0871943
0.422688
-0.0444196
0.207332
0.0124008
0.607391
-0.289928
-0.35566
0.287561
-0.745168
-0.427486
1.97549
-1.73019
-0.878002
-0.540552
-0.115464
-0.388283
0.444762
-0.262041
-0.316038
0.391711
-0.380308
0.746094
-0.440242
0.0901226
-1.06303
0.187716
-0.0985229
0.207828
-0.383119
-0.297281
0.292657
-0.558714
1.11083
-1.0316
0.93321
-0.464192
0.0324334
-0.983184
-0.58722
0.953235
-0.968998
0.479333
-0.659719
-1.40965
0.217885
-0.370046
0.0453624
-0.139294
0.203777
0.114831
-0.261223
-0.600826
0.308467
-0.191217
0.628023
-0.219115
0.472418
-0.327393
0.425389
-0.74654
0.303222
-0.154863
-0.394484
-0.106512
-0.821208
-0.214712
0.00150456
-0.719013
-0.143581
-0.036864
-0.293257
0.281933
0.199066
-0.490081
-0.201662
-0.555623
0.466258
0.407638
-0.251179
-0.0574772
0.225641
-0.227283
0.0557306
0.446008
-0.371495
-0.450068
-0.147355
-0.194179
-0.495816
-0.2835
-1.10569
-0.298951
-0.702146
-0.449509
-0.535896
-1.31899
-0.223143
1.15702
-1.02839
0.332267
-0.308596
0.0805035
0.408772
0.10671
0.955442
-0.54255
0.423448
-0.135447
-0.214985
0.742078
0.421331
1.02341
-0.653527
-0.481702
0.479964
-0.308119
0.280793
-0.573045
0.0684096
-1.08766
-0.0515168
-0.130694
-0.103496
-0.126978
2.30975
1.35358
0.763783
-0.154534
-0.799762
0.103826
0.0349616
-0.0705519
0.20547
-0.0780776
-0.0450423
0.086104
-0.0418306
0.334657
0.0870467
-0.188063
0.703642
-0.16519
0.199081
-0.123954
0.529333
-0.773935
-0.206051
-0.0290418
0.163956
0.182429
-0.437893
-0.434243
0.132722
0.576622
0.531246
0.120183
-0.167729
-0.44835
0.105485
-0.0945696
-0.346417
-0.204386
-0.391599
0.0461858
-0.529824
-0.25777
-0.693889
0.683635
0.1543
0.250874
0.559124
0.370344
0.714669
0.812412
0.371468
0.66441
0.669699
0.506027
0.344149
-0.201134
0.100841
0.456789
0.984621
-0.466929
1.52377
-0.648165
0.460749
-0.0617999
-0.244766
-0.464335
0.0809095
-0.543889
-0.661323
-0.659698
0.0599524
0.625705
-0.278528
0.154101
-0.0812603
-0.259483
0.234562
0.00790756
1.62871
-1.29316
0.500881
-0.129803
-0.680721
-0.783757
0.0477034
0.655063
0.851365
0.407686
0.665965
0.0902345
0.00872604
-0.512492
0.0117312
-0.147789
0.0694842
-0.17807
-0.377284
0.225232
0.50383
0.141522
0.0484348
0.606386
0.735556
0.148187
0.441593
0.435638
0.0753753
-0.105348
0.113966
0.253792
0.466204
0.835569
0.504599
-0.246104
0.518894
0.296401
-0.896763
-1.07046
-0.0266535
0.0891465
0.109623
0.35216
0.130737
-0.41127
-0.334943
0.322808
0.169408
-1.09061
0.861412
-0.471942
-0.174822
0.00878065
-0.616891
-0.070908
1.62033
-0.383827
0.132937
-0.209381
0.412935
0.35844
0.661445
0.147646
-1.02893
0.168466
-0.710311
-0.360134
-0.550159
0.946695
0.340167
0.327593
-0.592978
-0.308836
0.53551
-0.557179
-0.788021
-0.029469
-0.315048
1.1672
-0.398906
0.21984
-0.215527
0.178516
-0.118404
-0.253584
0.335497
0.306494
0.605244
-0.834702
0.155222
-1.29145
-0.178634
0.277212
0.367311
-0.266957
0.355269
0.859404
0.0715204
0.208161
-0.710704
0.594419
0.318335
-0.0377759
-0.549114
-0.528742
1.31677
0.986641
-0.320666
0.418195
0.353115
0.580596
-0.885208
-0.292979
0.04972
0.389373
0.32994
0.309888
-0.160679
-0.035118
-0.478947
-0.258419
-0.524348
0.334431
1.17388
-1.30232
-0.484817
2.98443
-0.978881
1.66207
-0.85236
-0.436452
0.0827499
0.431523
-0.312429
0.21885
0.813424
-1.3121
0.309221
1.24496
-0.834789
0.362117
1.0906
-0.588791
-0.605903
-0.200863
-0.028895
0.441237
-0.32823
0.557237
0.63045
-0.495432
-0.279382
-0.437376
-0.166609
-1.08078
0.943576
0.0511287
-0.105805
-0.00621995
-0.600719
0.467478
-0.305746
-0.706077
1.50135
0.845411
-0.483735
-0.327221
0.180738
-0.0804876
0.275956
-0.388145
-0.492159
0.221908
0.561605
0.232993
-0.500176
1.59753
-0.493686
0.131411
0.0275129
-0.749827
0.207712
0.580656
1.05184
-0.30407
0.301879
0.613356
0.0939452
-0.185691
0.265845
-0.089059
0.912444
0.85765
0.170719
0.716449
0.0270621
0.441748
0.15209
0.560451
0.13804
-0.187171
-0.174024
-0.214778
0.311503
0.265056
0.0330464
0.109327
-0.214642
0.0806602
-0.0380164
0.370101
0.221459
0.845655
-0.60861
0.376997
-1.02426
0.459662
-0.191239
-0.185871
-0.876746
0.818733
-0.825625
1.24309
-0.585527
0.43446
-0.0448552
0.238142
0.0365623
0.276825
-0.168631
-0.733352
-0.566227
-1.04834
-0.334625
-0.233991
-0.154283
0.567934
-0.184466
0.463242
0.0198651
-0.586224
-0.242082
0.261708
-1.25392
-0.664129
-0.724635
0.504839
-0.318747
-0.0257507
0.0601973
0.743989
0.372503
-0.199179
-0.0204109
-0.341699
0.00437647
0.539517
-0.379944
-0.374612
-0.647449
0.381354
-0.0171796
0.44885
-0.464732
-0.604768
0.63413
0.592519
-0.123694
-0.593247
-0.191354
-0.931629
0.135626
-0.820053
0.0564789
-0.401729
-0.123936
-0.448612
-0.257047
-0.269458
-0.160687
-0.0868913
-0.172058
-0.262045
0.0716585
0.0307574
-0.22077
-0.707282
0.111691
-0.171174
0.319065
-0.319165
-0.433681
0.357442
-0.0244813
-0.270494
0.41452
-0.602832
-1.1782
-0.00484639
0.865989
-0.110575
-0.219515
-0.583133
-0.231783
-0.0938543
-0.332071
-0.945404
-0.501342
-0.833912
0.129703
-0.0784994
0.553799
-0.295278
0.249837
-0.0368594
-0.438998
0.226548
0.266301
-0.0189938
0.508668
-0.0983243
0.0695066
-0.619657
0.236291
0.389044
0.354211
-0.367962
0.425067
0.214349
0.331893
0.441578
0.365397
0.286941
0.00921028
-0.23043
-0.0740206
-0.120806
-0.0592997
-0.0757229
0.190435
-0.37676
-0.289484
0.0759088
0.570808
-0.03083
-0.443462
0.258032
-0.412507
-0.385065
0.144928
0.338565
-0.111922
0.377632
0.413645
-0.127606
-0.502392
0.434024
0.433805
-0.248797
0.250925
0.299003
0.128818
-0.144437
0.68148
-0.55676
-0.0603139
-0.654073
-0.711255
-1.36007
-0.841454
-1.21879
-0.812319
-0.38225
0.277197
0.558406
-0.751233
0.0508413
-0.273707
-0.849036
0.650701
-1.21183
-1.06824
0.703405
0.261914
-1.03326
-0.739933
-0.38343
0.245787
-0.00908162
-0.175626
-0.233496
-0.278553
0.0567059
-0.109225
-0.29768
0.212683
-0.637142
-0.177371
-0.836565
-0.471722
-0.951812
-0.043813
-0.808046
-0.147026
0.196469
0.192683
0.136677
0.130017
-0.0133841
0.109725
-0.0575242
-0.2321
-0.609727
0.608356
-0.0908426
-0.0333059
-0.250113
1.23248
0.0851868
0.221569
-0.356057
-0.550221
-1.29456
0.44097
-1.16439
0.441936
-0.962625
-1.55695
-1.51809
-2.05087
-1.35227
-1.143
-0.822642
1.29661
-0.0156594
-1.38898
-0.136468
-1.45549
-0.792408
0.299529
-1.83059
-1.59246
0.789092
0.0698728
-1.15016
-0.947994
0.140508
0.4689
0.860015
-0.0136608
0.395975
0.42236
0.280216
0.58074
-0.565765
0.623763
-0.103309
-0.266909
-0.810267
-0.660989
-0.0029708
0.0172903
-0.186279
1.40304
0.606945
-0.0212438
-0.110091
-0.15089
-0.754143
0.68032
-0.0823517
-0.42035
-0.127008
0.222961
-0.374424
-0.478315
0.279284
0.356622
0.558832
0.0605456
0.0751696
0.359587
-0.477871
0.609721
-0.883931
0.604171
-0.452888
-0.0900878
-0.817563
-0.132336
-0.85636
-0.567771
-0.6346
0.089708
-0.231092
-0.830532
-0.463263
-0.722852
-0.37261
-0.254364
-0.822039
-0.206579
0.340712
0.669114
-0.252378
-0.104309
-0.0454645
-0.415521
-0.501945
-0.29567
0.0226916
-0.674239
-0.521798
-0.370294
-0.320986
-0.0493201
0.100561
0.382326
0.402042
0.0170607
0.122881
-0.371911
0.184119
-0.00343162
-0.244339
0.0962273
-0.682089
-0.379976
-0.32144
-0.0453403
-0.286442
-0.22757
-0.478171
0.177018
-0.259124
-0.563297
-0.0229033
0.17331
-0.430649
0.368311
0.0730926
-0.0555345
0.0855478
-0.563696
-0.0953449
-0.428885
0.404725
0.00947853
-0.0315355
0.129125
0.60286
-0.0969527
0.141976
-0.0519206
-0.475947
-0.0272566
0.425174
-0.138752
0.231869
0.16619
0.00424414
-0.155335
-0.33748
-0.0601495
-0.292483
0.440591
0.216516
-0.345613
-0.319145
-0.00624498
0.177496
-0.310433
-0.0557186
-0.374907
-0.489725
0.00885281
-0.29046
-0.437842
0.245695
0.115699
-0.327972
-0.196311
0.125878
0.15892
-0.385361
-0.0587013
-0.51776
0.243988
0.199006
-0.0129081
-0.574086
-0.196916
-0.685571
0.0871856
0.143044
-0.464395
-0.0388355
-0.00109005
0.19154
0.300823
0.230205
0.0896707
-0.20317
0.659752
-0.311851
0.450203
-0.00699818
0.115644
-1.10045
-0.412965
-0.14695
-0.0795044
-0.387574
1.12572
-0.0681763
0.340971
0.127768
0.105183
0.569717
0.0715535
-0.352775
-0.598344
0.0233012
0.622012
-0.358127
-0.618304
0.476795
0.392795
0.524484
0.122592
0.542245
0.647405
0.108339
0.271659
-0.156027
0.499383
-0.293981
-0.2268
-0.38006
-0.0931733
-0.385714
0.044474
0.468305
1.13906
0.753772
-0.250699
0.447643
0.176107
0.0120111
-0.376628
0.0171576
-0.202561
0.639029
0.0771002
-0.234166
-0.325338
0.170875
-0.497777
-0.17953
-0.126043
-0.62837
-0.169427
-0.00733453
0.0216067
-0.72653
-0.483407
-0.0456607
-0.584064
-0.288947
-0.49528
-0.336671
-0.598165
-0.381806
0.360433
-0.461402
0.00585678
-0.287354
-0.640652
-0.179056
-0.472961
-0.152676
-0.34229
-0.926876
-0.232342
0.350679
-0.872051
-0.0471233
0.907743
0.829385
0.435861
0.437202
-0.408223
-0.711125
0.000283068
-1.15887
0.302227
-0.0116317
-0.85394
-0.861411
-0.481227
-0.188386
0.0964304
-0.157886
0.107752
0.629205
-0.516054
-0.141855
-0.0536592
0.00334495
0.229614
-0.677099
-0.0667027
-0.273875
0.0450591
-0.0618157
-0.417664
-0.0823637
0.59088
0.30889
0.716697
-0.132989
-0.219838
-0.236642
0.360901
-0.214556
-0.100679
-0.34957
0.111808
-0.797074
-0.265445
-0.888749
-0.000135944
-0.590698
0.796541
0.440365
-0.403011
-0.189486
0.102693
-0.521787
-0.486794
-0.364838
-0.605589
-0.198947
0.483215
0.533389
-0.456193
0.552998
0.36883
-0.176929
0.327434
-0.453947
-0.421192
-0.617252
0.138561
-1.19682
0.211682
-1.0706
-1.1533
-1.31718
-1.35082
-0.998326
-0.427149
-1.2004
0.726855
-0.477172
-1.14607
0.458047
-0.911484
-1.16458
0.324902
-1.50503
-0.874415
0.390068
0.214392
-0.372144
-1.0745
0.203529
-0.275051
0.0106904
0.578217
-0.832965
-0.175108
-0.417301
0.240723
-0.250484
0.412523
-0.6504
-0.217331
-0.486388
-0.203046
-0.226094
-0.124848
-0.462741
1.14232
0.0888253
-0.279777
-0.0677213
-0.136605
-0.0307554
0.0659274
0.193884
-0.0485615
-0.0500761
1.00492
-0.102733
-0.0410598
0.669605
0.0221277
-0.489644
-0.0134077
0.332649
0.480779
0.456864
-0.0125656
0.286182
-0.11695
-0.315988
0.202663
0.0251038
0.24452
0.453389
0.113142
0.144227
-0.0458307
0.236663
0.150334
-0.424909
0.663831
0.488491
0.438933
0.368986
-0.149765
-0.156176
-0.247276
0.55655
0.584017
0.356582
0.604969
0.678481
0.158779
0.192458
0.0600791
-0.0146669
0.306186
0.00522833
0.228218
-0.618092
-0.897559
-1.46458
-0.884584
-0.776391
-0.232444
-0.690954
0.00807177
0.569353
-0.223383
0.20825
-0.784864
-0.238857
-0.284358
-0.346611
0.3565
-0.287269
-0.0487619
-0.448987
-0.436112
-0.0490992
0.691513
0.826367
0.385779
0.411619
-0.625562
-0.146174
0.494658
0.0338543
0.435818
-0.421414
-0.594524
-1.06355
-0.311234
0.0062113
-0.219496
0.176552
1.38565
-0.0909005
-0.793135
0.0717347
-0.385197
-0.609887
0.237045
-0.259344
0.326094
-0.771938
0.852059
-0.724407
-0.0433129
0.830637
-0.535389
0.159026
-0.272772
-0.306303
-0.879556
-0.345429
0.147678
0.0361093
-0.580052
-0.438182
-0.149842
-0.144164
-0.0629388
-0.324701
-0.158246
-0.484372
-0.502379
-0.441561
-0.536661
-0.149574
-0.0602224
-0.566999
-0.0535282
-0.639033
-0.394423
-0.534743
-0.18305
-0.223542
-0.316106
-0.282454
0.568476
0.567058
0.411835
0.263534
0.282286
0.195054
0.102384
-0.758643
-0.0293577
-0.50972
-0.547171
-0.275363
-0.35341
0.000891915
-0.229425
-0.0235699
1.00632
0.865037
0.417262
0.606468
-0.53364
-0.175562
0.713798
0.0721816
-0.283061
0.520153
0.42183
-0.525063
-0.169447
0.266848
-0.0189677
0.928884
0.677584
0.807985
1.25022
1.44479
0.253129
-1.10198
0.788495
-0.6068
-0.755795
0.115183
0.777238
0.328227
-0.786651
0.370904
0.55168
0.171093
0.377722
0.565259
0.0426797
0.378842
1.20129
0.248939
-0.387983
1.26697
0.0442794
0.184163
-0.0583176
-0.0975279
0.799163
-0.211302
-0.344789
0.325205
-0.0373202
-1.58016
-0.124019
-1.5078
0.101995
-1.32057
-1.80001
-1.97527
-2.44242
-1.97413
-0.537795
-1.83027
0.89509
-0.369666
-1.08987
-0.0657211
-1.49996
-1.05983
1.05684
-2.2671
-2.21949
0.294238
0.0603555
-1.02573
-1.23866
-0.0330474
-0.0863707
-0.0832881
-0.190239
0.0882487
0.0688031
0.483059
0.00965393
0.206512
-0.197463
0.500017
0.000253401
0.163249
0.225081
0.122341
0.551595
-0.182677
-0.0960537
0.00478664
-0.168176
0.284919
0.0539273
0.217584
0.0578188
0.30961
0.364078
-0.0453467
-0.465365
0.05361
0.112587
-0.020972
1.15325
0.325096
0.214732
-0.135375
0.26988
-0.985464
-0.302754
-0.343776
0.810071
-0.466183
-1.05571
-1.47174
-0.708865
-0.71355
0.0182129
-0.862516
0.974608
-0.205799
-0.865418
0.616349
-1.09791
-0.274483
0.725147
-0.668613
-0.451825
0.551976
0.289845
-0.955098
-0.200406
-0.953767
-0.0378491
-0.748916
-0.68804
-0.312666
-0.113137
-0.158934
0.209149
-0.367758
0.25198
0.564177
0.39644
0.170143
0.84151
0.465053
0.0977123
0.760789
-0.0584804
-0.626864
-0.0295673
-0.32231
0.695914
0.517572
-0.0926574
-0.18101
0.577483
0.475422
0.115761
0.317075
0.723344
-0.66825
0.757592
0.56076
0.600005
-0.131588
0.856785
-0.626972
0.502386
-0.116877
1.01444
-0.819462
-0.0997212
-1.68159
-1.25983
-0.932794
-0.419386
-0.825456
1.03111
-0.0855341
-1.63866
0.123596
-1.41605
-0.549905
0.78769
-0.993687
-1.43963
0.429234
1.09448
-1.02165
-0.427591
-1.321
0.831859
0.801346
0.250471
0.927376
0.488533
-0.724989
-0.107449
-1.28809
0.799528
-0.412201
-0.879244
-1.20333
-1.82883
-1.32954
-0.0473919
-1.05406
1.38686
0.177376
-1.59841
0.00602691
-1.28915
-1.33773
0.86508
-1.74735
-1.18475
0.728978
0.498385
-1.29682
-1.22194
0.130246
-0.237944
-0.20401
0.226775
0.686308
-0.456072
0.334258
-0.211661
0.125691
0.211585
0.486058
0.349758
0.218973
0.365422
0.678537
-0.022737
0.63689
0.294816
-0.247304
0.533195
-0.279054
0.200105
0.0670724
-0.326908
0.438455
0.593897
-0.316631
0.414515
0.198666
0.719791
0.105868
0.584831
2.65734
0.0736403
3.28468
1.4569
1.27131
-0.885245
-0.0223222
-0.215864
1.35373
1.09182
-1.60701
0.954785
0.899111
2.08456
1.39813
-0.290695
3.34955
2.26599
-1.40328
1.8907
3.22654
4.87871
-0.303045
3.77783
-1.80434
4.50758
3.72099
-0.287429
