#input normalization
0.160293 0.269219
17.4956 25.6108
11.4556 33.7425
9.17703 30.0208
0.0120542 0.0371813
0.00999802 0.0312266
0.306575 1.05843
0.682428 0.900752
0.874128 1.08374
1.05907 1.28708
1.2824 1.4637
1.53044 1.63265
1.77909 1.77713
2.00235 1.89662
2.23801 2.01932
2.44327 2.09675
2.64366 2.16226
2.83933 2.1987
3.02016 2.21822
3.183 2.15271
#output normalization
1 0
#neurons weights
-0.468124
0.113678
0.00450048
-0.13353
0.0589118
-0.33303
-0.123555
0.385569
0.168246
0.30495
-0.0352449
0.31361
-0.402386
0.290597
-0.453037
0.0982279
-0.215484
-0.045373
-0.198359
0.186205
2.11041
1.31755
2.98209
2.23346
0.518963
-0.245701
3.21927
0.769316
-1.87442
-2.19321
4.16656
-1.50606
0.977961
1.71524
-1.12635
-4.82612
-0.950782
1.94109
-0.413044
-2.22432
0.00565156
0.560116
0.176903
-0.597211
0.406943
-0.627785
-0.282752
-0.753422
-0.367966
-0.412576
-0.619725
0.387896
-1.4975
-0.189274
0.310451
-0.862256
-0.521171
0.254382
-0.231
-0.254104
0.159384
2.02676
#synapses weights
0.465712
-0.606508
1.61523
-1.00633
2.43144
0.0756637
-0.0515675
-0.646497
0.148746
0.404165
-0.506985
1.40225
-0.330438
-0.36
-0.233036
2.0814
-0.736692
-0.976111
-0.0554082
0.598141
-0.0857147
-0.77951
0.551038
0.977025
-0.164535
0.790634
0.0721818
0.243393
0.250349
0.059835
0.114824
-0.536441
-0.486391
-0.085677
0.404492
-0.162435
0.225932
-0.45354
-0.581375
-1.08542
0.13493
1.22022
0.728546
0.0835817
-0.212468
0.163867
-0.386254
0.262607
0.301932
-0.159559
0.462634
0.0458685
0.24629
0.401719
0.895772
0.622329
0.354011
0.797083
1.1706
1.16824
-0.206978
-0.602976
1.35028
-1.16383
-0.0622801
-1.46774
-0.293995
0.0405219
-0.431538
-0.190924
-0.608348
-0.0348398
0.461656
0.023609
-0.0959519
0.323133
0.0992315
0.334209
0.147854
-0.483505
0.152069
-0.799827
0.08772
0.00131486
-0.273329
-1.09392
-0.443136
0.38124
0.158653
-0.317654
-0.202738
-1.3191
-0.942361
-0.513727
-0.995607
-1.39661
-1.19117
-0.88943
-1.10047
-1.32633
0.870626
-0.34044
0.148791
0.620582
-0.208862
0.150364
-0.27659
0.0307144
-0.292515
0.100203
-0.939449
0.112885
-0.459467
-0.709341
0.0187249
-0.324234
0.522519
-0.210811
-0.587185
-0.624188
0.703023
-0.61744
2.11229
-1.05639
0.505483
0.00169671
0.158473
0.938602
0.00930165
0.205635
0.781043
0.180543
-0.65775
1.00957
-0.131835
-0.239148
1.09892
-1.03536
-1.21719
0.136177
-0.694403
-0.579315
0.105467
-0.674327
-0.263665
-0.863845
0.87074
0.0126014
-0.336746
0.178445
0.193112
0.129949
-0.114758
1.14991
-0.169343
-0.520954
-0.500938
-0.921505
-1.35193
-0.334186
0.290732
1.59221
-0.428682
0.0501488
-1.08391
0.476156
-0.121164
-0.518181
0.489323
-0.513446
0.375816
-0.16047
-0.185184
0.887173
-0.536753
0.0752056
-0.137679
-0.619196
-0.895064
0.205969
0.628592
1.17646
-0.30521
0.0458358
-1.84366
-0.424465
-0.131029
0.795271
0.402652
0.294746
0.135849
0.0474893
0.190641
0.313452
0.566063
0.300682
0.157054
-0.0175987
0.485607
1.01285
-0.464729
-0.960938
2.33055
-0.379454
0.234821
0.00933681
-0.0645786
-0.23753
-0.126826
0.144125
-0.229825
-0.541366
0.334898
1.18783
0.0633838
-0.00170593
-0.249337
-0.167464
-0.191003
-0.47485
0.010162
0.379784
-1.66862
-0.108334
0.19368
-0.00508339
0.15272
-0.121885
0.0946514
-0.36155
0.102356
0.148277
0.252753
0.5365
0.570166
-0.0134663
0.516272
-0.0972758
0.310838
2.60405
-0.557062
-0.910882
0.523339
-0.167085
0.47028
-0.53307
-0.961733
-0.789643
0.537341
-0.977014
1.06249
-0.406462
-0.347745
1.16882
0.244108
0.618467
-1.02293
-0.450692
-0.580207
-1.07212
-0.916396
-1.42579
0.630629
-0.753762
-0.356257
0.256631
0.0540685
0.333188
-0.111691
0.296476
0.333178
-0.154646
0.149369
-0.115657
-0.0229828
0.452434
0.381986
0.489879
-0.292311
-0.166302
0.343231
0.83129
0.243421
-0.496273
-0.253211
0.324897
0.697608
0.161036
0.319303
0.696737
-0.146613
0.623241
0.553039
-0.733903
-0.996769
-0.768474
-0.333008
0.306474
0.628653
0.43503
-0.171822
1.79952
-1.45243
0.381772
-1.80633
0.745227
0.106799
0.210511
-0.989192
0.480704
-0.678642
0.238814
-0.110205
-0.159997
-0.578126
0.604095
-0.0394222
-0.921005
0.0357698
-0.297128
0.482336
1.30409
-0.733405
0.697966
0.363585
-0.270791
-0.253579
-0.216825
0.118765
-0.225574
0.0949858
0.0429301
-0.559921
-0.0785717
0.550864
0.57688
-0.660426
0.0811589
1.03653
2.80765
-1.05334
-0.553729
1.11149
-0.81219
-0.409845
0.143915
-0.0108816
-0.721482
0.293753
-0.441071
0.928138
0.7109
-0.791761
-0.0930442
0.84087
-0.748919
0.0230148
-0.482534
-0.278475
1.04526
0.655628
0.523839
-0.590902
-0.316488
-0.0879498
0.33174
-0.00328577
-0.81992
-0.723465
-0.0205173
-0.793591
0.69242
0.870119
0.951133
0.410624
0.474092
0.21807
0.804627
1.05415
-0.626247
0.490996
0.896057
0.446454
-0.00625598
-1.5655
0.758834
0.212425
-0.321286
-1.52323
0.18424
0.981726
0.112922
-0.0507987
-0.412846
0.419667
0.23631
0.138072
0.571438
-0.649763
0.801386
-0.139083
0.798058
-0.335878
-0.688025
-0.131146
0.119955
-0.201461
0.418013
-0.182798
-0.248652
0.624339
0.747596
0.716636
0.177795
0.758153
1.33841
1.40722
1.09258
1.44568
1.08323
-0.723537
-0.072935
0.81315
-0.240574
-0.229647
0.37234
-0.368993
-0.712692
1.04235
0.758676
-1.09943
0.553516
0.194822
-0.838314
0.756501
1.55472
1.44908
-0.379757
0.750659
0.678913
0.798713
-0.520104
-0.0971726
-0.17372
-0.840434
-0.407841
0.0268172
-0.496183
-0.625866
0.300961
-0.161015
0.0751103
0.0618594
-0.328097
-0.351617
-0.224062
0.353396
0.34588
-0.562262
0.5878
0.364242
-0.009599
-1.32545
-1.01758
-0.334387
-1.05903
-0.322976
-0.831287
-1.50612
-1.13776
0.66904
0.338324
-1.99255
0.63327
-0.773716
-1.67044
0.377407
1.4257
0.930876
-1.46926
0.190684
0.144504
0.149663
0.0742709
-0.0398555
-0.638946
0.473847
0.578677
-0.822259
0.705743
0.325395
-0.379686
0.383465
-0.0718132
-0.0995279
0.533756
0.902453
0.730395
-0.324763
0.211875
0.441731
-0.336744
-0.652861
-0.144656
-0.0447665
0.0980174
-0.745754
-0.548915
0.0735589
-0.293929
-0.389075
-0.563155
-0.399566
-0.0379458
-0.491853
0.0629455
-0.134284
-0.620666
0.272329
0.0674086
-0.351934
-0.284621
-0.309946
-0.623526
-0.471278
0.0360798
-0.820945
0.754504
-0.616474
0.765863
0.100981
-0.498964
-0.200894
0.438922
0.398958
-1.11934
0.999735
-0.299942
-1.73857
0.0258012
0.980366
0.370698
-0.146261
-0.739901
0.636353
0.582866
-1.34106
-0.584629
0.360143
-1.30566
-0.465688
-1.07257
-1.2317
-0.215803
1.30534
0.816041
-1.51652
-0.184361
-1.09375
-1.88774
0.439508
0.652551
0.582144
-1.20581
0.386681
0.480402
-0.447546
0.369454
-1.51355
-0.412367
0.501903
-0.465116
-0.581805
0.507896
-0.216014
-0.890299
0.109512
0.23684
-0.544101
0.437147
0.376556
-0.545426
-1.22889
-0.116078
0.696579
-0.282381
-0.675997
0.611296
-0.245567
-0.24587
0.346438
-1.33693
-0.271401
0.27112
-0.527535
-0.294255
0.731533
0.593376
-0.280269
0.296219
-0.952181
-1.21627
-0.531913
0.558269
0.0373346
-1.03671
-0.316074
-0.0163481
0.659607
-1.12651
0.0169387
-0.0962116
-1.62729
-0.659497
-0.711267
-0.992999
-1.18782
0.582857
0.39848
-0.351951
0.84865
-0.850651
-0.750607
-0.668159
0.841064
0.652025
-1.02664
-0.0911331
0.570741
0.506215
-0.319984
-0.452838
0.494329
-0.606274
-0.702294
0.160694
-0.442081
0.0286605
0.505547
-0.321946
-0.810047
0.585572
-0.264895
-1.20569
-0.0274433
0.449009
-0.173166
-0.89386
-0.178067
0.347755
0.681675
-2.68238
-1.13104
-0.358109
-2.28172
-0.680483
-1.18388
-2.79959
-1.80473
0.773388
0.920259
-2.59228
0.0336674
-1.58797
-2.09134
-0.0528631
1.22106
0.578559
-1.83429
0.0663477
0.0950835
-0.527114
-0.541039
-0.112547
-0.223084
-0.418829
-0.379944
-0.392508
0.167947
-0.16289
-0.0996407
-0.277333
0.0724543
-0.838152
-0.496259
-0.659906
-0.612404
-0.286689
0.0636912
-0.334897
-1.06703
-0.320559
-0.530316
-0.625504
-0.0263881
-0.029171
-0.341941
0.19177
-0.346379
-0.502522
0.123347
1.00363
0.142197
-0.224086
0.10809
-0.41399
-0.915782
-0.0781448
0.44418
1.0288
-0.265983
0.203946
-0.409568
0.644818
-2.46658
-0.994484
0.450865
-1.16742
-0.530588
-1.15374
-0.61308
-1.15932
1.1417
0.371093
-2.08788
0.940219
-1.50702
-0.639705
-0.878906
1.52107
0.402122
-1.21994
-0.29476
0.196353
0.569819
-0.778497
-0.440192
0.256161
-1.54995
-0.349161
-0.941061
0.00819173
-0.315988
0.662183
0.00519613
-0.336059
0.763088
-0.659986
-0.994447
-0.958049
0.946129
0.296037
-0.48897
0.702406
0.1257
0.379271
0.492921
-0.00169182
0.818277
-0.0864587
0.0701083
-0.624671
-0.371963
0.0208841
0.977141
0.715947
-0.239411
0.731215
-0.409039
-0.217949
0.939183
0.721716
1.26014
0.094822
1.03147
0.65019
1.08024
0.184682
0.670782
-0.264017
0.654874
0.413413
0.220506
-0.0101164
0.0844364
0.0842354
0.315352
0.527082
-0.267104
-0.210639
0.213956
0.308563
-0.139445
-0.163961
0.607566
-0.321099
0.157445
0.234169
-0.109555
-0.299836
0.375254
-1.07527
0.33754
-0.227947
0.315691
-0.890368
0.131642
0.863206
-0.70462
-0.0754306
-0.945009
-1.22686
-0.558624
0.753541
0.0882545
-1.16
-0.274265
0.241172
0.732238
0.539201
0.918837
0.729336
-0.661026
0.0943589
-0.258309
-0.129986
0.242443
1.04255
0.264159
-0.474387
-0.102729
0.235107
0.120299
0.42155
0.955462
0.381424
0.30773
0.130305
1.06122
-0.0792708
1.49254
0.851432
2.20403
-1.92053
-0.75374
2.68031
3.00641
-2.63583
1.88827
3.02589
2.52284
4.35012
-1.39045
0.865797
4.85278
2.89171
1.62079
-0.680404
2.72048
3.02728
