#input normalization
0.160269 0.269188
46.9565 49.9794
10.5163 38.3282
8.46522 31.9233
0.0119153 0.0425187
0.00951844 0.0331526
0.306575 1.05843
0.682428 0.900752
0.874128 1.08374
1.05907 1.28708
1.2824 1.4637
1.53044 1.63265
1.77909 1.77713
2.00235 1.89662
2.23801 2.01932
2.44327 2.09675
2.64366 2.16226
2.83933 2.1987
3.01528 2.22364
3.15235 2.18907
3.28804 2.15886
3.3782 2.08945
3.45052 2.01346
3.50741 1.92198
3.56556 1.82263
3.57002 1.69847
3.54843 1.55147
3.51165 1.4007
3.44659 1.23755
3.34531 1.07125
3.24627 0.903206
3.14017 0.722512
#output normalization
1 0
#neurons weights
0.46645
0.380275
-0.0733836
0.498464
0.232468
0.357957
-0.327759
0.0265833
-0.406253
-0.419346
0.330072
-0.30875
-0.0633537
0.0934561
0.146748
-0.455993
0.198201
-0.451235
-0.198364
-0.135923
-0.022333
-0.258197
-0.367008
-0.49084
0.321825
-0.350604
-0.167354
0.163553
-0.135999
-0.369211
0.182608
-0.205584
0.443109
-0.0895843
-1.24247
0.0701425
-0.0750542
-2.07344
2.23389
0.874111
-3.19928
1.17648
0.547084
-0.59641
1.80085
2.42211
-1.07647
-0.594888
-2.72013
1.45127
0.781632
2.5865
1.27762
2.00419
0.46888
-0.0840275
-2.24148
2.81425
2.73479
0.428936
-2.11713
-1.69918
1.71941
0.529728
-5.20405
-0.144337
0.333696
-0.269881
-1.53236
-0.787953
0.58806
0.00868007
0.464123
-0.177488
-0.181847
0.0370858
-0.0938753
-1.04265
0.359553
0.791499
-0.0945147
-0.145781
-0.39333
0.00410901
0.740922
0.862988
-0.411781
0.43846
0.435906
-0.0637092
-0.625618
0.530639
-0.0630475
-1.71561
-0.00970992
0.019164
-0.530142
0.589717
#synapses weights
-0.360212
-0.658879
0.369694
0.0986456
0.656548
0.493386
0.090703
-0.465038
-0.168243
0.271349
0.479867
0.174401
0.317279
0.156562
0.115078
-0.409257
-0.58443
-0.672541
-0.0886574
-0.521179
-0.0295421
-0.77701
-0.86796
-0.225632
-0.973124
-0.217663
-0.264165
0.0297496
0.131488
-0.515997
-0.637771
-0.689682
0.0665809
0.907786
0.388768
0.257767
-0.598502
-0.00371394
-0.670801
0.107898
1.41063
1.11458
-0.163615
0.375915
0.0460719
0.397307
0.483749
0.08943
-0.189252
0.201795
0.0563493
0.353053
-0.190311
-0.102539
-0.468781
0.372619
0.368164
-0.477438
-0.343334
0.433023
0.0226002
-0.47546
0.145392
0.51469
0.209147
1.13275
0.294353
0.245117
-0.381889
0.262347
-0.225758
-0.715586
-0.130347
-0.603218
1.29215
1.33755
0.349534
0.429625
0.631676
-0.00234787
-0.813964
-0.236555
-0.145152
0.0209281
0.0778976
0.10442
0.0414675
-0.316842
0.376955
-0.377802
-0.235204
-0.194943
0.275049
-0.079152
-0.361372
0.637746
0.00916787
0.19966
0.480642
0.129295
-0.362652
-0.134308
-0.0723427
-0.0445804
-0.0257775
-0.350477
-0.0823299
-0.105631
0.599462
-0.605498
0.783236
0.896755
0.572146
0.59648
-0.127574
0.196478
0.0849459
0.105784
0.0216607
0.332252
0.22326
0.49992
0.257917
0.0584785
-0.0191283
0.469822
0.564411
-0.0202848
0.256279
-0.405878
0.136748
0.232029
0.456892
0.0720271
-0.107992
-0.375161
-0.371785
0.518816
-0.440493
-0.17367
-0.548646
0.132387
-0.226371
-0.705995
-0.50793
-0.0226907
-0.292986
-0.837415
-0.416337
-0.644393
-0.323135
-0.43327
-1.08499
-0.844652
-0.360354
-1.11718
-1.10006
-0.734595
-0.354169
-0.766
0.44022
1.07049
-0.324493
0.634216
0.165044
0.926917
0.16386
-0.119386
0.525823
-0.0888621
0.34255
-0.0145203
-0.34908
0.396294
-0.143705
0.320253
-0.198813
-0.376387
0.0915735
-0.0400522
-0.441353
-0.0604606
0.685043
-0.554945
-0.410535
0.300263
0.0961519
-0.0226604
-0.546519
-0.597111
0.801937
0.447778
-0.391647
-1.3117
1.0393
-0.253585
0.425545
-0.261519
-0.184833
0.251769
0.0444066
0.730367
-0.334315
-0.473413
0.249641
-0.0831
-0.152959
0.962078
-0.398043
-0.2009
0.609891
0.0762407
0.206273
0.576016
0.474915
0.0109704
-1.10882
0.275125
-0.344461
0.465478
-0.326614
0.0493904
0.425112
-0.368241
-0.0437545
0.137442
0.150774
-0.568801
0.411122
0.459411
-0.740435
-0.484225
-0.121007
-0.54855
-0.0272287
-0.246939
-0.755986
0.0734438
0.0798896
-0.688917
0.308288
-0.362708
0.00402762
-0.0930776
0.279205
0.15732
-0.534695
-0.125179
-0.162187
-0.29256
-0.453882
-0.2955
-0.738478
-0.148593
-0.198428
-0.607622
-0.400608
0.657869
-0.0745791
0.117672
-0.81915
0.475621
-0.306342
-0.814496
-0.709949
0.121436
-0.349383
-0.272536
-0.596746
0.675522
-0.67331
-0.070007
0.126133
0.181908
0.0525931
-0.757277
0.138689
0.00737496
0.506081
-1.33852
-0.783783
0.0749455
-0.00500388
-0.806723
0.720019
0.38185
0.0561132
1.04326
0.0165418
-0.225173
0.206301
0.535105
0.135036
0.595039
-0.384461
0.798859
-0.294924
0.268364
-0.154506
0.393712
0.24732
0.213223
-0.289301
-0.275129
-0.242396
0.394437
-0.312257
0.693169
-0.416144
0.0756301
-0.437547
-0.428741
-0.0944292
-0.136215
0.781334
-0.461989
0.461107
-1.01542
-0.273359
-0.913553
0.624344
0.386756
0.0293037
0.453976
-0.0233951
0.24501
-0.31916
-0.0685707
-0.0230542
-0.488423
0.0366361
0.347773
0.538521
0.816787
0.426869
0.621073
0.473101
0.775744
0.486927
0.66924
0.135927
0.0878237
0.0327438
0.0234482
-0.252112
0.173771
0.536249
0.34276
0.157191
-0.319091
-0.398533
0.088767
0.360533
0.0926349
-0.177677
0.19104
-0.150604
0.216177
0.476626
-0.00501711
-0.0868805
0.627463
0.308899
-0.160567
1.33863
0.51584
-0.799919
0.346343
-0.305057
-0.00911422
0.419588
0.720421
0.797808
-0.844085
-0.222213
-0.587679
-0.585592
0.275006
-0.587017
0.226748
-0.0364358
0.172174
0.0776317
0.580387
-0.786871
-0.437767
1.13583
-1.01718
0.115636
-0.701423
-0.0426087
-0.454733
0.0806909
-0.095383
-0.284857
0.558173
-0.648637
-0.0511253
0.256685
-0.712416
-0.598399
0.324427
0.676567
-0.970747
0.495612
-0.398991
-0.0850756
-0.446211
0.73938
0.0511656
0.368945
-0.310159
0.144702
-0.354177
0.71982
-0.498755
0.0764681
-1.03428
2.08351
-0.490202
-0.426433
-0.0911543
0.505064
0.0912041
-0.60062
0.233489
-0.192758
-0.164742
0.0912635
-0.178782
-0.612815
0.319024
0.599237
0.148365
-1.04888
0.798671
-0.367438
0.672467
0.0775551
-0.780017
0.185303
0.275722
0.178193
-0.299175
-0.422591
0.138875
-0.0378164
0.627802
0.39953
0.32295
-0.0712374
-0.0113713
-0.160388
0.445765
-0.098718
0.503331
-0.176622
0.0765068
-0.108969
-0.232718
0.00995683
-0.207092
0.0944782
-0.687455
-0.106279
0.581007
0.152614
0.386283
0.150458
0.159954
0.34572
0.830591
0.534152
-0.0476014
-0.423912
0.238358
0.125901
-0.0103907
0.736959
0.746539
0.427151
0.809861
0.0893261
0.196027
-0.310448
0.179485
-0.0303363
-0.550157
-0.179652
-0.338831
0.431443
-0.00586107
-0.339725
0.0243074
0.3898
-0.447862
-0.254136
-0.10721
0.224342
0.636558
-0.150737
0.479503
0.69126
0.406966
0.720158
0.751589
0.348634
-0.163736
-0.141921
-0.167524
0.625416
0.125446
-0.134733
1.62306
-0.254152
0.38321
-1.46487
0.586718
-0.0931886
0.347462
0.399542
-0.491049
0.352011
-0.140775
0.274399
-0.471206
-0.205767
0.150975
-0.000102689
-0.387882
-0.0465307
-0.418077
-0.161538
0.317224
-0.0829843
0.333902
0.083545
-0.102517
-0.917205
-0.727397
0.343728
-0.553845
-0.338494
1.05507
-0.623357
-0.930779
0.664495
-0.462888
0.00601507
-0.249484
0.133239
0.292071
-0.627567
-0.117024
0.544978
-0.503235
0.158823
-0.24366
0.412514
0.261972
0.17068
-0.280205
0.429461
-0.776029
-0.317254
-0.247434
-0.00706596
-0.148965
-0.450342
0.901466
-0.0182633
-0.257309
-0.08684
-0.61554
0.525559
-0.556796
-1.40047
-0.423562
-0.0779494
-0.816859
0.167929
-0.865959
-0.429162
0.192567
-0.0432497
-0.356358
0.0126879
0.0660647
0.109753
0.00480483
0.167048
-0.328392
-0.0537303
-0.345195
0.101919
0.338013
0.231354
-0.0503197
-0.183468
0.335042
-0.387265
-0.161035
-0.0801446
-0.0726972
0.147387
-0.407349
-0.312868
-0.794746
-1.22823
-0.143809
1.93075
-0.835992
1.40527
-0.098582
-1.02155
0.337429
-0.167369
-0.0875986
0.149591
-0.441794
-1.09505
0.310111
1.23942
-0.692394
0.689385
-0.329655
0.0996557
0.378285
-0.382405
-0.614328
0.13505
0.641279
0.657654
-0.00598036
-0.0969116
-1.39405
-0.0918337
-0.321079
-0.128826
0.553378
-0.745539
-1.11282
0.507174
-0.037978
0.333951
0.262407
0.567981
-0.364071
0.385343
0.0739656
0.901921
-0.306203
-0.656751
0.223092
0.150954
0.345658
-0.390321
-0.45325
-0.0928602
-0.551109
0.181014
0.450197
0.511848
-0.343363
0.65363
0.237239
-0.245066
-0.523901
0.247784
0.231835
-0.600505
-0.532028
0.122682
-0.582769
0.129431
-0.137973
0.539658
-0.308164
0.158691
-0.10362
-0.28138
-0.157563
1.03396
0.540781
-0.0424186
-0.127455
0.0308598
-0.830741
-0.022006
0.51908
0.57846
-1.01943
0.0869871
-0.602024
-0.201636
-0.0991686
-0.931245
0.144374
0.750924
0.43762
0.471537
-0.297593
-0.348838
0.287702
-1.40517
-1.15067
0.301402
-0.375556
-0.0478461
-0.204648
0.177178
-0.0962194
0.569572
-0.211244
0.19653
0.170031
-0.0208937
-0.0537596
-0.591189
-0.584712
-0.207489
-0.291028
-0.191851
-0.109921
-0.16049
0.175127
-0.376706
0.274937
0.200141
-0.120256
-0.305448
0.0411294
-0.462124
-0.192631
-0.910533
-0.775569
0.570933
0.304007
0.472083
0.0195933
-0.213932
0.324958
-0.349872
-0.106658
-0.0994668
-0.10462
0.0408429
0.28759
0.566145
0.705092
1.08162
0.772039
0.359291
-0.447225
-0.0581709
-0.316111
0.442913
0.364319
-0.227686
0.28806
0.281508
-0.0396879
0.544499
0.476811
-0.0124632
0.124493
-0.179242
-0.160918
0.654108
1.19161
-0.186688
0.100712
0.603537
-0.439456
1.16711
0.229084
0.221936
-0.0963109
0.577969
-0.101961
-0.620072
-0.265886
-0.0742412
-0.0485804
-0.144
0.323113
-0.144777
-0.165552
0.0990755
0.455889
0.204739
-0.644168
0.0661453
0.314317
0.663803
0.101463
-0.639206
0.301015
-0.670071
-0.747176
-1.19016
-1.04436
0.651273
-0.704261
0.651861
-0.437738
-0.213975
-0.0611347
0.249232
-0.37182
0.277323
0.895255
0.0227426
-0.68732
1.34526
-0.182628
1.5838
-0.568765
-0.282331
0.0350505
-0.287225
-0.190241
-0.432648
0.274483
-0.42611
-0.170405
0.0898965
0.295671
0.162363
-0.193399
0.240131
-0.945922
-0.456951
-1.03546
1.63901
-0.687995
1.18953
0.111254
0.0785922
-0.264055
0.0382144
-0.390964
0.202191
0.092602
0.729962
0.312301
-0.83721
0.683212
-0.298327
-0.851989
-0.113449
-0.155974
-0.167402
1.00091
0.471666
0.786288
0.0616782
0.554644
-0.101844
-0.736365
0.524242
0.760431
-1.06
-0.449192
-0.197306
0.308781
0.0668583
0.6838
0.188128
0.567435
0.529261
0.479031
0.0788824
0.313025
0.393417
0.62016
0.0394824
0.0223506
0.211298
0.137916
0.539448
0.824946
0.873742
0.446171
0.0193114
0.485498
0.240498
0.220854
0.328215
0.184529
0.161429
0.305941
-0.351134
0.00483205
0.320877
-0.0977936
0.191622
1.45046
-0.475796
0.028512
-0.787874
0.271932
0.0961069
-0.196119
-0.699072
1.33976
-0.110107
0.0852469
0.200253
-0.257012
-0.00793459
0.366299
0.00309264
0.0609402
-0.602343
-0.440125
0.431373
-0.222238
-0.717656
-0.488154
0.154141
-0.0183935
0.916027
-0.0556648
0.911106
0.405682
-0.682086
-0.711186
0.581404
0.76449
-0.613953
1.01633
0.746007
0.542438
-0.0828233
0.178816
-0.964818
0.3495
0.333727
0.249475
0.227713
-0.637408
0.444115
-0.293861
0.769183
-0.167439
0.792516
-0.233058
0.26782
-0.0709377
-0.837054
-0.0604307
-1.00721
0.587279
0.24735
-0.336604
-0.369757
-0.0136868
0.592338
-0.290882
-0.0473313
-0.70966
-0.30008
0.573254
0.451876
0.931157
-0.21286
-0.1367
0.226585
0.0939818
-0.18595
-0.26299
-0.453315
-0.0474847
-0.044044
0.254761
0.494869
0.383818
0.262279
0.142319
0.297643
-0.480246
-0.32677
0.378964
0.104289
-0.479527
0.0485179
-0.482072
-0.999788
0.0222807
-0.463012
-0.52764
0.182765
-0.772575
0.407899
1.02963
-0.610036
0.202747
0.0193933
-0.484359
0.330575
-0.243402
0.433762
0.291566
0.110579
0.202559
-0.0741736
0.0288504
-0.550179
0.236133
-0.168182
0.304199
-0.0196623
-0.113029
0.376963
-0.270725
0.207495
0.0562552
-0.0489969
0.322018
0.413663
0.741374
0.498363
0.411247
2.60996
1.19734
1.30056
-0.170513
-1.10581
-0.0121176
0.0413447
-0.219671
-0.0727437
-0.00437706
0.0775096
-0.00466264
0.1394
0.315325
-0.00372733
0.0405096
0.061743
-0.114018
0.0674851
-0.105534
-0.101386
-0.243213
0.0565938
-0.0866041
0.378541
-0.0423331
-0.500759
-0.501967
0.440125
0.308623
-0.097016
-0.00956991
-0.0188491
-0.171066
-0.979953
-0.63279
0.227409
-0.383574
0.0282437
-0.388859
-0.571286
-0.749075
-0.261604
-0.16886
-0.250382
0.406916
-0.872542
0.0611543
-1.13962
0.607734
0.246657
-1.25565
0.00424132
0.126558
0.119699
-0.522308
-0.321155
0.075215
-0.93006
-1.28162
-0.504587
-0.711546
-0.643316
-0.335848
0.390588
0.174106
-0.301237
0.150503
-0.0442851
0.0710761
-0.078215
-0.243199
0.266649
0.220166
0.0914675
0.275252
0.463079
0.0271461
-0.0455246
-0.558055
0.407153
0.0239485
0.361944
0.287854
0.0492408
-0.0802066
0.10826
-0.377743
0.0529003
0.366604
0.110046
0.275208
0.00920551
0.0786612
0.523182
0.0323404
-0.0306443
-0.345502
0.570413
0.136415
0.634302
-0.661761
0.211445
0.560574
-0.660905
0.614133
1.07809
0.088197
0.568182
-0.630481
-0.0835627
-0.949011
0.657574
0.195613
0.573736
-0.667818
0.337338
-0.536998
0.0273919
-0.396355
0.155138
-0.0852164
-0.0154718
-0.742339
-0.961909
0.191201
0.509033
0.560173
-0.238585
-0.868588
0.491797
-0.968207
-0.314866
-0.469601
-0.485752
-0.76813
0.743673
-1.43082
-1.20391
0.716216
-1.23065
-0.256255
-0.421312
-1.56462
-2.10309
0.392813
-0.807789
0.320554
-1.0243
-1.38647
-2.09652
-1.45419
-0.956306
-1.2288
-0.594589
1.14814
-1.92201
-2.04941
-0.501132
0.502791
0.165128
-1.91149
0.114334
0.658387
-0.390435
0.284024
0.15295
0.136248
-0.332771
-0.966821
0.659272
-0.179836
0.167629
-0.261524
0.159521
-0.526766
0.142727
-0.418525
-0.317039
-0.452457
-0.461535
0.650871
0.0381157
-0.0674815
-0.174558
0.036944
0.231054
0.538111
-0.884821
0.655208
-0.237221
-0.152618
-0.81946
-0.244732
-0.276105
-0.0443608
0.0747889
-0.696522
0.642575
-0.0153072
0.448019
-0.686308
0.18174
-0.294244
0.260359
0.556714
-0.248323
0.722087
0.0653438
0.200005
0.00504068
0.752751
0.583504
0.382595
-0.451139
0.82063
-0.359992
-0.919264
-0.094757
-0.161402
0.0543564
0.711876
0.00646726
0.67362
0.390823
0.581002
-0.387323
0.542318
-0.483529
0.276336
-0.412553
0.408734
0.286696
-0.266775
0.124928
0.613818
-0.453542
0.251187
0.339074
-0.42882
0.351048
0.0330805
-0.19163
-0.538871
-0.822708
-0.0606552
0.620619
0.147631
0.0981887
-0.184431
-0.110376
-0.63818
-0.313065
0.522845
0.209468
-0.430387
-0.514857
-0.245792
-0.0784564
0.162322
-0.180567
-0.726614
0.805441
-0.0839436
0.125003
0.673788
0.379337
-0.0949706
1.0845
-0.507717
-0.416107
0.726356
-0.372003
0.64953
0.026623
0.232352
-0.804164
0.255543
0.560819
0.886094
-0.291786
-0.320635
0.00794453
-0.4736
-0.150293
-0.0364335
0.172651
0.711744
-0.0283375
-0.0608654
-0.218679
1.08471
0.448424
-0.935617
0.0592108
0.698103
-0.302236
-0.0715116
0.193247
-0.233217
-0.391918
0.289809
-1.06824
-0.75292
-0.435808
-0.41683
0.760916
-0.0989457
-0.75233
-0.572954
0.909024
0.459382
0.0562263
-1.00364
0.0370098
-0.448161
-1.02993
-0.566327
-0.515051
0.236234
0.39114
-0.770701
-0.415038
0.106113
0.117964
0.654172
-0.597248
0.0642744
1.42804
0.301202
-0.999247
-0.964828
-0.74511
0.143938
0.320386
0.071895
-0.250895
-0.282147
-0.389099
-0.70107
-0.300009
-0.428933
0.144707
-0.574109
0.119377
-0.353249
-0.286344
0.0475182
-0.173385
-0.222518
0.359542
0.202467
-0.798155
-0.607814
0.205196
-0.470076
-1.00367
-0.103997
-0.417278
-0.0756507
-0.270406
0.756564
0.141877
0.753889
0.328251
-0.105138
0.482404
0.187442
-0.876763
0.388529
0.769763
-0.432943
0.316021
-0.598934
-1.04907
-0.285633
0.271553
0.171674
0.0448714
-0.701125
-0.434663
-0.661861
-0.0884855
-0.545234
0.0790655
-0.181462
0.72956
-0.463753
-1.15291
-0.0628202
-0.0315007
0.337079
-0.890261
-0.526933
0.541319
0.0388855
-0.600698
0.235868
-0.272619
0.663563
0.180912
-1.03515
-0.00901343
1.20366
-0.130519
-0.30021
-0.909139
0.0559608
-0.321637
-0.0974694
0.317879
1.20969
-0.538888
0.121166
-0.102778
-0.366417
-0.764792
-0.322473
0.698442
0.583631
-0.15996
-0.590551
-0.0367484
0.961992
0.621262
-0.326038
-0.882293
1.60289
-0.555947
0.0310934
0.221767
0.0828633
-0.381361
0.260873
-0.864555
-0.299039
0.147387
-1.01093
0.0323626
0.00289072
-0.923532
-0.882095
0.0358492
-0.0598951
0.720352
-0.702899
-1.00127
-1.6991
-0.98859
-1.32301
-0.645046
-0.827698
1.2239
-0.963737
-0.889034
0.00600317
0.741392
0.325124
-1.49392
0.497759
0.899242
0.367932
0.671979
-0.543741
-0.277356
-0.180179
-0.425287
0.724804
0.352451
0.795952
0.242467
0.233954
0.339536
0.167798
0.462311
-0.236478
-0.31223
-0.112124
0.742226
0.242399
-0.608202
0.392969
-0.24341
0.177236
0.00818409
-0.0914031
0.0922097
0.0452653
-0.175098
-0.179783
-0.605062
-0.0861136
0.202268
-0.509146
0.548456
-0.0301944
-0.241345
0.0362936
0.507919
-0.152179
0.145433
0.624604
-0.251467
0.568212
0.295322
0.370964
0.067698
0.224721
0.776274
0.594092
0.67068
-0.253519
-0.152221
0.252095
-0.147448
0.134669
-0.110344
0.518574
-0.216866
0.0847611
-0.237859
0.00152018
-0.104326
0.550914
0.50067
-0.103346
-0.147653
0.0561081
-1.0308
-0.965937
0.751427
-0.686558
0.495584
-0.708456
-0.950626
0.0274859
-0.554023
-0.00826833
-0.306654
-1.28082
-0.727429
1.12601
0.176769
0.258731
-0.720228
-0.510468
-0.283978
-0.32329
0.0321712
-0.534016
-0.118004
-0.407848
-0.397846
-0.357952
0.553253
-0.122356
0.574287
-0.954421
-0.047959
-0.62847
0.0435236
0.801656
0.253126
0.282775
0.143523
0.552528
-0.687613
0.579755
0.392335
-0.0926756
0.0860795
-0.568202
-1.30145
-1.04481
0.192738
-0.556593
0.545917
-1.27925
-0.278006
-0.939687
0.189693
-0.623832
-0.890117
0.152821
0.76259
-1.27426
-1.24323
0.0105071
0.282137
1.48849
-0.0709943
-0.60467
1.11399
-0.729396
0.258629
-0.5321
0.125151
-0.195982
0.718506
-0.706281
-0.831039
0.748339
-0.741612
0.00627007
-1.03861
-1.24911
-1.58431
0.781688
0.497077
1.05601
-0.713089
-0.753018
-2.02562
-1.24905
-1.36327
-0.781067
0.223061
0.220602
-1.47396
-0.929845
0.33308
0.430623
0.164828
-1.36938
0.524276
0.0736888
-0.0826217
0.658201
0.242517
-0.32047
0.246695
0.0020413
0.0447056
-0.31919
0.550186
0.387141
0.336644
0.775667
0.129961
0.200114
-0.385463
0.433586
-0.0770407
-0.398875
-0.14304
0.0536103
-0.522369
-0.516033
0.266741
-0.231425
0.461999
0.15023
0.263757
0.195684
0.569972
0.92674
0.255859
0.588463
0.190887
0.542947
0.0838541
0.479858
0.630019
0.351962
0.034693
-0.0556785
0.144167
0.310947
0.106403
0.10909
0.31281
0.00178328
0.388479
0.241571
0.701937
0.181238
-0.186372
0.545255
0.434604
0.553432
0.241971
-0.214801
0.622417
-0.205226
0.146135
-0.281668
0.316799
0.464796
0.604313
-0.0101129
0.185704
0.360889
0.25136
0.415948
0.600766
0.482408
0.758625
0.803097
0.089863
0.912093
0.554652
0.541586
0.765402
0.557557
0.152932
0.533406
0.544338
0.0112805
0.381036
0.626468
0.21176
0.130478
0.187895
0.0644805
0.207578
0.122365
-0.0846897
0.151046
0.296082
0.702203
0.301726
0.475121
0.256633
0.373235
-0.366361
-0.461901
-0.295524
-0.278851
-0.8581
-0.379303
0.0639541
0.414838
-0.58906
-0.429214
0.174525
-0.632557
0.158987
-0.30423
0.491824
-0.202254
-0.268616
0.10736
0.235543
-0.112665
-0.39486
-0.630895
0.111549
-0.373698
-0.227304
-0.615334
-0.269125
-0.0304064
-0.612277
-0.531104
0.245162
-0.324786
0.304989
-0.0749705
-0.207695
0.563313
0.0450527
0.117575
-0.421605
0.293154
-0.277969
-0.298693
0.379709
0.321518
-0.0980974
-0.0264649
0.098016
-0.329193
0.311158
0.193394
-0.224839
-0.247201
-0.346331
-0.295603
-0.46809
0.101685
-0.417515
0.261686
-0.0733771
0.25775
0.0988755
-0.262578
0.133216
-0.47112
0.277746
-0.45363
0.510571
0.564449
0.659939
0.603375
-0.203208
0.405587
-0.131748
0.0731699
0.221297
0.347448
-0.28597
0.257506
0.47113
-0.0630191
-0.0221434
0.442075
0.526518
0.37573
-0.357126
-0.114638
0.722833
-0.417166
-0.373014
-0.49372
0.620535
0.39992
0.327185
0.348212
0.321092
0.212563
0.183881
-0.238838
-0.398843
-0.249337
0.160648
-0.268912
0.251391
0.211067
-0.363769
0.142632
0.0906456
0.00993057
0.525985
-0.139776
0.00322671
-0.117081
0.0754421
-0.418868
-0.126122
0.298874
0.618515
-0.422347
-0.39414
0.256634
-0.493303
-0.221129
0.309827
-0.268228
-0.244487
0.343413
-0.0742671
-0.473226
-0.33971
0.042841
-0.18678
0.458685
0.276545
-0.314891
-0.200846
-0.446877
-0.371229
-0.12639
0.0950459
-0.739282
-0.763883
-0.494765
-0.00594862
-0.224451
-0.237008
-0.129982
-0.824581
-0.629054
-0.480959
-0.543004
-0.32321
-0.0293689
-0.944105
-0.0844939
-0.0577406
-0.244092
-0.38392
-0.372905
0.0416692
-0.195255
-0.306889
0.24681
-0.561874
-0.819891
-0.1692
0.37096
-0.0513194
-0.0163243
0.486398
0.270217
0.227672
0.349495
0.853337
0.511526
-0.0920145
-0.304626
-0.157806
0.425293
0.991181
0.802902
-0.321201
0.227618
0.636573
0.568666
-0.212016
0.0812833
0.803091
0.286571
0.113768
0.235511
-0.0517705
0.445074
0.797852
-0.24046
0.192872
-0.369158
0.493977
-0.0672695
-0.176649
-0.149122
-0.275837
0.381991
0.754753
-0.0467136
0.644395
0.234901
-0.273043
0.767589
-1.014
-0.326719
-0.139969
-0.143629
-0.465138
0.623714
-0.248587
1.02107
0.00353309
-0.486221
-0.268027
-0.153896
-0.0896157
-0.612522
0.201046
0.0239552
-0.137019
0.267966
-0.762185
-0.172306
0.809103
0.0781048
-0.50666
1.57573
-1.21349
-0.598139
-0.0449834
-0.357099
-0.466966
0.613883
-2.19614
-1.43465
0.358853
-1.12082
-0.276292
-0.389793
-2.34004
-1.7123
0.47921
-0.748095
0.439245
-1.56835
-0.753687
-2.67633
-2.22529
-2.03813
-0.906507
-0.943586
1.03861
-2.48639
-2.11388
-0.18727
0.418126
0.935406
-1.6378
-0.367231
0.773083
0.347443
0.688677
0.391505
0.432671
0.567982
0.531095
-0.154382
-0.101729
-0.41033
-0.620105
0.0167034
-0.534955
-0.630882
-0.0969488
0.152322
0.0899312
0.364506
-1.06773
-0.45001
-0.175084
-0.553593
-0.929179
-0.324159
-0.000183199
-0.0654349
-0.675278
-0.735643
0.231639
0.0325877
1.0748
-0.625888
-0.762671
1.7057
-0.29035
-0.202346
0.0474891
-0.169756
-0.280875
0.844806
0.0572837
-0.439879
0.108937
-0.176557
0.458079
0.250784
-0.330341
-0.46814
0.14855
0.452603
0.340154
0.049201
-0.27058
-0.0549834
-0.371043
0.0371002
-0.457617
0.0513873
1.04202
0.336505
-0.233354
-0.0720096
0.220186
-0.054369
-0.336542
-0.176417
1.21482
-0.1393
0.310845
0.0399948
-0.276765
0.126589
0.742177
-0.515013
-0.145729
0.165617
-0.0562761
-0.197877
0.344767
-1.0604
-0.550921
-0.0332847
-0.179845
0.0154114
-0.961433
-0.0433318
-0.0834524
-0.864645
-0.476872
-0.245457
0.30194
-0.155159
-0.247369
-0.827061
-0.315572
0.135568
0.581229
-0.224002
0.4335
0.258702
-2.65844
-0.277632
1.62048
3.89484
-1.34218
2.07446
1.05721
1.3933
2.32507
-2.03786
1.50565
2.6038
3.35203
-1.44061
-0.175934
3.24666
4.33438
3.82463
0.513844
0.662086
1.05181
-1.2019
0.792192
0.896556
0.0907463
-1.83389
-0.357395
2.2773
4.42504
2.42411
1.44155
0.358733
