#input normalization
0.16032 0.269245
9.27702 15.8338
12.6673 29.9105
10.9115 27.5122
0.0131568 0.0317438
0.0115089 0.0276529
0.306575 1.05843
0.682428 0.900752
0.874128 1.08374
1.05907 1.28708
1.2824 1.4637
1.53044 1.63265
1.77909 1.77713
2.00235 1.89662
2.24788 2.01052
2.50248 2.03974
#output normalization
1 0
#neurons weights
0.167906
-0.443433
0.250074
-0.0770834
0.18892
0.100822
0.0575629
0.323456
0.252275
-0.177128
0.29416
-0.337708
-0.136833
0.308143
0.00060069
-0.317434
4.8937
-2.41
0.840633
0.37607
-0.0152941
0.666349
-1.60657
2.84251
3.21396
-2.24609
0.272313
-0.650803
-0.641715
-1.92065
-2.20652
-0.445919
-0.525257
0.410495
-0.694308
0.0330353
-0.188433
-0.229198
0.869408
0.333506
0.467117
-0.63473
-0.158555
0.156209
0.688145
-0.358793
-0.444754
1.17747
0.27826
1.32221
#synapses weights
-0.200353
-1.24756
0.776715
-0.174733
2.87977
-0.666062
-0.175021
0.270221
0.192489
0.0520644
-0.00154855
0.414132
0.230175
-0.0753799
-0.218796
0.547555
0.176171
1.35134
-0.232193
0.213556
-1.11325
0.651843
-0.176471
-0.0788626
-0.935335
0.634365
-0.68059
0.782084
-0.523082
0.687758
1.14618
-1.62798
0.167516
-0.350888
0.505189
1.31422
-0.828166
0.328369
-0.217663
0.00567952
-0.0716681
-0.310013
0.08981
-0.0772494
-0.486591
-1.28082
-0.127945
-0.428926
-0.724173
-1.01
2.07616
-1.37213
1.59451
-0.933434
-0.350362
0.26726
0.0567701
0.16519
-0.189047
-0.0487721
0.604023
0.176737
0.100692
0.0564621
1.7081
0.129249
-0.703882
-0.0701663
0.371482
-0.759547
0.286064
0.0724127
-0.861353
0.287157
0.112099
0.728231
-0.929431
-1.28476
-0.640809
-0.144955
0.195471
2.76132
-2.28001
-0.567116
-0.690308
0.602378
-0.0711889
0.612532
0.051642
-0.0277524
-0.212599
0.780677
1.2738
1.98154
2.57899
3.50389
0.687784
0.995977
0.582301
-0.171697
-0.410222
-0.154292
-0.142156
-0.974451
-0.950175
-0.52103
-0.206823
0.426476
0.299188
-0.0208507
0.631131
2.18896
0.202412
-0.273922
2.78946
-1.42716
0.527232
0.329312
0.19344
-0.38152
-0.249424
0.494377
-0.0992797
0.0877942
-0.00325411
0.458764
0.0405961
-0.674362
-0.979671
-0.68756
-0.023877
-1.82068
-0.92764
0.099297
0.57334
0.223164
-0.535466
0.230512
0.405401
0.829288
0.283829
-0.805458
-1.3012
0.187845
-0.0266928
1.00064
-1.07892
0.694242
0.256366
0.469621
0.0790456
-0.00128905
-0.727928
-0.135092
0.778694
-0.233503
0.183063
-0.803251
0.505345
0.85717
0.377457
-0.865537
0.760817
0.390864
0.719513
-0.2424
0.376606
-0.00119261
-0.801493
0.978853
0.0790701
-0.761057
-0.295942
-0.471728
-0.176734
-1.25279
-0.510931
-0.707822
-0.000857389
0.153461
-0.406232
-0.0349842
-0.384797
0.41621
-1.37294
-0.046894
-1.60598
-0.418579
-0.188349
-1.27814
-0.587565
-0.460657
0.38311
0.769314
-0.673934
0.92478
0.544648
-0.102538
-0.555781
-0.0470718
1.54407
-0.640105
-0.0309371
-0.258575
-0.0710347
-0.488886
0.815705
2.95037
0.316026
0.43898
0.108295
-0.176749
-0.418794
0.399963
0.113098
0.562734
-0.336661
0.514813
-0.526031
-0.720328
0.695816
0.570187
-1.21143
0.890664
0.157908
0.543039
-0.862818
0.0951056
0.356721
0.472087
0.00922632
-0.686212
0.499646
-0.14435
-0.147549
0.339704
0.515838
-0.514824
-0.828152
0.159709
-0.12411
2.28056
-0.415377
-1.01659
-0.498081
0.802874
-0.0153422
0.538272
0.900883
1.16892
0.545238
0.565528
1.83036
2.05235
2.14881
2.48298
0.613118
2.12061
-0.663064
0.550815
0.523572
1.29494
0.807608
0.252026
0.980015
1.00905
1.05012
1.1884
1.69784
1.63615
1.17607
2.10831
-2.37413
0.353132
-0.94765
-1.39772
0.417519
0.571802
0.527209
-1.73229
-0.447674
1.37682
-0.863682
0.647394
0.167006
1.06783
2.09765
-0.638284
-0.297986
0.102508
-0.710606
-1.11854
-1.15574
1.66105
-0.329298
-1.35483
-1.31898
-0.723148
-0.837634
0.548702
1.72074
-0.948376
-1.1828
-0.402045
-0.0981682
-0.749323
-1.00508
-0.507327
-0.577469
-0.610017
0.486335
0.157913
-0.630473
-0.536126
-0.358242
-0.747617
0.668817
0.437606
-0.177188
0.144401
0.0972672
-0.422528
-1.11227
0.192329
-0.282248
-0.271914
0.443828
-0.0296758
-0.313164
0.51641
-0.201354
0.00551558
0.240728
-0.449208
-0.0439382
-0.393587
0.238238
-0.335208
0.501093
0.0138855
-3.52634
0.925728
-2.02323
-1.73852
-0.229187
-0.0543282
-0.00518685
-2.39035
-0.794704
0.901575
-1.17861
0.156487
0.852854
1.79524
2.10021
0.148364
-0.723965
-1.27479
1.17184
1.01962
-1.94298
0.534147
0.672077
0.666515
-0.472508
-0.408572
1.48013
-0.154615
0.147816
1.19344
1.04469
0.842596
-0.165293
0.0343752
-0.299796
-0.303527
-0.0309371
0.653058
0.0256035
0.0340787
0.147832
0.0817947
-0.0306111
-0.482024
-0.492338
0.0524615
-0.198604
-0.360727
-0.459915
0.588637
-0.230223
-2.22955
0.341647
-0.752626
-1.87199
1.32258
0.890576
-0.593458
-1.43483
-2.19687
0.653506
-0.756801
0.0988486
1.24541
-0.0545049
0.713828
0.502435
0.14742
-2.6072
0.0415659
-1.24824
-1.51344
-0.170963
0.587168
-0.418144
-1.70657
-0.419119
0.504687
-0.316264
1.04812
0.547088
1.21214
1.34834
0.0668503
-0.394347
-2.45312
0.841142
-0.796104
-1.3406
1.14
0.636997
-0.370985
-1.19049
-0.689571
-0.0943867
-0.436385
0.482489
0.739487
1.28398
0.732889
0.440913
-0.241925
0.0761742
-0.505998
0.0200686
0.166516
-0.08785
-0.122883
0.501913
0.333682
0.820904
-0.51677
-0.0697775
0.0846925
0.238718
-0.620082
-0.0876546
-0.313101
-0.44219
-1.2386
0.433795
-0.603171
-1.46628
-0.174694
0.765675
-0.193787
-0.921792
-0.687502
0.621442
-0.638515
-0.0464656
0.46088
1.43722
0.762817
0.0299024
0.237475
-1.07831
-0.112106
-0.763002
-0.31232
0.627687
0.512688
-0.490847
-0.306209
-0.44504
0.033932
-0.464625
0.0481789
0.63008
0.496074
0.737329
0.188435
-0.722042
-2.08846
1.63055
0.053198
-0.314973
0.57059
-0.407925
1.51255
-0.349296
-0.134737
2.13326
-0.1604
0.621232
-1.91514
0.877579
0.852974
-0.760218
-0.754563
-0.290993
0.882678
0.587652
-0.531055
0.295385
0.20661
0.095369
0.663249
-0.142915
1.17953
-0.326362
-0.766589
1.01304
1.89761
0.988317
-0.426452
0.63355
-2.12575
0.560761
-0.734805
-1.35242
0.788144
0.126184
0.355841
-1.13325
-0.9445
0.163461
-0.328299
0.0774534
0.302665
0.757824
1.03312
0.780504
-0.00820129
3.73266
-3.37126
-1.5029
-0.183229
3.39168
2.45156
-0.657381
4.29415
1.97353
2.12457
-1.21672
2.45303
0.356498
3.70447
2.26385
2.05735
