#input normalization
0.160268 0.269185
60.7073 57.5263
10.4465 39.0844
8.46061 32.2101
0.0120996 0.0431326
0.00949734 0.0332074
0.306575 1.05843
0.682428 0.900752
0.874128 1.08374
1.05907 1.28708
1.2824 1.4637
1.53044 1.63265
1.77909 1.77713
2.00235 1.89662
2.23801 2.01932
2.44327 2.09675
2.64366 2.16226
2.83933 2.1987
3.01528 2.22364
3.15235 2.18907
3.28804 2.15886
3.3782 2.08945
3.45052 2.01346
3.50741 1.92198
3.56556 1.82263
3.57002 1.69847
3.54843 1.55147
3.51165 1.4007
3.44659 1.23755
3.34531 1.07125
3.24516 0.90578
3.13305 0.740638
3.02099 0.595831
2.86789 0.444861
2.71852 0.30042
2.59075 0.171671
2.43323 0.0464711
2.30937 -0.0682671
2.17629 -0.165082
2.03457 -0.269236
1.90299 -0.364571
#output normalization
1 0
#neurons weights
-0.139449
0.188008
0.171163
0.270725
-0.338986
-0.37144
-0.0352237
0.400968
0.0257908
-0.414326
0.0056443
-0.0229865
0.15186
0.315776
-0.152857
0.0600467
-0.390263
0.405567
-0.437116
0.302792
0.104698
0.142271
-0.0343433
0.179955
0.0558111
0.275973
-0.0999475
0.237363
0.468659
0.0133894
0.4797
-0.327114
0.407206
-0.478094
0.409364
0.362181
-0.39803
-0.122669
-0.187666
0.491468
-0.188173
-0.0791751
1.15269
-0.75253
3.11153
0.335606
0.403599
2.97714
-0.389987
1.37818
-0.137024
-0.972212
1.52216
-1.34206
0.552129
-0.823315
2.49181
-1.14681
0.0225656
2.84192
-1.68644
1.50252
-0.584915
0.0680475
1.00213
2.32825
-1.38992
1.44279
-1.14905
-1.8317
-2.23162
-1.01588
-0.22089
1.62097
-1.8718
0.0684761
1.19065
0.715044
0.780929
-0.0429018
2.19434
0.490858
-0.00949546
0.0704443
-0.254475
0.459824
-0.423402
-0.194996
-0.312918
-1.25867
-0.559022
-0.29946
0.0117588
-0.11909
0.332243
0.294508
0.120554
-0.28691
-0.331958
-0.519753
-0.42609
-0.364985
-0.0653018
-0.0738139
0.17401
-0.0147184
-0.221598
0.664819
-0.306615
0.269381
-0.605948
0.150863
0.330876
0.174899
-0.38224
-0.848195
-0.447179
-0.196024
-0.0906131
-0.0505397
-0.136066
0.160686
0.306027
-0.338264
0.666704
#synapses weights
0.0320265
0.431219
-0.164334
0.286679
0.5459
0.128042
0.245192
0.1494
0.0510276
0.0640733
-0.0007718
-0.506442
-0.168579
0.205898
-0.395658
0.12636
-0.159254
-0.132113
-0.151369
0.487426
-0.102815
0.745424
0.364422
0.463813
0.435994
0.536356
-0.094676
0.444378
0.261552
0.264532
0.327548
-0.34377
-0.160172
0.146457
0.0451189
0.22041
0.179173
0.390938
0.0371582
0.0723399
-0.357366
-0.925674
-1.2768
-0.187567
0.0303456
0.133313
-0.349155
0.628456
-0.228278
0.362312
0.415793
-0.219981
-0.230843
0.187351
-0.718505
-0.274481
0.0530688
-0.52317
-0.170577
0.417824
-0.0431614
-0.17031
-0.238691
0.253135
0.188387
0.55942
-0.246906
-0.2473
-0.180145
-0.00471312
0.134931
-0.344649
-0.0704459
0.0279533
0.251393
0.269701
-0.250122
-0.140389
0.0233347
0.00333966
0.166492
-0.415818
0.159224
0.0800791
0.279487
-0.196073
-0.10328
0.0761966
-0.24797
-0.488211
-0.37883
-0.180367
-0.272573
-0.0105068
-0.0262346
0.19554
-0.748839
-0.123133
-0.501207
0.0265199
-0.27008
-0.865485
-0.28348
-0.266778
-0.0152893
0.0154275
-0.191247
-0.158025
-0.0469905
0.090604
-0.555654
-0.223216
-0.774792
0.220345
-0.346426
-0.475389
-0.361817
0.0265279
-0.36686
0.0855048
0.271667
0.109817
-0.135693
-1.22749
-0.961951
0.745216
0.0948888
0.603497
-0.161914
0.277439
-0.401618
-0.0494431
0.141749
-0.117861
-0.320768
0.401191
-0.688543
-0.210266
-0.412983
-0.0934383
0.436589
0.149456
-0.934555
0.058886
-0.248717
0.488018
0.136634
0.337363
-0.0820318
-0.153248
0.156753
0.324202
-0.0467957
-0.402593
-0.204246
-0.202631
-0.00261939
0.0669115
0.241492
0.571632
-0.637587
-0.420872
0.231241
0.570607
0.266119
1.22157
-0.217119
0.460182
0.20888
0.242437
-0.106469
-0.130872
-0.483568
0.164868
1.03279
0.954369
-0.183576
-0.0595207
0.191987
-0.040389
-0.109471
-0.537537
-0.0247701
-0.115455
0.47883
-0.217367
-0.337483
0.335336
0.208303
-0.272738
0.306996
0.314784
0.405593
-0.115092
0.192865
0.493488
-0.11307
-0.0413997
-0.184194
0.0564947
0.142912
-0.0674083
0.515171
0.0833339
0.0574081
1.01839
-0.803439
-0.113908
-0.0898205
0.978468
-0.363108
0.307128
-0.0725378
0.507798
0.166765
0.5981
0.00229384
0.052602
0.266548
0.289923
-0.0629419
-0.334807
-0.455606
0.129752
0.0746335
-0.578236
0.29471
0.782818
-0.618424
-0.240986
0.146284
0.0813533
-0.315656
0.0831975
0.219967
-0.362811
-0.134888
-0.68065
-0.0200914
-0.0877311
1.05104
-0.219507
0.319894
-0.109849
0.51057
-0.111985
-1.2306
-0.93935
-0.458439
0.256838
0.620583
-0.0625149
-0.0208292
-0.0531537
0.144183
-0.521771
0.967633
0.0184086
0.131875
-0.234306
0.0469046
-0.414756
0.22771
1.1313
-0.701096
-0.64968
0.277318
0.152962
-0.56478
-0.104797
-0.594452
0.152321
0.450027
0.366429
0.0390036
0.376253
-0.380521
-0.811936
0.767284
-0.77623
-0.0517548
0.0239776
0.175437
0.596106
0.0615778
-0.348852
-0.422518
0.181068
0.82252
-0.451911
0.230024
-0.229316
0.542116
0.518723
0.16497
-0.0770966
-0.41798
0.469661
0.238169
0.0779597
-0.0148734
0.623932
-0.13151
-0.0487398
0.0447742
0.578709
0.715277
0.524336
0.10719
0.647369
0.135592
0.251991
0.894564
0.294721
0.253694
0.61878
0.220117
0.171933
0.621691
0.56006
0.787237
0.912253
0.264541
0.0867505
0.682256
0.915796
0.0798088
0.143458
-0.0905033
-1.11604
0.389551
-0.318112
-0.404182
-1.02741
0.15509
0.225482
0.414046
-0.340252
-0.215194
-0.207682
-0.282626
0.346591
0.1244
-0.274185
-0.690796
0.621893
0.063807
-0.259501
0.217064
0.624259
0.18137
0.0522026
-0.222084
-0.430766
0.0268285
0.206553
0.458316
-0.049913
-0.0193093
0.317505
0.637923
-0.114173
0.226376
0.514817
-0.0408352
0.415091
0.43606
-1.02115
-0.299194
0.296105
0.263774
0.592144
0.00942097
-0.560975
-0.0171441
-0.262051
-0.29758
0.223483
-0.368794
-0.152197
0.456287
-0.0497306
0.0333849
0.639122
1.08381
0.31055
1.04885
0.183685
0.786208
0.363317
0.578356
0.406956
0.381533
0.100281
0.0711183
0.0230338
-0.069149
-0.486433
0.0807062
-0.281644
-0.157266
0.125472
-0.0132778
0.102184
0.206245
0.241955
-0.410487
-0.11026
0.517457
0.121397
0.225698
1.10561
-0.0753735
0.191317
0.152003
0.202575
0.930921
0.398341
0.619421
-0.367893
-0.171972
-0.567679
0.408457
-0.245517
-0.437636
0.211308
-0.633136
0.0769097
0.298682
-0.0891542
0.468115
0.901698
0.426815
-0.265617
-0.312198
-0.96125
-0.198933
0.419267
-0.173987
0.103407
-0.194087
0.00532591
0.317021
0.327614
-0.342373
-0.235546
-0.488988
-0.320894
-0.470922
-0.0983695
0.674645
-1.33054
-0.77413
0.611227
0.264755
-0.507933
0.355648
0.170071
0.105465
0.559504
-0.042554
-0.493918
-0.287304
0.501356
0.496815
0.923239
-0.0284669
-0.15658
0.347789
-0.0125903
0.140068
0.235855
0.504725
-0.0533563
0.131069
-0.155255
-0.502099
-0.631516
-0.398767
-0.202412
-0.221899
0.697661
0.381058
0.715832
0.0937689
-0.143224
0.0534295
-0.054963
0.102996
0.505224
-0.67565
-0.291832
0.613435
1.419
-0.107279
-0.044178
0.172198
-0.0560528
-0.0553515
-0.0616333
-0.0761364
0.10997
0.163821
0.0961354
-0.439138
-0.128097
0.24824
-0.487476
-0.0701679
0.583384
-0.280572
0.284533
0.364862
0.316576
0.861065
0.275981
0.630479
0.0830762
-0.100718
-0.418358
-0.447905
0.43405
-0.00548455
0.259832
0.0609931
-0.0833051
-0.198982
-0.121857
-0.0943627
0.168799
-0.136132
0.326937
0.132947
0.810782
0.47379
-0.472327
-0.667481
-0.0645159
-0.412266
-0.0131347
-0.0424077
-0.32194
-0.125897
-0.597404
0.0710145
-0.293466
0.134152
-0.275447
0.413806
0.234304
-0.113852
0.315146
0.0225405
0.157768
-0.168742
-0.428804
0.0832188
0.0781359
0.144393
0.348025
0.164167
0.358977
0.24054
0.450101
0.139728
0.218315
0.0868264
0.29313
0.214382
-0.114181
0.193383
0.331594
-0.111806
-0.045082
0.12495
0.480762
-0.294738
0.594464
0.367774
0.283086
-0.054342
0.143
-0.39549
0.936835
-0.513984
-0.430555
0.611409
1.17699
0.894274
0.399368
0.698134
0.827036
0.267908
-0.267512
-0.126058
-0.171486
-0.353043
-0.134863
0.173466
-0.0942746
-0.418416
0.0113237
0.25097
-0.26609
0.261698
-0.232638
0.309643
-0.110803
0.0671188
0.331533
0.154395
0.392906
-0.0347404
0.173516
0.173324
-0.880979
-1.04727
-0.484814
-1.5456
0.195757
-0.197518
-0.0990453
0.0131528
-0.13354
-0.117843
0.277771
-0.398905
0.212599
-0.25955
-0.0178061
-0.241879
-0.395889
0.420481
0.391269
0.806107
0.283193
-0.538503
-0.500685
0.615006
0.563263
-0.276408
0.192635
0.385093
-0.444232
-0.137579
-0.00954799
-0.441586
0.131043
0.542075
-0.0894687
-0.019837
-0.659809
0.846579
-0.851783
0.364689
-0.154243
-0.00859683
1.21199
-0.102926
0.102114
-0.374388
0.172638
-0.289569
-0.272154
0.645604
0.117692
-0.0687602
0.792317
-0.551998
-0.0551796
-0.119862
0.229225
-0.311647
-0.338986
0.39919
-0.00161345
-0.0292303
-0.687178
0.0538853
-0.018045
-0.796618
0.0678749
0.728599
-0.150996
0.0258341
0.157962
-0.0640508
-0.0958477
0.304449
-0.582537
0.471768
-0.411382
0.40547
-0.216219
-0.150723
0.175568
0.253478
-0.00437195
1.0966
-0.169319
0.410435
0.838951
0.292939
-0.167984
0.00397934
0.351542
-0.218452
0.696309
0.442401
0.544626
0.458261
0.692546
0.361603
0.442101
0.990107
0.829206
0.538386
0.988899
1.2595
1.03336
1.25555
0.822912
0.806959
0.955086
0.693988
0.798728
1.20744
0.622783
0.609439
0.779721
1.24099
1.39827
1.04554
0.428669
1.26298
0.385115
1.06275
0.332692
-0.561638
-1.88707
1.38125
-0.799362
1.7648
-1.04468
0.0673633
0.0503076
-0.512383
0.293996
-0.402854
0.588496
-0.0417044
-0.0536972
-0.164383
0.948097
0.397367
-0.518197
0.0752106
-0.00186478
0.0972508
-0.21198
0.18976
0.0364802
-0.329545
0.451724
-0.207041
0.519729
-0.00605417
-0.152419
0.00380664
0.275361
0.302429
-0.231388
0.119885
0.0217099
0.229736
-0.286066
-0.268307
0.266299
0.0331028
-0.262057
1.74203
-1.6352
0.375658
0.620728
0.511859
-0.0949096
0.256529
-0.121013
0.209189
-0.114787
-0.327585
0.2954
-0.369241
-0.502562
0.205651
-0.26921
-0.185521
0.0591299
0.463749
-0.654293
0.104836
-0.554986
0.1091
-0.107404
-0.0491605
-0.0951895
-0.382117
-0.0512293
-0.809963
0.0208594
0.151909
0.218718
-0.306223
-0.0683102
0.596786
-0.409017
0.157074
-0.0953863
0.0250056
0.0283279
-0.674866
-0.317408
-0.726626
-0.128771
0.169226
-0.471154
-0.651739
0.348703
-0.296086
-0.423287
0.048714
0.318565
0.125432
-0.071635
-0.45661
-0.75288
-0.0193661
0.143609
0.0700196
0.0226587
0.47566
0.250531
-0.904175
0.420366
0.064676
-0.414389
-0.251739
-0.140036
-0.281198
-0.0621592
0.366305
-0.011858
0.211968
-0.112305
-0.212601
-0.500989
-0.0997936
-0.358642
0.152368
0.0863311
-0.347888
-0.0713313
0.321791
0.5473
-0.320743
0.428723
0.072752
0.368382
-0.0749966
-0.200896
-0.114078
-0.284795
0.404031
0.633222
0.558319
0.163931
0.595247
0.118522
0.463273
0.576049
-0.0937589
0.290383
0.0230661
0.705897
-0.135041
-0.165327
0.0457392
-0.251162
0.212075
0.226235
-0.186892
0.112957
0.296744
0.205383
0.531608
0.106537
0.627956
0.718089
0.547226
0.695728
0.326595
0.381793
0.00580882
0.444283
-0.0471772
-0.62458
0.527313
0.144355
-0.113488
-0.0970294
0.179448
-0.0373317
0.0385309
-0.318545
-0.116078
0.124941
0.109034
-0.0157634
-0.175226
-0.10848
0.0983126
0.0402081
-0.226117
0.57438
0.34274
-0.0559579
0.294104
0.164991
0.519175
0.358599
0.0351943
0.848157
0.509567
0.165768
0.701332
0.704288
0.608243
-0.0688613
0.111046
0.603974
0.0172784
0.520454
0.379051
0.25186
-1.05226
0.579516
0.204113
1.14341
0.458902
0.262382
-0.151003
0.211861
-0.241163
0.7155
-0.544694
-0.413138
0.0383227
-0.373976
-0.0501106
-0.0145634
-0.343134
-0.255367
-0.429744
-0.386154
-0.325792
0.0139863
0.0542251
-0.176913
-0.391639
0.120002
-0.490626
-0.934144
0.0397399
-0.399333
0.0256528
-0.52749
-0.38301
-0.200623
-0.425109
-0.450738
-0.0676193
0.0307703
-0.00203044
-0.253513
-1.09902
-0.962059
-0.541753
0.166265
0.775793
0.731957
0.0749379
-0.219927
-0.392469
0.311767
0.0735441
-0.347848
0.614104
0.0222604
0.245941
-0.67523
-0.29815
-1.25427
-0.0179836
0.063674
0.205662
0.840465
1.0033
-0.00826184
-0.0497807
0.0422729
-0.213992
-0.974722
0.112705
0.800169
0.187036
-0.634756
-0.374077
0.154744
0.257033
-0.483084
-0.402707
-0.330566
0.583311
1.08435
-0.0685107
-0.267587
0.497109
-0.219891
0.0389171
-0.845978
0.0744661
0.0125433
-1.49294
-1.09429
0.960171
0.183112
-0.151744
0.35401
-0.160084
0.55123
-0.536832
0.320825
0.460512
-0.226698
-0.260441
-0.0582927
-0.244774
0.228135
0.418855
0.383154
0.231288
-0.60475
-0.113982
-0.202068
0.0361053
-0.115784
0.0403825
-0.302809
-0.581859
-0.451366
0.723941
0.596826
-0.0186801
0.586717
0.208222
0.408941
-1.27015
-0.138212
-0.893171
0.0553919
-0.148878
-0.0970368
-0.0714642
-0.209308
-0.125228
-0.389403
-0.18723
0.802816
-0.538906
-0.0258234
-0.052621
0.744693
0.0806057
-0.278727
-0.170623
-0.110829
0.266322
0.616227
0.373464
0.0752449
-0.0329573
0.234965
0.3896
0.230117
0.0376008
-0.494285
-0.547887
0.427521
-1.1233
0.699835
-0.190301
-0.00328149
0.226703
-0.56595
0.341317
0.303373
0.339339
-0.0966
0.46676
0.249187
0.0320716
-0.56392
-0.487238
0.163064
0.679164
-0.381098
-0.19604
-0.0617984
0.364361
-0.0251808
0.423776
-0.235333
0.126313
-0.421784
-0.125801
0.0241039
-0.0342325
0.206536
0.34588
0.0103258
0.434073
0.142141
-0.266026
0.135546
0.149914
0.428866
-0.19142
0.178606
0.231968
-0.445494
0.178037
0.0458255
-0.522939
0.540276
-0.593712
-0.381725
0.124518
-0.784642
0.79833
0.797007
0.497355
0.635415
0.0171653
0.116953
0.334566
-0.494622
-0.43609
-0.1829
0.245908
0.0894
-0.20658
0.384313
0.173268
-0.636675
-0.606136
0.508432
-0.154993
-0.768883
0.468364
-0.317764
0.511904
0.347284
0.657951
0.164152
-0.368726
0.208195
0.0402519
0.0463848
-0.820186
-0.405891
0.442729
0.51826
-0.00619037
0.0300414
-0.240805
-0.595088
0.456008
0.132795
0.427163
1.03718
0.566775
0.152198
-0.0486933
-0.592556
0.178695
1.77319
0.163763
-0.318473
-0.0560376
0.79215
-0.354856
0.0825796
0.520488
0.129498
0.591772
0.320028
-0.548434
-0.516681
-0.6181
0.566761
-0.224499
0.495595
-0.207975
0.131664
-0.0376301
0.399437
-0.078658
0.147511
-0.142741
0.291206
-0.179553
-0.356257
-0.218357
-0.343696
-0.230559
0.832113
0.187706
-0.404107
0.918746
-0.344968
0.527613
0.992697
0.247303
0.00324028
0.265196
0.0476812
0.1517
-0.0139953
0.100767
-0.286344
-0.0501715
-0.473752
0.66028
-0.308836
-0.241524
-0.0806695
0.134295
0.184869
0.946025
0.0224448
-0.427085
0.511202
-0.172951
0.254656
-0.330811
0.0583223
-0.704821
0.322483
-0.13122
-0.279394
0.430023
0.0373318
0.272823
0.469137
-0.131632
0.198352
-0.215194
0.284053
-0.113614
0.20014
0.165695
0.699276
0.426861
-0.0380216
0.0856501
-0.553858
-0.615005
-0.359359
0.574034
-0.0312938
0.327594
0.146585
-0.576525
0.215225
0.124641
0.157018
-0.106966
-0.379439
-0.059089
0.231303
0.113248
0.361597
0.29626
0.421648
-0.0149794
0.0861328
-0.0406081
-0.358348
0.493662
-0.782092
0.176056
0.195459
-0.726568
0.501314
0.177379
-0.1394
0.208573
-0.755562
-0.129947
-0.126624
0.343912
0.14585
-0.420275
-1.42446
0.189688
-0.13375
0.170753
-0.0548715
-0.0543171
0.558581
-0.743003
0.192662
0.300915
-0.0747641
-0.215886
-0.656702
-0.0846804
0.700257
-0.294321
-0.0655349
0.249275
-0.0676193
-0.0583096
-0.596584
-0.176689
0.136072
0.585462
0.807934
-0.694776
0.0752179
0.752742
-0.524781
-0.0783077
0.0434243
-0.18263
-0.305283
-0.156286
0.0991293
0.344878
0.217723
-0.583692
0.561091
-0.15498
0.302839
0.763827
-1.25039
0.22573
0.474557
-0.281485
0.0291232
0.0701835
-0.0164113
-0.0792393
0.522402
0.0538599
0.0369324
0.0789281
-0.181454
-0.204912
-0.507569
0.240542
-0.156846
-0.424193
0.352648
0.093555
-0.44022
-0.136473
0.910421
0.365483
-0.236045
-0.143707
0.560483
0.040268
-0.1484
-0.313981
-0.197991
0.163238
-0.126053
0.0997178
-0.262591
0.496811
0.590852
-0.000528012
0.21152
-0.0627159
0.0408919
0.339609
0.33529
0.0793994
-0.304889
-0.217906
-0.113575
-0.232044
-0.57421
-0.0950425
-0.0354918
0.52012
0.635106
0.190246
0.147445
0.797162
-0.0403594
0.49405
0.11006
0.523904
1.03031
1.068
0.27331
0.397202
0.226398
0.351987
0.904279
0.808189
0.832281
0.367884
0.13579
0.177753
0.198311
-0.00802577
0.759008
-0.0255653
0.207528
0.31751
0.478762
0.631999
-0.882501
-0.869627
0.948764
-0.111422
0.364134
-0.0503669
-0.255269
-0.0303959
0.561872
0.0726222
0.195962
0.46957
-0.894135
1.56029
-1.22157
0.366649
-0.56135
-0.481481
-0.256681
0.457188
-0.192954
0.299142
0.112334
-0.0560613
0.26675
-0.110898
1.04208
-0.753927
0.137177
-0.51095
0.161351
0.420972
0.109124
-0.426022
0.0529943
0.0631639
-0.238734
-0.7965
0.793338
-0.255607
0.262754
0.256496
0.453448
0.59807
-0.0959644
-0.631699
-0.0386865
-0.253125
0.418417
0.322646
-0.102783
0.222406
0.830065
1.09103
0.591029
0.911208
0.923196
0.703333
0.180512
0.157017
-0.324845
-0.279365
0.22457
-0.0443008
-0.00477443
-0.0822235
0.379546
-0.0621748
-0.336875
0.272596
-0.128543
-0.165935
0.137528
-0.206188
-0.0216157
-0.0533639
0.561436
-0.179897
0.0847078
0.224417
0.605783
-0.043824
-0.689894
0.206929
0.382708
-0.110839
1.37537
0.601201
0.776258
-0.835449
0.0866784
0.0666412
0.29112
-0.0214093
-0.054906
0.40382
0.0411991
0.602974
0.342224
0.541087
0.189536
0.873661
0.739514
0.31749
0.424787
0.0863829
0.754406
0.00532746
0.303798
0.63246
0.709469
0.314891
0.241469
0.523581
0.925072
1.12806
0.829112
0.215846
0.076611
0.739504
-0.0182442
-0.0912957
0.439657
0.637101
0.981853
-0.282816
0.120159
-0.136668
0.197327
-0.241375
-0.0859701
0.17005
-0.171547
-0.356435
0.356506
0.325791
0.859625
0.44903
0.397821
0.877114
0.663942
0.793656
1.01277
0.387176
0.480141
0.70305
0.259683
1.16407
0.398637
0.922077
0.877503
0.0216673
0.467881
0.129522
0.406794
0.662852
0.653367
0.400966
0.0478022
-0.143396
0.105794
-0.286876
-0.0965134
0.49801
0.276416
0.408695
1.45295
-0.284988
0.503713
0.377467
-0.341308
0.200857
0.392524
-0.485747
0.0349626
0.232805
-0.452345
0.378019
-0.134223
0.374305
0.0774145
-0.495407
-0.326422
-0.136063
-0.390051
-0.0895448
0.210971
-0.633913
-0.482585
0.164681
0.352659
-0.278066
-0.113319
0.0203786
0.177597
0.612142
-0.456775
0.608738
-0.226348
-0.37655
-0.13864
-0.502149
0.0865114
-0.236887
0.115858
0.108428
0.269909
0.329277
0.447825
0.302441
-0.336217
0.2993
-0.389663
0.363449
0.432986
0.567879
0.334688
0.291975
0.0717304
-0.209576
0.375967
0.582346
-0.0384397
-0.0265815
0.0302333
0.40878
0.326826
0.63407
0.1931
-0.091545
-0.1111
0.490321
0.578217
0.366212
0.351767
0.332897
0.151954
-0.0629906
0.705788
0.608534
0.849394
0.14584
0.392695
0.389119
-0.0831409
-0.0180343
-0.181792
0.282391
0.362161
-0.0339479
-0.427972
-0.202999
0.594266
-0.380636
-0.287585
0.106956
0.524171
-0.754451
0.171243
-0.14603
-0.113751
0.319813
-0.037425
0.117393
0.386481
-0.0239089
0.0321446
-0.215056
-0.142003
0.324573
0.899673
0.860505
0.797519
0.613009
0.644731
0.0360382
-0.0746775
0.43583
-0.0156231
-0.131501
0.548204
-0.00183089
-0.212606
0.701489
-0.162553
-0.0402311
0.322688
0.329135
-0.500062
0.251377
0.0485172
-0.0403638
-0.0430994
-0.230692
-0.348188
-0.482022
0.404313
0.128873
-0.314605
0.500285
-0.217129
0.0245523
-0.33664
0.0270644
0.361898
-0.340804
0.710951
-0.6726
-0.152091
-0.524608
-0.713056
0.144352
-0.148994
-0.232997
0.758899
-0.250984
0.0691157
0.231406
0.294368
-0.492209
0.652501
-0.395948
0.24405
-0.230145
-0.602672
0.571656
-0.313963
0.4596
0.410113
-0.391643
0.181418
-0.191291
0.133646
-0.0628118
0.58705
0.215811
-0.200778
0.194435
0.00509613
-0.478388
-0.480672
-0.35335
-0.204763
-0.05708
0.0619231
-0.410875
0.0834583
-0.166955
-0.457481
-0.0119922
0.0669673
-0.120152
-0.349465
-0.508144
-0.00964263
0.246321
0.357536
-0.186466
-0.189184
0.0224478
-0.32016
0.161835
-0.25945
0.185304
-0.315852
-0.782953
-0.0712527
0.115312
-0.970906
-0.485347
0.144793
0.127104
0.0509086
0.120966
0.238339
0.520508
0.46572
0.135074
-0.256072
0.428455
0.566555
-0.300046
-0.104893
0.457094
0.0795655
0.304395
0.270398
-0.222835
0.24902
-0.271211
-0.292605
-0.0994466
0.280291
0.00684679
-0.0952056
0.0715924
-0.0295888
-0.159025
0.556948
0.223179
0.200062
-0.22324
0.23847
-0.176613
0.0409343
0.0631853
0.0766083
0.240258
0.26239
0.396896
-0.162244
0.486193
0.35679
-0.787264
-1.31084
-0.825471
-1.0111
0.00617609
-0.946137
-1.39991
-0.170044
-0.799801
-0.253853
0.0769715
-0.909446
0.656897
0.60772
0.326007
-1.21794
-0.0379746
-0.377546
-1.34767
0.173639
-0.419711
0.0130549
-0.309876
-0.428777
-0.739383
0.284841
-0.4817
-0.161006
-0.0254568
0.48006
0.513205
-0.0293081
-0.150637
0.28647
0.186694
-0.670535
0.421397
-0.209551
-0.519005
-1.14028
-0.119552
-0.209821
0.118464
-0.0250489
0.312046
-0.192666
-0.659726
-0.0728699
0.0517442
-0.107669
-0.103987
-0.267631
0.448945
0.147984
-0.649386
-0.234634
-0.195524
-0.060312
-0.13538
0.393575
-0.337008
-0.54657
-0.185727
0.276102
-0.145213
0.100639
-0.393216
-0.465738
-0.462007
-0.461689
-0.296642
0.337947
-0.243151
-0.570016
-0.184025
-0.323775
-0.791891
-0.175672
-0.11972
-0.0970017
-0.18951
0.176165
-0.26409
-0.0275176
-0.365362
0.633798
0.0520567
-0.0278823
0.0843909
0.487315
-0.0114012
-0.258148
-0.0225943
0.50038
0.233045
0.274475
-0.483641
-0.0161068
0.161075
0.117752
0.142116
0.175536
0.427774
-0.52839
0.487146
0.2372
-0.0834294
0.526774
0.191895
0.291309
0.510905
-0.070881
-0.298159
-0.421127
-0.456489
0.374394
0.544679
-0.130523
-0.487563
0.252442
-0.439581
0.12036
0.180903
0.366011
0.0179896
-0.211872
-0.0728092
-0.953561
-0.755823
-1.78649
0.0567507
-0.597091
-1.60524
-0.0751826
-1.20791
0.611851
1.08328
-0.588096
0.411873
0.463893
0.561391
-1.54864
0.59185
-0.532275
-1.7625
0.0545454
-0.279218
-0.0524482
0.380404
-0.377302
-1.32623
-0.0647719
-0.720307
0.235986
-0.245169
0.634806
0.595333
0.846476
-0.723481
0.483006
0.170117
-0.667498
0.468374
-0.470245
-0.022697
-0.312397
-0.590454
0.456031
0.178487
-0.643363
0.240242
-0.486431
-0.598249
0.0458515
-0.258624
-0.00472863
-0.214097
-0.189117
-0.333184
-0.183221
-0.392402
-0.378436
-0.751762
-0.146386
-0.148049
0.0570613
-0.227221
0.161917
-0.969286
-0.652345
-0.212173
-0.134523
-0.67454
-0.121425
0.0869121
-0.578936
0.034013
-0.194249
-0.244395
-0.339952
-0.57225
-0.058612
-0.215118
-0.706404
-0.557319
-0.323701
0.218215
0.116164
0.0863989
-0.641143
-0.111394
-0.305051
-0.256258
-0.189854
0.409585
0.445631
0.0566286
0.030124
-0.635054
-0.294624
0.131404
-0.257582
0.590926
0.0896183
-0.0997199
-0.784824
0.661945
0.536718
0.214291
0.503153
-0.800334
0.184211
0.0615517
-0.707508
-0.0252307
-0.354005
-0.72887
-0.0134698
-0.134404
0.440098
0.116995
-0.51018
-0.220257
0.757692
-0.279884
0.171326
0.225266
0.0840872
0.450831
0.1163
0.191936
0.356913
0.0312978
0.387334
-0.366665
0.273501
0.201333
-0.238903
-0.0853636
0.0967623
-0.368608
0.359636
0.0568687
-0.313678
0.415673
-0.42427
-0.378386
0.478597
0.0365938
0.162672
-0.269686
-0.188121
-0.136211
0.159591
-0.20432
-0.294656
-0.171325
-0.275947
0.381344
-0.401105
-0.435292
0.0752602
0.100355
-0.167244
0.456505
-0.250263
-0.41655
-0.325264
-0.168317
0.231493
-0.370132
-0.31647
0.442511
0.199067
0.286242
-0.00565048
0.17033
-0.31951
0.617895
0.629702
0.222285
0.483129
-0.672988
0.59593
0.60608
0.373684
0.337601
-0.0732491
0.223907
0.0635844
-0.12147
0.358764
0.135434
0.571541
-0.00832966
0.416402
0.19333
0.238039
-0.254926
0.761365
-0.218819
0.668662
0.0349578
0.647804
0.126892
0.535322
-0.423365
0.758141
0.166478
0.159156
0.784282
0.45221
0.668095
0.0788246
0.251707
0.285272
-0.696179
-0.0721257
0.494228
-0.823966
0.460957
-1.30991
-0.242365
-0.432146
-0.0791697
0.103457
0.344017
-0.834405
0.420682
0.386991
0.753734
-0.655169
0.739269
0.0810897
-0.960772
1.03845
-0.178958
-0.139022
-0.0831614
-1.41505
-0.351042
0.495462
0.244477
1.34529
0.5553
-0.050497
0.552236
0.00766132
-0.128505
0.647932
0.334246
-0.916407
-0.296336
-0.230392
-0.121939
-0.136991
-0.300304
0.251969
0.383355
-0.115496
0.113165
0.0503955
0.456313
-0.419898
-0.200476
0.00446067
-0.0234325
0.0371482
-0.249152
-0.0940412
0.260129
0.588987
-0.00816641
-0.549979
0.334174
0.282097
-0.310459
0.546458
-0.479119
0.365099
-0.0385837
0.36827
-0.396206
0.239657
0.286716
0.481718
-0.210183
-0.00974246
0.17949
0.379273
-0.681601
0.324079
0.0776851
-0.381492
0.353115
-0.198561
0.432219
0.182225
0.0477211
-0.356491
0.374169
-0.236126
0.396718
0.46751
-0.041763
-0.255533
-0.257588
-0.0927493
0.313379
-0.588082
-0.487838
-0.359281
-0.595478
0.384055
0.493957
0.218109
-0.791016
0.18468
0.00337703
-0.432027
0.381916
0.130835
0.691076
0.0844205
0.696328
-0.329026
0.134067
0.226689
0.339899
-0.361182
-0.46812
-0.0630906
0.0653071
-0.544844
-0.161704
-0.162424
-0.321829
0.0909316
-0.256009
0.284983
0.329359
0.210678
0.402428
-0.245825
0.0211638
0.0573033
0.111065
-0.0818935
-0.0631923
0.518032
-0.0261121
-0.35218
0.388174
0.263142
-0.183012
-0.354842
0.0219914
0.0464777
0.498876
0.225788
0.274958
-0.262329
-0.256227
-0.217625
0.328339
0.337099
-0.535399
0.489605
0.35687
-0.152003
-0.385117
0.483224
0.570275
0.0800961
-0.246872
-0.259321
0.0201932
0.0556793
0.207839
0.117861
-0.177743
-0.165184
-0.265248
0.124954
-0.327957
0.118857
0.109558
-0.143331
-0.42039
-0.0179331
0.314463
0.406999
-0.168565
-0.420834
-0.00598538
0.0454892
-0.271816
-0.214658
0.294482
-0.0481641
-0.211131
-0.179531
-0.133919
-0.218645
0.161214
-0.163098
0.278614
0.239609
-0.263344
0.422574
0.530318
-0.310013
-0.391197
-0.196731
-0.39688
-0.554243
-0.29553
0.214416
0.247644
0.301087
-0.200535
-0.372637
0.461269
0.43406
0.458534
-0.322429
0.420911
-0.246943
-0.520238
0.0960974
-0.17538
-0.048581
0.345296
0.0194104
0.0591823
0.364981
0.316324
-0.263638
-0.362628
-0.50478
-0.249348
-0.326923
-0.366609
-0.271616
0.184194
-0.502493
-0.330097
0.373902
-0.164479
-0.187083
0.018057
-0.16343
-0.0447832
0.135392
-0.136834
-0.579149
-0.187805
0.0503917
-0.252394
-0.49512
-0.305765
0.272627
-0.132266
-0.253397
0.412565
-0.438695
0.378471
-0.345169
-0.180737
-0.732533
0.150506
-0.671843
-0.624636
0.21575
-0.786206
0.138631
-0.241831
0.797669
0.318178
-0.217891
0.952349
-0.0468927
-0.348594
-0.584893
-0.275329
-0.622335
-0.101814
0.712719
-0.68221
0.363088
0.11886
0.00267317
-1.05543
-0.146519
-0.786176
-0.172015
1.0687
0.517535
0.947277
0.377707
-0.351356
-0.136851
-0.288011
0.0133666
-0.0936447
-0.335277
0.312268
0.00252597
0.274744
-0.420412
0.407369
-0.525583
0.517083
-0.323319
0.514419
-0.392639
-0.334855
-0.0193912
-0.116519
-0.110673
0.38499
0.410374
-0.240759
0.479929
-0.196024
0.197831
0.481969
0.432676
0.420388
0.000552736
0.33514
0.41221
0.354537
0.426339
0.0801825
-0.0651412
0.306896
-0.247664
0.231898
0.0918768
0.223304
-0.258906
0.0274791
0.636835
0.165468
0.196577
0.345358
0.219653
0.484673
0.180212
0.12025
-0.289362
-0.445591
-0.358287
-0.119162
-0.100795
0.0354088
-0.587516
-0.498771
-0.693725
-0.56561
0.136326
0.0603668
-0.733193
0.329633
0.0940265
0.481284
-0.273954
0.76842
-0.622754
-0.66342
0.226346
-0.318968
-0.766172
-0.399457
0.153877
-0.751096
0.259057
-0.804706
-0.402632
-0.0286063
0.498357
0.0955869
0.23025
-0.41634
0.428233
0.175705
0.165562
-0.12744
-0.214287
-0.0304743
-0.0636689
0.0759428
-0.370378
0.351689
-0.833576
-0.521513
0.088532
0.246096
0.218927
-0.170071
-0.0601692
-0.0144945
0.773058
0.535131
0.290435
0.887013
0.366777
0.955282
0.160277
0.431188
0.198924
-0.0542752
-0.14755
-0.428501
-0.341468
-0.224334
0.84758
0.424948
0.584897
-0.598633
-0.203369
0.158564
0.292965
0.113779
-0.129988
-0.356574
-0.187429
0.747697
0.172173
0.456164
-0.358189
0.470257
0.982961
-0.387682
-0.197598
-0.0798736
0.19071
-0.527698
-0.178761
-0.351923
0.196787
-0.256854
0.145313
-0.115154
-0.511131
-0.404453
0.321936
-0.103327
0.0322694
0.202158
-0.220002
0.0844421
0.238333
0.228123
-0.130851
0.164692
-0.354894
0.533327
0.253186
-0.417279
-0.503768
0.0257364
-0.424674
0.3732
-0.398046
-0.448094
-0.122796
-0.463427
0.280115
0.164016
0.261328
0.185391
-0.344571
-0.385051
-0.444756
-0.333608
0.0765231
-0.545385
-0.466492
0.879584
0.100566
0.616109
-1.26371
-0.701378
-0.419106
-0.35857
-0.0948547
0.475677
-0.392243
-0.106701
0.640533
0.231453
-0.705809
0.935656
-0.396313
-1.86266
1.4207
0.105608
0.19125
-0.796145
-0.608696
-0.739038
0.855806
0.67648
0.386698
0.847759
0.494624
-0.26133
-0.514934
0.0648784
0.58938
-0.706608
-0.33673
0.28383
0.279808
0.091396
-0.155305
-0.592501
-0.420085
0.313487
-1.14253
-0.115956
-1.27606
0.367608
0.440333
-1.33079
-0.000246497
-0.761656
0.291089
0.728955
-0.811125
0.717921
0.815747
0.134739
-0.734181
0.451978
-0.424318
-1.0822
0.494237
-0.630125
-0.0559735
-0.257742
-0.740649
-1.04808
-0.515759
-1.5041
0.241481
-0.0530924
0.515523
0.278568
0.523176
-0.487151
0.0213793
0.383177
-1.44566
-0.108788
-0.390847
-0.0174325
-0.567778
-0.10417
0.306107
-0.233271
0.417781
0.337135
0.211785
-0.115302
0.324368
0.110774
-0.29864
0.0965267
-0.372196
0.204624
-0.294916
-0.129638
-0.0849596
0.439137
0.579126
0.252782
-0.0621654
0.354827
0.117523
0.447348
-0.0263211
0.066141
-0.169623
0.255708
0.594571
0.334729
0.403712
-0.563762
0.0019407
-0.545724
-0.479984
0.497098
-0.372038
-0.0112275
0.640312
-0.114151
0.5727
0.241471
-0.239592
0.206677
-0.301049
-0.191946
0.0742316
-0.436213
-0.372754
0.0875077
-0.213623
0.121813
-0.358088
-0.255226
-0.0044413
-0.0998796
-0.188514
0.175288
-0.551357
-0.54877
0.232801
-0.0224977
0.0104118
-0.303938
-0.610708
0.091068
-0.36619
-0.602765
0.148181
0.138284
-0.159074
-0.45126
-0.0910454
0.274642
0.209631
-0.0380645
-0.511333
0.456076
0.0661129
-0.00671298
-0.54788
-0.221485
0.0406181
-0.336239
-0.0738758
0.165146
0.138038
0.528662
-0.0457108
-0.339976
-0.110003
0.560698
-0.400979
-0.296037
0.0529806
-0.223308
-0.0921006
0.436518
-0.743962
0.724173
0.442283
0.420779
0.406198
0.185099
-0.122531
-0.471502
0.705608
-0.153326
0.00343907
0.252483
0.11354
0.294323
0.324429
0.104158
0.272827
-0.0929569
0.0888648
0.28502
0.206438
-1.1311
0.709682
-0.416016
-0.69975
-0.0841439
-0.214816
0.518006
0.57764
-0.377424
0.690515
0.496623
-0.60327
-0.149513
-0.868056
-0.145671
0.145344
-0.554788
0.274589
-1.25908
0.359689
0.778823
-0.900749
0.824798
-0.12497
-0.159481
-1.07534
-0.243357
0.37361
-0.844423
0.0201176
-0.410182
-0.220879
-0.588611
-0.360048
-0.850246
-0.20989
-0.112565
-0.0477039
0.244506
0.883086
0.696179
0.336731
-0.166011
0.428294
-0.0852107
-0.489103
0.39809
0.176909
0.158596
-0.233274
-0.574894
-0.722374
-0.0100444
-0.49776
-0.0202255
-1.21811
0.0726328
-0.568704
-0.887334
-0.0159851
-0.853833
0.364628
0.415921
-0.714344
0.661709
-0.193269
-0.0511837
-0.899103
0.508634
0.223195
-0.970702
0.216403
-0.288065
-0.436362
0.423691
-0.616294
-0.183521
-0.517055
-0.698171
0.177422
0.570964
0.115942
0.410216
0.512111
-0.658706
0.111866
-0.0748898
-1.08624
-0.0950075
-0.367718
-0.352684
-0.392136
-0.267854
-0.0346374
-0.408362
-0.306655
0.164418
0.347001
0.0635906
-0.339754
-0.033622
-0.142148
0.102224
-0.235189
-0.288863
0.139787
-0.101037
-0.477452
0.35405
0.315302
0.0242568
-0.832952
-0.0952411
0.262219
0.402357
-0.0506822
0.0466866
0.100714
0.250542
-0.0505287
0.543385
-0.100985
-0.150389
-0.464299
-0.36695
-0.285773
-0.219232
-0.324432
-0.10813
-0.118988
0.250863
-0.344131
-0.936135
-0.0530481
0.0328968
-0.0568787
0.578066
0.0552049
0.77917
0.315666
0.0289267
-0.104373
0.11101
-0.0578303
-0.285507
-0.0950557
0.621215
-0.233861
0.619815
0.603055
0.201492
-0.359938
0.481083
0.515972
0.0541944
0.403163
-0.327836
-0.0179413
0.322746
0.784656
-0.622366
-0.0749922
-0.374419
0.299441
0.825291
0.731399
-0.019761
0.0373079
0.189627
0.775149
0.328
0.22
0.12936
0.0640367
0.380602
0.0234733
0.0065549
0.228775
-0.542258
0.255479
0.712545
0.034131
-0.404833
0.600188
0.284577
-0.115671
-0.460548
-0.796858
-0.431229
-0.295291
-0.783812
0.658049
-0.884655
-0.647375
-0.698496
-0.0688709
0.209544
0.364107
-0.308841
0.357715
0.0965364
0.0586057
-0.242516
-0.755291
0.194994
0.169122
0.187545
-0.199968
-0.301844
-0.37015
0.35627
0.406134
-0.180576
-0.740639
-1.01624
-0.273886
-0.526032
-1.08345
-0.13014
-0.553658
-0.0059409
-1.31864
-0.000305139
-2.02203
-0.0530748
-0.0183795
-1.84506
0.0109889
-2.27172
0.893458
0.932199
-1.53195
0.557936
0.273191
0.545421
-1.6831
0.226656
0.0348667
-1.70451
0.407354
-0.856766
0.563119
0.0931206
-1.16934
-1.86492
0.559701
-1.55435
-0.24153
0.612159
1.26088
0.250453
0.98466
-1.25372
0.590542
-0.295767
-1.9646
-0.0295709
0.137598
0.0310911
-0.700562
0.0735872
0.579932
-0.131879
-0.616594
-0.189069
-1.14146
0.367763
0.134765
-0.6074
0.228637
-0.278057
0.72933
0.529714
0.129912
1.1532
0.0534105
-0.629924
-0.916774
0.48828
-0.0210031
-0.48032
0.10828
-0.455782
-0.0294721
-0.495133
0.00631574
-0.219921
0.0164119
0.173427
0.407276
1.26917
0.20832
0.112414
-0.28638
-0.505817
0.409019
-0.364647
-0.326057
-0.262194
-0.602935
0.266346
-0.200515
-0.104339
0.133604
-0.22986
-0.125886
-0.0257685
0.110779
-0.111316
0.211878
-0.224498
0.490417
-0.342027
0.551734
-0.321239
-0.51427
-0.338799
0.533882
-0.0421469
0.149945
0.47232
0.247496
0.0804698
0.0700304
-0.180422
-0.166969
-0.220707
0.198082
-0.207469
0.116299
0.0245644
-0.212326
0.378485
0.437784
-0.000646616
0.114098
0.421744
0.669698
-0.511074
-0.235892
-0.181971
0.218504
0.170981
0.38631
0.361345
0.114545
0.28415
-0.0640418
-0.214473
0.383857
0.183487
0.041213
0.0234566
0.379967
0.0343229
-0.121082
0.58909
0.31231
0.371308
0.0531003
-0.100925
0.39834
0.441079
0.349679
0.27361
0.272563
0.378651
0.462228
0.335088
-0.24594
0.0247889
0.568029
-0.293872
0.454708
0.693976
-0.0268397
0.636952
0.455846
0.22175
-0.080385
0.340322
-0.177347
0.353138
-0.0212064
0.530015
0.177882
-0.498112
-0.415342
0.248358
-0.782177
0.365125
0.02454
-0.153703
-0.200696
-0.914327
-0.145558
0.16829
0.345366
0.161504
-0.681318
-0.00640499
0.721736
-0.688023
-0.622577
0.649745
0.317326
-0.0217237
-0.0398516
-0.856371
0.109153
0.320792
0.539088
-0.68206
0.351448
-0.615456
-0.0126429
0.906003
0.221464
0.365792
0.159408
-0.360183
0.00969134
-0.403317
-0.827508
0.100465
-0.705784
-0.194293
0.145896
-0.0574415
-0.00793028
0.574746
0.25559
0.306386
0.303851
0.662149
0.259742
-0.0956427
0.26542
-0.0153663
-0.121651
0.145176
0.323013
0.5383
0.23885
-0.129023
-0.197942
0.0318461
0.0356372
-0.126615
0.475339
-0.410867
0.385861
0.253442
0.127947
-0.039087
0.525273
0.3275
-0.0499594
0.0425222
0.676883
0.886363
0.157956
0.072741
0.74648
-0.174461
-0.249952
0.000531422
-0.00427812
0.68076
0.0684234
-0.268277
0.428313
-0.128944
-0.264382
-0.117987
0.0417617
-0.0884971
0.404401
-0.391864
0.228316
-0.0778982
0.442269
-0.176436
-0.00975125
0.104232
0.274313
0.296966
-0.142876
-0.210287
0.501242
-0.356736
-0.216519
0.129395
0.292943
-0.15216
0.0746968
-0.303916
0.356035
-0.427904
-0.0796516
0.808414
0.277635
0.23214
0.744214
0.151985
-0.101216
-0.0878083
-0.370396
0.178688
0.262082
0.478951
-0.190064
-0.148571
0.17954
0.252811
-0.28795
0.0677047
-0.20483
0.0651847
-0.347285
0.433943
-0.0699094
-0.110679
0.305097
0.492605
-0.0200552
0.388719
0.407965
0.0148458
0.44944
0.233851
0.31978
0.140975
0.429634
0.161577
0.533783
0.676793
0.329851
0.463209
0.197541
0.594948
0.333812
-0.157043
0.136819
-0.202868
-0.164818
-0.0758474
0.0183527
0.344836
0.138091
0.513157
0.479538
-0.544422
0.664028
-0.00142778
0.749481
-0.392052
-0.767468
-0.499816
-0.275243
0.296387
0.499911
-0.401456
0.230987
-1.22477
-0.0849716
0.0613526
-0.407518
-0.0957446
0.0139505
0.667308
-0.039791
-0.167983
0.117231
-0.704025
0.556891
-0.515949
0.375743
-0.916195
-0.11437
-0.306997
0.270014
-0.829863
-0.468471
0.0825402
0.548091
0.958256
0.768235
-0.584311
0.546436
-0.599454
-1.11326
0.445703
-0.297307
0.499429
-0.473829
0.0188304
-0.237785
1.98762
-1.20003
0.372362
1.41803
-1.66327
-1.50946
2.82529
-2.42194
1.73725
0.206678
-0.0221934
3.14194
0.772007
-1.04481
0.357181
-0.118367
-0.209519
2.68359
0.228161
0.721066
1.88775
0.0708916
2.83855
2.94323
-0.628073
-0.531197
2.17094
1.52
3.60024
0.247684
-0.259793
-2.31737
3.7935
2.66766
0.0396302
0.388246
1.6615
-0.201134
-0.387568
1.97889
1.74994
