#input normalization
0.161427 0.274994
22.4123 34.3331
10.0779 30.4899
8.23718 28.4376
0.0108479 0.0384423
0.00874691 0.0324545
0.416735 1.94248
0.843054 1.88249
1.19755 2.09885
1.57139 2.32446
1.95267 2.55457
2.311 2.76913
2.64513 2.96759
2.98761 3.14384
3.29901 3.2822
3.58221 3.37622
3.85092 3.42815
4.09975 3.44362
#output normalization
1 0
#neurons weights
-0.379672
0.183592
-0.209584
0.360648
0.300801
-0.454025
0.382025
-0.0302012
0.123692
0.081866
0.26691
0.113701
0.0290289
-0.437585
0.243442
0.103953
0.433211
-0.322
-0.842949
1.96194
1.76872
0.506682
-0.151045
-1.28958
-1.47681
4.01676
1.92029
0.557709
-2.72423
-4.15799
-3.07189
2.40672
-0.0364322
2.39501
2.10842
-0.199018
-0.0437915
-0.100702
-0.19746
-0.249885
-0.50128
-0.268167
-1.07844
-0.316099
0.144788
-0.434081
-0.593743
-0.190891
-0.110408
-0.143221
0.446376
0.284342
0.363067
-0.998419
0.351124
0.970529
#synapses weights
0.00883221
-1.24019
-0.13366
0.482709
0.233028
-0.172868
0.12109
0.410502
0.51145
-0.278336
0.241401
-0.57564
0.0457352
-0.0817474
-0.103633
-0.181462
-1.21066
-2.08204
-0.0461775
1.30809
0.164184
-0.0696652
0.292737
0.149417
-0.0243205
0.154318
-0.0452733
0.298357
0.200117
0.319777
0.448554
0.139886
0.458247
0.308388
0.0197905
0.812764
0.133921
-0.862979
0.27123
-0.231217
0.148667
0.0893087
0.809692
1.01025
-1.25481
-0.158909
-1.49971
0.0735263
-0.583296
-1.53426
0.464485
-0.121394
-0.676946
-0.881855
-0.367853
0.764958
-1.46288
0.515713
-1.12805
0.311685
-0.0110353
0.416431
0.633631
0.0323444
0.495111
0.672459
0.746134
0.796994
0.814473
0.685982
0.404774
1.46713
-0.156943
0.352416
-1.77148
1.28473
-0.107825
0.411884
0.491682
0.520155
0.0570539
-0.133999
-0.00968518
-0.172347
-0.890456
0.564784
-0.891135
-0.0196829
-0.295759
-0.546792
-0.0709608
1.01167
-1.00956
0.544262
-0.124462
0.314957
0.261907
0.0704597
-0.168674
0.190595
-0.292226
0.437435
0.396913
-0.30518
0.0709226
0.100232
0.259056
1.35708
-0.114356
-1.04252
0.610874
0.543698
0.584409
-0.138783
-0.229058
-0.0628129
-0.510393
-1.15422
-0.894136
-0.481415
-0.632018
-0.926275
-0.520156
-0.358807
-0.802997
-0.423572
0.0412926
-0.478408
2.05391
-0.565457
0.81279
-0.129825
0.123897
0.101834
-0.238512
-0.0521728
0.352422
-0.140008
0.0946965
-0.0905744
0.256665
0.0583905
-0.03263
-0.366328
-0.501848
-0.493933
1.73742
-0.187827
-0.0958899
-1.0783
-1.61604
-0.889603
1.534
-0.424361
-0.104878
0.198169
-0.0916741
0.890266
-0.627241
-0.531175
0.190897
0.424382
0.743436
0.862818
0.100008
-0.136783
-0.679985
0.328012
-0.111605
0.321573
0.303473
0.35926
-0.172201
0.187326
0.514889
-0.540571
0.421239
-0.144197
0.0114141
0.822469
-1.28333
0.290435
1.1807
0.981924
-0.766125
1.31614
-0.627095
0.0375415
-0.271183
-0.268879
-0.134933
-0.364446
0.393695
-0.293518
0.299895
0.381581
-0.172312
0.31569
1.6892
0.587486
1.85982
-0.638246
-1.35327
0.0876819
-0.378711
-0.0725378
0.173228
-0.215012
0.22793
-0.284058
-0.256172
-0.0397571
0.721109
-0.107616
0.212557
-0.52483
0.249639
0.322793
0.82291
-0.0254218
-1.49084
-0.036416
0.169839
-0.97137
-0.0931807
0.508228
0.12592
0.596682
0.0379108
0.0702066
-0.1229
-0.214471
0.85618
1.32816
-0.0783447
-0.09113
0.813451
-0.281447
1.0539
0.244466
-0.239433
0.291155
0.300206
-0.378465
0.41835
-0.12885
-0.262379
0.22358
-0.389999
-0.822622
-1.00843
-1.07804
-1.06607
0.598619
-0.870973
0.34734
-0.725014
0.043548
-0.0390589
0.887952
0.338338
1.82453
0.8859
2.2178
1.21442
0.829483
0.187079
-0.0153214
1.55927
0.653223
-0.081888
-0.734039
2.99726
-1.28246
0.0393637
-0.00814002
-0.0365455
-0.190789
-0.131408
0.356878
-0.109347
-0.0170665
-0.0121077
0.488937
-0.655516
0.0823161
0.193374
-0.211773
-1.2906
0.0275184
0.0584364
-0.537655
0.322993
-1.17453
0.238189
0.0928114
-0.406993
-0.0513007
-0.402243
0.216513
-0.159128
-0.766099
0.683512
0.323604
-0.221478
-0.152871
-0.430549
0.741077
-0.149693
0.265493
-0.148597
0.20088
0.657596
1.33382
0.802062
1.16557
1.17022
0.951207
0.537072
1.03815
0.596065
1.11008
1.45421
0.394602
-0.028642
1.39097
-0.450138
-0.440834
0.42696
0.41009
0.0177993
0.423663
0.739454
0.234692
0.504625
0.643988
1.34371
1.26864
1.00707
1.60965
1.25008
1.76895
-0.89287
0.821255
-0.646118
0.424549
1.06092
0.356907
0.557628
-1.09994
-0.386971
0.669066
0.208051
1.04329
0.595145
-0.25119
-1.59768
-1.01409
0.00950937
-0.578315
-0.235378
0.0482617
1.12298
-0.307483
0.851091
0.864684
0.349562
-0.222358
-0.166578
-0.454301
0.378967
-0.156394
0.478689
1.09523
-0.351894
0.356827
-0.20427
0.369185
-0.0512859
0.0613832
0.325392
-0.705374
-0.570021
-0.419607
-0.449715
-0.222179
0.321303
-0.713507
-0.241253
-0.339191
0.458042
0.400879
-0.72258
-0.0432941
-0.331611
-0.233732
-0.344562
-0.310392
-0.0974868
0.150255
-0.651304
-0.0397841
-0.199259
-0.928498
-0.35972
0.0676847
0.154166
0.463053
-0.611528
-0.142007
0.0155191
-0.67817
0.189671
-0.201371
0.8018
0.485865
0.121597
0.693034
-0.675787
1.13174
-0.478963
-0.055574
0.774504
0.520184
-0.0343555
-1.14982
-0.523626
0.368064
0.668447
1.48002
0.345766
0.227069
-0.352139
-0.256363
-0.964862
0.0570562
0.142407
-1.68377
0.379377
-1.45961
0.679012
0.146578
1.18262
-0.600784
-2.67063
-2.39519
0.734954
2.52263
1.39349
0.810572
-1.67877
-0.152302
-2.15869
-2.05598
-0.17744
-0.54732
-0.567287
0.351223
-0.766383
0.172004
-0.251871
0.543501
-0.10428
-0.711832
-0.399766
0.12222
0.510996
1.25716
0.650226
-0.230352
-0.620711
-1.13138
-1.00841
-0.72748
0.19605
-1.0614
0.742929
-0.851764
0.207825
0.436318
0.0134027
-0.00447784
-1.48248
-0.0750416
0.901802
0.97001
1.21143
0.961659
-0.936255
-0.643012
-1.2644
-1.14666
-0.358942
-0.077559
-1.01976
0.578673
-0.562195
-0.494374
-0.497989
-0.084504
0.00578504
-1.8637
0.0416811
1.41139
0.384142
3.0363
1.7973
-0.158544
-1.00442
-0.854194
-0.673441
-1.10978
-0.791268
-0.247916
0.0997229
-0.755347
0.78549
0.014757
0.864672
-0.14377
-1.30814
-0.648982
0.684065
0.752871
0.966285
-0.00388806
-0.986118
-0.241077
-1.66467
-0.499745
-0.631898
0.575328
-0.630363
0.929887
-0.915366
0.762039
0.676057
0.282005
-0.613781
-2.18664
-1.20066
0.446679
1.34486
1.91127
1.07244
-1.57501
-0.636448
-1.77707
-2.24331
-0.623121
-0.0635351
-0.476516
0.742097
-0.157477
-0.096031
0.653214
0.892036
-0.144517
-0.803646
-0.0142547
0.427351
0.118124
1.04707
0.663477
0.160329
-0.228062
-0.855432
-0.581412
-0.111142
-0.0776601
0.626654
-0.933433
0.309752
-0.827652
-0.490815
-0.205021
0.307111
-0.655153
-0.245712
-0.565422
-0.00426697
0.418553
-0.582161
-0.122217
-0.0509908
-0.263978
-0.0951593
-0.320805
0.472367
-0.61842
0.664274
-0.549921
0.852769
0.167687
0.792497
-0.866304
0.924863
0.24201
0.842782
-0.305255
0.260582
0.0362718
0.466076
-0.0509212
0.32418
0.348766
-0.109616
0.0971596
-0.627625
-0.170918
-0.202636
0.645445
0.696879
0.307874
-0.509848
-1.29381
0.0610122
0.432156
0.462986
1.20589
0.0773698
-0.677942
-0.333328
-1.30688
-1.07957
1.05171
0.360906
-0.410344
0.276423
-0.230935
0.361876
0.2164
0.658917
-0.251352
-0.884313
-0.631162
0.469274
0.089418
0.485956
0.743269
0.206803
-0.138055
-0.534803
-0.168263
-0.155406
-0.0464533
-1.02505
0.438244
-1.24315
0.472672
0.61356
0.911983
-0.0128781
-2.75684
-1.37911
0.455047
1.79451
0.895898
1.1719
-1.66803
-0.500107
-1.57341
-2.19238
-0.213574
0.0848932
0.27996
0.0889685
-0.366796
0.231717
-0.108841
0.276365
-0.0423371
0.540804
-0.350847
-0.328794
0.280648
0.582764
0.233411
0.314861
-0.175183
-0.266802
0.30856
-0.080655
0.175355
2.22132
0.613171
-1.49674
-1.22481
2.00587
5.27357
2.01372
2.23426
4.28368
2.5117
3.91015
1.41065
-1.20927
1.42336
3.02817
0.663455
3.44028
0.159428
