#input normalization
0.161393 0.274957
95.0992 88.2185
8.7407 36.8715
7.43205 31.112
0.0102869 0.0454952
0.00813669 0.0346064
0.416735 1.94248
0.843054 1.88249
1.19755 2.09885
1.57139 2.32446
1.95267 2.55457
2.311 2.76913
2.64513 2.96759
2.98761 3.14384
3.29901 3.2822
3.58221 3.37622
3.84853 3.43049
4.08943 3.45432
4.29169 3.44708
4.45205 3.39115
4.57598 3.30541
4.68982 3.19973
4.76666 3.07723
4.77901 2.92157
4.78322 2.74792
4.73699 2.55788
4.65928 2.35665
4.58596 2.14655
4.41891 1.90465
4.25364 1.65727
4.09669 1.42802
3.92141 1.21088
3.71732 1.00245
3.53935 0.808176
3.34074 0.621699
3.1234 0.439487
2.94345 0.278555
2.74914 0.131536
2.56017 -0.003553
2.3792 -0.125196
2.20565 -0.238275
2.04321 -0.335478
1.89197 -0.423311
1.7283 -0.505947
1.58494 -0.574725
1.46335 -0.633873
1.33466 -0.689543
1.22662 -0.736891
1.11363 -0.779565
1.02073 -0.816217
0.915833 -0.849764
#output normalization
1 0
#neurons weights
-0.15307
0.32667
-0.0145617
0.182318
-0.464781
-0.442192
-0.230148
-0.477853
-0.416888
-0.321825
-0.199232
0.305807
-0.152692
0.134533
0.439396
-0.470483
0.0308657
-0.165832
-0.384569
-0.0893239
-0.173692
0.00605207
0.227065
0.411284
-0.085058
-0.495391
0.0628118
0.343289
-0.327814
0.405492
0.332335
0.282211
0.238911
0.489636
0.038216
0.0696718
0.147366
-0.44897
0.179175
-0.213925
0.448915
-0.317757
0.247916
-0.120654
-0.33174
-0.455598
-0.434597
-0.182203
0.0387381
-0.091585
-0.0155573
0.348208
0.814429
1.08301
-2.61976
0.518858
4.13039
0.495252
-0.324365
-0.522409
-0.991711
0.231306
0.214148
-2.17521
-2.12207
-1.50933
-0.253033
0.110989
-0.475724
-1.6833
-0.137538
0.308647
-3.00428
1.63275
-0.360196
-0.696494
-1.68871
1.89855
2.39439
0.542615
1.711
-1.09013
0.760375
1.9026
1.68342
0.331712
2.3201
1.00557
0.144187
0.243894
-0.186618
1.27151
0.390409
-1.80929
0.232741
1.14981
0.193256
-1.69729
-2.22344
-0.287033
-0.594127
2.87386
0.693478
0.381429
0.549366
-0.813347
0.246162
0.712335
-0.486868
-0.0486229
-0.05032
-0.016924
-0.303541
0.265036
-0.000197913
0.423197
-0.730171
0.408318
0.366224
-0.273414
0.004763
-0.261493
-0.49973
-1.4446
-0.237833
-0.108359
-0.12549
-0.449496
0.35938
0.449218
0.154601
0.496681
0.354493
0.388869
0.279333
0.67374
-0.405555
0.276281
-0.00656447
0.411279
0.765786
-0.497501
0.239449
-0.372268
-0.482862
0.579031
0.339393
0.0939344
0.502492
-0.351225
0.61522
-0.358157
-0.0311776
-0.297857
1.61829
#synapses weights
0.663524
0.0526751
0.10717
-0.0484058
0.347913
0.111381
0.00915074
-0.223506
-0.170713
-0.300195
0.539788
0.0155344
-0.288153
0.366982
0.481437
0.739177
0.255871
0.0579048
-0.0965775
0.428166
-0.077242
0.525124
-0.00667625
0.628614
-0.0869418
0.0777
0.362956
-0.262336
0.090392
0.0425277
-0.260021
0.397116
0.352792
0.517253
0.465525
-0.187459
-0.105748
-0.0321326
0.0393103
0.492262
-0.296538
0.30232
0.179472
-0.2116
-0.232348
0.147235
0.327033
-0.341475
0.386042
0.447428
-0.170776
-0.824806
-0.74814
0.822769
0.34482
1.01514
0.422891
0.226056
0.516093
0.149064
0.279745
-0.0830603
0.00502546
-0.349626
-0.0689474
-0.100736
0.190207
-0.407384
0.362408
0.295865
0.146016
-0.339826
-0.0240566
-0.185333
0.0899602
-0.154257
-0.234123
0.496597
-0.489105
-0.0993916
0.245121
-0.188591
0.402307
-0.469541
0.660455
-0.30486
-0.357037
0.0621256
-0.471996
0.078795
0.371886
-0.248171
-0.215301
0.0577107
0.170334
-0.244304
0.400887
-0.0184448
0.0721234
0.0309524
-0.296596
0.148662
-1.18309
-0.46426
0.378122
0.180923
0.334701
-0.323699
0.635907
-0.211062
-0.339198
-0.27068
0.0727777
0.413504
-0.432821
-0.421088
-0.0217235
-0.35176
-0.839814
-0.721617
-0.592332
-0.365418
0.0983721
0.0171262
-0.676643
-0.557653
-0.109436
-0.799496
-0.612703
-0.479597
-0.4294
-0.760322
-0.215288
0.00997833
-0.0234003
-0.368971
-0.64456
-0.154621
0.171043
-0.612048
-0.506557
-0.236471
0.143311
0.31262
-0.0981295
0.107954
0.186202
-0.0330678
0.173393
0.279759
-0.239325
-0.0720988
-0.0520619
0.520155
0.698946
0.250328
0.0678497
-0.367458
0.0163809
-0.0203834
-0.274879
0.201411
-0.347691
0.320705
0.242821
-0.0307685
-0.540901
0.404035
0.332103
0.0628441
0.171512
-0.169213
-0.00546364
0.515962
-0.00274974
-0.18577
-0.106291
0.366959
0.0750766
-0.108692
0.303948
-0.300668
-0.343385
0.0665234
0.402601
-0.0113858
0.46742
-0.130362
0.108958
-0.0763781
0.213487
0.192492
0.186275
0.151943
0.0670471
-0.241008
0.277541
-0.0262837
0.00717518
0.0334117
0.0428314
0.109685
-0.25356
0.061129
-0.047235
0.0596389
-0.421051
0.337366
-0.126903
0.195424
-0.225482
1.48898
0.470449
0.168358
-0.299681
-0.00894497
-0.120753
0.0290069
-0.533365
0.0298513
0.1668
0.260741
0.288246
-0.491515
-0.105674
0.33213
-0.459682
-0.022694
-0.162944
-0.156522
0.276161
-0.133401
0.286533
-0.181397
0.559779
0.609073
0.264985
-0.0921643
0.097156
-0.285523
-0.157438
-0.269844
0.0212668
-0.17076
-0.110271
-0.315937
-0.0819237
-0.463291
0.468077
0.0935009
-0.296821
0.334581
-0.0395187
0.0438
0.371365
-1.63098
-1.0196
-0.188877
-1.54504
1.08374
0.164748
0.49841
0.533234
-0.388983
0.199965
-0.165639
0.104753
-0.0968737
0.30637
-0.466813
-0.0507385
-0.0513438
0.452423
-0.0427161
-0.370462
-0.101564
-0.15472
0.0402558
-0.112814
-0.115969
0.381856
-0.0395531
-0.429827
-0.447068
0.552415
0.0889537
0.0791515
0.20587
0.0109407
-0.105845
-0.140429
0.494524
-0.716042
-0.0190079
0.113925
-0.058059
0.404189
-0.215557
-0.00876383
-0.141593
0.242614
0.0680801
0.346155
-0.159878
-0.135948
-0.159585
-0.264748
-0.0701336
-0.05888
-0.0451399
-0.414973
0.376745
0.143161
0.201166
-0.0890838
-0.544946
0.137939
0.286597
0.238592
0.546673
-0.186911
-0.36422
-0.308431
-0.416848
-0.616822
-0.282203
-0.118099
0.144
-0.682294
-0.117475
-0.364814
0.111877
-0.0919146
-0.215781
-0.607803
0.143227
0.0419342
0.468024
-0.413802
-0.393435
0.203839
0.378376
0.244255
0.016571
-0.116327
0.192962
-0.309147
0.291511
-0.33032
0.206513
-0.739604
0.343977
-0.0933761
0.0649058
0.155288
-0.323563
-0.0271768
0.633578
0.0247972
-0.0969994
0.39593
-0.148353
-0.196953
-0.0503572
0.259549
-0.294055
0.295569
0.619186
-0.0871054
-0.0624173
0.0780881
0.459364
-0.457744
0.0403617
0.00258634
0.363118
-0.00363121
0.60536
0.497326
0.366967
0.283613
0.400616
-0.266056
0.63186
0.0469638
0.287463
0.484102
-0.00413983
0.5875
0.507028
0.141037
0.215485
0.0763441
0.675801
0.0471604
0.0179548
-0.0611102
0.0456845
0.34528
0.403119
0.426933
0.706768
0.451098
0.554764
0.394041
0.698089
0.156604
0.864999
0.245919
0.805767
-0.033936
-0.107193
0.474297
-0.363327
-0.532096
0.348637
-0.0543455
-0.503436
-0.160908
-0.637684
0.251837
0.265696
-0.0618676
0.131557
0.243289
-0.0432641
-0.238577
0.0891363
0.000297541
-0.463242
0.312219
-7.14422e-05
-0.0953698
0.443899
0.0420419
-0.0959833
0.191455
-0.0361439
-0.113782
0.378132
-0.0213302
0.0682293
0.605298
-0.0201768
0.262835
0.0271987
0.523452
-0.0357187
-0.121505
0.0437607
0.0379634
0.408749
-0.34157
-0.29949
0.145884
-0.0385209
0.232777
-0.0824432
0.0611238
0.524321
0.873883
-0.0646198
0.278996
0.10942
0.257176
-0.00372247
-0.11605
0.343838
0.408925
-0.169544
0.325754
-0.276836
0.1509
-0.108382
0.375383
0.0870055
-0.0314704
-0.466274
-0.414306
-0.942909
-0.263081
-0.330313
0.530514
0.447612
0.316779
-0.22861
0.461185
-0.170495
0.12815
0.103387
-0.331155
0.0171306
-0.515406
0.264777
0.158376
0.111408
-0.363465
0.115194
0.149691
-0.122232
0.145488
0.173606
0.15819
-0.0254422
0.117797
-0.0621533
-0.184924
-0.581107
-0.228267
0.100214
-0.290318
-0.196016
-0.228545
-0.0340804
0.474063
-0.416377
0.272256
-0.0917548
-0.364371
-0.0359153
0.158024
0.0700362
0.0476852
0.233512
-0.448792
0.265895
-0.458183
-0.46574
-0.223874
-0.502663
-0.403509
-0.579601
-0.131283
0.0804986
-0.272586
-0.227978
0.110971
-0.59739
-0.0568043
-0.349948
-0.0304332
0.065311
0.183283
-0.406509
-0.0577572
0.131664
-0.196491
-0.111932
-0.0818572
-0.00982817
0.153298
-0.392626
0.404662
-0.468828
0.179616
-0.303482
0.0456551
-0.0375354
-0.166452
-0.537248
0.127596
0.406711
-0.374413
0.64525
-0.119013
-0.43367
0.0446929
0.536834
-0.295073
0.044256
-0.567388
0.531661
-0.24554
-0.297753
-0.520573
-0.142587
0.190349
-0.0891168
-0.244127
0.211862
-0.13246
0.372336
-0.308554
-0.803271
-0.021557
-0.332936
-0.282637
-0.544892
-0.0921747
-0.247009
0.149147
-0.29803
-0.624469
-0.311317
-0.294991
-0.33082
-0.146563
-0.86833
0.0110063
-0.85162
-0.636866
-0.257405
-0.414143
-0.215002
0.0243132
-0.0831735
0.159545
-0.609992
-0.675358
0.264816
-0.0319786
-0.690192
2.33983
0.807643
0.856378
-0.400965
-0.435672
-0.484917
0.0292075
0.00533944
0.181202
-0.367268
0.228036
0.213646
-0.274094
0.0705831
-0.220297
-0.207909
0.473283
-0.30021
-0.0618353
0.0872601
-0.0710439
-0.199981
-0.289628
0.329436
0.0603199
-0.0947765
-0.271282
0.135144
-0.271659
0.147419
0.114108
0.201469
0.228772
-0.216438
-0.271109
-0.321835
0.0735151
-0.221117
0.0261291
-0.302594
0.382413
0.214421
0.0120385
-0.136106
-0.115426
0.177175
0.11464
-0.125842
-0.221262
0.152487
-0.447445
-0.49205
0.996519
-1.02806
0.853579
0.278145
0.520388
0.428972
0.696609
-0.372615
0.0544781
0.127659
0.0459504
-0.149472
-0.311774
-0.0431282
0.55259
-0.120091
-0.0944898
-0.179969
0.185581
0.263076
-0.678707
-0.0045627
-0.172234
0.0983404
-0.00793443
0.0280866
-0.0552802
0.0616642
0.347
0.0825128
-0.0900083
-0.433982
0.0161316
0.371819
-0.217463
-0.0722819
-0.069553
-0.100278
-0.26553
-0.169201
0.19609
-0.0509192
-0.339069
0.321886
0.111933
-0.0317432
-0.066349
0.487836
0.0577932
-0.357567
0.0288348
0.0337288
0.354747
-0.137534
-0.632404
0.0423482
-0.113615
-0.581723
-0.123853
0.377906
-0.422246
0.0290016
0.516966
0.699296
0.348955
0.376307
0.367493
-0.0158405
0.280584
-0.190371
-0.130105
-0.164018
-0.561337
-0.296199
0.764828
-0.215055
0.474808
-0.514797
0.632045
0.0746657
0.275679
0.280689
-0.209086
-0.0949907
0.231631
0.213351
0.114347
-0.304399
0.47226
0.271983
-0.085912
-0.401048
0.389319
-0.105568
-0.0250996
0.0105159
0.326762
-0.645139
0.271925
0.362176
0.0416034
-0.328586
-0.181058
-0.522824
-0.180827
0.234613
-0.56441
-0.502952
-0.0873182
0.0694252
-0.216362
0.293836
-0.127483
-0.117083
-0.499941
0.122718
0.45416
-0.103362
-0.73387
0.142068
0.600251
-0.239431
-0.124086
0.0668479
0.448945
-0.0564065
-0.296935
0.216191
-0.193169
-0.231215
0.301939
0.302336
0.331405
0.405901
0.0768322
0.0877874
0.102381
-0.206335
0.497397
-0.0579212
0.0643133
0.0147543
0.0127599
0.144394
0.558179
0.0827128
0.502422
-0.227869
-0.356676
-0.372658
0.154655
-0.47997
-0.44831
0.66491
-0.0620453
0.483807
0.0835958
-0.00535232
0.310732
0.0564615
0.210006
-0.54824
-0.542844
0.304175
0.234446
0.0128098
-0.307202
-0.245035
0.364187
0.0326961
0.301486
0.96088
0.194195
0.327301
0.260727
0.11911
0.106009
0.46539
0.243759
0.517069
0.247477
0.227364
0.103289
-0.188109
0.330737
0.124496
0.143542
-0.221603
-0.173532
0.158068
0.205745
0.260807
0.285463
-0.376683
-0.23951
0.0218838
0.331044
-0.0965193
0.368939
0.349883
-0.0537825
-0.362052
0.041564
-0.495702
0.541873
1.30833
-0.0243437
-0.376995
0.174382
0.137128
-0.294666
0.170914
-0.292042
0.375447
-0.180948
-0.433484
-0.347071
0.340718
0.149828
-0.195531
-0.402924
-0.00923984
0.424482
0.464936
-0.56968
-0.00379486
-0.379155
-0.430016
0.102016
-0.255429
-0.301946
-0.305415
-0.429702
0.43717
0.255429
0.417292
-0.290216
-0.128944
-0.0170386
-0.192547
-0.0322706
0.386824
0.379813
-0.50736
-0.418859
-0.194996
-0.507546
0.157754
-0.453101
-0.111015
-0.402544
-0.396359
-0.0127304
0.24078
0.186483
-0.149364
-0.734861
0.110589
-0.385021
0.2077
-0.325479
-0.235576
0.090163
0.0761631
0.33578
-0.454388
0.501138
-0.37482
0.0681023
-0.0669025
0.235568
-0.22005
-0.342149
-0.372872
0.565548
0.383029
-0.0881658
-0.155874
-0.277945
0.0897442
-0.446473
-0.131419
-0.725455
-0.709916
-0.813632
-0.547725
-0.535851
-0.486513
-0.379183
0.0811272
-0.014576
0.0815556
0.222338
-0.310352
-0.534059
0.419869
0.00625974
-0.475371
0.499597
0.545344
0.348048
-0.420908
0.132867
-0.00927922
-0.232308
1.02371
0.165684
-0.738444
0.502506
-0.345011
-0.672339
-0.50333
0.301703
0.354014
0.277832
0.00275119
0.214694
-0.267623
0.00589548
0.550148
-0.35849
-0.186747
-0.371119
0.0453974
0.315958
-0.100672
0.196723
-0.19393
-0.206104
0.369375
-0.116319
0.240612
-0.472658
0.140537
0.132959
0.00513361
0.301911
0.204663
-0.431016
-0.388177
0.0694025
-0.0486841
-0.311211
0.629438
0.342643
-0.30013
0.0752752
0.0989515
0.33532
-0.453216
-0.333026
0.322603
0.0563075
0.147021
0.370726
0.110245
-0.423191
0.887836
0.852939
-0.277226
-0.505838
-0.0576545
-0.0217652
0.120285
-0.214911
0.364991
0.414115
0.0170062
0.0883208
0.769222
-0.369586
0.00609845
0.193003
0.022512
-0.0158516
0.532171
-0.13169
-0.237312
0.241772
-0.090097
0.136981
0.246445
0.0635293
0.263352
0.300748
-0.0924335
0.232506
-0.218004
-0.454981
0.22539
-0.159123
-0.157815
-0.000855081
-0.0880269
-0.204345
0.00717281
0.315086
-0.287239
0.104307
0.345298
-0.00612013
0.358783
0.217917
-0.17096
-0.204449
-0.285517
0.466569
0.278643
1.23651
-1.95241
0.0479124
-0.211178
0.881516
-0.0827483
0.387342
-0.0134775
0.221621
-0.0037128
0.102176
0.193518
-0.0218606
-0.190709
-0.482557
0.156777
-0.025484
0.132888
-0.350211
0.281079
-0.16898
0.222978
-0.489355
-0.222329
0.360968
-0.132385
-0.699861
0.178863
0.501616
-0.241925
0.0532836
-0.319555
0.460084
0.115122
-0.871889
0.437634
0.301773
-0.887313
-0.253451
0.205927
0.344478
0.011476
-0.289893
-0.679911
0.268559
0.137337
0.0915156
0.441726
-0.111961
-0.206189
-1.02291
-0.00829398
-0.887298
-0.0561446
0.439119
0.00849195
0.346399
-0.514636
-0.0900778
-0.296369
0.0355195
0.101036
-0.427242
0.128993
-0.318114
0.590626
-0.00670782
0.440385
-0.23974
-0.0201907
0.0847728
-0.435273
0.00566027
0.0668852
-0.0735142
0.534392
-0.247668
-0.0540967
0.19262
0.665901
0.297756
-0.0159885
-0.163577
0.236152
-0.480874
-0.393797
-0.377375
-0.0324049
0.434981
-0.00975703
-0.0833359
0.214723
-0.115261
-0.475028
0.512985
-0.755594
0.153006
-0.532738
0.255557
0.430809
-0.145575
-0.967752
-0.417702
-0.0163497
0.194899
0.143191
0.0664958
0.265086
0.33002
0.156297
-0.113424
0.113726
-0.0952592
0.431512
-0.304549
0.182428
-0.351761
-0.0751811
-0.542765
-0.520475
-0.696675
-0.408984
-0.116696
-0.678281
-0.00885045
0.28754
-0.249209
-0.252216
-0.254558
0.00336227
-0.209705
0.316636
0.137548
0.344225
-0.509123
-0.0450469
0.025194
-0.563818
-0.242357
-0.070484
-0.214084
-0.0704355
-0.0135816
-0.44637
0.337752
-0.151532
-0.143407
-0.0362183
0.113927
0.104786
-0.20832
-0.502719
0.140199
-0.282718
-0.470921
0.412597
-0.570827
-0.455152
0.156698
0.111921
0.257468
-0.549847
-0.118483
0.482918
-0.0309175
-0.0937714
-0.16781
0.139395
-0.240527
-0.310057
-0.539227
-0.35861
-0.363411
0.00871944
-0.547052
0.179715
0.170963
-0.621776
0.150592
-0.549307
-0.20269
-0.377358
0.0757901
0.199908
0.115293
-0.304424
0.104925
-0.302017
-0.270238
-0.466945
-0.272394
0.305396
-0.388182
-0.213974
0.0678204
0.392532
0.0948291
0.579297
0.415813
0.230157
0.10593
0.206898
0.153403
-0.198112
0.289855
-0.66048
0.193429
0.0375437
-0.272974
0.446887
0.144486
-0.267533
-0.104366
0.101808
-0.585238
-0.301785
-0.269805
0.148572
0.468817
0.219539
0.583266
0.328236
0.212171
-0.261889
-0.520415
0.230743
0.119882
-0.587989
0.142892
-0.00678479
-0.429314
0.162159
-0.963363
-0.128747
0.564664
-0.0131071
0.448085
0.13877
-0.107257
0.290281
0.327353
0.131185
0.134315
0.126452
0.0107859
0.109024
-0.0649668
-0.222412
-0.402447
-0.0245903
-0.095295
0.253734
-0.00649397
-0.199719
-0.268925
-0.685425
1.40848
-0.0841347
0.0648842
0.525899
-0.200699
-0.0314349
0.0282512
0.179826
0.534408
0.317903
-0.206709
-0.272532
0.19386
0.591958
0.638478
-0.199104
-0.346279
-0.396015
-0.0706834
-0.125665
-0.700919
0.173465
0.218047
-0.589854
-0.288602
-0.16117
0.235385
-0.324734
0.529158
0.153398
0.143321
-0.260353
0.319573
0.114495
0.041372
-0.717142
0.414413
-0.164334
0.375548
0.518212
-0.416043
0.0743718
0.182314
-0.538728
0.253786
-0.00197525
-0.0102872
0.0823192
-0.331601
-0.572533
-1.22209
-1.1892
0.259361
0.303777
0.0910127
-0.134305
0.0922825
0.613586
0.0780103
-0.296688
-0.419269
-0.0126389
-0.0356796
-0.266921
0.250215
0.49283
0.181392
-0.151176
-0.0253428
-0.288335
-0.327978
-0.416044
-0.0811728
0.77237
0.209622
-0.176527
-0.0268611
0.348585
-0.178568
0.226491
0.510504
-0.303673
0.195755
-0.499024
-0.231841
0.414657
-0.00111379
-0.437744
0.205639
0.601182
0.400108
-0.381724
-0.336782
-0.177742
-0.111872
-0.205138
-0.237911
0.221095
0.0653958
-0.531936
-0.335415
-0.351457
0.730666
-0.261515
-0.0427475
0.500786
-0.208653
0.0839754
-0.071829
0.699403
0.682469
0.481134
0.42553
0.136376
0.02472
0.120736
0.184728
-0.0676524
-0.399406
0.0547271
-0.209867
0.217717
0.303296
0.155908
0.15341
0.230969
-0.0862962
-0.564656
0.0241567
-0.259691
0.420469
-0.330646
0.18647
0.102517
-0.0938817
0.462759
-0.246628
-0.0845228
0.106694
-0.629897
0.149742
-0.44239
-0.174449
-0.0250007
-0.373413
0.0723141
-0.292432
0.162115
-0.280439
-0.0923292
0.287456
-0.348146
-0.985458
0.119346
-0.0336624
0.233507
0.110036
0.0269606
0.153065
-0.227062
-0.423951
0.399765
-0.0316206
0.0950166
-0.00120246
-0.179646
-0.188867
0.735167
-0.323583
-0.304555
0.358957
0.373202
-0.0444006
0.378408
-0.066393
-0.0797928
0.447928
-0.539835
-0.0241613
-0.53667
-0.395814
0.305874
0.132774
0.162832
-0.158567
0.371295
-0.263315
-0.312711
0.269072
-0.0447964
-0.0553013
0.288492
-0.22294
0.199079
0.0578108
0.090222
0.509241
0.425065
-0.613199
-0.411287
-0.0366932
-0.0390669
-0.00052986
0.462124
-0.878059
0.453353
-0.104932
0.620787
-0.426995
0.455109
0.870677
0.31597
0.0662832
0.35362
0.464987
0.641985
0.333025
-0.386901
-0.0768578
-0.343714
0.239868
-0.0420781
-0.0971545
0.236043
0.0450522
-0.192327
0.0785387
-0.251154
-0.0164415
0.100251
0.0877268
-0.104906
0.149316
-0.479077
-0.186144
-0.378255
-0.276035
0.352156
0.383081
0.103062
0.120054
-0.65125
0.10318
0.0397042
0.081849
-0.408934
0.181243
0.249738
-0.196139
0.372285
-0.420661
0.10102
0.325044
0.268676
-0.120781
-0.242464
0.273285
-0.534994
0.0278938
0.289846
0.627456
0.585886
0.0229368
-0.163383
0.596248
-0.0720129
0.276359
-0.174954
0.558847
-0.0523388
-0.257469
-0.165717
0.110195
-0.334194
0.471714
0.430536
0.244813
0.15955
0.344189
-0.0368191
-0.229545
0.519115
0.585597
0.375653
0.454322
0.145309
-0.0485876
-0.299647
-0.476167
-0.371687
0.509202
-0.117488
-0.105297
-0.471416
0.265996
0.192723
0.438565
0.891052
-0.194869
-0.133887
-0.042168
-0.203823
-0.680255
-0.420185
1.20282
-0.419924
1.85286
-0.178746
-1.04074
-0.202474
-0.0253791
0.311288
-0.146315
-0.0555413
0.0384465
0.172357
-0.0830357
-0.0567797
0.303565
0.201248
0.0050189
-0.331482
0.281968
-0.221516
0.0979298
0.0198161
-0.105356
-0.330746
-0.0359978
-0.0957304
-0.0260105
0.310131
0.390555
-0.305753
-0.115904
0.490203
0.276554
-0.0573024
-0.0914466
0.0608528
0.0723953
0.0119176
0.0274623
-0.256441
-0.0091323
0.102821
-0.00289061
-0.190002
0.0570757
-0.194791
0.28542
0.341796
0.0980617
-0.0187304
-0.218592
-0.339472
-0.647005
-0.10788
0.0507398
-0.028746
0.000314665
-0.0809813
-0.00657109
0.103827
-0.395503
0.223158
-0.0710307
0.0190053
-0.130152
0.37925
0.629352
-0.400392
-0.0381747
-0.152837
-0.179598
-0.0451925
-0.482982
-0.188214
0.323032
-0.0275323
0.316244
-0.135443
0.174823
-0.546389
-0.513832
-0.274308
0.29309
-0.181915
0.242456
0.354093
-0.368492
0.215306
0.0916885
-0.158559
0.00818906
-0.171859
-0.150969
-0.0472532
-0.224327
0.198916
0.147953
-0.19354
0.303063
-0.368686
0.187088
0.00937641
0.0946067
-0.757943
0.0305987
-0.180879
0.939068
-0.167307
0.104854
-0.0552628
-0.588769
-0.210565
-0.0542463
-0.0127354
0.363808
0.308204
-0.0417198
0.199346
0.0671034
-0.032661
0.247064
-0.43119
-0.281681
-0.225277
0.0594313
0.102071
0.0198037
-0.186351
-0.367252
0.0537791
0.0339584
-0.109131
-0.433033
-0.272952
-0.129846
0.0937441
0.248579
-0.497023
-0.484592
0.305967
-0.0440822
-0.32196
0.343522
-0.265183
0.21724
-0.246896
0.173501
0.83145
0.0690144
0.0739577
0.347816
0.0415244
0.0504058
0.422902
-0.780921
1.46093
-0.635471
0.0948947
-0.238833
-0.136877
0.163835
-0.240081
0.323172
0.0741923
-0.469599
0.0832169
-0.360797
-0.126622
0.200245
-0.183562
0.370201
0.168953
-0.442858
0.284619
0.17325
0.6369
-0.0194303
-0.242207
0.117176
0.090114
-0.0546412
-0.0170713
0.222979
0.321702
-0.590543
-0.387801
0.157342
0.429858
0.0120458
-0.201484
0.192856
0.0395581
-0.442942
-0.0551557
-0.124008
0.1735
-0.174467
0.185734
0.260361
-0.350493
-0.322389
0.408545
0.137906
-0.147145
-0.618742
-0.81215
0.161055
-0.185804
-0.470903
0.116752
0.256727
0.0270506
0.430485
-0.282581
0.384193
-0.239331
-0.187122
0.475954
0.450684
-0.360129
-0.208463
-0.36451
0.214259
0.464497
0.014086
-0.219017
0.450865
0.197736
0.262083
-0.421338
-0.145584
0.359794
0.175726
0.47494
-0.614613
-0.357376
-0.373029
0.0689001
-0.327585
0.0956527
0.0886292
0.23817
0.198605
-0.185132
0.059134
-0.23416
0.403663
0.212861
-0.475699
-0.446888
0.429418
-0.133929
0.441434
-0.230284
0.0808995
-0.195856
-0.195859
-0.213127
0.199695
-0.224371
0.0614744
0.48316
0.00339581
0.114846
0.10229
0.109896
-0.0186629
0.239632
0.989951
0.890544
0.597669
0.359942
0.109949
0.438947
0.0979367
0.344863
0.496609
0.513097
-0.154178
-0.169255
0.0783283
-0.176315
-0.322663
-0.501342
0.286836
0.257697
0.18566
0.404351
-0.110428
0.209629
0.0614685
0.0543724
0.0143888
-0.679996
0.185104
0.0659541
-0.24795
-0.23661
-0.278071
0.195756
0.429998
-0.0238365
-0.160964
-0.161475
-0.133365
0.382534
0.115355
0.0472693
-0.662102
0.27452
0.119708
-0.0785275
-0.105366
-0.200568
0.395947
-0.495885
0.749396
0.853304
0.663602
0.0121084
0.248326
0.302335
0.0521939
0.141471
0.0400569
-0.40983
0.332438
0.135086
0.303808
-0.442533
-0.276544
0.223265
-0.321451
0.434046
0.22478
-0.500941
0.330633
-0.0471941
0.296633
-0.465735
-0.0545527
0.263036
0.308894
-0.4126
-0.0683317
0.361777
-0.0526735
0.167711
-0.0997923
0.402588
-0.0906347
0.0694668
-0.193439
0.429988
0.138907
-0.0726509
0.0994328
-0.35503
-0.0169545
-0.414531
-0.209635
0.0346184
0.399107
0.11834
0.263105
0.103679
0.571271
0.926867
-0.00224994
0.184221
-0.313663
-0.233578
-0.205041
0.217788
0.268279
-0.392813
0.2017
0.219976
0.544958
0.0275944
0.305085
-0.0803863
0.595321
0.0154067
0.345806
-0.129679
0.00583473
-0.47181
-0.201473
-0.446448
0.258219
0.303912
-0.35398
0.148919
-0.452388
0.0476216
0.136027
-0.17351
0.656725
0.355731
0.329569
0.365984
0.091374
-0.0896972
-0.0563776
0.178374
0.615256
-0.382972
-0.375651
-0.294863
-0.0049565
-0.621821
-0.379375
-0.138454
0.0805828
-0.102587
-0.0840256
-0.293605
0.367512
0.548962
0.115437
-0.396287
-0.137048
0.0954831
0.422655
-0.270498
0.173785
0.128321
0.826035
-0.82548
-0.329736
0.610543
0.174421
0.159177
-0.402967
-0.466512
0.495445
0.0920376
-0.154338
-0.213966
-0.251345
0.283812
-0.17553
-0.209831
-0.391786
-0.0909384
0.0999458
-0.0854948
-0.301955
0.490021
-0.186307
-0.0333921
-0.0653568
0.10912
-0.0261687
-0.024015
0.269639
-0.652886
0.303605
0.0395778
-0.788486
0.100333
0.0628575
-0.294847
-0.10378
-0.352003
0.105711
0.675359
0.101566
-0.256879
-0.42322
-0.0852214
0.460607
-0.770578
0.491546
0.668835
-0.588104
0.0485029
0.278403
-0.85679
-0.532559
0.0305197
-0.118783
-0.223312
0.235707
0.00571355
0.0994926
-0.195589
-0.163798
-0.270674
0.0497143
-0.228547
-0.335316
-0.134462
-0.0154123
-0.113999
-0.0888916
-0.171257
0.340801
-0.380564
0.0812087
-0.00368915
0.39032
-0.160294
-0.0314297
0.141474
-0.0600591
0.0676399
-0.244271
-0.0521553
0.167433
1.13533
0.092572
0.197957
-0.814148
0.421393
0.0730599
-0.268054
0.176344
-0.286578
-0.264643
-0.357608
-0.153101
0.58938
0.180298
-0.364556
-0.0716413
0.462525
0.474868
-0.574626
0.121717
-0.482841
-0.371156
0.559594
0.300346
-0.0171343
-0.128542
-0.066878
0.110865
-0.148345
-0.231635
0.257217
0.157787
0.0424523
-0.261247
-0.391994
-0.843645
-0.616664
0.518176
-0.463246
0.0496581
0.174494
0.278113
-0.0780735
-0.25636
0.17682
0.488254
-0.636269
0.2143
0.274821
0.212474
-1.16962
0.0911754
-0.429519
0.156189
0.392211
0.169087
0.745502
0.915463
-0.274387
0.168695
-0.096201
0.191477
0.394507
-0.312769
0.170218
-0.274352
0.285823
-0.170557
-0.487964
0.270629
-0.685393
0.168929
0.096724
-0.349154
0.428273
-0.121755
-0.248258
0.0752887
-0.24113
0.10766
-0.244115
0.258382
0.149952
0.121359
-0.294427
0.164983
0.0642723
-0.619447
-0.27848
-0.372221
-0.0752629
-0.239489
-0.670621
-0.145721
-0.660527
-0.593324
-0.719899
-0.429603
0.169204
-0.0118629
-0.135432
-0.952049
-1.01285
-0.128856
0.299217
0.163552
-0.183414
-0.215571
0.133944
0.0789092
0.225802
0.0982178
-0.0734828
-0.40598
-0.483462
0.0537876
-0.0701817
-0.408288
0.445009
0.00303894
-0.309791
-0.12491
-0.0640707
-0.107975
-0.402742
-0.45323
0.357959
0.0239246
-0.239929
-0.175343
0.268045
0.196378
0.20952
-0.0483813
0.17058
0.00368801
0.169109
0.0923279
0.0286009
-0.169675
0.00254836
-0.301354
0.143999
-0.109383
0.0375298
-0.193812
0.526277
-0.362655
-0.00829899
-0.121916
-0.00463677
-0.0923436
-0.868374
0.0976052
0.259528
0.029785
0.242367
-0.294557
0.446483
0.792549
-0.0596736
-0.594829
-0.323195
-0.456903
-0.324015
-0.035451
-0.176061
-0.049902
-0.128462
-0.0784357
0.13212
0.306579
-0.137114
-0.225128
0.153697
0.346071
0.162698
-0.276146
-0.296655
0.265875
0.0804247
-0.0429046
-0.112231
0.171357
0.504474
0.563568
-0.445415
0.313038
-0.261909
0.367586
0.174613
0.0721754
-0.194373
0.00294906
0.179697
0.105811
-0.229121
0.366232
-0.0233242
-0.299938
0.0257826
0.438073
-0.15797
1.86001
0.601893
0.223832
1.04195
-0.905546
-0.0462122
-0.127744
-0.0386832
0.30318
-0.137639
-0.172745
-0.351322
0.076904
-0.00738425
-0.176186
0.338222
-0.0635101
-0.262006
-0.0413068
-0.243512
-0.18902
-0.327898
-0.125503
0.0141465
-0.0902969
0.169818
0.247528
-0.593132
0.315975
0.0112726
-0.304549
0.207565
0.111365
0.164593
0.0638238
-0.109743
-0.118131
0.365607
0.387107
-0.526537
-0.0930906
-0.224072
0.394557
-0.545107
-0.0706266
-0.150388
-0.15653
-0.0587552
-0.0550442
-0.114109
0.158783
0.919567
0.880317
0.103941
-0.146321
-0.318772
-0.0300659
-0.232964
0.49033
-0.304531
0.0706912
0.260329
-0.248483
0.128579
0.556835
-0.152167
0.123777
-0.0398902
0.364876
0.244303
-0.309574
-0.054109
-0.0785653
0.00729753
-0.168113
0.356693
-0.214408
-0.48721
0.425882
-0.851236
-0.169596
0.56074
0.0845157
-0.841165
-0.189631
-0.465245
0.115731
-0.148662
-0.0920775
0.0817629
0.0164021
0.388419
-0.134533
-0.366089
0.526702
-0.0456179
0.392857
0.0522932
0.378512
-0.368347
-0.756897
0.664336
0.76838
0.917689
-0.0813817
0.161837
-0.0499165
0.149466
-0.0319121
-0.242364
0.140919
0.142132
0.329158
0.546991
0.626362
-0.102464
-0.0449903
-0.134639
-0.0959711
-0.190005
0.237356
-0.150623
0.253726
0.462205
-0.0667009
0.296565
-0.0508801
-0.0415263
0.283561
-0.397709
-0.379339
0.126877
-0.0283243
-0.334277
0.268785
-0.113293
-0.221969
0.393575
-0.133156
-0.319581
0.221782
-0.279739
-0.0418063
0.372129
0.0792191
-0.318019
0.0749585
-0.475546
-0.053813
0.434919
-0.205474
0.0671694
-0.0219188
-0.451171
0.0969253
0.0957506
0.120363
-0.0637034
0.653519
-0.328378
-0.547102
-0.0453234
0.543971
0.667334
-0.465889
0.127451
-0.26525
-0.0273597
0.601687
-0.628577
0.157118
-0.372163
-0.452113
0.205108
-0.34901
-0.028927
-0.0562969
0.448375
-0.0170088
-0.217557
0.0991251
0.384755
-0.182042
0.0785103
-0.382102
-0.157033
-0.388489
-0.242113
-0.245563
0.0366727
0.283059
-0.245013
0.143567
-0.359522
0.499115
-0.384974
0.127827
-0.0507897
-0.43865
0.251479
0.322268
0.0607701
-0.0698904
-0.255458
-0.467853
-0.450944
0.934813
-1.28158
0.625821
-0.366263
-0.00601864
-0.641062
-0.23688
0.269589
-0.617429
0.101862
0.132461
0.346062
0.0457364
-0.00540065
-0.319626
0.356344
0.129075
0.237717
-0.254022
-0.708148
-0.182746
0.0863135
0.141086
-0.0151743
0.655982
-0.0197342
-0.011873
-0.480789
-0.0259939
-0.306688
-0.112656
-0.297166
0.489173
0.0233871
0.0761914
0.422609
-0.204188
-0.233426
-0.0126563
0.226829
0.213495
0.0468712
-0.428099
-0.106082
-0.221609
0.08141
-0.153715
0.0412541
0.283158
-0.683666
-0.472397
-0.197244
0.0899259
0.244533
0.799242
0.218635
0.406483
-0.216269
-0.0400942
-0.198795
0.348131
0.255235
-0.10971
0.331747
-0.177853
0.121134
-0.720727
0.00383243
0.0407249
-0.565576
0.146445
0.309927
0.183405
0.0555311
-0.328039
-0.0235577
0.330959
-0.0537099
-0.203368
0.108479
-0.40734
-0.0832901
-0.0612563
0.099719
0.0874125
0.0863604
-0.299426
0.0355629
-0.263975
-0.0230203
-0.0305442
-0.313883
0.464886
0.450861
-0.0380885
0.817718
0.11025
0.939095
0.793961
0.393363
0.279729
-0.318261
0.485603
-0.448224
-0.325684
-0.260586
0.262804
-0.0754692
-0.260887
0.254031
-0.0217066
-0.040185
-0.283294
-0.038325
0.0655614
-0.309492
-0.399304
-0.0899028
0.0898577
0.436377
-0.345939
-0.0718997
0.262616
0.692532
-0.149435
-0.138874
0.482114
0.108007
0.526359
0.156562
-0.217553
0.584664
0.250421
0.37622
-0.20039
0.372348
0.0603563
0.517242
-0.154243
0.315266
0.381868
0.0279876
-0.54838
-0.0651156
0.647286
0.0059894
-0.274176
0.213557
0.405192
0.415075
-0.0343104
-0.0036144
0.0478892
-0.247382
0.352068
-0.35646
-0.293232
0.0404688
-0.347412
0.254411
0.188408
0.339696
-0.108924
0.73174
0.226926
0.470603
0.281899
0.0296904
0.411345
0.306375
0.228826
-0.25245
0.259974
-0.452864
0.421123
-0.021699
-0.103034
0.129745
0.321835
0.0645159
-0.241852
-0.309616
0.190482
0.342467
0.372805
0.300735
-0.45861
0.433236
0.158236
0.0166799
0.46036
0.307254
0.0445675
-0.157187
0.230788
-0.111099
0.397378
0.307982
-0.0513877
-0.0249323
-0.392322
0.253858
-0.204312
0.105634
0.225043
-0.695496
-0.231689
-0.411693
-0.0412106
-0.304414
-0.66158
-0.260623
0.292374
-0.145527
0.433728
-0.44282
-0.037383
0.317697
0.00123459
-0.0464762
-0.478898
-0.217142
0.363599
-0.19681
-0.212831
-0.309765
-0.651019
0.0133049
0.281588
-0.126078
-0.683817
-0.477926
-0.214751
-0.0551331
0.0332411
0.115104
-0.152655
-0.204046
-0.173735
0.131964
0.224055
-0.327846
-0.559549
-0.0324597
0.124706
-0.457097
-0.414059
-0.158236
-0.374872
-0.214907
-0.374141
-0.296194
-0.501858
-0.472044
-0.27802
-0.238863
0.299203
-0.124277
0.0151561
-0.393895
-0.260267
-0.220169
-0.191603
-0.0394752
0.506509
0.15091
-0.291977
-0.441948
0.278231
0.0923641
-0.158253
-0.148283
0.542485
0.261097
-0.237905
-0.102926
0.674522
0.0586449
0.0178936
-0.17203
0.264285
0.52458
0.5152
0.363202
0.545226
-0.379605
0.179994
0.406867
0.757229
-0.331872
0.200505
0.0466239
0.417295
-0.0757452
0.658741
0.562363
-0.0595933
-0.339103
0.221297
0.52407
0.297481
-0.100974
-0.127699
0.234345
0.544662
0.0125837
0.131746
-0.416083
-0.0663793
-0.0883509
-0.243692
0.216566
-0.021182
0.0263756
-0.0673095
0.0526732
0.662235
0.508267
0.427242
0.503041
0.439213
0.619439
-0.197533
0.602579
0.27875
-0.436535
0.299409
-0.238685
-0.130803
0.234889
-0.225878
0.0305353
0.168169
0.0429535
-0.263164
-0.255426
0.154269
0.304035
-0.226932
0.63716
-0.0454598
0.194532
-0.369172
0.029193
0.371265
0.507617
0.433899
-0.357342
0.16508
0.341207
0.622569
0.0491846
0.287331
0.25539
-0.186491
0.0209124
0.235948
0.242924
-0.0550397
0.430348
-0.121335
-1.10363
-1.23421
1.34597
-0.160854
-1.06863
-0.29446
0.386636
0.165091
0.295022
-1.14793
-0.475247
0.214426
0.796873
0.56158
0.118258
0.0807223
-0.358272
0.359205
0.0870614
0.172493
0.877654
-0.905609
-0.933517
-0.07277
0.226426
-0.833658
-0.236876
-0.439653
-0.90372
0.15636
-0.0128766
-0.354305
-0.852354
-0.439137
-0.810291
-1.72526
-0.208066
-0.109305
0.0787216
-1.00832
-1.00767
0.474166
-0.283747
-0.995036
-0.622154
-0.0539303
0.930627
0.679683
0.0310618
-1.0986
-0.175607
-0.0950963
-0.668545
-0.0778055
0.634292
-0.462334
-1.13332
0.114838
-0.106783
0.340877
0.512106
-0.2443
-0.00969282
0.0251184
0.898016
0.0730768
-0.00495678
0.310469
-0.0358761
0.984139
-0.166475
-0.0966822
0.869058
0.442793
-0.191109
0.160256
0.623916
-0.460405
-0.461828
0.189064
0.032645
0.543715
-0.44008
-0.754359
-0.0452405
0.0304131
-0.358127
-0.773518
0.695614
0.539885
-0.209454
-0.842932
-0.753409
0.0787254
0.237345
-0.136541
-0.388406
0.0332888
0.471796
0.241277
0.264292
-0.762224
0.0131168
0.395737
0.0194231
0.415156
0.882843
0.319678
-0.02399
-0.238254
-0.164954
0.315047
0.343625
-0.491822
0.0307719
0.921973
0.81688
0.126364
0.18433
0.454594
0.273995
0.436634
-0.260869
0.844637
0.878998
-0.445533
-0.289527
0.0101908
0.0651939
-0.562633
-1.00496
0.00452314
-0.430032
0.462668
0.11569
-0.461428
-0.560438
-0.0973804
-0.633442
-0.30168
-0.04484
0.141045
0.195126
-0.284216
-0.298297
0.52054
-0.0315947
-0.410602
-0.162845
0.349333
0.265457
0.223618
0.301477
-0.657835
0.352967
-0.272688
-0.0239689
-0.0530046
0.120703
-0.0771911
-0.232176
0.371736
-0.372002
-0.373077
0.108503
0.369662
0.0894238
-0.503897
-0.224035
-0.354346
0.350021
-0.138871
0.111362
0.0242022
0.0738594
-0.394417
-0.0277766
-0.575434
0.243448
-0.294051
-0.452804
0.0475958
0.289709
0.412064
-0.222843
-0.400235
-0.284152
-0.15516
-0.159487
-0.133394
0.1247
0.184048
0.435483
-0.135197
0.33906
0.155906
0.124712
-0.480283
0.340962
-0.412706
-0.203743
0.426433
0.0610126
0.37543
0.463846
-0.282543
-0.36615
0.202801
-1.07938
-1.21664
0.653945
0.0775335
-1.37625
-0.761706
0.278854
0.919012
0.643191
-0.544432
-0.555897
0.236947
0.432104
-0.407598
-0.604612
0.0727803
-0.210204
-0.150134
0.119496
-0.00600119
0.222188
-0.692758
-0.312084
0.651825
0.39716
-0.912542
-1.01745
-1.11007
-1.11576
0.393801
-0.348913
-0.649983
-0.859659
-0.747865
-1.25729
-1.27857
0.20956
-0.266752
0.183883
-0.824755
-0.88771
-0.110662
-0.430688
-0.437808
0.169256
-0.184927
0.697734
-0.0784384
-0.937888
-1.23933
0.0864005
-0.103489
-0.0430824
-0.191434
-0.210792
-0.483965
-0.490475
-0.366614
0.437099
0.125247
0.261456
0.0315111
-0.478343
-0.392743
0.0334878
-0.448985
0.409803
0.338244
-0.527316
-0.122477
-0.404066
0.00319522
-0.307129
-0.0670104
0.455052
-0.334701
-0.370583
0.0158032
0.204542
-0.137202
-0.326965
-0.382774
0.0970616
-0.353975
0.145148
-0.247728
-0.250171
-0.292627
-0.0124511
-0.267314
-0.107162
0.0410024
-0.0165441
-0.344447
-0.380843
0.233109
-0.251482
0.434867
-0.195461
0.0615189
-0.388448
0.0335864
-0.252117
0.422528
-0.0606787
0.478735
-0.416265
0.0738062
-0.116649
0.272754
-0.150221
-0.159063
0.282709
0.452023
0.402456
-0.31247
0.000484624
0.070044
-0.247558
0.339677
0.436927
0.238182
-0.297095
-0.484204
0.367942
0.444056
0.510078
-0.385992
0.344593
0.45781
0.228478
0.527008
0.202064
0.481732
0.350438
0.286398
-0.426111
-0.013395
0.449394
-0.427224
0.0289309
0.296609
0.0422073
-0.123007
-0.0788208
-0.0219883
0.410095
-0.144039
0.0439509
0.0213408
0.178144
0.220337
-0.0293528
0.425716
0.271559
-0.520412
-0.529376
0.143483
0.0578245
-0.464522
-0.414698
-0.342503
-0.132707
-0.236452
0.333534
-0.720567
0.328292
0.60935
0.966049
0.586741
-0.176124
0.0877896
0.786519
1.16606
-0.113707
0.238133
0.978591
-0.601436
-0.327181
-0.384332
0.4797
-0.394765
-0.656566
0.307648
-0.520131
0.0972774
-0.0253614
-0.354865
-0.848186
-0.960459
-0.332265
0.0865209
-0.264358
-0.397214
0.0439423
0.297039
-0.235319
0.810615
-0.0199572
-0.471038
-0.58946
0.315078
0.384092
0.263769
0.269
0.033616
-0.199368
-0.00402082
-1.14632
-0.357821
0.408637
-0.12049
-1.4528
-1.07725
0.151998
0.157935
0.232624
-0.362538
-0.417076
0.0113666
0.941881
-0.293322
-0.194275
0.518572
-0.227489
0.0789406
-0.35382
0.270677
0.936655
-0.0137928
-0.897522
0.185103
0.222528
-1.40247
-0.904651
-0.725805
-0.37434
0.391524
-0.621765
-0.883998
-1.04994
-0.468417
-0.855819
-1.06425
-0.0836857
-0.271261
-0.233956
-1.08012
-0.356574
0.200966
-0.532623
-1.00534
0.177352
0.67567
0.111398
-0.266262
-0.65353
-0.318671
-0.408094
0.240676
0.317517
0.16754
0.669491
0.364829
0.011307
0.310984
0.513729
-0.0344013
0.205129
-0.185313
0.718181
0.457932
0.512914
0.613469
0.238024
0.648715
0.344055
-0.227393
0.573642
0.191755
0.388829
0.0123737
0.652535
0.16082
0.420021
0.441072
0.251474
0.511149
0.746397
0.34701
0.0343983
0.185932
0.474324
0.402146
-0.0233582
-0.0857795
0.320281
-0.0819896
-0.455118
-0.0394495
0.558318
-0.0200379
0.634728
0.546692
0.410046
0.483778
0.658075
0.658423
0.495961
-0.118588
0.646018
0.331589
0.102645
-0.0344004
0.344378
0.371243
0.549257
-0.261416
0.420596
0.629801
0.416946
-0.228163
-0.0813623
-0.187517
-0.154775
-0.168139
0.44626
-0.39406
-0.288385
0.0573867
0.019034
0.263652
0.195678
-0.117999
0.0903777
0.0124395
0.0141832
-0.291338
-0.274873
-0.251351
-0.405921
-0.278497
-0.0437695
-0.252501
-0.322368
0.130129
-0.465458
0.180413
-0.374809
0.0351661
-0.12268
-0.382382
-0.368166
0.201636
-0.0541045
-0.0312056
0.442637
-0.020475
-0.124028
0.250267
0.076785
0.0163885
0.0373589
-0.166081
-0.247566
-0.514759
0.392916
0.351288
-0.617742
-0.253599
-0.3103
0.421744
0.288853
-0.605556
0.607782
0.415319
0.132149
0.00855029
0.219816
0.29802
-0.166285
-0.351081
-0.363912
-0.384877
0.527424
-0.268702
-0.453708
-0.129276
0.0711364
-0.594134
-0.572255
0.0474216
-0.0828541
0.0879173
0.00188313
-0.935717
-0.222552
-0.42543
-1.0984
-0.614426
-0.159428
-0.123762
-0.0246669
-0.710489
-0.756845
-0.372372
-0.430564
-0.650866
0.101916
-0.0192304
0.0188291
-0.364081
-0.606146
-1.00893
-0.177151
-0.261974
-0.392606
0.186604
0.202602
0.0840698
-0.295128
-0.184869
-0.197772
-0.0354164
-0.266771
-0.161992
-0.440192
0.449744
-0.0446544
-0.376295
-0.141215
0.300244
0.565558
0.305967
-0.122117
-0.107433
0.543535
0.073991
-0.407096
-0.118907
0.809683
-0.699587
-0.479412
0.092438
-0.0116898
-0.194001
-0.356549
-0.198101
0.0358823
-0.0567552
0.0814742
-0.161192
0.371795
-0.136238
0.534826
-0.523695
-0.638639
0.0839576
-0.00393477
0.117294
0.0126544
0.383185
0.191619
0.459019
-0.0780883
-0.0641693
-0.431898
0.293299
-0.00935488
-0.0719632
0.902955
-0.43933
-0.793507
-0.737662
0.073189
0.498641
0.0994482
0.138546
0.668696
1.1616
1.20628
1.21922
-0.541268
-0.664414
1.22486
0.787265
-0.830394
1.24543
0.776506
-0.838604
-0.33457
-0.245174
0.352313
0.16418
-1.15074
0.300824
-0.33953
-0.332979
-0.339987
-1.0354
-0.438475
-0.181273
-0.709585
-0.123644
-0.361179
-0.373839
-0.783425
-0.276108
-0.260082
0.260883
-0.290417
-1.2579
-0.288035
1.17937
0.442185
0.234174
0.47436
-0.236483
-0.495924
-0.682964
-1.01123
-1.00785
0.86505
-0.203613
-1.73146
-0.997217
-0.0056691
0.745123
-0.305077
-0.579956
-0.342645
0.434907
0.423363
-0.600611
0.3021
-0.123932
-0.509548
0.228207
0.383287
-0.711709
0.42733
-0.286328
-0.929464
-0.0261944
0.296075
-1.29915
-0.850649
-1.21125
-1.41202
-0.322426
-0.228124
-1.36218
-1.58104
-0.891032
-1.36303
-1.08297
-1.11966
0.263281
-1.31683
-0.778294
-0.82283
0.355027
-0.826906
-1.12012
-0.0286462
0.126925
0.241969
0.133996
-0.291422
-0.756311
-0.0862583
-0.598565
-1.0498
-0.871785
0.724805
0.0171168
-2.16202
-0.822767
-0.391362
-0.134295
0.295166
-1.20344
-0.543827
0.431385
0.71907
0.0989057
-0.244817
-0.158549
-0.40883
-0.0793387
0.305243
-0.418532
0.247149
-0.459098
-0.383859
0.161135
0.184304
-1.73142
-0.75592
-1.33873
-1.13648
0.514702
-0.247318
-1.31268
-1.14311
-0.721562
-0.932482
-1.3937
-0.331121
0.343573
-0.745302
-0.927723
-0.583024
-0.1505
-0.28644
-1.32125
-0.661972
0.109422
0.67199
0.493977
-0.846772
-0.849196
-0.482848
0.385564
-0.199582
0.253277
-0.0179311
-0.534421
-0.25275
-0.158366
-0.484208
0.45109
-0.360363
0.0909921
0.0961956
0.256947
-0.471315
0.0552013
-0.37499
-0.417145
-0.225483
-0.365497
-0.111684
0.21141
0.29605
0.301757
0.499211
-0.475555
0.0327397
-0.111218
-0.17376
0.217348
0.0316206
-0.00171016
-0.0126369
-0.118697
-0.110523
-0.292781
-0.355575
0.0420054
0.373522
-0.573468
0.0687769
0.381938
0.417498
-0.515252
-0.380777
-0.339516
-0.295095
-0.196195
-0.0353499
0.0800742
0.0171225
-0.207691
-0.2655
-0.0470578
-0.129944
0.0176402
0.0070135
0.275068
0.200602
0.00498722
0.387518
0.347138
-0.402388
0.269881
0.225995
0.384031
0.662796
-0.201552
0.231029
-0.193052
0.334326
-0.40349
-0.445534
0.427422
0.0917384
0.130693
0.0826913
0.322372
0.35877
0.466542
0.0246724
-0.0303913
-0.400993
0.279099
0.141837
-0.316239
-0.387114
-0.235626
-0.00487926
0.478587
0.0287352
0.0794172
0.187901
0.0698249
0.347127
0.440795
0.297754
0.24683
0.235051
-0.262872
-0.0588345
0.476675
-0.0344966
0.150732
0.461151
-0.454571
-0.396456
-0.357673
-0.232919
0.174283
-0.260827
-0.160966
-0.36486
-0.42608
-0.091489
-0.325382
-0.158742
0.255412
-0.0290748
0.0427793
-0.115169
-0.0692158
-0.297709
0.302861
0.447466
0.0143406
0.188841
-0.372183
0.14121
-0.359237
-0.326977
-0.0953892
0.133618
-0.0407077
0.0845076
-0.46665
-0.00533442
0.366509
-0.321579
-0.137687
-0.441341
-0.135872
-0.469752
0.217844
-0.350692
0.0359254
-0.583488
0.108596
0.132392
-0.198103
-0.49316
-0.450149
-0.291958
-0.153734
0.326078
0.25721
-0.539814
-0.636815
0.00346225
0.0389564
0.512653
-0.152838
0.25744
-0.300334
-0.331594
0.0667056
0.516935
-0.130393
0.109555
0.0805201
0.225333
0.357614
0.134631
0.0674452
0.362306
-0.133325
0.245128
0.177948
0.511414
-0.115406
-0.632354
-0.388919
-0.0758489
-0.448472
-0.300847
-0.241812
-0.232849
0.360292
-0.0754994
-0.421556
-0.0452324
0.049973
-0.390361
0.0506138
-0.0674644
0.496501
0.0912827
0.285505
-0.748058
0.514729
0.00865997
-0.0963323
-0.368933
-0.290069
-0.569063
0.0893625
0.0299421
-0.350319
0.245335
0.609576
0.182835
-0.301528
0.227134
0.491525
0.634812
-0.292634
-0.207789
0.123316
0.124783
-0.303514
-0.076741
0.000358268
0.1829
0.290864
0.049486
0.61321
0.335737
0.310772
0.226498
0.209255
-0.549841
0.553262
-0.446769
-0.585008
-0.167352
0.275783
-0.189144
0.0791273
-0.295571
0.00174938
0.287684
0.511437
0.0416741
-0.816065
0.0863989
-0.197525
0.602056
0.834043
0.05814
-0.0929879
-0.637362
0.182145
0.493263
-0.819171
0.0638807
-0.00419051
0.709019
0.808918
0.166161
0.387345
0.0887276
-0.160403
0.648834
0.79208
-1.10725
0.248957
0.662475
0.733731
0.596428
-0.202849
-0.106057
0.619616
-0.818593
-0.49081
-1.00906
-0.447322
0.468959
0.0677912
-0.657124
0.201299
0.158352
-0.230969
-0.450522
0.363119
0.785218
0.060164
-0.590937
-0.246417
-0.174878
-0.307422
-0.00629636
0.227036
0.229559
0.0581495
0.24381
0.166097
0.793837
0.389389
0.467336
0.368779
0.62748
0.686321
-0.122643
-0.852303
0.437064
0.266649
-0.380451
-0.531032
-0.659194
-0.397318
-0.205885
0.570428
0.571287
-0.0844054
0.250319
-0.149273
-0.50515
0.014036
-0.296292
0.524153
-0.200065
0.331374
0.0617266
0.402322
0.258411
0.342868
0.000742796
0.0045081
0.0990918
-0.216759
-0.0555007
-0.113551
0.322507
-0.0495281
-0.370442
-0.03779
0.356967
-0.429732
-0.187308
0.577005
0.0961459
0.143667
0.650312
-0.506586
-0.220546
0.519049
-0.166559
-0.142769
0.630667
0.417289
-0.37648
-0.601295
0.534598
-0.355008
-0.0170715
0.0503465
-0.332562
-0.265828
0.214959
0.20561
-0.173834
0.0705043
-0.401525
0.608571
0.396618
0.0746751
0.118138
-0.0127475
-0.405825
-0.0226309
0.129565
0.151005
0.428828
0.559808
-0.325506
-0.142347
0.119801
0.166611
0.351654
-0.37089
-0.315712
-0.355775
-0.451852
-0.388104
0.0253265
-0.00106351
-0.349421
-0.464909
-0.0185524
0.185432
-0.46513
0.092367
0.469588
0.382014
0.391227
-0.200884
-0.274222
-0.267065
-0.0792811
-0.0867251
0.106478
0.158727
-0.0252203
-0.125923
0.444574
0.0274856
0.289048
0.0174961
-0.19518
0.497573
0.369554
0.402008
0.271788
-0.393063
0.328358
-0.01039
-0.262261
-0.0407655
0.403189
0.447102
-0.00408564
-0.10838
0.452914
-0.148365
-0.449035
0.549212
0.0239091
0.135175
-0.724557
-0.545633
0.215042
-0.312403
0.516027
-0.261132
-0.0258687
-0.419925
0.360162
-0.262311
0.128702
0.230697
-0.233089
-0.425595
-0.364816
-0.468462
-0.327126
-0.43792
-0.531114
-0.0259775
0.0523716
-0.394708
-0.394914
0.207586
-0.15639
-0.0632271
-0.264169
0.0637321
-0.278663
0.0878802
0.396542
-0.230913
0.0819688
-0.250383
-0.477831
-0.578709
-0.261734
0.256382
-0.233868
0.340294
-0.0748142
0.0272118
-0.435962
-0.762067
0.791554
-0.251808
-1.15656
-0.735249
0.37365
0.681729
0.111949
-0.513806
1.07982
0.877629
0.466571
0.770791
-0.271797
-0.105816
0.479863
0.664209
0.22598
-0.285875
0.387684
-0.743415
-0.765344
0.0728396
0.265851
-0.323237
-0.47052
0.274098
-0.576512
-0.45856
-0.514317
-0.398116
-0.591726
-0.0820281
-0.852819
-0.090816
-0.573366
0.159185
-0.225044
-0.266088
-0.841768
0.564041
0.285011
-0.839034
-0.438794
1.12989
0.497072
0.262931
0.458356
-0.638888
-0.508352
0.107332
0.115012
0.0470626
-0.0838538
0.0505188
0.0553522
-0.510592
0.278614
-0.501787
-0.18999
-0.524616
-0.231873
-0.567172
-0.540555
0.159794
-0.287236
-0.49236
0.244402
0.243386
-0.239957
0.17652
0.219442
0.296839
-0.247675
-0.30004
0.171615
0.369854
-0.413036
-0.000572308
0.410141
-0.187382
-0.176665
-0.00442666
0.291638
0.118524
-0.21683
-0.377361
-0.230187
-0.00773759
-0.296665
-0.041736
0.0938103
-0.431078
-0.326534
0.283753
-0.47061
0.41967
-0.0991491
0.0718356
0.244307
0.00632089
-0.42696
-0.353962
0.16488
-0.208477
0.280338
0.436247
0.641875
0.0394206
0.0294906
0.160458
-0.00447502
0.394803
0.338552
-0.346154
0.0498145
0.0260816
0.242974
-0.246418
-0.323339
-0.441295
0.284016
-0.44179
-0.0726331
0.524589
0.739815
0.0507959
-0.144923
0.00722017
-0.0682204
0.00035462
0.0752402
-0.331145
0.274093
0.0395833
0.463161
-0.0561084
0.570338
0.324964
0.47505
0.0636402
-0.192419
0.35207
-0.121872
0.302384
0.109849
0.586154
0.123138
0.137874
-0.12436
-0.338836
-0.0867378
0.444578
-0.254729
0.408773
0.195522
-0.268963
-0.243754
-0.447874
-0.557113
0.285873
-0.0625281
-0.379275
0.125286
-0.0964436
-0.422195
-0.375646
-0.193789
-0.455022
0.432422
-0.0984799
-0.101153
-0.134459
0.185236
0.0839617
-0.0717303
-0.331861
-0.149236
0.180678
-0.592027
0.0900808
0.37721
-0.433209
0.261335
-0.276
-0.237032
-0.189314
0.396121
-0.00680964
-0.400723
-0.42381
-0.00721755
-0.01853
-0.351369
0.31726
0.238394
-0.125165
-0.112886
-0.03782
-0.0871195
-0.146751
0.596798
0.0205422
-0.0401245
-0.31802
-0.0164024
0.216777
-0.54201
-0.18671
0.209501
-0.605678
-0.601601
-0.653251
0.465347
0.0526342
-0.296412
-0.27964
-0.205772
0.219725
0.698907
-0.30783
-0.261061
-0.0939648
-0.0497239
-0.0351661
-0.0859325
0.462573
0.0677821
-0.490356
0.0243968
0.312769
0.042064
-0.384137
0.0879243
-0.394133
-0.226928
-0.413744
0.0851871
-0.814077
-0.55221
-0.190654
-0.150604
-0.0656783
0.0247476
0.451772
0.124764
-0.594592
-0.565595
0.391434
-0.0452917
-0.458463
0.289545
0.121324
-0.416968
0.465516
-0.0472685
-0.626914
-0.660129
0.33551
0.285614
0.201376
0.643985
-0.300476
-0.123167
0.0114147
-0.0170096
0.412467
-0.181138
0.0172227
0.932904
0.223761
0.51726
0.331172
-0.333435
-0.114973
-0.100777
-0.120167
-0.0547057
0.509307
0.420886
0.32496
0.245532
0.261947
0.0357647
-0.129921
0.59541
0.569117
0.224213
-0.105367
0.436596
0.402518
-0.010558
-0.444756
0.0176214
0.12513
0.163592
0.30008
-0.0638266
0.389311
0.451926
-0.253553
0.10299
0.366656
0.236786
0.447215
0.15225
-0.255738
0.0446185
0.0980979
0.468815
0.351474
0.0807969
0.440496
0.469374
-0.0274369
0.380128
-0.0547175
0.147152
0.181089
0.60437
0.0197723
0.213334
-0.125725
-0.220096
0.0515753
0.0270366
0.322056
0.0125267
0.10964
0.294667
0.181189
0.126592
0.153092
-0.0701217
-0.0408525
0.318652
0.29278
0.214476
0.373507
0.124582
0.0719309
-0.0228578
-0.309624
0.429706
0.364867
0.394542
0.477065
0.611209
0.496873
0.32698
0.0830908
0.113085
-0.105558
0.422906
-0.385448
-0.0863894
0.186309
0.480278
-0.0108702
0.36324
-0.0956516
0.377165
-0.129569
-0.0519226
0.387948
0.271206
0.587294
0.143461
0.601969
-0.0695952
0.304956
0.0825511
0.416487
0.155367
-0.256515
0.463236
-0.360556
0.336151
-0.041545
0.073966
0.533921
0.489163
0.162655
0.344066
0.273982
-0.360422
-0.00172944
0.492688
-0.023754
0.617678
0.46275
0.0715273
-0.285341
0.475503
0.639098
0.509728
-0.0837554
0.476997
0.179485
0.381467
0.475053
-0.384204
0.199685
-0.0434926
0.101932
0.247893
-0.306212
0.295183
0.320147
-0.198314
0.428155
0.593748
-0.0398909
0.483172
-0.0494403
-0.14142
0.0841464
0.340073
-0.130286
-0.12942
-0.0916271
0.311125
-0.105897
-0.0982028
0.100713
-0.091394
-0.337741
0.529607
-0.474373
-0.111584
0.149394
0.22588
0.263339
-0.406128
0.0266109
0.237932
0.232748
-0.138761
-0.0656659
0.0316091
-0.0576966
-0.0768528
-0.376387
-0.462995
-0.0654827
0.209433
-0.285142
0.288218
0.256641
-0.733665
-0.662149
0.223213
0.177677
0.0197531
-0.432657
0.228706
0.622354
0.148873
0.061914
0.294539
0.12457
0.225704
-0.0141996
0.234289
-0.231505
-0.0530011
-0.106152
0.42337
0.575465
-0.23383
-0.131321
0.714189
0.38374
0.0882387
-0.391808
-0.210694
0.600212
0.389125
0.302115
0.125104
0.063464
0.284996
-0.319049
0.195734
0.0948612
-0.0757645
0.469519
-0.503801
-0.359105
0.367603
0.215826
-0.121834
-0.134635
-0.0189098
0.203366
-0.181594
0.162974
0.393603
0.424562
0.563179
-0.0135165
0.844906
0.0125347
0.357521
-0.0384303
-0.298181
0.606373
0.0431173
-0.123667
-0.146582
0.0294683
-0.114084
-0.192766
0.0541357
-0.0275496
0.164614
-0.0236063
0.1518
-0.539785
0.294672
0.400898
0.0501844
-0.395283
-0.188971
0.359128
0.173693
-0.497469
-0.640483
0.268728
-0.0381088
0.313236
-0.118076
-0.468234
0.303432
-0.293626
-0.402561
-0.42539
0.395287
-0.49766
0.513386
-0.181753
0.53003
-0.0298226
-0.285781
-0.198811
-0.566698
-0.181579
0.495416
0.0664046
-0.0402101
-0.566816
0.144209
-0.135117
0.403387
0.332992
-0.425502
0.340466
-0.432098
0.225063
-0.0691297
0.252665
0.0536821
0.0235385
0.367113
-0.431657
0.371804
-0.389146
-0.177156
-0.043846
-0.312116
-0.703554
-0.477801
-1.00083
0.0204405
0.30233
-0.458079
-0.102224
-0.0876999
0.0281545
-0.184966
-0.0813111
0.157988
0.5384
0.596864
-0.33903
-0.217521
0.202524
-0.148531
-0.0732796
-0.210255
-0.0644844
0.326205
-0.439568
-0.739732
-0.0914646
-0.261443
-0.591387
-0.83101
-0.855393
-0.475943
0.101813
-0.668765
-0.0697992
-0.384911
-0.339118
-1.1236
-0.498007
0.13246
0.0503096
-0.317083
-0.134704
-0.329591
0.123005
-0.736853
-1.1231
-0.10007
0.585771
0.479065
0.209637
-0.104965
-1.07967
0.210235
0.462287
-0.412667
-0.25214
-0.141434
-0.258892
-0.34741
-0.248607
0.212431
-0.103536
0.251777
0.195063
0.139017
-0.0614066
0.712279
0.110844
0.3737
-0.246316
0.21981
-0.0612976
0.34082
0.42421
-0.0638221
0.442832
0.0566055
0.121636
0.388929
0.353134
0.260961
0.477585
-0.0196764
0.442896
0.392167
0.126893
0.185478
0.148756
-0.0174448
-0.0370809
0.156928
0.159781
0.182828
-0.268051
0.288117
0.0874675
-0.0733778
-0.221517
0.456782
0.443049
0.433456
-0.0983431
-0.376345
0.449355
0.429396
0.137209
0.624004
0.281342
-0.0128619
0.572302
0.626662
-0.432864
0.487873
-0.500489
0.0338937
-0.134616
-0.230518
-0.153619
0.0301846
0.410476
0.119586
0.295889
0.0040363
-0.00736968
-0.0262843
0.521888
0.0276227
0.133757
0.262878
-0.220793
0.410386
0.350924
0.187816
0.420689
-0.0447692
0.426082
-0.220243
0.473145
-0.483002
0.338156
-0.0432887
0.359005
-0.102835
-0.143917
0.217251
-0.249345
-0.420108
0.505127
-0.147774
0.168043
0.359828
0.0359976
0.247357
0.257232
0.190656
-0.092198
0.0284637
-0.35961
0.63527
1.04494
-0.945188
0.479233
0.826451
0.862262
-0.295671
-0.754327
-0.491137
0.314855
-0.642517
-0.856114
-1.03699
-0.133218
0.376537
-0.447848
0.351634
-0.147596
-0.231716
-0.204735
-0.620535
0.086989
0.82998
0.126115
0.370242
0.429256
0.242727
0.806522
0.458963
-0.221302
0.182613
0.665648
0.660839
0.211027
1.02306
1.32961
0.798593
-0.0776984
0.27379
0.973871
0.515931
-0.0518954
0.386348
0.661276
0.112797
-0.70195
-0.0446875
-0.17778
0.0106899
0.687233
0.341976
0.424429
-0.20299
0.0360958
-0.338928
0.0825394
0.552401
-0.269653
0.596185
-0.0606817
0.49575
-0.432054
-0.156516
0.483514
0.328886
0.555418
0.311903
0.548889
0.0673646
0.443101
0.101537
-0.150117
-0.0396523
0.270156
-0.402199
0.0624809
0.439348
-0.140225
0.495155
-0.354032
-0.240264
0.0461287
0.110369
0.0758756
-0.0664651
-0.348301
0.146068
0.0935461
0.314321
0.152667
0.118411
0.187065
-0.0922844
-0.210913
0.700019
-0.496732
0.385976
-0.0966224
0.195224
-0.0277819
-0.166374
0.457186
0.21566
-0.0661958
-0.140686
-0.317728
0.943747
-0.0985434
-0.55472
0.0641706
0.19087
0.666551
0.792232
0.204142
-0.150885
0.0441552
0.302442
-0.148303
0.168821
0.380168
-0.17791
-0.362373
-0.00983752
0.322801
0.793347
0.59146
-0.0608001
-0.173045
0.49589
-0.13775
-0.648953
0.343418
-0.161928
0.72051
0.470797
-0.254429
-0.2107
-0.373083
-0.219262
-0.490502
0.398991
0.713219
0.350779
-0.392723
-0.842976
0.455133
0.0696713
-0.296529
0.203237
0.267601
-0.053941
-0.214059
0.202088
0.0138847
-0.340263
0.346746
0.246873
0.926221
-0.771968
0.134182
1.29742
0.687827
-0.145152
-0.717565
-0.493562
0.988705
0.266553
-0.525619
-0.450018
0.290086
-0.230678
-0.470679
0.539357
-0.151995
-0.544845
0.522685
-0.227731
0.248153
0.330758
-0.0182995
-0.303402
0.213019
0.530528
0.361991
0.787112
-0.207733
0.130828
0.701781
0.911979
0.709188
0.258469
0.748596
0.931462
0.182077
0.297488
0.76232
0.127979
0.250169
0.355063
0.950241
0.200442
-0.55047
-0.399596
-0.0601645
0.458238
0.866558
0.264494
0.131633
0.390073
-0.49838
-0.0836119
-0.539241
0.0411287
0.0121222
-0.427278
-0.00762373
-0.808269
-0.347353
0.0826971
-0.447081
-0.0475717
-0.127144
-0.500069
-0.146449
0.131843
-0.485923
0.386578
-0.250408
-0.502907
0.266814
0.490257
0.176865
-0.485539
-0.145096
0.495032
-0.554405
0.65566
0.270139
0.322512
0.629509
0.546685
0.695545
0.762868
0.169537
-0.209663
0.204818
0.615361
-0.302604
0.0196818
-0.577249
-0.245617
0.0143322
-0.115934
-0.207174
-0.66857
-0.232882
0.168913
0.473617
-0.152916
-0.251639
-0.0800553
0.0731398
0.0622543
0.284828
0.427033
0.179564
0.435383
-0.40051
0.180461
0.3926
-0.0144112
-0.146275
-0.746228
-0.514217
-0.278942
0.272108
-0.407651
-0.367295
-0.499848
-0.175045
-0.275123
0.319942
0.31136
0.0984664
-0.598715
0.204505
-0.0517725
0.333571
0.30725
-0.427571
0.464639
0.70437
0.588988
0.339831
0.602527
-0.071478
-0.19372
0.0432664
0.390137
0.128243
-0.0345244
-0.667955
0.216592
0.688249
-0.293922
-0.00806885
0.052474
0.0237948
0.141756
0.349302
0.333641
-0.313416
-0.0392742
-0.035257
0.29029
-0.136956
0.257212
0.282885
-0.194824
0.075412
0.280149
0.411769
0.267675
0.458148
0.367865
-0.000481307
-0.380916
-0.0242535
0.118064
0.178716
0.355531
-0.450215
-0.558718
0.117214
0.526157
0.201813
-0.0814612
-0.315794
0.148619
0.401499
0.251261
-0.275939
-0.259887
0.232044
0.360233
0.353279
0.0999376
-0.377238
-0.269896
0.0885801
0.194162
-0.38212
0.540627
-0.372302
0.142028
0.181711
0.196129
0.32623
-0.0793384
0.144144
-0.2036
0.124415
0.453588
-0.715608
0.60573
-1.53405
1.04976
1.00814
2.41498
2.37943
2.64339
-0.178209
3.42516
0.0612092
0.20119
2.47199
4.11839
1.74696
0.964358
1.51173
1.01186
3.57472
3.69254
3.4535
-0.261092
0.818075
0.183799
0.734988
1.96115
-2.10159
-0.838172
-0.351205
0.388
3.13806
-0.522579
-0.391012
-0.3764
1.28912
1.09914
1.01564
1.60946
0.913246
-0.893095
-0.881108
1.52577
0.64599
0.938955
-2.91125
1.62864
1.58069
-1.77731
-1.79064
-1.41194
0.178174
