#input normalization
0.161393 0.274958
84.374 83.3227
8.76715 36.5909
7.43097 30.9869
0.0102248 0.0453081
0.00815396 0.0346178
0.416735 1.94248
0.843054 1.88249
1.19755 2.09885
1.57139 2.32446
1.95267 2.55457
2.311 2.76913
2.64513 2.96759
2.98761 3.14384
3.29901 3.2822
3.58221 3.37622
3.84853 3.43049
4.08943 3.45432
4.29169 3.44708
4.45205 3.39115
4.57598 3.30541
4.68982 3.19973
4.76666 3.07723
4.77901 2.92157
4.78322 2.74792
4.73699 2.55788
4.65928 2.35665
4.58596 2.14655
4.41891 1.90465
4.25364 1.65727
4.09669 1.42802
3.92141 1.21088
3.71732 1.00245
3.53935 0.808176
3.34074 0.621699
3.1234 0.439487
2.9437 0.27762
2.75017 0.12701
#output normalization
1 0
#neurons weights
0.446954
0.0358046
-0.0109217
0.425129
0.138441
0.373075
-0.44837
-0.00663985
0.249179
0.320695
-0.0831543
0.48243
-0.0564937
0.0452426
0.4678
-0.0390213
-0.281455
-0.480168
0.295308
-0.178787
0.440607
0.241656
-0.470266
-0.298489
-0.343236
0.126214
0.292548
-0.31583
-0.408965
0.344229
0.356401
-0.333017
0.279896
0.232007
0.492058
-0.262011
0.110025
0.221584
-0.905144
2.19163
1.03105
1.66263
-0.226425
1.87415
1.41828
-1.23343
0.0763207
-0.380315
2.99328
0.112016
-0.119105
-2.79175
0.7643
1.35633
-1.12588
-0.0802411
0.451026
-0.673152
2.93299
-0.70273
-2.2557
0.152401
-0.0349328
2.68478
-2.14334
0.870385
-0.639778
0.876503
0.273161
-2.48448
-1.20074
1.80179
0.0563602
0.99945
-2.44698
0.173538
4.02991
-0.414059
0.0736538
-0.325477
-0.431534
0.257279
0.0870245
0.439177
0.278016
0.523062
-1.56875
0.677618
0.202061
0.138986
-0.990485
0.423735
-1.21668
0.503208
-0.60882
0.138158
1.02695
-0.587603
0.402181
0.0965918
-0.616344
-0.408427
-0.641602
-0.36026
0.162464
-0.115989
-0.199213
0.716928
-0.233447
-0.0251665
-1.07072
0.552118
0.0184352
-0.663164
-0.78461
1.06353
#synapses weights
1.0888
-0.0876996
-0.103225
-0.0617342
-0.582231
0.210017
0.0501222
-0.191067
0.455199
0.217695
0.508553
0.286178
-0.26963
0.408947
-0.365447
0.14497
-0.322161
-0.169001
0.391565
-0.289296
0.228287
0.202906
0.36428
0.413335
0.124053
0.580294
0.565705
-0.0122483
-0.159489
0.22426
-0.101489
-0.667545
0.00625041
0.23979
0.300592
-0.631689
0.230685
-0.0781611
1.01556
-1.19014
1.88063
-1.06702
-0.252806
-0.646028
0.146704
0.17136
0.261311
-0.164872
0.299625
-0.0692096
-0.288194
-0.0403057
0.276006
-0.0660989
0.364026
-0.265246
-0.0931663
0.0776555
-0.0103092
0.658754
-0.177571
0.458501
0.106255
-0.27477
0.349531
-0.131178
0.120431
-0.273979
0.0620607
0.271787
-0.0400978
0.0442683
0.0822076
-0.599706
0.419751
0.315427
0.179044
-1.16293
1.16558
-0.776045
0.22938
-0.0385962
-0.38505
-1.0209
0.370018
0.235172
-0.112905
-0.220334
0.208457
0.241288
0.050344
-0.0147403
0.246645
0.645868
-0.545571
0.141878
-0.254549
0.194325
-0.398452
0.513368
0.342964
-0.212348
0.125233
-0.331209
-0.0179195
0.408795
-0.46913
0.0153457
-0.0427838
0.170552
0.0437151
0.231775
-0.165557
0.405846
-0.697037
-0.76944
0.488879
0.102416
-0.225214
0.427612
-0.141101
-0.0207406
-0.0510567
0.272152
0.49288
-0.12413
-0.267344
0.431525
-0.21586
-0.153507
-0.293973
-0.444469
0.403955
-0.11741
0.296575
0.346507
-0.0174308
-0.64934
-0.0659731
-0.314157
-0.551377
-0.417222
-0.132328
0.432881
-0.31833
-0.189596
-0.176517
0.154656
0.216328
0.0446
-0.274238
-0.129154
-1.97288
0.689288
-0.802331
0.368295
0.874033
0.200998
0.902077
-0.0780835
-0.148539
-0.130213
-0.556577
-0.26945
0.126472
0.242156
-0.517189
0.455136
0.043162
0.144743
-0.850912
0.240444
-0.0223696
-0.354617
0.127854
-0.0516034
-0.104233
-0.199027
0.202988
-0.235051
0.0443234
-0.194922
-0.312678
-0.392625
-0.156741
-0.219818
0.0135622
0.549499
-0.143278
0.0543367
-0.256729
-0.768042
0.242064
-0.327714
-0.146425
0.035904
-0.330196
-0.282791
0.352833
-0.317188
0.106955
0.0770303
-0.121269
0.24482
0.442036
-0.159665
-0.641675
0.130929
0.49857
0.116196
-0.374743
-0.691628
0.272998
0.122279
0.470395
0.456994
0.307508
-0.547045
-0.418852
0.764912
0.357181
0.0906004
-0.606647
0.376255
-0.56202
-0.0673549
-0.317618
-0.315183
0.507148
0.694631
0.133981
-0.257433
0.118358
0.348926
0.0500111
-0.0306383
-0.41717
-0.0181866
-0.208055
0.465469
0.477408
0.61178
0.772388
0.653614
0.496291
0.270657
-0.324488
0.0440235
0.314418
0.523632
0.139504
0.111852
0.012915
0.00926054
-0.257341
0.093439
0.406016
0.074903
0.0389002
-0.3757
0.0977307
0.00670698
-0.18015
0.379707
0.418699
0.0636153
0.677827
0.891683
-0.0837621
0.0877918
0.177535
0.0309544
-0.0376923
-0.122134
0.532352
-0.0529637
-0.37012
0.43978
-0.690582
0.823369
-0.356345
0.511518
-0.387995
-0.0692271
0.25378
-0.222898
-0.0760065
0.411964
-0.342095
-0.535782
-0.155833
0.120039
0.735487
-0.815919
-0.35679
-0.165346
0.463947
0.115258
0.190719
0.0993666
-0.0436873
0.203177
0.0658463
-0.161719
-0.282317
-0.0862545
0.169853
-0.21684
0.288129
-0.395554
-0.146248
0.297685
0.42338
0.269994
0.0302778
-0.119411
-0.453057
0.184442
-0.110495
-0.23807
0.169097
-0.434122
-0.141328
-0.608011
-0.286295
-0.0754934
-0.301089
-0.536814
-0.174288
0.0262945
0.00568916
0.122402
0.0541482
-0.273623
0.104806
0.1088
-0.649714
-0.0699717
-0.504014
0.0710058
0.146648
-0.203326
0.101981
1.41394
0.0436063
0.00374118
-0.65052
0.214766
0.119694
-0.568612
0.327064
0.668688
0.427947
0.00893135
0.0224803
-0.183794
0.243187
-0.402199
0.158757
0.225792
-0.121864
0.0157704
0.226672
-0.0184378
0.103758
0.208436
0.159617
-0.0852619
-0.112206
-0.222213
-0.073346
0.0891903
-0.340607
0.316717
-0.102275
0.112619
-0.467038
0.0679155
-0.185128
0.0430842
-0.77067
-1.19464
-0.667229
-0.559274
0.607124
0.0753483
0.107573
0.558846
-0.5902
-0.57404
0.520543
0.143481
-0.0515033
-0.43318
-0.0969521
0.00912899
0.253273
-0.297667
0.0484286
-0.134759
0.318362
-0.333161
0.403717
-0.128929
-0.0668877
0.731815
-0.306831
-0.256459
-0.63342
-0.600337
0.491523
0.197168
0.919697
-0.336366
-0.170186
0.134451
0.747027
-0.597722
-1.36315
-0.886705
-0.333888
0.450415
0.078204
0.00529772
0.34921
0.574834
0.58175
-0.501654
0.135254
0.131644
-0.00402061
-0.0388989
0.0581535
-0.216391
-0.441077
-0.655172
0.0979324
-0.339255
-0.504502
-0.188851
-0.79056
-0.245933
-0.262065
-0.219531
-0.0691698
0.204552
-0.331973
-0.253508
-0.57353
0.342673
0.339468
-0.523795
0.0296802
-0.582144
-0.236769
-0.62586
0.0150181
-0.776548
0.647146
-0.231852
-0.188294
0.189381
-0.231755
0.13352
0.09264
0.300276
0.00683694
-0.471305
-0.186224
-0.262491
-0.601415
-0.203105
-0.0302792
0.0778273
-0.0225966
0.0955525
-0.188213
-0.437379
-0.33846
-0.195809
0.0808323
-0.255194
-0.125828
0.404633
-0.0715109
0.395666
-0.511461
0.0845049
-0.000970297
-0.0750832
-0.0530423
-0.259674
-0.289759
-0.401767
1.06119
0.665619
0.985227
-0.683659
-0.75222
0.165465
-0.0016061
-0.097987
-0.579971
-0.123644
-0.108042
-0.119364
-0.028973
0.494468
-0.0593124
-0.242504
0.294344
0.635944
-0.240686
-0.2325
0.25461
-1.0479
0.167883
0.261784
0.0125977
-0.0488046
-0.218171
0.250098
-0.166292
0.215827
-0.0214839
0.456456
-0.127099
-0.221879
-0.528507
0.819722
-0.830424
-0.178941
-0.0891414
0.487483
0.239775
0.22367
-0.743463
0.322968
-0.0294686
0.74519
0.897455
0.618039
0.402906
0.257502
0.615867
0.314868
-0.0365001
0.331693
0.0598153
-0.389189
0.197074
0.116165
-0.339034
-0.195337
0.0239577
0.1796
0.390442
-0.224586
0.518645
-0.550536
-0.321199
-0.237343
-0.0862222
0.148754
0.217535
-0.217323
-0.31717
-0.0243023
-0.518711
-0.448355
-0.866352
-0.504732
0.961944
-0.137066
0.57104
0.305568
0.453878
0.313265
0.0310178
0.00877865
-0.94747
0.474669
-0.445078
0.12085
-0.132531
0.436469
-0.787407
-0.068597
-0.255035
-0.139668
-0.525038
-0.322057
-0.0387292
-0.660119
-0.158985
0.0613899
-0.122833
0.312641
-0.148107
0.323636
-0.00079264
-0.175934
0.094905
0.253987
-0.141225
-0.25365
0.0287417
-0.366818
0.48665
0.509778
-0.276054
-0.0417771
-0.150447
0.0376901
0.0873337
0.15783
0.107119
-0.460063
0.268368
-0.0980597
0.0499484
0.205175
-0.278727
0.183089
-0.300544
-0.307198
0.152924
0.302688
-0.674327
-0.58833
-0.51877
0.0278225
-0.575755
0.256587
0.328507
0.216295
0.181191
-0.107537
0.208347
-0.22365
0.634521
0.316482
0.46287
-0.517159
0.171964
0.324763
-0.0788553
0.78324
-0.0212289
0.06506
0.321932
0.340005
-0.179892
0.677742
0.256248
-0.0365044
0.283989
-0.195013
0.719474
0.355325
0.427036
0.33753
-0.200237
0.0812172
0.661696
0.322889
0.569087
0.310565
0.0591924
0.0919206
0.750835
0.164384
0.552689
0.666974
0.233279
0.0796808
0.282182
0.716309
0.770844
0.378439
0.13746
0.078851
0.0676597
0.122523
-0.143769
-0.377424
0.131308
-0.141087
1.05925
0.0852066
0.443224
-0.125684
-0.434772
0.0330153
-0.733974
-0.0392274
-0.17955
-0.765698
-0.119272
-0.0153209
0.0735146
-0.242793
-0.134104
-0.18547
0.0436322
0.212017
-0.0330769
-0.0748357
-0.144643
0.131584
-0.241919
-0.00568197
-0.271211
-0.0597644
-0.0889029
0.00593205
-0.362408
-0.239319
-0.043569
-0.0324105
-0.00259416
-0.408373
-0.602037
0.74475
-0.132499
0.0979642
0.0600363
0.218476
0.271008
-0.215801
0.353216
0.0762399
-0.211447
0.0803375
-0.330411
0.790238
0.403337
0.72881
0.458356
0.321958
-0.0225878
0.35902
0.196908
0.339642
-0.281827
0.659727
-0.00182373
-0.0516793
0.862005
0.590057
-0.000170206
0.304924
0.373549
0.929356
0.973969
0.885873
0.439887
0.946322
0.781258
1.17174
-0.112516
-0.89122
2.48901
-0.21256
0.0751444
-0.268735
-0.0526745
0.279651
-0.370771
0.0208205
-0.0990364
-0.228065
0.421228
-0.0847336
-0.209771
0.616463
-0.450354
0.153466
0.438053
-0.462627
0.463856
0.276587
-0.302337
0.443501
-0.629179
0.0421632
-0.086133
0.405312
-0.131171
0.2071
0.743751
-0.698387
0.0569392
-0.542126
0.171665
0.131193
0.0649287
0.0568303
0.390952
0.393567
-0.0775015
-0.158863
0.193578
0.107381
0.796755
0.526782
-0.0121089
0.0243269
0.228421
0.25868
0.807394
0.711174
0.554374
0.247811
0.963172
0.729916
0.987543
0.24431
0.586308
0.328243
0.270717
0.306078
0.134993
0.783478
0.927765
0.757027
0.816943
0.989351
0.221802
0.340776
0.423982
0.125455
0.846408
0.675909
0.994678
0.201938
-0.183964
0.969928
-1.12245
0.380346
0.273107
0.0774478
-0.00986584
-0.216911
0.230533
0.193652
0.231751
-0.0507249
0.420115
-0.433788
0.473082
-0.259833
0.12948
0.0600007
-0.46265
-0.319282
0.286271
0.0412686
-0.445719
0.531398
-0.160876
-0.109503
-0.0334004
-0.475173
-0.476002
0.681269
0.494231
0.264168
-0.617018
-0.101664
-0.157683
-0.39935
0.221669
0.170219
0.279984
-0.102236
-0.35852
-0.0318359
-0.248037
0.0437739
0.226858
-0.12036
0.105878
-0.322376
-0.523127
-0.497474
0.0654129
-0.651018
-0.235363
0.0062277
-0.281361
0.20926
-0.0630173
-0.177685
-0.507889
0.0191792
-0.436768
0.175161
-0.207488
-0.575626
-0.431176
-0.158381
-0.436648
0.201221
-0.282812
0.192912
-0.520514
-0.242737
-0.273924
-0.375334
0.158618
-0.205207
-0.941915
0.484668
0.0253833
0.15936
0.502716
-0.251227
0.286522
-0.263386
0.114237
-0.590535
-0.00444856
0.453895
-0.404035
-0.058809
-0.11123
-0.0944976
0.250906
0.340665
0.372759
0.585963
0.274283
0.302498
0.381515
-0.103273
0.381616
0.238992
0.257016
0.844934
-0.0138931
0.60932
0.381907
0.156086
0.0651122
0.413931
0.527644
-0.303347
-0.462045
0.281835
-0.558484
-1.21045
1.61077
-0.115868
0.167595
-0.383352
0.273947
0.0791558
0.118529
0.150254
0.138363
0.366088
0.230621
0.116491
0.0736272
-0.00950605
0.289186
-0.529893
-0.333587
0.311858
-0.22727
0.0500031
-0.167576
0.0235705
-0.170419
0.119651
-0.235626
0.180162
0.545624
0.0997105
-0.389033
0.941062
0.0195911
-0.252207
0.0367818
0.710253
-0.560275
-0.38948
0.826303
0.898535
-0.0224925
0.157841
-0.010154
0.31203
-0.281212
0.313007
-0.122631
-0.0493243
0.837731
-0.215082
0.100808
-0.073937
-0.30418
-0.694392
0.0634138
0.174543
0.301439
-0.0565636
-0.82477
0.161192
0.13284
0.585255
0.151673
0.093828
-0.0318155
0.0488028
-0.182406
0.832279
-0.434735
0.0623061
0.0511842
-0.163293
-0.128906
-0.060353
-0.035236
0.306634
0.256056
-0.668133
-0.153736
-0.169091
0.280267
-0.147092
0.117585
-0.0580296
-0.0354962
0.379388
-0.307363
0.454589
-0.301748
0.186196
-0.340371
-0.173263
0.198311
-0.126274
-0.264895
-0.0727253
-0.613717
-0.0525425
-0.458094
0.0969065
0.0145725
-0.356501
0.230805
-0.0375658
-0.243732
0.167217
-0.368755
0.137618
-0.262669
-0.106955
-0.326447
0.208679
-0.188626
-0.410641
-0.392349
-0.0534158
-0.516144
-0.172361
-0.283958
-0.36105
-0.332155
-0.112674
-0.144919
0.0539087
-0.270222
-0.156055
-0.188269
-0.220782
-0.52956
-0.43037
-0.354187
-0.285062
-0.174215
0.302061
-0.0529207
-0.241962
-0.0189236
-0.909258
-0.660078
-0.100067
-0.940642
-0.536113
-0.844868
-0.335745
-0.0385074
-0.0306181
-0.190893
-0.546113
-0.104292
-0.517666
0.0211126
-0.261534
-0.428609
-0.705229
0.010576
0.198968
0.445938
0.247035
0.387631
-0.141711
-0.305305
-0.180102
0.148127
0.317854
0.598797
0.357196
0.0115696
-0.3193
0.0361091
0.148914
-0.55038
-0.260359
-0.53833
-0.448663
-0.0551544
-0.181315
-0.147267
0.20624
0.238813
-0.257039
0.114363
-0.466565
0.238781
-0.135819
0.325723
-0.0759157
0.105895
-0.234816
-0.418121
-0.374391
-0.265615
-0.00499534
-0.144143
0.400203
0.0522567
-0.356548
-0.0461353
0.145393
0.402852
-0.200434
-0.864017
0.549974
-0.080431
-0.100925
-0.224016
0.328275
-0.137901
-0.145035
0.0988846
0.615032
-0.169087
0.39866
-0.474579
0.273509
0.195751
0.403542
0.732783
1.02709
0.368129
0.583401
0.859777
0.37651
0.23007
0.655967
0.58008
-0.400648
0.120882
0.299391
1.99612
0.683307
0.820595
1.56393
-1.14116
-0.00285457
0.00320794
-0.083647
0.0376092
0.0813007
-0.474184
0.171393
0.238793
-0.284652
0.12031
-0.144794
-0.211557
-0.290581
-0.0190784
0.162314
0.217152
-0.324889
-0.597834
-0.239195
0.459184
-0.535615
0.297202
0.0166529
0.317695
-0.147724
-0.211984
-0.121404
-0.109108
0.00911143
0.385481
-0.0982901
0.625495
-0.392743
0.365811
-0.0180342
-0.176685
0.251925
0.137299
0.0782909
-0.0751653
0.648458
0.0491517
0.546078
-0.227772
0.580838
0.257889
0.0713525
-0.0726527
0.123061
0.0416409
-0.0096076
0.0189522
0.0375006
-0.313697
-0.452904
-0.256849
0.319738
0.397612
-0.546112
0.104419
0.511906
0.0652667
-0.281365
-0.391066
-0.111672
-0.252716
-0.521478
0.162138
0.364389
0.36191
0.143586
-0.928504
-0.2053
2.15577
-0.240804
0.594127
0.0950118
0.0636791
-0.663858
-0.287478
0.52696
-0.446719
0.157392
-0.168277
0.321773
-0.0666583
0.0951726
-0.0112185
0.10593
0.473003
-0.3944
-0.104015
-0.319666
0.231363
0.0837121
0.581702
-0.500367
0.265244
-0.262732
0.106795
-0.419068
0.118386
0.0954096
-0.0562291
0.19897
-0.180045
-0.179183
0.24657
-0.377659
0.281437
0.219977
-0.695427
-0.427279
0.387689
0.282346
0.283364
-0.0972529
0.101332
0.445047
0.263359
0.33791
0.174036
0.144716
-0.0787211
0.525436
-0.183632
-0.0121097
0.199048
0.727747
0.389364
0.451842
0.385168
0.540709
0.145169
-0.171649
0.270671
-0.153875
0.603793
0.209294
-0.255241
0.624459
-0.0629532
0.487805
0.200392
0.599944
0.230938
0.203206
-0.623789
-0.743688
-0.166905
-0.315458
0.551426
-0.273939
0.231742
0.430946
0.12272
0.170333
-0.0984397
-0.235206
-0.323077
0.112138
0.383428
-0.605737
-0.765246
-0.171769
-0.365699
0.0824254
-0.113684
-0.832201
-0.441145
0.0262701
-0.0111745
-0.174671
0.112472
0.236608
-0.0965883
0.199074
0.298941
-0.437406
0.226907
0.316889
-0.0350818
-0.201448
-0.133434
-0.509603
0.837266
1.15851
0.108573
-0.201294
0.107918
0.0251747
0.223882
-0.326618
-0.495729
-0.0825444
-0.154147
0.575499
0.220833
-0.0945435
0.590557
-0.192865
0.454795
-0.384136
-0.250796
-0.0992594
0.169904
0.0789101
-0.29463
0.0671413
0.425136
0.0356384
-0.223341
0.14557
0.261696
-0.693931
0.0212094
0.11843
0.267659
0.0740545
-0.151454
-0.0582998
0.0483441
0.352137
0.0915925
0.404819
0.142294
0.0165976
0.0974353
0.169058
0.0429661
0.124425
0.0891121
0.0455526
0.0224891
-0.540781
0.148987
-0.382754
0.420133
0.211741
0.269201
0.638442
0.185118
0.824133
-0.211076
0.672012
0.147929
0.342088
0.0250492
-0.188941
0.201986
0.0964891
0.211396
-0.64745
0.119464
-0.60998
0.418427
-0.417638
0.0130879
-0.370584
0.4994
0.340456
-0.739028
-1.01673
-1.82638
-0.350025
0.964787
-0.253942
0.417921
0.0992291
-0.00315166
0.307216
-0.400003
0.147393
-0.219943
0.230174
-0.278603
-0.595372
0.0787244
0.631503
-0.417933
0.144171
0.219697
-0.354366
-0.10142
-0.1647
0.0690522
-0.323659
0.427497
0.0772496
-0.0129309
0.538655
-0.133435
-0.373441
-0.617716
0.216059
-0.0213256
0.252664
-0.1078
-0.0677044
0.0567632
0.379714
-0.415468
0.394677
-0.0206917
-0.0741865
0.370081
-0.295359
-0.00745296
-0.304254
0.167396
0.231627
-0.491825
-0.295518
-0.065021
-0.187296
0.0491653
0.0560158
-0.200886
0.0484201
-0.228975
-0.36752
-0.114724
0.0873297
0.257823
-0.534389
-0.150841
0.32876
-0.485344
0.427844
-0.286259
-0.291339
-0.386033
-0.462307
-0.0446782
-0.242131
0.3824
-0.222971
0.122624
-0.660616
-0.857567
-0.579536
0.691881
0.576118
-0.745947
0.312843
0.604935
-0.228414
0.19358
-0.561625
-0.664869
-0.215968
0.697688
0.185682
-0.302437
-0.386216
0.183187
-0.433994
-0.176561
-0.405763
-0.138283
0.912888
-0.163849
0.441409
-0.062249
0.940858
-0.651006
0.429919
-0.287338
-0.402251
1.27034
-0.0931767
-1.04281
-0.39034
-0.377007
0.38012
0.266406
-0.603655
-0.279992
-0.0829715
0.229758
-0.0513359
-0.0993153
0.493428
0.0674089
0.0842819
-0.082345
-0.38805
0.0257238
-0.349835
0.269511
-0.418254
0.389752
-0.110674
-0.594498
-0.0612424
0.0850067
0.26568
-0.0480958
0.421256
-0.514399
-0.323933
-0.212158
0.400286
-0.402219
-0.3235
-0.0325098
-0.434292
-0.380906
-0.0222956
0.379934
-0.0970752
0.18671
-0.166138
0.0854022
-0.301287
-0.222627
0.445631
-0.409968
-0.138058
-0.292702
0.0761091
-0.892439
0.0519389
0.278489
-0.129123
0.907191
-0.77017
-0.372584
-0.589294
0.763973
-0.240833
-0.455248
0.638731
0.334792
-0.958359
-0.376216
-0.923008
-0.692054
0.232623
-0.317881
-0.390319
-1.18925
0.972899
-0.361448
-0.35723
-0.496035
0.0356363
1.33344
1.03763
-0.775651
-0.398453
-0.986218
0.526107
0.35292
-1.02443
0.260814
-0.813533
-0.219737
-0.0309394
0.756097
-0.901113
0.248024
0.231668
0.113797
0.404817
-0.10216
-0.246694
-0.711405
0.0188477
0.164594
-0.694599
-0.597876
0.411423
-0.555305
-0.668705
-0.245236
0.151657
-0.0881997
-0.256587
-0.497082
-0.244182
0.756533
-0.695524
0.0628147
-0.49305
-0.170598
0.140928
-0.018015
-1.07571
0.20663
-0.46726
0.578453
0.0406992
0.251822
-0.0962566
-0.0612404
0.0649883
0.285128
0.253836
0.409333
-0.111004
0.132724
0.143852
0.278146
0.58138
0.0681479
-0.300941
-0.236195
0.176331
-0.151626
0.0133675
0.0230788
0.671026
-0.0391045
0.581794
-0.00270313
-0.298531
0.0275959
-0.165437
0.755851
0.0523492
0.0785911
0.150869
0.652317
0.330037
-0.0226098
-0.380594
0.565496
0.710148
0.418504
0.210909
0.261312
0.801761
-0.207252
-0.688111
-0.462955
-0.533794
0.0403116
0.0566227
0.629994
0.122653
0.182974
0.432829
0.205001
-0.13528
0.106404
-0.0441064
0.0195395
0.193409
0.134109
0.484597
-0.101238
0.183366
-0.62673
0.257052
0.296236
-0.19719
0.0514305
-0.346946
0.458051
-0.338196
-0.171483
-0.430954
0.163404
0.441534
-0.209744
0.110329
0.0503809
0.330554
0.600571
-0.435358
-0.677742
0.0044989
-0.359795
-0.554162
0.081801
-0.0700912
-0.46101
-0.345993
0.278396
-0.100248
0.541471
0.277914
-0.20182
0.120171
-0.139256
-0.454385
-0.00496925
-0.371958
-0.126541
0.188093
0.515565
-0.254996
0.570344
0.0567536
0.00733191
0.381045
0.241921
-0.236006
-0.0481359
-0.0843757
0.199076
0.186138
0.16295
0.329083
0.0240643
-0.355818
-0.0339479
-0.097488
0.38136
-0.351369
-0.021675
-0.310119
-0.325944
0.487948
0.324207
-0.204778
0.575206
0.197392
0.53416
0.678482
0.474968
0.0369743
0.25689
0.0403286
0.425297
0.347225
0.25813
0.342029
0.0841507
-0.0632164
0.222288
0.564215
0.264484
-0.441193
0.117149
0.0358883
0.242819
0.467826
0.0119664
0.231932
-0.189279
0.378332
-0.0498595
0.118249
0.361379
0.403972
0.407794
-0.141667
0.0309487
-0.244206
-1.41002
-0.839444
-0.980957
0.210985
-1.32288
0.129215
0.527906
-0.268158
0.443199
-2.20595
-1.29217
-1.22636
0.922264
-0.391182
-1.23307
0.553474
-0.530616
-0.769449
-0.548326
-2.3228
-0.55602
0.392928
-1.03092
-0.574647
-1.68288
0.439704
-1.39464
-0.426726
-1.75975
-0.609826
1.03273
-0.454674
-1.25874
-0.968915
-1.87355
0.643621
-0.105992
-1.17239
0.475233
-0.333222
-0.568331
0.392612
-0.179068
0.120466
0.892788
0.0295593
0.492798
0.526763
0.300596
0.205697
0.509678
0.236086
0.466821
0.587609
0.203193
-0.0938145
0.086586
0.264826
0.733505
0.577505
0.0856476
-0.448834
-0.0224311
0.280261
0.253052
-0.0606044
-0.429897
0.25556
-0.25169
0.409883
0.151143
0.733592
0.4822
-0.294172
0.352223
0.692128
-0.0986769
0.299084
-0.0554618
-0.566464
-0.134505
-0.116834
0.115347
0.907999
0.863343
0.0375559
1.07367
0.402626
-0.559514
-0.0324019
-0.34633
0.57439
-0.353849
-0.141079
0.130565
-0.392203
0.172496
0.500622
0.362536
-0.0746443
0.596665
0.811265
0.26781
0.719036
-0.263063
-0.145898
-0.610644
0.667715
-0.121466
-0.00670972
-0.0593594
0.317545
0.104837
0.807908
0.399735
0.353057
0.390313
-0.605234
-0.194193
0.504946
0.697265
0.0203465
0.550615
0.661655
-0.120966
0.218981
-0.891224
-1.36521
0.666996
2.10538
-0.398292
-0.269809
0.10061
0.277565
0.414259
-0.722161
-0.761851
-0.697713
-0.0301352
-0.28879
0.28089
-0.128199
0.241645
-1.01066
-0.521224
-0.626032
-0.474571
1.39042
-0.653913
-0.383098
-0.462244
-0.462056
1.02009
0.247352
-1.46449
0.0717016
-0.956889
-0.520381
0.0115643
-0.182168
-1.19996
-0.187499
0.375221
-0.323534
0.483081
-1.50999
-1.41125
-0.413278
0.606073
-0.752701
-1.24891
0.818152
0.0468208
-0.620881
-0.988452
-1.76631
-0.157384
0.690652
-0.13832
0.0469481
-1.3293
0.860599
-0.736797
-0.59421
-0.668703
-0.255789
1.0545
0.675375
-1.14238
-0.00758938
-0.92399
1.04445
0.0170642
-0.991211
-0.0825914
-0.93363
-0.565797
-0.0644041
0.677987
0.0748108
-0.0826252
-0.156536
-0.357599
0.307701
-0.46458
0.148265
-0.00563651
1.05626
0.164286
-0.779972
-0.61941
-0.0790557
-0.521409
0.188041
-0.692319
-0.18814
0.69551
-0.550263
0.10028
-0.889849
0.291844
-0.817952
-0.0942221
-0.291032
-0.831472
0.477643
0.147273
-0.680344
0.336819
0.0183583
0.470301
0.00745763
0.0626958
-0.128336
-0.944072
-1.12184
-0.880859
0.674221
-1.22213
-0.527275
-0.16548
0.0998497
0.661191
-1.79501
-1.14686
-0.440394
0.754466
-1.04244
-0.99989
0.514564
-0.393597
-1.13763
-0.807253
-2.22431
-0.485647
0.518922
-0.154992
-0.465328
-2.05402
0.510183
-0.662921
-0.424658
-1.28391
0.0329581
0.436904
0.104214
-0.805262
-0.0626117
-1.17403
-0.00408467
0.238993
-1.81128
-0.240552
-0.626803
-0.631367
-0.432626
0.42537
0.0129582
0.78351
0.138187
-0.101405
0.526492
-0.561664
-0.16123
-0.340737
1.21139
0.205226
-0.284404
0.0990336
0.854804
0.22966
-0.405699
-0.401027
0.191415
0.86106
0.228926
-0.163535
-1.14699
0.233692
-0.847526
0.491198
-0.32051
-0.328531
0.735629
-0.612059
-0.390745
-0.150835
-0.158417
0.45138
0.174705
-1.09421
0.0492251
-0.634124
0.341111
0.132183
-0.269658
0.476011
-0.716713
0.00337067
0.289491
-0.926441
-0.256579
0.0178266
0.507897
0.550868
-0.843415
-0.596851
-0.525039
-0.0998196
0.452129
-0.173252
-0.488267
0.244629
-0.160479
0.314876
-0.394636
0.165487
-0.758202
-0.271889
0.231643
0.383193
-0.637503
0.402637
-0.119202
-0.511661
0.285491
0.148015
-0.589397
-0.65355
-0.295211
-0.228695
0.068294
-0.106055
-0.251928
-0.1716
0.217468
0.304071
-0.307427
0.089656
-0.0303898
-0.395419
0.430855
0.0775711
0.247866
0.394761
0.496745
-0.32398
-0.392883
0.192589
-0.141515
0.127698
0.348284
0.199263
0.319314
-0.360586
-0.240482
-0.253833
0.45699
0.142318
0.030628
-0.0796459
-0.428025
-0.21291
-0.239421
-0.452489
-0.0514957
0.00783074
0.0802609
0.52541
0.273575
0.0986599
0.32441
0.764986
0.562126
0.639299
0.402242
-0.0140627
0.514425
-0.030887
-0.421657
0.0820119
-0.0753432
0.373468
0.304067
-0.15347
0.282484
0.135902
-0.00186015
0.265729
-0.112215
-0.333917
0.594287
0.622086
0.691076
0.758122
0.325738
0.0732813
-0.0475328
0.262352
0.148063
0.62273
0.732558
0.421268
-0.0830151
-0.0673504
0.166172
0.588769
0.79361
0.0112531
0.344023
0.740401
-0.216485
-0.919179
0.194603
-0.927299
-0.703873
-0.00963345
-0.451625
0.902629
0.636205
0.186047
-0.775663
-0.594195
0.278312
0.24461
-0.123635
0.702349
0.939499
0.978348
0.396974
-0.0870529
0.17396
0.317899
0.48231
-0.2523
0.028516
-0.8511
0.250087
1.60967
-0.871109
-0.518219
-0.137267
0.275343
0.682176
-0.475757
-0.829163
1.18278
0.262547
0.0922077
0.00132961
0.536651
0.585639
0.302152
0.507126
0.220593
0.0725714
-0.311793
0.307265
0.268823
-0.33389
0.544236
0.243012
-0.26184
0.155549
0.414456
0.0485256
0.380251
0.266945
0.330685
-0.0647721
0.218625
-0.348768
-0.220135
0.319482
-0.147989
-0.19527
0.49435
-0.342456
-0.0561209
0.0922374
-0.268466
-0.1591
-0.0733621
-0.063147
0.0571441
-0.312512
0.233765
0.732585
0.14788
-0.347691
-0.350912
-0.0272421
-0.39806
-0.585712
-0.0195626
-0.411376
0.339415
0.162858
0.181776
-0.207593
0.219979
0.0812794
-0.480198
0.373039
0.391351
0.0683854
0.198227
-0.138024
0.297628
-0.354764
0.131128
0.379622
-0.576876
0.141341
0.37359
0.0443123
-0.0657387
-0.321046
0.157289
0.816584
0.518111
0.222639
0.0274232
-0.229034
0.171602
0.0522726
0.246446
-0.356889
-0.390788
0.320419
-0.243047
-0.294937
0.292293
0.195766
-0.344414
0.0996159
-0.35164
-0.163123
-0.327876
-0.374109
0.0232153
-0.265698
0.20915
-0.165221
-0.0735998
-0.466536
-0.450605
-0.199436
-0.136301
-0.302305
0.19668
-0.562901
-0.0282009
-0.488089
0.186564
-0.419102
-0.411962
-0.136938
0.125257
-0.0940806
-0.53611
0.171632
-0.468031
-0.055269
0.646547
0.662472
0.76367
0.364923
-0.647591
0.635735
0.155712
-0.0563376
0.359501
0.139996
0.483519
-0.0177403
0.584448
-0.669882
0.581501
0.373183
-0.575397
-0.356566
0.105419
0.059866
0.645549
-0.320084
-0.612604
-0.184068
-0.249878
0.445671
-0.294121
0.776446
-0.227829
0.42028
0.440792
-0.665701
0.0926634
-0.160818
-0.0875661
-0.202756
-0.25237
-0.837194
0.0745476
-0.0391632
-0.0199051
-0.56733
-0.521164
0.440115
-0.121142
-0.0850837
0.00621392
-0.434316
-0.289259
-0.780694
-0.176405
-0.333722
-0.0862415
-0.693458
-0.768963
-0.55392
0.200132
-0.00379703
0.0115218
-0.144343
0.233457
-0.324261
-0.587844
0.113638
-0.680206
-0.201886
-0.247016
0.0244903
-0.371905
-0.447202
-0.329991
-0.0253516
-0.591218
-0.424826
-0.155846
-0.43416
-0.673192
-0.298731
0.564899
-0.946456
-0.92465
-0.60023
0.543929
-0.36536
-0.233026
0.103854
-0.107069
-0.16059
-0.151125
-0.493424
-0.438109
-0.14217
-0.223918
-0.828685
0.358091
0.101814
-0.675215
0.212386
-0.146633
0.467555
0.334529
-0.0927451
-0.236359
-0.322079
-0.165294
-0.789171
-0.0755581
-0.349753
0.102205
0.227438
-0.101287
-0.439456
-0.341378
-0.138874
0.066859
0.337657
-0.0999092
0.117031
-0.188234
-0.344029
-0.000168599
0.828222
0.0753516
0.577321
0.120954
-0.216127
-0.369042
-0.786992
-0.141146
-0.300094
0.264275
-0.515944
0.347251
0.27836
-0.104267
-0.307842
-0.55844
-0.267493
0.62749
-0.110885
-0.314227
-0.277413
-0.90658
0.500502
-0.447352
-0.374297
0.309996
-0.198423
0.459565
0.67074
-0.204635
0.219059
0.0336417
0.139106
0.0993771
-0.829295
0.399214
-0.244905
-0.523137
0.170492
0.042556
-0.167492
0.590831
-0.0294661
-0.0232145
0.0117384
0.346474
0.18801
0.0127407
0.516381
-0.177177
-0.498331
0.525797
0.335551
-0.0808552
0.293214
-0.41819
0.260538
0.073483
-0.288992
0.0617865
-0.0534313
-0.200319
-0.222477
-0.361717
-0.463685
0.528999
0.105352
0.548395
0.384156
-0.0566356
0.0121794
0.12784
0.0666278
-0.394897
0.0160889
0.515814
-0.107315
-0.120811
0.420562
-0.113808
0.247221
-0.226002
0.390417
0.206721
-0.0575159
0.0900077
-0.236887
-0.179603
0.548508
0.560702
-0.132212
0.0197551
0.0472572
-0.0302083
0.317838
-0.164388
0.239309
-0.301456
0.29326
0.00835143
-0.222451
0.426004
0.112512
-0.216206
0.202876
0.20659
-0.438732
0.0162935
-0.0876937
0.279165
0.0984118
-0.38649
0.177504
0.110981
-0.213011
-0.371849
-0.057979
-0.103456
0.0618492
-0.185554
0.614751
0.0993749
0.664605
0.229853
0.396104
0.514272
0.442102
0.0808239
0.531437
0.600977
0.402515
0.260832
0.243807
0.539764
-0.346529
-0.271934
-0.0243234
0.844022
0.139822
0.565902
0.112199
0.229151
0.237232
0.0244723
-0.2381
0.567907
0.00147933
0.0936032
-0.11662
0.514183
0.664339
-0.236196
-0.582536
0.225081
0.0956402
0.630184
0.104847
0.66236
0.0500112
-0.858028
-0.296069
-0.620626
0.755085
0.0372972
-0.438446
-0.647137
-0.591099
-0.406643
-0.296362
-0.275357
0.25293
0.162251
0.568843
0.352425
-0.598411
0.377078
-0.4004
0.568284
-1.01183
0.293262
0.171621
0.552844
-0.330192
0.106161
0.0358852
-0.0455287
-0.00876694
-0.262614
-0.879908
-0.367257
0.285544
-0.310499
-0.454695
0.148497
-0.679704
0.359551
-0.653152
0.276633
0.84618
-0.501708
0.390662
-0.102971
-0.358387
-0.40728
0.329263
0.281028
0.451563
0.119372
-0.301801
0.351893
-0.0815875
-0.25919
0.558292
0.680276
0.0683634
0.244187
0.104608
0.770975
-0.683981
0.478639
0.314895
0.586667
-0.382706
0.652391
-0.0433333
0.176091
-0.511764
0.291595
0.109743
-1.02441
0.0991423
-0.538814
-0.279284
-0.764268
0.165351
-1.17673
-0.351199
0.489821
0.16635
-0.0889367
-1.20581
-0.642197
-0.573036
0.567066
-0.482143
-1.24961
0.357548
0.182562
-1.12397
-0.231658
-1.48831
-0.494571
0.76293
-0.577693
0.273133
-1.06595
0.846375
-0.899846
-0.555497
-1.1587
0.300088
0.882521
0.475155
-1.32608
-0.247674
-1.42239
0.751071
-0.274647
-1.41556
0.0101474
-0.549472
-0.556689
0.409908
0.416037
-0.0458853
0.518565
0.778346
0.413012
0.151536
-0.462372
-0.615036
0.369358
0.822294
-0.199019
0.333547
0.466881
-0.0612465
-0.866688
0.350908
-0.220534
0.139336
-0.133573
-0.328023
0.263783
-0.622619
0.443139
-0.651347
0.31305
-0.536885
-0.388408
-0.136287
0.348715
0.0665744
0.00428429
-0.239449
0.218019
-0.425702
-0.839385
0.421572
-0.681009
-0.828494
-0.512183
0.566264
-0.46671
0.387328
0.555055
0.201064
0.363907
-1.00499
-0.927898
-0.589852
0.142532
-0.392776
-0.375005
-0.0286691
-0.273157
-1.00363
0.129504
-0.465753
0.462949
0.508838
-0.599915
0.0734153
-0.711871
0.996866
-0.180123
-0.102242
-0.536044
-0.704128
0.0678452
0.580843
-0.56288
0.137385
-0.535107
-0.0156105
0.177221
-0.214102
0.0541667
-0.51562
-0.72514
-0.936114
-0.0830564
-0.988292
0.209631
0.145509
-0.430769
-0.245462
-1.77365
-0.57735
-0.919393
0.521651
-1.03008
-0.714452
0.568385
-0.171606
-1.11522
-0.69019
-1.14426
-0.520002
0.770678
-0.6777
-0.212866
-1.93295
0.77796
-0.756304
-0.452596
-1.24128
-0.549604
0.570524
-0.104158
-1.4057
-0.617851
-1.18496
0.0384339
-5.56457e-05
-1.54001
-0.194106
-0.716329
-1.12598
-0.721707
-0.253183
-0.838608
-0.206062
-0.161369
-0.0761438
0.698278
-0.965171
-0.782856
-0.740627
0.0462038
-0.405113
-1.16014
0.118681
-0.180697
-0.796938
-0.635527
-1.33729
-0.0010658
0.683542
-0.285045
-0.304027
-0.826848
0.922498
-0.34635
0.144496
-0.471232
0.0878323
0.198164
-0.267239
-1.32477
0.152042
-1.0968
0.369418
0.444508
-1.02559
0.0503544
2.96244
-0.949332
2.54332
1.44652
-0.0179496
1.03813
0.172658
0.698698
3.93565
1.52642
1.66192
3.70585
3.36319
2.11339
3.31785
2.78532
-1.99126
0.154645
2.35908
-2.75691
-0.0848736
-0.398601
-0.698898
-1.95804
-0.439438
0.0346132
1.47127
0.634665
0.426281
1.88456
-2.02671
1.77126
3.32906
1.4791
1.32136
2.79123
1.51576
