#input normalization
0.161394 0.274958
78.7239 80.2148
8.79366 36.3843
7.43269 30.9031
0.0101873 0.0451521
0.00816222 0.0346139
0.416735 1.94248
0.843054 1.88249
1.19755 2.09885
1.57139 2.32446
1.95267 2.55457
2.311 2.76913
2.64513 2.96759
2.98761 3.14384
3.29901 3.2822
3.58221 3.37622
3.84853 3.43049
4.08943 3.45432
4.29169 3.44708
4.45205 3.39115
4.57598 3.30541
4.68982 3.19973
4.76666 3.07723
4.77901 2.92157
4.78322 2.74792
4.73699 2.55788
4.65928 2.35665
4.58596 2.14655
4.41891 1.90465
4.25364 1.65727
4.09669 1.42802
3.92141 1.21088
3.71732 1.00245
3.53962 0.807428
3.34266 0.615959
#output normalization
1 0
#neurons weights
-0.396449
0.108195
0.215527
0.236547
0.123132
0.484866
0.118641
0.464777
-0.16967
-0.25043
0.273329
0.0333431
0.206103
0.26961
0.229237
-0.00701649
-0.142834
-0.423288
0.384961
-0.434823
0.443646
0.287918
-0.0846787
-0.362697
-0.488203
0.402783
0.367417
-0.156928
-0.336007
-0.448092
-0.349952
0.085045
0.419399
-0.204912
-0.161557
-0.37008
1.27133
0.00872113
-0.870549
1.60041
0.0152332
-2.60002
2.01139
0.370025
-3.03751
0.647179
0.271716
-2.49201
1.96437
3.00451
1.2641
-0.588476
-0.809708
-1.91705
1.39465
-0.921371
-1.4254
1.42702
-0.524156
-0.069681
2.79548
-4.03905
0.825773
1.59245
-0.343497
-1.20138
-0.255624
1.21224
-0.753029
-0.499733
1.88064
-0.0695198
0.498028
-0.289068
-0.323192
0.190012
0.248264
0.358239
0.0390083
-0.00152623
-0.737263
0.061809
-0.703215
-0.325549
0.0788417
-0.516948
-0.605158
-0.0298703
-1.01537
-0.99522
-0.606693
0.00927905
0.331053
-0.301487
-0.582841
-0.350962
-1.41238
-0.0273184
-0.334675
0.320546
-0.10389
0.486041
0.140527
-0.438244
-0.324212
0.20248
1.48984
#synapses weights
-0.336115
-0.140092
0.0438043
0.259789
0.124714
-0.305824
-0.117646
-0.0558325
0.46634
0.00189553
-0.317922
0.257531
0.318253
-0.106211
-0.280347
0.255917
-0.154078
-0.671599
-0.217786
-0.690385
-0.218015
-0.419562
-0.165055
-0.533261
-0.256712
-0.16195
-0.185627
-0.488747
-0.502555
0.0545115
-0.558881
-0.0156651
-0.555758
-0.207584
-0.36387
0.0352793
0.844472
0.0885081
-0.254037
0.0116679
0.167669
-0.0575148
-0.0738829
-0.518793
0.241679
-0.176542
0.0677418
-0.148746
0.083261
0.351479
0.350529
0.571052
0.779907
0.652581
0.243437
0.153801
0.345056
0.38811
-0.0209711
0.166184
-0.0138672
-0.0362369
0.0497744
0.0947492
0.207688
0.0822816
-0.365644
-0.344662
0.472444
0.0493035
0.132197
-0.131621
-0.53354
0.037067
-0.0578873
0.0502041
0.834811
-0.0389978
0.0521131
0.49625
0.647563
0.646132
0.0700458
-0.222754
0.408519
0.137127
0.0581833
0.197462
-0.22654
-0.428693
0.52696
-0.405415
-0.276747
0.285409
0.788904
0.472838
0.770689
0.229974
-0.0677383
0.55319
0.293385
0.528528
0.111639
0.23605
0.0836803
-0.0926716
0.65884
-0.13228
0.302589
0.366316
-0.129013
-0.176698
0.16678
0.615947
0.255187
-0.260572
-0.257433
-0.124267
0.260505
-0.166903
0.398133
0.194039
0.477454
-0.134165
0.662344
0.146093
-0.00937112
-0.263768
-0.333487
0.451773
-0.149256
-0.160287
0.484949
0.348598
0.532347
-0.168175
0.0212047
0.314403
0.121998
0.0122991
0.329536
0.343782
0.0417791
-0.0625925
0.271944
0.094159
0.0403612
-0.124258
-0.47336
0.345644
0.207804
0.0776444
0.0866006
0.829625
0.314579
0.721328
0.352887
0.216767
-0.195103
0.142671
0.131814
0.222913
0.0932726
-0.155624
0.268628
0.0512962
-0.0102229
0.086518
0.210503
0.203971
-0.0864508
0.110854
0.203099
0.302376
0.0610265
-0.60305
-0.893014
0.103297
0.181689
0.212074
0.357202
0.671757
0.160334
0.0133186
-0.351153
0.115177
0.365444
0.208887
0.12924
-0.1206
0.0138987
-0.0678851
0.290786
-0.256485
-0.347956
-0.748034
0.0589914
-0.496651
-0.431342
0.0305074
-0.0509291
-0.339258
-0.113126
0.0707703
0.267399
-0.313289
-0.208136
-0.353096
-0.118288
-0.646063
0.435289
0.875861
-0.492522
0.148081
-0.397931
0.130412
0.306525
0.400304
0.0730707
-0.394456
0.976611
-0.0460717
0.124718
-1.10947
0.268073
0.342194
0.525935
-0.674056
-0.159041
0.238949
0.52593
0.22116
-0.31926
-0.466776
-0.504708
0.25955
0.127519
0.0376122
-0.701193
0.101746
-0.472341
-0.276673
0.896099
0.0482464
0.723285
-0.505031
-0.879168
-0.796844
0.398686
0.518787
-0.205429
0.184644
0.293149
-0.0819863
0.146315
-0.220248
0.327307
-0.388835
0.0757154
-0.245845
-0.426571
-0.123847
0.707064
0.240037
0.0776621
-0.68804
-0.296234
0.702196
-0.190532
-0.110168
-0.340318
0.57864
0.217699
-0.300082
0.317406
-0.403527
-0.166272
-0.255953
0.349277
0.0750287
-0.746637
-0.412754
-0.087635
0.0107082
0.489017
0.0420601
0.157075
0.314004
-0.00338382
0.440404
-0.118536
-1.14769
-0.274958
-0.340822
0.015805
-0.371901
-0.12679
-0.0202847
0.0665518
-0.116056
-0.948136
-0.0825222
-0.107258
0.31707
-0.474927
-0.0919183
-0.00183668
0.360389
-0.332516
0.364447
-0.0295948
0.265717
-0.222728
-0.469519
0.142949
-0.528055
1.13061
-1.91615
0.530917
-0.252377
0.106938
-0.0691498
-0.354182
0.420166
0.10854
-0.271699
0.28553
0.358532
-0.434377
-0.196422
-0.17937
0.207786
0.393353
-0.28609
-0.305653
0.364616
-0.197922
-0.039861
-0.205798
-0.0549646
0.144668
0.0106236
-0.00325735
0.0196642
-0.00724478
0.247022
-0.145475
-0.613074
0.091592
-0.0933426
0.00484931
0.924393
0.205546
-0.405604
0.0686681
0.344091
-0.368479
0.416526
-0.312137
0.0701092
0.360291
0.384549
-0.110563
0.0309159
0.356863
0.734972
0.246868
0.0618267
0.326731
0.14149
0.548799
0.732975
0.393707
0.336594
0.278543
0.517652
0.263201
0.878918
0.776217
0.906372
0.771726
0.143672
0.657192
0.676711
0.249398
0.748406
0.4558
-0.218757
0.122803
0.260541
0.235538
0.59494
0.811152
0.238244
0.59467
0.511896
0.562578
0.376745
-0.0999218
0.211617
0.258689
0.387532
-0.107504
-0.114445
0.71283
0.166002
-0.114479
-0.453269
0.763483
-0.0575505
-0.103626
0.266671
0.264072
0.738605
1.00158
1.05052
0.596437
0.520152
1.16565
0.41949
-0.298191
0.432727
1.0108
0.157655
-0.190933
-0.130261
-0.400632
-1.03143
-0.291215
-0.317294
-0.889104
-1.28287
-0.357874
0.532287
-0.10166
-0.407118
0.607634
0.275622
0.202515
0.260031
0.315006
-0.0188232
-0.298753
-0.519418
-0.447428
-0.0223872
0.154566
0.287492
0.369623
-0.0261452
-0.103791
0.0887243
0.823559
0.270004
0.0424769
-0.750104
-0.427623
-0.166112
0.22305
0.226195
0.283833
-0.0966704
0.260688
-0.0482845
-0.0143577
-0.300092
0.521531
0.291791
-0.0339419
-0.448385
0.409926
-0.303445
-0.421401
0.0490609
0.140523
-0.224596
-0.167073
-0.388349
0.551317
0.1204
0.180681
-0.55431
-0.248574
-0.0780342
-0.349095
0.0172673
-0.374508
0.289433
-0.0496453
-0.142635
-0.102392
-1.13232
2.4054
-0.896282
0.0448594
-0.381359
-0.0437249
0.0462594
-0.00707656
-0.0623029
-0.233858
0.372865
0.579217
-0.503722
-0.357907
-0.237388
0.689511
-0.0188852
-0.382569
-0.0416284
0.254369
-0.138478
0.056792
0.260413
-0.258514
0.100577
0.207872
0.0608941
-0.0753901
-0.00373369
0.831954
-0.205414
-0.0127998
-0.403918
0.269589
0.0587602
-0.685595
0.49845
0.0522959
0.281373
0.328189
-0.522875
-0.192486
0.56627
-0.301464
0.573576
-0.259665
0.320409
0.313884
-0.454396
-0.112568
0.171726
-0.478957
-0.211586
-0.365885
-0.128955
-0.00842207
0.206718
-0.593175
-0.069453
-0.512542
0.145031
0.313593
-0.206663
0.09658
0.341094
-0.152549
-0.372253
-0.267404
-0.709536
0.842873
0.392244
-0.255497
0.110044
0.125102
-0.109658
-0.0411111
-0.503499
0.882465
0.360713
-0.328012
-0.0533754
0.586155
0.500687
0.391671
0.178281
-0.488075
0.167116
0.202722
-0.251261
0.202236
-0.137875
-0.101799
-0.467425
-0.359495
-0.218174
0.219503
0.493994
0.0978904
-0.206428
0.443393
0.321561
-0.133305
0.411417
-0.00399078
0.0696597
0.617489
0.110211
-0.194572
-0.404916
0.294785
-0.0484171
0.05768
0.31373
0.228446
-0.0317568
-0.736691
0.577213
-0.379278
0.01868
-0.0328219
0.377033
0.302061
0.360781
0.625738
0.23389
0.398976
0.120419
-0.226419
0.274904
0.478015
-0.10056
-0.0835656
0.0675627
-0.481831
0.109236
-0.00371522
-0.00895869
0.460693
0.0452512
0.627746
0.5907
0.440981
0.152249
-0.125843
0.493857
-0.12208
0.125514
-0.0848874
0.262388
0.0686875
-0.105977
0.168546
0.510747
-0.57916
0.0348454
-0.396115
-0.312751
0.252988
-0.413464
-0.85877
0.764798
-0.334522
0.62457
0.160579
-0.360484
-0.0826962
0.591411
0.277876
-0.679921
0.605997
-0.125517
0.468217
-0.340871
0.264295
-0.0230681
-0.169156
0.503704
-0.657994
0.868775
-0.607263
-0.0881615
-0.402439
-0.532908
0.309199
-0.299877
0.35136
0.354887
-0.113077
0.283
0.0953497
0.12936
0.623989
0.272428
0.0692044
0.319003
0.287138
0.682332
-0.0680654
-0.389637
-0.462225
-0.354975
-0.0124113
-0.373399
0.125218
0.204982
0.125102
-0.0423767
0.179611
-0.454982
-0.114877
0.325415
-0.426234
0.542431
0.0322818
-0.0532301
-0.353749
-0.322593
0.753816
-0.357434
0.388426
1.13808
0.637932
-0.458166
-0.148281
0.194088
-0.161412
0.0267794
0.0316106
-0.04083
0.0258286
-0.146696
0.0154348
0.101832
-0.715104
-0.396212
0.0301996
-0.127095
0.121903
0.579971
0.0215379
0.516718
0.123238
-0.48556
-0.617386
0.640378
0.819111
0.369483
0.3598
-0.480422
0.494791
-0.439093
0.273599
0.279158
-0.0751553
-0.426636
-0.0363745
0.0361879
-0.321938
-0.63082
-0.315847
-0.366394
0.281606
0.0274397
0.572617
-0.275544
0.673236
0.518608
-0.508232
-0.258871
0.62215
0.134326
-0.321202
-0.656442
-0.49479
0.0380492
-0.963009
-0.104611
0.405367
1.05393
-0.390581
-0.540059
-0.24489
0.188105
0.440588
0.13693
-0.17462
-0.0343079
0.212942
0.536425
-0.709735
-0.33946
0.061926
-0.246275
0.340123
0.135304
-0.742034
-0.342232
-0.23927
0.517153
-0.294005
0.0755961
-0.0696738
-0.270576
-0.164722
-0.3743
0.323835
-0.362035
-0.131559
-0.277759
0.0622187
-0.181838
-0.59778
-0.226186
-0.285309
-0.304317
-0.360219
1.02429
-0.548375
-0.328642
-0.0945481
-0.012493
0.436262
-0.142787
-0.0517686
0.21435
-0.0153649
0.304795
0.163517
-0.336865
-0.498548
0.046861
0.282157
-0.104781
-0.0904041
0.0926128
-0.287718
0.520501
-0.200353
0.562489
0.137959
0.0432489
0.318952
-0.151932
0.112536
-0.328892
-1.11338
-0.608841
-1.39228
-1.07196
-0.062499
0.117588
1.55359
0.336721
0.154025
0.372752
0.395039
-0.302628
0.424559
0.508745
0.194181
-0.0581568
-0.722987
-0.137916
0.530614
0.545669
-0.681039
-0.126892
-0.272985
-0.269894
-0.329509
0.0738107
-0.761596
-0.0299285
-0.384364
-0.385295
0.0272409
0.293689
0.37352
-0.22341
-0.312637
-0.345916
-0.623037
0.0190762
0.394411
-0.921115
-0.091022
-0.407141
-1.05512
0.737847
0.056879
1.08391
0.312537
0.300326
0.40029
-0.278527
-0.172023
0.0273705
0.184082
-0.507806
-0.333727
0.243744
0.299585
-0.422195
0.422081
0.0570215
0.673364
-0.376832
0.200549
0.13031
-0.548726
0.264594
-0.337857
-0.181357
-0.107
-0.360094
-0.142824
-0.0306972
-0.0719668
0.306658
3.14942
0.177857
1.11743
-0.23171
-1.00429
-0.258039
-0.108403
0.0283789
0.0670658
0.195114
-0.347705
0.30884
0.0160141
0.0949006
0.180723
-0.496281
0.38794
0.100293
-0.0512193
0.0802679
0.136079
-0.154928
-0.0464447
0.118321
0.236463
-0.636438
0.178714
0.11012
0.0156255
0.401904
-0.0409387
0.410029
-0.359182
-0.023049
-0.0960404
-0.161202
-0.134221
-0.220196
-0.281557
0.129464
-0.045622
0.479851
0.0960775
-0.356049
0.356839
-0.363628
0.204127
-0.521072
-0.379358
0.150166
-0.046753
-0.10459
-0.0842277
-0.129484
-0.195063
-0.577019
-0.66898
-0.537284
-0.0571815
-0.63241
0.0646102
0.116668
0.0740083
0.09257
0.0532329
-0.542255
0.123341
-0.127258
-0.596286
-0.541315
-0.416961
-0.345352
-0.343468
-0.00649622
0.758897
0.0321798
-0.0763406
0.511055
0.363339
0.259403
-0.116964
-0.0720634
0.0166399
0.0953725
-0.563244
-0.145782
-0.121931
-0.195525
-0.210159
0.00600341
0.138625
0.666859
0.793534
0.18459
-0.707471
-0.541646
0.0285298
-0.0796353
0.119362
-0.115691
-0.664122
-0.297193
0.233049
-0.294745
-0.586547
-0.226047
0.450068
-0.25817
-0.121368
-0.187772
-0.0745787
-0.229436
0.273276
-0.316084
-0.22186
-0.519403
0.311885
-0.0712833
-0.0151043
-0.359874
-0.320552
-0.326888
0.381201
0.286686
0.408351
0.434388
0.268091
0.311091
0.536464
0.375678
0.152726
-0.227323
0.34835
0.159051
0.32366
0.579506
-0.21934
0.537962
0.302742
0.34332
-0.250464
0.734614
-0.242535
0.312453
0.524463
-0.346439
0.0939394
0.0459893
0.0105765
-0.639516
-0.456841
-0.40737
-0.294032
-0.136272
-0.33445
0.382626
-0.707984
0.135558
0.162654
0.0498068
-0.50605
0.313664
0.40822
0.284604
-0.0558835
-0.416983
-0.034737
0.0907936
0.443299
0.754578
0.326558
0.416394
-0.075952
-0.00208208
0.677939
-0.200495
0.988843
0.00269465
0.117216
-0.554133
0.261427
0.122998
0.574089
0.339029
0.922822
-0.151831
-0.0184155
0.101325
0.457753
0.464613
-0.0195776
0.148165
0.0197472
0.000297998
0.100993
-0.197746
-0.0664718
0.115575
0.452314
-0.206489
0.210642
-0.25541
-0.274904
-0.676733
-0.155797
-0.111311
-0.382822
-0.0360232
-0.0291938
-0.530526
-0.23381
-0.673837
0.00692729
-0.696055
0.467458
-0.132404
-0.166552
0.543579
-0.00108157
-0.430326
-0.372668
-0.444195
0.0836233
-0.240123
-0.150077
0.209423
-0.239093
0.197549
-0.208854
0.182244
-0.426998
0.0891033
-0.155771
-0.438342
-0.201884
0.450407
-0.768504
0.0792437
-0.238967
0.039311
0.145431
0.442307
-0.787124
-0.0019004
0.89069
-0.625065
0.531961
-2.25339
0.943803
1.1029
0.359032
0.381699
0.753346
-0.688064
0.112386
-0.464042
0.410137
-0.0631461
-0.0288221
-0.439909
-0.148413
0.289759
0.30015
-0.447143
0.190018
-0.309955
-0.643359
0.539932
0.172608
-0.110198
-0.262867
0.302524
-0.164171
-0.409397
0.321406
-0.0896158
-0.116475
-0.343486
-0.252748
0.44793
-0.0697304
0.408793
-0.212657
0.352671
0.177836
-0.335048
-0.515278
0.354109
-0.0813006
0.352844
0.505143
0.477363
-0.368043
-0.298509
-0.135406
0.242008
0.333127
-0.200861
0.0716904
0.0928704
-0.185675
0.259613
0.481491
0.821039
0.685664
-0.0187871
0.417292
0.763682
0.250006
0.602036
0.380816
0.660359
0.326487
0.0926233
0.204945
0.49773
-0.889217
1.13068
0.275466
0.205713
0.203325
-0.146866
-0.468634
-0.153702
-0.0369312
0.310296
-0.317277
-0.232678
0.1297
0.124312
0.716632
0.24027
0.0733374
-0.276598
-0.0534874
0.730291
0.421322
-0.512601
-0.0466669
0.300076
0.449686
0.744667
1.08234
0.0382849
-0.360577
-0.111104
-0.161362
0.076424
-0.391498
-0.590071
0.192376
0.482788
0.546979
0.20471
1.03286
0.196892
0.475657
0.440299
-0.16626
-0.222873
0.10212
-0.0368575
-0.487987
-0.24099
0.22256
-0.00731265
0.901615
0.639586
0.321074
-0.397972
0.240463
-0.192119
-0.525098
0.723432
-0.373686
0.793398
-0.466422
0.315683
0.024837
0.212555
0.877968
0.922345
0.1681
-0.815908
0.391802
-0.176127
-0.355488
-0.0915142
0.454273
0.116429
-0.324793
0.788743
-0.125643
0.837513
0.0999982
-0.517353
0.0856361
0.591541
-0.221319
0.800422
0.325256
0.255804
0.174676
-0.676645
-0.406955
-0.207314
-0.539136
-0.390815
0.428318
0.0334808
0.0529559
-0.653779
-0.581724
-0.0453447
0.401874
-0.0969523
-0.501723
-0.802822
0.767877
-0.684075
0.0064041
0.10533
-0.435894
0.58585
-0.367317
0.428132
0.224002
0.00208099
0.478296
-0.268828
-0.534227
-0.0807398
-0.080126
0.300167
0.705121
-0.195359
-0.868368
-0.476127
0.587352
-0.00727813
-0.0324065
-0.570429
0.0899938
-0.0695143
-0.245309
-0.0189968
-0.0145326
0.0484583
-0.101984
-0.158928
-0.560685
0.121748
-0.183985
-0.00841994
0.052652
0.943866
-0.738124
0.139756
-0.0679208
0.105333
-0.331867
-0.0629849
0.055188
0.371769
0.254903
0.219556
0.159188
-0.00539701
0.313584
0.552965
0.270135
-0.202414
0.489034
0.00707529
0.495696
0.0266006
-0.233739
0.505142
-0.100247
-0.35515
0.254569
-0.154518
0.439558
-0.473525
0.501105
0.221986
0.260105
0.195239
-0.299474
-0.337386
-0.471393
0.104477
-0.198189
0.0975111
0.150371
-1.29928
0.0197514
0.374338
-0.307831
0.611423
-0.715058
0.975599
0.74434
-1.27308
0.128404
0.665267
-0.350949
1.13178
0.931535
0.410472
0.325898
-0.153929
0.0137767
0.212325
-0.0121507
-0.675833
0.717598
-1.03561
-0.766936
0.248576
-1.31681
0.718097
0.105047
-0.14881
-0.0469628
0.150575
0.282394
-0.989862
0.277331
0.480893
0.107034
-0.209652
0.686178
0.265611
-0.474422
0.712283
-0.473128
0.620545
-0.04443
-0.569327
0.35809
-0.109149
0.308788
-0.054648
0.0475935
0.180702
-0.194897
0.413873
0.0440689
0.052973
-0.203247
-0.309207
0.0153304
-0.0601972
-0.210713
-0.0350849
-0.426797
0.381102
0.276145
-0.197646
0.0963714
0.287396
0.259452
-0.638291
0.00987987
-0.13604
0.267128
0.592508
0.203462
0.579153
0.373501
0.333003
0.64703
0.185415
-0.774467
0.1575
0.317854
0.42626
-0.316315
0.361434
0.493313
0.133285
0.191222
0.0814551
-0.0710479
-0.656792
0.180509
-0.267876
-0.822167
0.28019
-0.0307079
0.689717
0.0335318
-0.0536952
0.172456
-0.435775
0.00129419
0.853123
0.154537
-0.0722088
0.360092
-0.0378294
0.341882
0.270043
-0.135293
-0.23108
0.733107
0.461819
0.657098
-0.130249
0.352271
0.375629
-0.04077
-0.396966
0.419826
0.393176
-0.140779
0.450162
-0.457467
0.235434
0.71324
0.733532
0.186765
0.36569
0.421581
0.571218
0.548527
0.679478
0.0023126
0.0197301
0.581087
-0.698398
0.10347
0.603724
-0.119975
1.02519
-0.394548
0.0485806
0.492828
-0.555676
0.0355531
0.48972
-0.379766
0.50173
-0.720672
0.801573
0.0596176
-0.483208
0.27253
0.632429
-0.280355
0.484495
0.32408
-0.0272361
0.0701317
-0.162447
-0.248634
0.568153
-0.488613
-0.0527332
-0.0503566
-0.296819
-0.639509
1.01676
-1.24456
0.736076
0.573231
0.439345
0.488646
0.278201
0.343669
-1.08545
-0.184334
0.539989
-0.155745
-0.211532
-0.348673
0.134931
0.218997
-1.09911
0.175747
-1.22936
-0.24327
1.03926
0.156598
-0.855793
0.977576
-1.12818
-0.65228
-0.160245
-0.380152
0.0160896
0.451112
-0.436044
0.396939
0.72948
-0.88455
0.0951259
0.0925412
-0.647831
1.09859
-1.18009
-1.06481
0.300438
0.369524
-0.431496
-1.0318
0.479296
0.0895492
-0.997548
0.461036
0.023002
-0.113388
-0.286841
0.293601
-0.0983709
0.162606
-0.0870879
-0.289959
-0.169652
0.406061
-0.0617802
-0.317281
-0.147961
-0.0343375
-0.465818
0.0813252
-0.337321
0.0214024
0.161384
-0.13037
0.131137
-0.340926
0.105257
-0.106566
0.291378
0.0686306
0.572483
0.263354
0.422395
0.0839228
-0.23012
-0.385263
0.0553382
-0.43165
-0.023736
-0.725409
-0.214295
0.209716
-0.0291451
-0.408516
-0.0817038
-0.0596193
-0.0923011
-0.36536
0.507802
-0.0207484
0.29444
0.177822
0.215874
-0.376744
-0.475583
0.295418
0.516496
0.566012
-0.113175
0.180003
0.419103
-0.486331
-0.763976
0.200265
-0.200762
-0.148441
-0.0186031
-0.483998
0.391003
0.604297
-0.42719
-0.266549
0.699228
0.430813
-0.744276
-0.18926
0.456782
-0.129209
-0.763939
0.378249
0.119668
0.0660185
-0.845118
-0.486885
0.798756
-0.160213
-0.800024
0.472309
-0.153948
-0.181183
-0.0789806
-0.395166
0.540116
0.550743
-0.68808
0.136091
-0.236617
-0.37374
0.468964
-0.00234853
-0.0522734
0.11904
-0.677449
-0.460097
-0.49005
-0.12511
0.319545
-0.382406
0.210849
-0.185122
-0.00768073
0.0637363
-0.10116
-0.192509
-0.201047
-0.477055
0.238524
-0.467997
0.602917
-0.264794
0.118797
0.369364
0.116763
-0.344817
0.0605016
0.779269
0.627055
-0.545103
-0.342464
-0.406189
-0.161743
-0.327733
0.0030636
-0.0248576
0.346321
0.0345627
-0.068168
0.178768
-0.152312
0.104197
0.393682
0.105926
0.390288
0.147055
-0.415909
0.108197
0.100568
-0.869701
-0.0909019
-0.0663788
-0.149779
-0.45068
-1.12507
0.53786
-0.808915
-0.631272
0.807411
0.207105
0.0361683
0.392871
-0.749335
-1.11063
-0.634625
-0.241685
0.530898
0.566223
-1.30536
0.399837
-0.261155
-1.07355
-0.510098
-0.279415
-1.05118
0.112517
-0.283073
-0.967291
-0.376649
0.627529
-0.576172
-0.527577
0.55334
-0.606725
-1.223
0.152477
0.0450582
0.21836
0.081086
-0.109932
-0.615935
-0.1687
-0.190901
0.142053
0.602702
0.151264
-0.485893
0.103938
-0.738228
-1.15559
-0.437553
0.315893
0.119141
0.764737
-0.100336
0.0659405
0.756973
-0.631626
0.0621183
0.984596
-1.11708
0.933982
-0.668822
-0.5814
-0.334562
0.218627
-0.0172778
-0.546471
0.628797
0.311923
-0.199346
-0.168854
0.827814
0.59673
0.467105
0.853747
-0.448903
0.433199
0.399473
-0.484345
-0.427005
0.13712
0.121873
0.434658
-0.193148
0.588255
0.12481
0.153025
-0.164728
0.17072
-0.451388
0.584582
0.414762
-0.230963
-0.125789
-0.0143607
0.172097
0.109939
0.0911713
-0.212128
0.142147
-0.183849
0.432022
0.161655
-0.198015
0.188171
0.676585
-0.0475357
0.475905
-1.03444
-1.06898
0.477032
-0.60826
0.699079
-0.463699
0.0875048
0.618755
-0.438727
-0.999264
0.23473
-1.12515
-0.946442
-1.14665
0.299394
0.234488
0.647401
-0.751594
0.022677
0.123306
-0.0642085
-0.292797
-0.310408
-1.1788
0.2642
-0.883851
-0.602743
-0.716222
0.26041
0.311058
-0.175554
-0.130814
0.183609
-0.7995
-0.545228
-0.597225
-0.173628
-0.369722
-0.0218151
-1.54405
0.905421
-1.61873
-0.3284
0.563865
-0.13998
-0.998385
-0.0410047
-1.66111
-1.33315
-0.641357
0.27831
-0.352966
0.767435
-1.08825
-0.649722
0.431308
-0.654416
-0.480439
-0.240113
-1.57692
0.645195
-1.35691
-1.44463
-0.0989216
0.41815
-0.355181
-0.821426
0.403319
-0.380392
-0.974949
-0.156869
0.426243
-0.345696
-0.0732043
-0.38004
-0.739528
0.561155
-1.05542
-0.311058
0.427032
-0.83411
-0.520639
0.764078
-1.39085
-1.8341
-0.739934
-0.437712
-0.0552419
0.165181
-1.2429
-0.378441
-0.075805
-1.24967
-1.02554
0.00693171
-1.51747
0.683965
-1.25358
-0.974873
-0.350579
0.13232
0.23152
-1.28318
0.0368522
-0.428747
-0.562076
-0.46726
0.918812
-0.9049
-0.49557
-0.00230761
-0.617751
0.938962
-1.04294
-0.187458
1.2646
-0.457406
-0.211005
0.326856
-1.47394
-1.72579
-1.17345
0.24881
0.483657
1.48702
-0.649877
0.389904
0.498634
-0.50376
-0.409219
-0.120016
-0.410497
1.03748
-1.56222
-0.338221
-0.619371
-0.357162
0.675236
-1.26201
1.18637
-0.429129
-1.23709
-0.430124
-0.0379988
0.129615
0.306772
0.500823
0.522845
-0.277154
-0.00509804
0.241238
-0.26723
-0.184033
0.0630415
-0.130769
0.184015
0.16524
0.0257612
0.179787
0.277168
-0.249661
-0.49345
0.0558279
0.210332
0.300036
0.0906811
0.4389
0.306454
0.172846
0.261923
0.0658535
0.174547
0.335756
0.471854
0.24671
0.178543
0.0508143
-0.26782
-0.167874
-0.287135
0.539891
-0.327932
-0.261174
0.622657
-0.737334
0.248238
0.0543199
-0.103873
0.547714
0.459333
-0.349079
0.0657675
1.23964
-0.16816
-0.243373
-0.516651
-0.665659
0.325581
-0.618866
0.204832
0.614534
-0.668766
0.156791
0.523539
-0.818639
0.287479
0.308439
-0.150537
0.306636
-0.171277
0.501914
-0.260086
0.503337
0.570921
-0.705527
0.471574
-0.288248
-0.375369
0.144295
-0.971486
0.0647475
-1.20188
-0.761308
0.434553
0.2833
-0.51644
0.760623
-1.14328
-1.57983
0.0670899
0.407784
0.532973
0.686757
-0.416644
0.138471
0.440403
-0.928657
-0.438099
0.226336
-1.37654
1.20793
-0.89668
-0.427502
-0.531667
0.394468
-0.356835
-0.506622
0.684615
0.201984
-0.183135
-0.458867
0.184136
0.224388
0.300456
-0.23321
-0.366849
-0.293461
0.236282
-0.133237
0.257725
-0.237365
0.24704
0.0721637
0.145904
0.0516348
-0.11244
0.222733
0.349114
0.212055
-0.407702
-0.332914
-0.0512063
-0.43064
0.309001
-0.113757
0.51039
-0.344739
0.0152274
0.456759
0.248855
0.254482
-0.303155
0.477433
-0.237934
0.479494
0.496783
-1.44646
-0.586324
-0.702807
-0.86817
-0.0535154
-1.91869
1.53373
-2.58429
-1.3452
1.33111
-0.414405
-0.498577
0.773294
-1.75101
-2.63997
-1.16683
0.102894
0.675236
0.605919
-1.55866
-0.352644
0.339491
-1.55828
-0.77669
-0.319615
-1.97867
1.12857
-1.54916
-1.63594
-0.033739
-0.287416
0.00634349
-2.12397
0.161254
0.308547
-1.658
0.336891
-0.0871892
-0.357342
-0.646072
0.257088
0.362151
-0.204323
-0.0617126
0.764118
0.0847844
0.201268
-0.284395
-0.0355535
0.428924
-0.173904
-0.241081
-0.280986
0.0939827
0.634816
0.0677224
0.434616
0.329574
0.212936
0.265972
0.4592
0.334843
-0.169777
0.533983
-0.254821
-0.21224
0.460518
-0.0857253
-0.295091
0.695645
-0.355577
0.325392
-0.0629914
0.421184
-0.108695
-0.219001
-0.412819
-0.113712
0.45077
-0.158313
-0.102624
-0.218786
0.275479
0.487051
-0.0838573
0.258838
0.0317876
0.0107534
0.432138
0.262231
0.750596
-0.464106
-0.220827
0.361554
0.00767019
0.203666
0.371581
0.0811763
-0.362032
0.623447
-0.380543
0.0404613
0.452371
-0.323252
-0.00108956
0.555291
-0.182556
0.0728924
-0.0937069
-0.269162
0.352949
0.301044
0.524953
0.00968026
-0.0422051
-0.644685
-0.34388
0.13149
0.0911376
0.17598
-0.184506
-0.74989
0.0749826
-0.188181
0.283328
0.325069
0.141474
-0.574192
0.370949
0.524896
-0.153542
-0.173121
0.0166214
-0.190095
0.156048
-0.452137
-0.171074
-0.157449
0.254204
0.18932
0.216773
0.112247
-0.00393703
-0.558949
0.172266
-0.0591686
0.197664
0.118029
0.415479
-0.0439871
0.340149
-0.854691
-0.795329
0.742992
-0.171189
0.0456009
0.24604
-0.640031
-0.624504
-0.439422
0.381901
0.726852
0.0795942
-0.658011
0.250554
0.0490703
-0.339444
0.0909803
0.227822
-0.245927
0.370869
-0.104938
-0.270561
0.462948
0.259743
0.370409
-0.228167
0.590409
0.353576
-0.092742
0.593033
0.369717
-0.169167
-0.197113
-0.764028
0.0455703
0.0794595
0.25062
-0.0356447
-0.464154
-0.671052
-0.0985293
-0.0828595
0.534996
0.916564
-0.242582
-0.518822
0.233501
-0.248327
0.375552
-0.54525
-0.105426
0.00336891
0.0939898
0.200966
0.250381
-0.532349
0.401924
-0.179317
0.00597272
-0.247128
-0.588039
0.464507
-0.607825
0.0861455
0.420642
0.201115
0.361741
0.360827
0.252858
0.0762249
-0.0718609
0.223959
-0.162647
0.408334
0.0590811
-0.313362
-0.075336
0.502111
0.273861
0.540771
-0.164669
0.647755
0.598689
0.364585
-0.330057
0.652413
-0.105619
-0.0110528
0.265832
0.376418
0.0822477
-0.0184957
0.306299
0.590341
-0.0296591
0.0814754
0.0432157
-0.383112
0.440115
0.224185
0.142157
-0.0988213
0.554432
0.684933
0.665942
0.483431
-0.293332
0.434745
-0.886797
0.125386
0.195055
0.145843
0.740379
0.144541
-0.172917
-0.63949
0.363524
0.562891
0.0114107
0.0329719
-0.0898074
0.199579
-0.363086
-0.20351
-0.451414
0.574517
-0.658673
0.223587
0.259072
-0.40856
0.413611
0.934
0.301738
-0.358153
0.251481
0.411931
-0.452799
0.0960073
-0.650532
-0.398977
0.3444
-0.343291
0.441642
-0.639565
-0.423766
-0.262157
-0.305437
-0.00335083
0.329931
0.375857
-0.378267
0.347438
0.097493
-0.534501
-0.0548579
-0.0477025
0.0129475
0.172592
0.217138
-0.0353283
-0.0561128
-0.273101
-0.0431971
0.360554
-0.592091
-0.593342
-0.189796
-0.554724
-0.500063
-0.254313
-0.640319
-0.101183
0.113375
-0.387247
0.32671
-0.84586
-0.462338
0.176566
0.169274
0.403076
-0.958992
-0.52642
1.45202
0.1569
0.0157444
0.0276302
-0.0179092
-1.42884
-0.159369
-0.417789
0.668592
0.789005
0.454299
-0.176702
0.550857
-0.931294
1.38277
0.91911
-0.890921
1.59316
-0.620519
-0.897106
-0.0996888
-0.531818
-0.161226
-0.184498
0.947318
-0.385458
-0.475454
2.42369
-2.00261
0.968604
-0.668321
-2.97535
-0.529172
1.5433
3.4027
-2.10836
3.50126
0.331937
1.08837
1.0701
-0.486994
1.82177
2.6743
1.57934
2.78813
1.96741
2.16579
4.41371
0.944442
-1.73854
3.28528
0.711255
4.15545
1.23954
0.678817
1.04579
1.75263
-1.45728
0.708971
1.11082
-1.41797
3.4136
