#input normalization
0.161404 0.27497
44.3524 55.6116
9.22746 34.0049
7.55121 29.9876
0.0101091 0.0428551
0.00825337 0.034199
0.416735 1.94248
0.843054 1.88249
1.19755 2.09885
1.57139 2.32446
1.95267 2.55457
2.311 2.76913
2.64513 2.96759
2.98761 3.14384
3.29901 3.2822
3.58221 3.37622
3.84853 3.43049
4.08943 3.45432
4.29169 3.44708
4.45205 3.39115
4.57598 3.30541
4.68982 3.19973
4.76786 3.07564
4.78486 2.91338
#output normalization
1 0
#neurons weights
0.23875
0.0950854
0.0612517
0.127221
-0.47999
0.22034
0.080177
-0.381845
0.460936
-0.136495
0.200222
-0.0758067
-0.0945781
0.389495
0.412407
0.207563
0.329267
0.117025
0.00881492
-0.033764
-0.273665
0.280887
0.432298
-0.372524
1.83266
0.567967
-0.496772
2.0974
-0.0113932
-0.116202
0.679925
4.51593
-0.766735
-0.102359
-2.01633
-0.0315584
1.16988
-1.96718
-2.49873
2.94678
2.60715
3.77612
0.0612786
-3.16002
1.8494
-0.616685
-0.35964
0.334729
0.233057
-0.819022
0.222763
-0.388102
0.011863
0.0983397
-0.101906
0.298832
-0.745089
0.0245171
0.0772318
0.148457
0.284684
-0.824753
-0.388357
-0.0958151
-0.719228
0.264245
-0.641951
0.926471
-1.33287
-0.546512
0.312
0.166658
-0.777004
1.67244
#synapses weights
0.758031
-0.00379949
3.01196
-0.986666
-0.963515
-1.06838
-0.571803
0.0776409
0.188413
-0.125573
0.0408702
0.303045
0.159379
-0.502783
0.165718
0.506632
-0.734865
-0.720058
1.99574
-1.11284
0.277876
0.654428
-0.24996
-0.06948
0.213934
1.12063
0.736558
-0.0631546
-0.681863
0.351435
-0.344898
0.174545
-0.0211261
-0.144136
0.302875
0.0909562
0.1883
0.752871
0.3842
0.529249
0.47698
0.601681
-0.511633
0.112082
-0.238464
0.302551
0.5211
0.872865
-0.0968842
1.01711
-0.513557
0.362584
-0.276409
0.339043
-0.471957
-0.260869
0.359423
0.0386407
0.283026
-0.246304
-0.251061
-0.113717
0.0677931
-0.032741
-0.0117253
0.161441
0.301727
0.907486
0.884209
0.880365
0.55881
1.29504
0.0704806
-0.465609
0.49618
0.941046
0.388263
0.259573
1.51383
0.308562
0.567713
-0.31038
0.221916
-0.115169
-0.564192
0.963228
0.110818
0.22943
0.605743
-0.436386
-0.616454
0.179638
-0.584205
-0.577314
0.0481446
0.781153
0.144256
0.790343
0.315065
0.00410331
0.23145
0.064516
0.21936
0.00256151
0.0487057
0.221232
-0.265278
-0.211967
0.4868
-0.290323
0.132918
0.220831
0.416705
0.346273
0.230705
0.444156
-0.0433259
0.701224
0.718741
0.471168
0.223714
0.776581
-0.101366
0.521514
0.172403
0.194264
0.28876
-0.0934069
0.138652
1.21076
0.871166
0.849225
0.322785
0.89551
0.0764697
0.789903
0.325763
0.847022
0.905003
1.19668
1.4571
0.72781
0.542327
0.864793
-0.175123
0.583491
-1.03309
0.679855
-0.273537
0.441017
0.981608
1.41511
-0.150025
-0.555077
0.228747
-0.167561
-0.320339
-0.0847783
0.267439
-0.0320712
0.00546577
-0.258008
-0.14302
0.0488844
0.297531
0.24726
-0.252576
0.317162
-2.71806
-0.638695
-1.15574
0.292443
0.827403
0.0332618
0.128244
0.289956
0.121567
-0.137819
-0.0913251
0.0483454
-0.106954
-0.0299332
-0.13287
0.381293
-0.371333
-0.414629
0.247273
0.225915
-0.00470621
-0.0807224
-0.086511
-0.267062
0.328902
0.806279
-0.0213849
-0.284846
-0.316826
0.182865
-0.247852
0.219357
-0.447297
0.647615
-0.792145
0.408855
-0.414529
-0.528862
-0.222079
0.585927
-0.157661
0.112629
0.831016
-0.109514
0.453314
0.689445
-0.180316
1.29302
0.357477
-0.155744
0.392153
0.038491
-0.452112
-0.0917094
-0.238713
0.641705
0.305503
0.214484
-0.29092
-0.691081
-0.112008
-0.166703
0.0268956
-0.310161
-0.849325
-0.358049
-0.808594
-0.30873
0.145655
-0.126857
-0.715319
-0.563829
-0.442003
0.826124
-1.11081
0.892018
-0.689609
0.580655
0.0343071
-0.0292747
0.396902
0.584651
-1.08309
0.58969
0.289289
-0.454284
-0.937217
1.1814
-0.120027
0.313393
-0.690549
-0.0220099
-0.642467
-0.241301
-0.100763
0.707627
-0.287545
-0.0600372
0.0114461
-0.369136
-0.179647
-0.097858
-0.0494349
-0.381675
-0.395874
-0.316929
-0.0888264
0.210668
0.275363
0.125171
-0.0210229
-0.329962
0.193475
-0.639922
-0.371183
-0.751665
-0.0355527
-0.919159
-0.335723
-0.761251
-0.477752
-0.050978
-0.233298
-0.0495994
0.115867
-0.220792
-0.472284
1.02929
0.346033
0.302247
0.0420391
-0.151291
-0.506925
-0.253061
0.123492
0.00528009
-0.361413
-0.336766
-0.209979
0.0863462
-0.808507
-0.508154
-0.099195
-0.336604
0.5256
0.246647
0.83934
0.138687
-1.01479
0.533747
-0.114323
-0.269887
0.155635
0.341252
0.559327
0.461408
-0.0891035
0.899903
-0.458373
-0.0413651
-0.00526696
-0.210682
0.378921
0.431891
0.129475
-0.590293
-0.0961539
1.10897
0.246496
-0.121844
-1.42653
0.798254
0.608869
0.760595
0.787745
0.736636
-0.416368
-0.667376
0.0270967
0.373297
-0.0621548
0.0484136
0.763393
0.065301
-0.449407
-0.580823
1.21548
-0.370194
0.448465
-0.717559
-0.356309
0.629672
-0.470033
-0.698969
1.06566
-0.51315
0.108361
-0.106643
-0.305376
-0.260225
-0.0975121
0.757789
-0.475183
0.455232
-0.621377
0.631997
-0.676517
0.203267
-0.127728
-0.433762
0.60111
-0.269326
-0.175871
-0.614859
-0.341886
-0.547213
-0.142119
-0.211723
0.781135
-1.13743
0.504886
-0.790429
0.74482
0.465756
-0.61461
-0.533098
-0.363064
0.835447
0.16724
0.0778939
-0.118626
-0.19059
-0.384472
0.0833758
-1.00119
1.0243
0.348465
-0.538581
0.248893
-1.12398
-0.844527
-0.312549
-0.284097
-1.27198
1.10939
0.757563
0.388405
-0.598265
-0.823546
0.73447
-0.186927
0.500765
-0.0684231
-0.419186
-0.396812
-0.325567
0.770272
-0.115227
-0.762477
0.382793
0.2589
-1.45595
0.358477
-0.312851
0.5833
0.00214299
0.243285
-0.415374
0.852942
0.251408
0.0363612
0.231302
0.259275
-0.192575
0.629815
-0.0518658
0.633679
0.398988
-0.0352035
0.239688
0.013
0.634957
0.277416
0.636681
0.563872
0.385567
0.925208
0.510021
0.476739
0.360071
-1.44014
0.0776334
-0.244502
0.2195
0.235732
-0.0744922
0.519168
0.399912
0.143061
0.637999
-0.76381
0.0249353
0.413086
-1.22296
0.453103
-1.52891
0.691196
0.199419
-0.51897
0.62114
-0.596843
0.703317
-0.463206
-0.420562
2.1884
-1.71767
1.19523
0.0417453
0.18284
0.047677
0.539451
0.341796
-0.61198
0.0852455
-0.0231609
-0.192193
0.0155264
-0.384645
0.136045
0.137087
0.145298
0.254734
-0.709036
0.449811
-1.19059
1.16427
0.322074
0.521513
-0.190851
0.104313
-0.113197
0.477474
-0.207717
-0.575496
0.859884
0.990529
0.169426
-0.0849078
0.45382
0.373188
0.406271
0.118125
-0.429656
0.080582
-0.0641307
-0.609229
-0.30911
-0.250093
0.0986802
0.164223
1.05024
0.854726
0.296063
-0.263455
-0.267336
0.364177
0.210821
0.0606299
-0.48001
-0.336132
0.0556175
0.0123261
-0.0767772
0.802651
0.587605
0.695635
0.516553
0.43442
0.484731
0.639146
0.772465
0.785739
0.573563
0.755167
-0.0908002
-0.844816
-0.30396
0.085226
0.203329
0.965948
0.68738
-0.361606
-0.121403
-0.166381
-0.439129
0.513522
-0.209423
-0.235249
-0.253676
0.0594416
0.387023
-0.269161
-0.417966
-0.852193
-0.140874
-0.356282
-0.609336
-0.200366
-0.13409
0.201211
-0.832733
-0.158274
-0.296066
0.160129
-0.0876655
-0.193082
-0.0697422
0.277153
0.655381
0.501631
0.313357
0.00847662
0.825427
0.723114
0.849549
0.61634
0.52151
-0.368925
0.336061
0.703202
-0.466183
-0.0183654
-1.88403
0.343417
0.0395391
-0.824596
0.350294
-0.020471
-0.19741
-0.984063
0.517238
-0.643505
1.61229
-0.361659
-0.991676
0.222863
0.977037
-1.27276
-1.34132
-2.12967
0.316002
1.69902
-1.41821
-0.0128515
0.235028
-0.183621
0.229805
0.538581
0.99614
0.0425744
0.193834
0.903154
-0.135795
1.01776
0.400925
0.121632
-0.557186
-0.396308
-0.500763
-0.102602
0.650141
0.729992
-0.209927
0.785368
-0.261238
0.192835
0.0970706
0.374664
1.05883
0.685655
0.162714
0.971846
0.157506
-0.288743
-0.0234607
0.982548
-0.222101
0.34812
-0.314512
1.45891
0.0926359
0.13265
-0.938647
-0.0259009
0.321243
-0.652438
-0.510094
0.321532
0.443372
-0.286738
-0.542131
-0.476193
0.470716
-0.471863
0.114326
0.68484
0.283899
-1.78372
0.869435
-0.141853
-0.727019
0.284375
-0.880886
0.547322
-0.339663
0.437957
-0.413197
0.465007
-0.246298
0.12552
0.097637
0.366435
-1.33062
-1.18331
-1.6896
-0.318574
0.698646
-0.712487
-0.53999
0.130171
0.00855665
0.234356
-0.239112
0.333636
0.00745895
-0.476607
0.262123
-0.254745
-0.194764
-0.663015
-0.0293223
0.221226
0.298017
-0.0400149
-0.06746
-0.411771
0.521792
-0.600156
-0.759248
-0.357625
-0.184562
0.577884
-0.214953
0.333077
-0.00245277
-0.405813
-0.574064
-1.06093
0.474007
-0.183454
0.0660503
-0.00831454
0.140405
-0.108112
-1.14993
0.468702
-0.0883877
0.240537
-0.0249912
-0.179041
0.510854
0.712714
-0.254584
-0.757762
0.077657
0.577403
1.03421
-0.129742
0.364974
0.205427
-0.29364
-0.686318
-0.273259
0.409945
0.53075
0.203825
0.036065
-0.23846
0.776099
-2.16398
0.767523
-0.620332
0.706719
0.285655
-0.388617
0.513693
0.346177
-0.546503
0.48622
-0.20268
0.34585
0.847945
-0.364332
0.790381
-0.046292
0.0150376
0.0589787
0.303098
-1.10666
-0.307625
0.999905
-0.401542
0.853017
0.0133305
1.76636
-0.0551294
0.121896
-0.446866
-0.52075
0.490952
-1.06281
-0.607358
0.992523
0.270048
0.450073
-0.0401548
-0.375757
-0.318785
0.0508183
0.0435849
0.375187
0.824641
-0.999559
0.390433
-0.0116758
-0.418292
-0.283143
-0.632001
0.22387
-0.522028
-0.365709
-0.0767043
0.66477
-0.377264
-0.67612
0.439106
1.01912
-1.07372
-0.709933
-1.3656
0.258523
0.164103
-0.149631
0.135252
-0.0238019
-0.423728
-0.324316
-0.035563
0.0611163
-0.0283169
-0.289048
0.413982
-0.00753406
0.37382
-0.174771
0.389619
0.400372
0.0416247
0.163554
0.252014
0.501468
0.473354
-0.220189
-0.525707
-0.650077
-0.316914
0.852048
-0.673567
0.236577
0.0776997
0.259464
-0.295889
0.409188
-0.0706555
-0.185356
-0.454041
-0.586444
-0.342482
-0.461603
0.397098
-0.361012
0.410206
-0.248274
0.359209
-0.342176
-0.224805
-0.673665
0.50006
0.197961
0.202105
0.097724
-0.490356
0.292558
0.277991
0.192026
-0.330317
-0.497926
-0.664146
0.0877938
0.735714
-0.877088
-0.0702878
-0.285838
0.57209
-0.183066
0.766455
-0.780393
0.498974
0.0277046
0.128432
-0.0976867
0.302293
-0.922019
-0.259112
-0.252544
0.209529
1.32672
-1.64629
-1.43916
-0.307234
-1.28909
0.0212202
-1.75926
0.373534
0.146816
-1.02216
-0.405947
-0.0954015
0.148563
-0.020661
0.171304
-0.926478
1.28201
-0.193216
-0.701632
0.0527013
1.09861
-0.732048
-1.22739
-1.08098
0.196169
0.891885
-1.10556
-0.33265
-0.867059
-0.77713
0.705199
-1.03101
0.361354
0.572943
-0.253351
0.204388
-0.322222
-0.155309
-0.552562
0.520188
0.104962
0.367635
-0.497212
-0.558115
0.621141
1.10653
-0.312791
-0.860607
-0.356718
-0.0573678
0.136711
-0.82518
-0.100284
-0.195868
-0.705114
-0.150403
-0.825991
-0.947377
-0.545722
0.0176624
-0.501107
-0.164114
-0.014458
-0.250764
-0.5063
0.751812
-0.280307
0.198185
-0.326402
-0.573155
0.1161
0.270254
-0.651661
0.179312
-0.201777
0.368995
-0.272396
-1.00864
-0.152713
-0.0582219
-1.03347
-1.36063
0.43958
0.309686
-0.709132
-0.172441
-0.0114139
-0.0387871
-0.744925
0.186387
-0.592234
0.866505
-0.0282679
-0.466246
0.368645
0.653335
-1.11673
-0.809625
-1.26006
0.372886
0.812531
-0.515218
0.0149814
-0.0828353
-0.202526
-0.366473
0.201714
0.725645
-0.0981302
0.255242
0.225981
0.26362
0.691194
0.320939
0.236294
-0.26479
0.370711
-0.338758
-0.0580893
0.526931
-0.251213
0.0701492
0.527668
0.183324
0.727378
0.261162
-0.104588
0.836141
0.629006
-0.118145
0.26464
-0.343402
-0.151668
0.0496014
0.167785
-0.641251
-0.0954308
-0.551461
-0.559552
0.00507373
-0.201642
-0.412676
0.152547
0.282102
-0.484527
0.0932666
-0.0150253
-0.671784
-0.433467
-0.0961201
-0.310117
-0.358625
-0.378703
-0.59436
-0.212337
-0.705334
0.37327
0.411035
0.526664
0.308591
0.244933
-0.213913
0.827494
0.185598
0.508959
0.717764
0.47283
0.154977
0.227299
0.356343
0.139102
-0.021394
-0.148879
0.337707
0.517351
0.510291
0.910459
0.374252
-0.0858533
0.12133
0.166214
-2.31429
0.827564
0.134854
-1.13952
0.155261
-0.453683
0.264045
-1.76395
0.127587
-0.503172
1.69492
-0.0315837
-1.1967
0.952331
1.84232
-2.84728
-2.29811
-2.8179
-0.647825
1.21722
-2.05011
-0.0585715
-0.263047
-1.45821
0.363969
-1.7791
0.848323
-0.0712531
-0.848123
-0.689279
-0.85302
-0.0888687
-1.48579
0.0611139
-0.530687
0.829067
-0.517206
-0.872424
0.318066
0.210634
-1.5266
-1.04854
-1.25472
-0.463602
0.710164
-0.806157
-0.130056
-0.165481
-0.212969
-0.211018
-0.639067
0.683928
0.443901
-0.0657243
0.381299
-0.185949
-0.426297
-0.530316
0.302955
-0.284846
0.189305
-0.433822
-0.450133
0.469454
0.310294
-0.880433
-0.876632
-0.088458
-0.0505059
0.208967
-0.285687
0.240877
0.0087414
-0.34297
-0.680584
-0.154789
0.479084
0.319062
-0.665438
-0.00505064
-0.916133
-0.312668
-0.636006
-0.246272
0.201781
0.634771
-0.276009
-0.318635
0.843643
-0.0788023
-0.912536
-0.563125
-0.0456256
-0.40013
0.153573
-0.387253
0.389243
0.692618
-0.058765
-0.420175
-0.122232
-0.758143
-0.291528
-0.253979
-0.354081
-0.441665
-0.563071
0.0906326
-0.34411
-0.031085
-0.492721
-0.107596
-0.260385
-0.399293
0.194409
-0.191527
0.059816
-0.423249
-0.124917
0.24728
0.149918
-0.404348
-0.145806
-0.396202
-0.125872
3.6928
2.6581
-2.00362
1.97557
0.395078
1.50679
2.61222
-2.61687
1.5546
0.678579
-0.945706
4.16028
4.80423
1.7355
-2.14914
2.38016
1.4255
-1.05365
1.82516
5.59738
1.34644
0.944252
0.991945
-0.862852
