#input normalization
0.1614 0.274966
51.8475 61.7789
9.07503 34.7228
7.49346 30.2608
0.0100746 0.0436274
0.00821602 0.0343875
0.416735 1.94248
0.843054 1.88249
1.19755 2.09885
1.57139 2.32446
1.95267 2.55457
2.311 2.76913
2.64513 2.96759
2.98761 3.14384
3.29901 3.2822
3.58221 3.37622
3.84853 3.43049
4.08943 3.45432
4.29169 3.44708
4.45205 3.39115
4.57598 3.30541
4.68982 3.19973
4.76666 3.07723
4.77901 2.92157
4.78441 2.74617
4.74215 2.54987
#output normalization
1 0
#neurons weights
-0.0194361
-0.22864
-0.498475
0.412243
0.00599093
0.164799
0.349335
-0.39761
0.173216
0.236086
-0.0704949
0.386391
-0.31491
-0.125838
0.169906
0.455104
-0.422873
0.432446
0.0861406
0.447093
0.304677
0.170254
-0.0946235
0.312628
0.42705
-0.192109
-0.289734
0.0862159
-2.03962
1.47827
0.721979
-1.06485
1.99754
-0.487337
-3.60403
-0.394772
2.36612
0.154658
-0.233051
-0.835279
0.431539
-4.7792
1.22592
-3.28812
2.4038
0.421574
1.12667
-0.0677352
0.168844
-0.628751
-0.886358
-1.70955
0.952545
0.291134
0.586304
-0.494148
-0.473912
0.752735
-0.207135
0.593782
-0.148159
0.557337
-0.192415
-0.22571
0.161386
0.156617
0.304591
0.515927
0.318803
-0.46166
-0.280938
0.263175
-0.187113
0.621524
0.22074
0.0544063
0.446439
0.404228
0.0631511
2.50491
#synapses weights
-0.948751
0.708861
-1.05508
0.440089
0.601565
0.276498
-0.204063
0.839927
-0.154336
0.456113
-0.880925
-0.0116676
-0.459474
0.350051
-0.593521
0.331897
-0.723824
-0.145249
-0.2251
0.485267
-1.29512
0.612373
0.266622
0.103962
-0.330922
-0.184215
-0.0996193
0.856805
0.0566673
0.0260567
-1.01744
0.678444
0.0835856
-0.0208135
1.0569
0.160657
-0.480077
0.367434
0.167372
-0.211708
-0.358845
0.0188775
-0.32318
0.225553
0.109835
-0.470741
0.378993
-0.414531
-0.0461671
-0.444265
0.422255
0.699473
0.112518
0.691601
-0.241821
0.418317
-0.0139855
0.286382
-0.0373599
0.228116
0.267929
-0.420224
0.49737
-0.195184
0.0855686
-0.156832
-0.452798
0.491093
-0.202026
-0.378383
-0.379865
0.0990694
-0.461772
-0.262885
-0.229916
0.477151
0.322847
0.937103
0.198565
0.0382279
0.000617732
0.108372
0.270974
0.211702
0.215321
-0.0880053
-0.400405
0.265278
0.256658
0.242436
0.5006
0.476054
0.794339
0.389363
0.455384
0.409778
0.0321316
-0.0557765
0.0620082
0.320967
0.193806
-0.198187
0.124622
0.0561405
-0.185426
-0.824978
-0.228493
0.20046
0.0669294
0.332822
0.208924
0.0157197
0.215067
-0.0677263
0.0931411
-0.175182
-0.0117377
0.184919
0.617512
-0.559327
-0.900498
-0.233302
-0.0669668
-0.358993
0.188057
-0.308678
-0.494014
-0.0967731
0.268588
-0.384637
0.19229
0.65043
0.0056681
0.16562
-1.06415
0.0057787
-0.317207
-0.572293
0.194972
0.163185
0.645494
0.945411
0.421394
0.667642
-0.0211499
0.0223108
-0.137201
-0.519267
0.374499
0.191975
0.36183
-0.280232
-0.244367
0.271466
0.32013
-0.223707
-0.509253
-0.106188
1.37794
-0.542256
0.3703
-0.0340623
-0.111256
-0.142053
-0.207306
0.782499
-0.538079
0.568155
0.497097
0.67221
-1.32303
-0.134264
-0.180406
-0.317321
-1.21426
0.788091
0.213113
-0.0470723
-0.3831
0.529173
0.0678019
-0.46612
0.202909
0.53746
-0.71839
0.26339
0.56351
0.413902
-0.188442
0.30906
0.378881
-0.165455
0.522245
0.2212
0.101861
0.346623
0.97038
-0.00459495
0.500764
0.352064
0.566937
0.602295
0.45775
0.814813
0.318108
0.376449
0.76136
0.772665
-0.0841694
0.365521
-1.95777
0.800516
0.0513963
-0.0245733
-0.0227207
-0.0235617
0.342146
0.214558
-0.248884
0.31328
0.026919
-0.29738
-0.621437
0.302862
0.130532
0.218491
-0.419814
0.0196863
0.794539
-0.130002
-0.292703
-0.0106623
0.0247089
0.18015
0.310796
1.05761
-0.373135
-0.00939977
-0.493048
0.0127321
0.43547
0.28463
0.837494
0.263377
0.561478
1.01379
0.398394
0.546577
0.688329
0.566781
0.434891
0.312971
1.1774
0.517718
0.74878
0.186888
0.846817
1.17596
0.280004
0.464602
-0.330237
-0.371206
-0.391034
-0.361242
0.489232
-0.446163
-0.335937
0.516535
0.148185
-0.0152313
-0.245898
0.321944
-0.784721
0.150154
-0.114701
0.50627
-0.721401
0.144058
-0.317613
0.410105
-0.734611
-0.0497884
0.341374
-0.538251
-0.28923
-0.0141544
-0.0409152
-0.131577
-0.023971
0.287184
-0.142594
-0.0220388
0.415708
-0.769238
0.390019
-0.10694
-0.513318
-0.215926
0.285206
-0.295788
-0.465695
-0.613214
-0.150243
-0.765011
-0.727339
-0.844697
-0.85844
-0.549807
-0.332833
-1.0366
-1.14384
-0.519374
-0.0493701
0.434781
-0.391493
0.290404
0.307876
-0.101037
0.326992
0.225305
0.887243
1.01625
0.467961
0.17535
0.87175
0.404155
1.22472
0.907825
1.07745
0.763657
0.392337
0.950723
0.93907
0.82973
0.769211
0.571636
0.737586
0.8137
-0.557167
-0.872038
0.321667
-0.215964
-0.466523
-0.37467
-0.169778
0.123077
-0.426516
-0.504225
-0.32564
-0.253387
-0.754901
-0.714768
-0.660909
-0.683989
-0.571547
-0.726135
-1.15569
-0.609903
-0.733963
-1.02272
-1.20031
-1.20826
-0.480771
-0.99811
-0.0288149
-0.713437
0.577338
-0.762748
0.780081
-0.0839743
0.0487928
-0.213446
-0.453532
0.489021
-0.955773
0.66151
0.14545
0.0825974
-0.543367
0.732223
0.226671
-0.167508
0.167428
-0.133167
-0.377704
0.102857
0.389899
-0.383835
-0.163905
0.251746
2.32067
0.417125
0.922794
-0.0162375
-0.840767
0.220604
-0.315141
-0.172952
0.164087
-0.0197664
-0.0865823
0.0455567
-0.294909
0.17981
-0.0572774
0.0641906
0.0819965
0.0158496
0.19768
0.305848
-0.0858577
-0.00963604
0.342882
0.276242
-0.00221425
0.129092
-0.231948
-0.508734
2.41204
-1.67635
0.577733
-0.34532
0.141863
0.43008
-0.0588337
0.501114
-0.301646
0.00904362
-0.0870247
-0.387533
-0.668661
0.0386048
0.0832161
0.261928
0.604427
-0.244088
0.37401
0.0396208
-0.647057
0.601215
0.181884
0.00045706
1.00624
0.0565134
0.573891
-0.317064
-0.13449
0.151667
-0.220731
0.159914
-0.50235
0.189707
0.0358545
-0.155643
0.728926
0.324041
-0.17144
0.717066
0.100291
0.502269
-0.318149
-0.446277
0.31845
0.374344
-0.337276
0.109016
-0.675668
-0.0836412
-0.778415
-0.0849824
0.0427968
0.196528
0.442224
-0.292498
-0.227622
0.12927
-0.269462
-0.397701
-0.195221
-0.179017
0.159433
-0.228571
-0.421739
1.16137
-0.281515
0.926987
-0.560314
0.33238
0.401288
-0.643792
1.02437
-0.0246451
-0.746256
-0.261102
0.102609
1.18406
-0.00943368
-0.246219
0.759882
0.0675001
0.798802
0.807695
0.232308
0.890123
0.878092
0.347494
1.00142
0.490173
1.17164
1.23042
0.896649
1.09459
0.881464
1.40905
0.778767
0.744716
0.952565
1.21514
1.33407
0.903558
0.6886
0.245747
1.45561
-0.615035
-0.0219394
-0.727549
1.0852
0.624116
0.440456
-0.389295
0.509511
-0.179468
-0.41003
-0.158203
1.02049
0.427851
-0.143582
-0.421438
-0.406589
0.155315
-0.281759
-0.338819
0.10792
0.584274
-0.35247
-0.357785
-0.116544
0.355269
-0.407073
-0.151218
0.424777
0.112956
0.47857
0.945063
0.905167
0.696518
0.916972
0.975165
0.251953
0.324126
0.806191
0.860614
0.505222
0.320384
0.852154
0.531685
0.975311
0.322184
0.640116
0.399103
0.229798
1.10061
0.140035
-1.15938
0.704751
0.575833
-0.119836
-0.29234
0.0870422
-0.685687
-0.168374
-0.472958
0.0388434
-0.224449
-0.457931
-0.572244
-0.975437
-1.06714
-1.03303
-0.649779
-0.409248
-0.823326
-0.975495
-1.47499
-0.907057
-0.71441
-0.855631
-0.944636
0.23468
-0.599929
-0.105058
0.0472341
-0.101305
-0.341828
-0.0674003
-0.517283
-0.321597
-1.12961
-1.06138
-1.09494
-0.978461
-0.378294
-0.522539
-0.82128
-0.472674
-0.868218
-0.584835
-0.332669
-0.320366
-0.904725
-0.245991
-0.383404
-0.886191
-0.405309
0.228677
0.889983
0.0674325
-0.179414
0.0819366
-0.0273058
0.0279554
-0.180579
0.252132
0.12355
-0.0753383
0.0310635
-0.407506
-0.00721565
0.259319
-0.17278
-0.641666
0.405738
-0.0157106
0.240457
0.550922
-0.194801
0.470967
-0.251093
0.254376
1.14879
0.0637898
0.42249
-1.61921
0.357449
0.67776
0.283063
1.20012
0.704704
-1.07039
0.290429
-0.344133
0.472972
-0.292394
-0.115834
0.41363
0.127128
-0.0164848
0.183194
-0.272789
0.0878233
-0.192545
-0.884234
0.336202
-0.161621
-0.274297
0.400045
0.243496
-0.30353
0.454835
-0.149645
0.558856
-0.354959
-0.150237
0.114738
0.345709
0.050864
-0.473242
-0.284977
-0.43864
-0.079404
0.139377
-0.110526
0.047028
-0.24141
-0.386702
-0.807357
-0.45486
-0.97307
-0.557861
-0.132812
-0.493386
-1.04117
0.290514
0.732205
0.316139
0.528229
-1.17385
0.496301
-0.974661
0.0234547
0.596707
-0.612717
-0.754574
-0.194274
-0.581847
0.446231
-0.3947
1.47696
-0.108914
1.02337
-0.434976
-0.184168
0.121024
-0.649688
0.150684
0.261523
1.14213
0.110659
-0.300597
0.908303
1.3042
0.777614
-0.198683
-0.0549041
1.05964
-0.78079
0.621584
0.343767
0.329458
-0.0478162
-0.686987
-0.38883
0.61189
0.215946
1.47296
-0.539221
0.295219
-0.546484
-0.277244
-0.220773
0.0526489
0.106087
0.146764
0.917757
0.843073
0.223198
1.14249
-0.438245
0.00313744
-0.391515
-1.38268
0.713562
-0.953915
-0.17536
1.85476
-0.0543746
-1.18678
-0.450968
0.163445
-0.781022
-1.53787
0.323005
-1.63282
0.450156
-1.37039
-0.496769
-1.15119
0.232474
-0.329418
0.477187
1.14601
1.17812
-0.776524
0.664606
0.719444
0.763475
-0.657993
-1.42931
0.653387
-2.54015
-0.251277
1.6226
-0.966112
-2.74654
-0.500908
-0.318131
-0.234292
-1.83476
1.38889
-2.15228
0.136963
-1.97246
-0.570873
-1.61168
-0.518505
-0.74338
-0.578637
0.749861
1.60498
-1.00391
-1.1355
-0.522557
-0.718673
-0.373331
0.779181
-0.751794
0.839731
0.105365
-1.2939
0.114179
1.52312
-0.176603
0.601113
0.172404
1.05101
-0.376082
1.23372
-0.575542
0.870763
0.377032
0.870822
0.399203
-0.0248598
0.112538
-0.339547
-0.707427
0.730357
-0.00474334
-0.0229386
0.188849
-1.30795
0.777783
0.0426025
-0.56605
0.424396
-0.457728
-0.462835
-0.626523
-1.12834
0.162538
0.396291
-0.0731331
0.199172
-0.0550172
-0.690716
-0.487398
-0.662272
-0.752868
-0.510494
-0.813036
-0.650566
-0.54873
-0.831316
-0.12884
1.65321
1.62107
1.10558
-0.649924
0.226756
0.669391
-0.630871
0.751021
0.884987
0.0538996
-0.120102
-0.261079
-0.172046
0.679887
0.509961
1.61803
-0.0634064
-0.0230793
-0.559836
-0.43185
-0.223409
-0.203259
0.846303
-0.307765
1.20932
0.612451
0.06902
-0.373855
-0.470215
-0.632312
-0.154058
0.312761
0.0733026
0.222347
0.481374
-0.570461
-0.3913
-0.161652
-0.69224
-0.386662
0.315624
0.263174
0.115149
0.205888
-0.378381
0.30328
0.331755
0.551894
-0.388746
-0.456423
-0.271175
0.106023
0.127544
-0.704311
0.185952
0.298143
-0.129227
0.830641
-0.774737
0.550532
0.385414
0.179741
-0.150413
0.287726
0.189522
-0.0286132
-0.338614
0.213319
-0.48005
0.0633597
0.725008
0.36501
-0.121162
0.155726
0.560952
0.225314
0.22823
-0.263132
0.840343
0.129786
-0.452102
1.44464
0.29823
0.738756
-0.356549
-0.71614
0.272834
-2.01936
0.582003
1.20313
-0.267354
-0.802874
-0.772609
-0.630211
-0.0730439
-0.258055
1.75872
-1.31764
-0.109361
-0.876047
-1.26004
-1.57817
0.0758295
-0.521931
0.165124
1.10988
1.0913
-0.274624
0.601407
-0.128712
-0.0336574
0.612038
-0.551745
0.174652
0.059502
0.399512
0.0679022
0.0824898
-0.485865
-0.463434
0.27235
0.0311981
0.0513354
0.454977
0.478473
0.559741
-0.0862046
0.182877
-0.0127483
-0.365738
-0.386821
0.0216475
0.718001
0.0855337
0.388787
-0.166361
0.123333
-0.320334
-0.401373
0.744199
-0.395165
-0.0361976
-0.445726
-0.497303
-0.435098
0.324559
0.180379
0.284936
0.218935
-0.184243
-0.665022
0.692623
-0.242292
0.773801
0.165494
0.304355
0.175376
-0.00379318
-0.0795672
-0.122281
-0.662348
0.0161773
-0.0782886
-0.801774
-0.107757
-0.764537
0.392116
-0.0669424
0.205093
0.0690023
0.0123473
-0.122068
0.252527
-0.0681649
-0.416224
0.125176
-0.0199077
-0.107662
-0.418452
-0.210884
0.0135511
-0.348176
-0.173531
-0.416096
-0.0826485
-0.0928526
-0.745085
-0.155248
-0.142803
1.33035
0.740971
1.01989
-0.326387
-0.229525
0.537266
-1.25077
1.00123
0.465676
0.208627
-1.00436
-1.18901
0.117925
0.0584837
-0.830141
0.87913
-0.425969
0.0970873
-1.42152
-0.597333
-1.40446
-0.572833
-0.118345
-0.522688
0.128218
0.398838
-0.623413
0.472414
-0.29727
0.820158
-0.244498
0.755639
-0.0657509
-0.22689
0.350403
0.794379
-0.0598805
0.320355
0.685714
0.0923644
0.862317
0.118211
1.1559
0.164394
0.134086
-0.59446
-1.34767
-0.280077
-0.421452
0.315651
0.11793
-0.0153773
0.942777
0.609846
0.349772
0.344037
0.775041
0.199949
-0.234505
-0.148008
-0.596319
0.833676
1.11542
0.129434
-1.19867
-0.609228
0.213143
-0.249551
0.030135
0.842782
-0.6554
-0.26952
-0.403916
-0.026888
-0.505084
-0.436645
0.0249011
-0.625656
0.483231
0.591095
0.0684607
0.247396
-0.162452
-0.42897
-0.0345176
-0.430402
-0.46619
-0.392356
-0.1241
-0.354007
-0.355845
-0.467503
0.219614
-0.588643
-0.0682763
0.198053
-0.369564
-0.307037
0.199331
-0.295429
-0.15803
0.0905435
-0.752516
0.129363
-0.451047
-0.345086
0.232943
-0.546652
-0.210999
0.112169
-0.51594
-0.107564
-0.212745
0.252765
-0.0530341
-0.0567145
-1.18775
0.249429
0.32791
-0.411822
-0.18086
-0.680215
0.194556
-0.446198
0.319468
-0.520844
0.0992262
-0.227159
-0.630456
-0.418245
-0.675955
-0.164399
-0.460105
-0.195147
-0.341784
0.344846
0.499299
0.572085
0.534246
-0.794976
0.761421
0.102544
0.192461
-0.180786
-0.249412
-0.77659
-0.11258
0.144994
0.0890247
-0.402986
0.703105
0.0576311
0.940948
-0.250097
2.45792e-05
0.314808
0.513042
-0.446961
0.326291
0.493982
-0.0364288
-0.583324
0.704236
-0.550354
0.380522
0.25302
-0.590402
0.244148
0.218973
0.0405469
1.28961
-0.407705
-0.509129
-0.21631
0.244376
-0.0375635
-0.399005
1.10082
-0.812604
0.345518
-0.760194
-0.103963
-0.229315
-0.49959
-0.140467
-0.362322
0.727319
0.451991
-0.454941
-0.646367
-0.524357
-1.17439
0.271303
1.20117
0.0104674
1.54024
-0.296205
-0.711194
0.0929241
1.64123
0.657723
0.39896
0.982295
1.06803
-1.00339
1.30973
-0.742778
1.94424
0.677879
0.651729
0.146899
0.413694
0.27602
-0.873358
-0.721143
0.604491
0.00203162
0.0828281
0.326517
-0.503752
0.108126
0.0213907
0.0950329
-0.435301
-0.443098
-0.0750777
0.532827
-0.561654
-0.387242
0.469727
-0.336065
-0.774675
0.333528
-0.529499
0.442159
-0.375603
0.384544
0.186668
0.263978
-0.312541
-0.269009
-0.303702
0.253991
0.107022
0.672874
0.824167
-0.447822
0.44599
0.237585
-0.952925
0.158688
0.206752
-0.242186
-1.05471
-0.710883
-0.121983
0.00120095
-0.494301
1.29045
-0.421585
0.209204
-1.10287
-0.819409
-0.695132
-0.504797
-0.236197
-0.128026
-0.179436
0.0503383
-0.0288571
0.533358
-0.125832
0.631075
0.180558
0.187226
0.0323377
0.0120576
0.13211
0.480151
0.13734
0.697429
1.24749
0.47838
0.0361031
-0.253875
0.431152
0.0795474
-0.12555
0.914346
0.202392
0.750205
0.224253
1.12165
0.393765
0.775401
0.427275
1.05698
0.114852
0.476142
0.979699
-0.194401
0.307795
-0.0170053
-0.134302
0.742792
0.0681156
-0.232286
-0.553095
-0.772923
0.156821
0.563682
-0.510436
1.09569
0.260641
0.423113
-0.368315
-0.0968428
-0.492908
0.275862
-0.102223
-0.493276
0.515127
0.0193057
-0.121752
-0.565203
-0.425751
-0.247368
-0.158458
0.560505
0.471603
0.160276
0.0958675
-0.199284
-0.117776
-0.182597
-0.0576315
0.490046
-0.140044
0.520559
-0.345492
0.191334
-0.39957
0.520267
0.896082
-0.0995841
-0.00485252
0.0534362
-0.0701617
-0.356985
-0.0751899
0.292497
2.96448
-0.275753
5.58486
5.16308
-2.53987
-3.58472
0.00126347
-0.947642
2.22175
2.98041
1.02642
-1.60714
-1.31247
0.699126
1.16445
1.75947
-0.221685
-2.30879
2.88183
3.34289
-2.58209
-1.25355
0.04485
3.97083
0.462342
-0.447099
