#input normalization
0.159976 0.266322
48.0061 46.3448
11.4549 40.0769
9.07892 32.4414
0.0127232 0.0422301
0.0100921 0.0322963
0.332991 1.07261
0.705542 0.817226
0.860487 0.992234
1.01822 1.18567
1.23142 1.32594
1.44008 1.45181
1.65756 1.55445
1.85823 1.62609
2.05841 1.70813
2.23681 1.75132
2.40835 1.78251
2.56963 1.79287
2.70841 1.78528
2.82722 1.73997
2.91371 1.68912
2.98591 1.61425
3.02892 1.52657
3.08009 1.44088
3.11555 1.34462
3.11129 1.22791
3.06564 1.08768
3.01273 0.948692
2.94955 0.804903
2.85524 0.658171
2.76543 0.523718
2.6518 0.382672
2.54586 0.255011
2.40751 0.131975
2.28527 0.0121023
2.164 -0.0954688
2.02972 -0.195871
1.92401 -0.299637
#output normalization
1 0
#neurons weights
-0.264563
0.356048
-0.12938
-0.36462
-0.0278097
0.317775
-0.370281
-0.308707
-0.308546
-0.136432
0.426106
-0.16053
0.0467148
0.102276
0.477282
-0.0817162
-0.0878528
0.33384
-0.128873
0.202951
0.0696251
0.22104
0.0765587
0.383876
0.0629651
-0.218914
-0.458439
-0.0838006
0.178148
0.467792
-0.162198
-0.226763
0.137332
0.381615
0.0801586
-0.00683138
0.194986
-0.210111
-0.76541
-1.02557
-0.0554679
-0.239343
1.91697
-0.121699
-2.8429
-0.958558
0.11861
-1.51111
1.61263
-0.879999
1.54149
0.186075
-0.194509
-0.812381
1.33807
0.302316
0.411347
0.805179
1.36703
2.95608
1.72125
-0.920203
3.21486
0.621518
-1.11373
0.710496
1.38194
0.228191
2.88354
0.127527
-1.32224
0.943665
1.71405
1.15461
1.03155
2.15181
1.54016
0.806065
0.504487
-0.0523255
0.0155356
-0.44538
0.19978
-0.907633
-0.16958
0.325675
-0.423041
0.265872
0.282927
-0.0433291
-0.199262
-0.115971
-0.0848025
0.280085
-0.38757
-0.277336
0.339665
-0.123456
0.368199
-0.629159
-0.359741
0.206133
-0.573343
-0.0784945
-0.228256
0.57649
0.255027
-0.0295863
-0.178729
-0.194256
0.315164
0.410292
0.405042
0.0559652
-0.125508
1.67803
#synapses weights
0.309342
0.471196
0.0621852
-0.165328
0.0559351
0.322833
-0.0282476
1.04228
-1.41266
0.370523
0.89599
0.262712
-0.123645
0.483777
0.0966867
-0.386715
-0.22238
0.161353
0.0236933
-0.421857
-0.469048
-0.870344
1.34329
-0.0346518
0.00548428
0.166074
-0.39812
0.0421987
0.262972
0.342434
0.461907
0.00389824
0.110819
-0.341881
-0.69032
0.639169
0.0312522
0.100607
0.726005
0.566661
-0.0188867
0.0454821
0.304397
-0.0994804
0.584517
0.207858
-0.401681
-0.398947
0.995537
0.480885
0.024204
0.112648
-0.439891
0.588618
-0.0225882
-0.197259
0.451156
-0.140866
-0.463296
0.320147
0.454723
0.118198
-0.921105
0.513177
0.125062
0.103085
0.318673
-0.103695
-0.153284
-0.329698
0.119557
-0.419774
-0.557835
0.242629
0.337375
0.7307
0.596593
0.651425
0.147222
-0.0529899
-0.474268
0.141611
-0.178376
0.190361
0.219508
0.074511
-0.72134
0.387724
0.914491
0.224345
0.662667
0.579936
0.342323
0.690225
-0.434916
0.338671
0.157189
-0.0450946
-0.549489
0.0393102
0.289035
-0.0526772
0.0128335
0.422743
-0.43615
0.493164
0.0577334
0.447517
-0.322814
0.0605006
0.266661
0.147333
0.11592
0.221661
0.599911
0.336935
-0.507425
0.185003
0.331492
0.102677
-0.305068
0.290172
-0.468999
0.39634
0.242785
0.642499
-0.144577
0.160155
0.797538
0.154056
-0.0500548
-0.209457
-0.461025
-0.493225
-0.592313
-0.353211
-0.149089
0.349066
0.524498
0.600837
-0.817266
0.0488437
0.398939
0.471355
0.374726
-0.360851
0.380876
0.33408
0.0840808
-0.131849
-0.0180166
-0.154017
0.372458
-1.11833
-0.799955
-0.894768
-0.432404
-0.0571184
-0.00799806
0.0845545
-0.0289306
-0.382935
0.0605842
-0.34317
0.265671
-0.303726
-0.260166
0.217682
0.31805
-0.626254
-0.0501175
0.157772
-0.110387
-0.88918
0.278354
0.0218109
-0.0861107
-0.120539
0.603643
0.136693
-0.0500517
-0.612072
-0.197274
-0.433199
-0.113001
0.0788518
-0.0158817
0.109726
-0.12151
-0.144884
1.17042
0.233092
-0.210218
-0.276029
0.419201
-0.26234
0.182951
0.131612
-0.662515
0.597418
0.20497
0.0633209
-0.356854
-0.129043
0.307298
0.465388
-0.0851527
0.204601
0.199224
-0.0200787
0.398259
0.900313
0.510919
0.361988
0.847133
0.453974
0.784367
0.527855
0.0662954
0.676061
0.514264
0.146602
0.552702
-0.197236
0.60133
-0.0586487
0.588416
0.613982
0.0297602
1.73062
-0.366312
-0.0670638
-1.07186
0.423715
0.247603
0.0529193
0.440763
-0.674065
0.817514
-0.10214
0.103878
0.572036
-0.387718
-0.317127
-0.599546
-0.22482
0.914455
0.600918
-0.217858
-0.288031
-0.208298
0.51128
0.0727375
-0.580014
-0.0668661
-0.761598
0.528075
-0.000641672
-0.224267
-0.630179
0.172021
0.221475
0.200427
-0.71525
0.806355
-0.625004
-0.264363
0.160181
-0.189506
-0.626122
0.110161
-0.387064
-0.425037
0.401769
-0.231771
-0.585086
-0.430221
-0.448906
-0.0911301
-0.0951739
0.511122
-0.234176
0.555662
-0.250508
-0.351575
0.309208
0.324334
0.09271
-0.303064
0.1686
-0.0119634
0.591258
0.426649
0.143019
0.376176
0.128305
0.536738
0.246821
0.285358
0.181208
0.193526
0.369727
-0.076338
0.131717
0.24727
0.771139
-0.355385
0.154908
0.0120948
-0.118462
-0.235458
0.0946532
-0.326719
-0.170517
-0.630193
-0.435687
0.296316
0.661347
0.369635
0.177883
0.69505
0.192082
0.833665
0.639665
0.185817
0.797339
0.15922
0.269667
-0.010242
0.439307
0.0126472
0.190313
0.432627
0.339758
-0.00872006
0.631431
0.444867
0.602353
-0.232307
0.0113593
0.075378
-0.193475
-0.735395
1.05133
-0.699568
0.45193
0.112769
0.528192
-0.341776
-0.142179
0.317932
-0.0295256
-0.40085
-0.139105
-0.617051
0.0704304
-0.00678876
0.145043
-0.0280504
-0.203839
-0.100435
-0.0176055
-0.261883
0.110489
-0.289581
-0.498156
-0.45269
-0.64248
-0.129479
-0.674338
0.0165046
-0.4476
-0.273961
-0.419233
0.284484
0.293817
-0.451186
-0.250876
0.375589
0.868971
-1.20025
-1.63804
-0.625151
0.384462
-0.551396
-0.0954164
0.0619885
0.0123411
0.428049
0.275739
0.0534417
-0.0248254
-0.371753
0.610721
0.251199
-0.0212521
-0.344711
-0.342461
-0.084335
-0.200694
0.495347
0.047757
-0.190239
0.461439
-0.149865
0.322038
-0.133792
-0.174011
0.70427
0.408456
-0.396289
0.198123
0.417442
-0.938946
-0.375989
0.435295
0.206759
-0.743912
0.658954
0.0176387
0.419958
-0.244835
-0.0786834
-0.285797
-0.246387
0.00431172
-0.466081
0.118248
-0.113972
-0.0621931
-0.0610244
-0.233463
0.141775
-0.334722
0.360496
0.550884
0.280424
1.20972
0.647331
-0.0740475
0.941622
0.0523235
-0.0425792
-0.173862
-0.277285
-0.0301307
0.0320049
-0.0292617
0.590212
0.113091
0.0471148
0.232975
0.40989
0.358506
-0.399146
0.223077
-0.447618
-1.05471
0.555988
-0.478333
0.396932
0.210664
0.239339
0.0821702
0.648262
0.240659
-0.52768
0.628614
-0.267486
0.355941
0.13065
0.903125
-0.465577
0.293807
0.44144
0.0977959
0.133698
0.5193
0.650656
-1.14276
0.636359
-0.412341
-0.912593
0.746066
-0.0511833
-0.258498
-0.158189
-0.810524
0.0371897
0.773592
-0.591548
0.446177
0.80929
-0.651559
-0.289598
-0.656296
1.04075
-0.225969
0.375279
-0.367473
0.446088
-0.655696
0.239412
-0.404565
0.259705
0.274334
-0.325938
-0.67316
0.333105
-0.110973
0.301428
-0.030137
0.412293
-0.268211
0.109865
-0.231323
0.2064
-0.259558
-0.299283
-0.0259816
-0.335777
-0.0437298
-0.21573
0.388769
0.395823
-0.267264
-0.133531
-0.20824
-0.382405
-0.20356
0.43545
-0.228198
0.0987242
0.452893
0.250214
-0.140723
-0.980706
0.356619
-0.340678
-1.30782
-0.195697
0.912852
0.415732
0.631706
0.302965
-0.573065
0.28408
-0.28547
-0.696928
0.396897
-0.0308274
-0.113158
-0.0227182
-0.186945
0.240643
0.55275
0.499681
0.385158
0.00334729
0.60446
0.0123688
0.117092
0.0316909
0.485329
-0.316673
0.156632
-0.322221
-0.0291078
-0.0567585
-0.537025
0.644183
-0.560005
-1.48191
-0.875213
-0.896941
0.0163665
0.361723
0.618798
-0.249429
0.307343
0.181177
0.372314
-0.0746686
0.00834952
0.323079
-0.65401
-0.0608317
-0.334221
0.477178
0.275745
-0.446248
0.304192
-0.652492
0.16469
0.30564
0.0270984
0.169723
0.119308
-0.154823
0.0890971
-0.174555
-0.115388
-0.0622543
0.227439
0.327457
0.0917862
-0.0485237
0.312079
-0.943271
-1.13988
0.612839
-0.352381
0.539428
0.461893
-0.143027
-0.97244
0.772296
-0.0289963
0.261631
-0.110612
0.0981332
-0.247345
-0.276744
-0.218791
-0.504175
0.68734
0.0199808
-0.527202
-0.301602
0.735639
0.105981
-0.274361
0.94517
0.458297
0.292844
-0.458109
0.588064
0.338196
0.0342702
-0.0603892
-0.825494
-0.842842
0.575114
-0.547675
0.943786
-0.166105
-0.976214
-0.23088
0.572548
-0.393869
0.0479046
-0.060983
-0.436454
-0.119771
-0.196389
-0.0082455
-0.0693992
-0.0204183
-0.321695
0.0517355
-0.240315
-0.161854
-0.419969
-0.224488
0.379032
0.0706262
0.19042
0.071324
0.113882
-0.196618
0.115668
-0.156337
-0.0272474
-0.218273
-0.0956214
-0.873417
0.171746
-0.4331
-0.209649
0.307754
0.00068244
-0.475772
-0.352747
-0.347225
-0.612319
-0.438432
-0.414299
0.0323512
-0.226079
0.531456
-0.411312
-0.0516606
-0.335029
-0.295165
0.164585
0.469194
-0.157361
0.125008
0.287199
0.0645984
0.207687
-0.544439
-0.11449
-0.307321
-0.296527
-0.20849
-0.372565
-0.227153
-0.11577
0.036435
-0.170191
-0.266955
-0.152895
-0.125487
0.341668
-0.48072
0.306809
0.0263646
0.0472956
-0.225527
0.0158694
-0.472705
-0.511906
-0.400249
-0.498155
-0.420477
0.000243422
-0.450144
-0.0715183
-0.186965
0.0629759
-0.0478734
-0.266248
0.306447
0.0506128
-0.486466
0.36273
-0.373941
-0.231199
-0.575551
0.242913
-0.159908
0.170773
-0.59596
0.220736
-0.339308
0.947292
-0.396484
0.0587482
0.280864
-0.124106
-0.440403
0.208705
-0.170846
-0.404737
-0.334677
0.437317
0.0230492
-0.490787
0.191374
0.187831
0.439348
0.133702
-0.0566896
0.278838
-0.36153
-0.370491
-0.112487
0.0163831
-0.19162
1.31287
0.996623
1.14256
0.849271
0.846657
0.459976
0.63533
0.130387
-0.017476
0.537878
0.140769
-0.0651415
-0.687069
-0.73597
-0.104104
0.308328
0.583061
0.291786
-0.123293
0.152842
-0.0605336
-0.125188
0.0377022
0.1315
0.267962
0.0922456
0.273397
0.438591
-1.59915
-1.40042
-0.558601
-0.841303
-0.0310554
-0.53606
-0.143621
0.22633
-0.735986
-0.117504
-0.288282
0.498636
0.616861
0.525066
-0.38796
0.264931
0.540552
1.13088
0.295057
-0.5652
0.33645
-0.595186
-0.966039
0.0154322
-0.611137
0.345214
-0.62184
0.348337
0.834741
-0.20418
-0.639435
0.581378
0.616219
0.80688
0.289886
-0.806739
-0.0996482
-0.257345
-0.676419
-1.00286
-0.0592401
0.0414985
0.455717
-0.0211541
0.112673
0.626466
-0.0231753
0.567648
0.408324
-0.699004
-0.00416207
-1.11651
-0.671627
-0.360119
0.347751
0.795245
0.285288
0.227316
-0.168043
0.220374
0.00704486
-0.111164
0.453968
-0.397338
-0.360656
-0.165922
-0.768253
-0.00720012
0.0979078
-0.0652982
0.0765479
0.140596
-0.341206
-0.224196
-0.0719857
-0.801975
0.305806
1.39896
-0.0722592
0.249773
0.283644
0.290743
-0.000211771
-0.255212
0.648436
0.715067
-0.539593
-0.0769381
-0.0171534
0.494414
-0.688549
-0.34616
0.180144
-0.0190498
-0.550247
-0.383186
0.262569
0.206883
0.59682
-0.324567
0.0524073
-0.541376
0.525942
-0.102738
-0.890822
0.444194
-0.528641
0.208248
-0.280709
0.066341
0.499664
-0.44572
0.570074
-0.191396
-0.997499
-1.1208
-0.205226
-0.568194
0.416694
-0.165574
-0.21414
0.369497
0.593099
-0.478242
-0.330599
0.0363824
0.311476
-0.717431
0.191969
-0.253498
-0.530678
-0.0144916
0.484479
0.959291
-0.906544
-0.63384
0.0646827
1.38194
-0.376369
-0.430803
0.402662
0.688909
0.506537
0.145912
0.312621
-0.474218
0.608778
-1.14507
0.418719
0.908695
-0.998057
-0.732184
-1.05103
-0.495846
-0.522713
0.210366
0.230339
0.224675
0.300982
0.0738145
-0.178227
-0.0459301
0.19636
0.00551004
0.311492
0.430963
0.00213612
-0.0839675
-0.0960339
-0.48535
0.216966
0.0840772
-0.218749
-0.230595
0.0155097
-0.025075
-0.0907958
-0.0478887
-0.0931744
-0.132683
-0.3218
0.600812
0.373623
0.0389287
0.643138
0.347881
0.560888
0.615756
0.102457
1.1596
0.189388
1.77035
-0.334238
-0.00362229
-0.507259
0.442159
0.327178
-1.35496
-0.188712
0.430464
-0.361887
-0.525435
0.506087
-0.748473
0.628993
0.130007
0.0490675
0.549729
-0.277112
-0.53925
0.429239
-0.374228
-0.658075
0.0693041
0.628481
0.552465
-1.29064
0.119572
0.286627
0.216018
-0.227661
-0.224508
0.109937
-0.598052
0.0813652
-0.0269235
0.0370088
-0.0994383
-0.598093
-0.494776
-0.262463
-0.137117
-0.432423
0.287844
-0.315382
0.00648417
-0.0481549
-0.389397
-0.294824
0.533121
0.173294
0.417569
-0.159869
0.271434
0.129525
-0.181716
-0.279686
-0.165843
-0.00847117
-0.899512
-1.09867
-0.916911
-0.388125
-0.273317
-0.333651
-0.0654409
-0.419534
0.327668
-0.603307
-0.155763
0.27457
0.242492
0.293747
-0.412062
0.0417255
-0.0131
-3.27796
0.108189
-0.500407
-0.292856
0.538797
0.435344
0.228841
-0.0503576
0.354923
0.130476
0.313923
-0.576147
0.358592
-0.293841
-0.349503
0.0126753
0.875611
-0.292951
0.424262
0.33798
0.478977
0.203822
-0.0381825
-0.255068
0.444426
0.18024
0.485758
0.410715
-0.593243
0.0581776
-0.27135
0.178863
-0.63834
0.604185
-0.503081
0.336322
-0.136362
0.255914
0.410725
0.357683
0.506864
0.445368
-0.184532
0.174933
-0.310373
-0.0655175
0.00706682
-0.528632
-0.116534
0.434157
-0.176673
-0.0524499
0.567451
1.01935
0.313089
0.390767
0.846073
0.826748
0.574212
0.452617
0.241468
0.0099152
-0.0107385
0.158692
0.478925
-0.00148494
-0.400461
-0.266362
0.064181
-0.152172
0.264458
-0.158676
0.178691
0.133859
-0.145895
0.349918
-0.587079
-1.16576
1.38639
-0.26918
0.635016
-0.507996
-0.222256
-0.344108
0.140917
-0.234709
0.905961
0.46102
0.57915
-0.0210968
-0.675886
0.0448011
-0.197991
0.210338
-0.15105
-0.31496
0.0370859
-0.158384
-0.294481
0.632783
-0.0415771
-0.541368
0.292416
0.412271
-1.19153
0.256826
0.375234
-0.377994
0.0465515
-0.215124
0.523532
0.094266
0.181101
0.450748
0.278562
0.219522
0.00233551
-0.163489
0.136669
0.0893299
-0.0883043
0.045499
-0.303733
0.197091
0.61323
0.65099
0.470039
0.217479
0.598922
0.146644
0.195934
0.481165
0.230616
0.21925
-0.405941
-0.201289
0.220484
-0.0377975
-0.101449
0.273404
-0.136953
-0.128936
0.31436
0.372815
0.162469
-0.156025
0.150298
-0.183977
0.106535
0.0178117
-0.255632
0.275662
0.431413
1.59963
0.0820054
0.089814
-0.92321
0.0315973
1.45993
0.140239
0.060979
-0.762718
-0.420462
0.412358
-0.598082
0.0453578
-0.364869
0.208489
-0.238867
-0.69855
0.428529
0.132656
0.048315
-0.0988205
0.509937
-0.184697
1.25311
0.0417433
-0.411536
-0.614779
-0.0814426
-0.574226
0.351434
0.0204997
0.491376
0.0846687
0.297724
-0.24586
-0.0196088
-0.247268
-0.549286
-1.07947
0.102175
-0.10504
-0.521099
-0.772226
-0.897698
-0.216424
-1.18369
0.768034
-0.43356
0.197898
0.0555878
0.251911
0.0776312
-0.019635
-0.0557295
0.647749
-0.719315
0.0664447
-0.237359
-0.178514
0.125293
0.0959675
0.266225
0.0352444
-0.108585
-0.263247
-0.579389
0.386555
-0.15113
0.011012
0.392663
-0.0293152
-0.0335727
-0.166217
-0.20854
0.343849
-0.256712
-1.92678
1.80532
-1.08924
1.03358
-0.524879
0.307136
-0.129486
0.22141
0.405126
-0.0222025
-0.702473
-0.22185
0.990992
-0.399405
0.501415
-0.570859
-0.331737
0.246274
0.0754571
0.243022
-0.27565
0.589752
-0.613309
0.524984
0.209162
0.333969
-0.148769
0.323807
-0.0734776
0.164187
0.293691
-0.0703437
-0.0684091
-0.3335
0.102231
0.409483
-0.438229
-1.26506
-1.51958
0.120008
0.687364
0.324801
0.545901
0.473387
-0.292327
-0.156001
0.00907787
-0.0496733
0.135776
-0.292504
0.105552
0.254691
-0.147327
0.500755
0.263338
0.00594825
0.415644
0.163693
0.595311
0.260749
0.265507
-0.893488
-0.507381
-0.363787
-0.111237
-0.879299
0.0504533
-0.0613126
0.66132
-0.183532
0.268781
-0.061899
-0.27209
-0.0232539
0.250738
-1.26066
-1.13248
1.28519
0.666266
0.393193
-0.0761231
0.547661
0.17513
-0.220222
-0.113039
-0.00950932
-0.612376
0.514772
-0.696316
-0.252871
0.0578027
0.32137
0.382664
-0.647728
-0.114234
-0.219534
1.07903
0.66711
-0.374977
-0.332846
1.05124
0.117105
0.216744
0.0274989
-0.506641
0.372706
-0.267584
-0.0745474
-0.0119808
0.440638
-0.983912
-0.432284
-0.277665
-0.1419
-1.08568
1.85559
-0.0402168
-0.112142
-0.466981
-0.31921
-0.235597
-0.415423
-0.498727
-0.0370178
0.138917
-0.669943
0.135679
0.189439
-0.461604
0.622579
-0.272298
0.0310485
0.223066
0.657253
-0.491838
0.671489
0.355634
-0.000780852
-0.346004
-0.471622
-0.600796
1.17348
0.177405
-0.594199
-0.0984578
0.323406
0.380028
-0.197799
-0.0741899
-0.446444
0.516675
-0.985855
-0.32714
-0.374218
-0.635608
0.689542
-0.416167
0.170189
-0.232821
-0.826145
-0.0951744
0.074108
-0.803573
0.310307
-0.638322
0.160622
-0.21873
0.57338
-0.490022
-0.165182
0.290183
0.516784
-0.307159
-0.139445
0.281036
0.345177
0.846699
-0.395817
-1.26429
-0.60199
0.127672
0.184925
0.147008
0.212023
0.0940612
-0.358699
-0.24901
0.71321
-0.364169
0.446459
0.378441
-0.035646
0.413253
0.607011
0.722028
0.312558
-0.358497
0.252775
0.736318
0.42951
0.233496
-0.275048
-0.2886
0.561002
0.0461469
0.385083
0.0423187
-0.375622
0.409239
0.0587439
0.301661
0.0137081
0.297569
-0.256391
-0.163186
0.208889
0.374521
0.117408
0.0071747
0.377856
0.220169
0.378583
0.415179
0.324329
-0.138926
0.127697
0.448767
-0.0370879
0.236229
0.195137
0.423687
0.311518
-0.0320089
0.212524
0.553236
0.439255
-0.248065
0.885855
0.0166973
0.281608
0.0200333
-0.40005
0.312905
-0.519766
-0.615475
-0.213047
-0.0219687
0.121905
0.431239
-0.422383
-0.581105
0.0156836
-0.243565
-0.0586128
-0.0317695
-0.20386
0.690329
0.522557
-0.374662
-0.291848
0.418552
-0.361355
-0.771096
-0.022868
-0.19165
-0.168621
0.0871411
4.6309e-05
0.637108
-0.142613
-0.0407591
0.0758586
0.496676
1.01126
-0.274025
0.345152
0.314506
-0.367353
0.18652
-0.00856791
-0.0673716
0.223555
0.0739292
-0.151119
0.508793
0.00703802
0.0470794
0.164621
0.0166044
-0.639418
0.555369
0.178108
-0.462806
0.108878
-0.128691
0.54235
0.478685
-0.750808
-0.29574
0.422549
-0.737602
-0.791497
-0.0352866
0.0986772
-0.322527
-0.279982
0.454035
0.332387
-0.00334413
-0.25359
0.563632
-0.00597641
0.119857
0.429116
0.635435
-0.0171819
-0.210426
-0.0426221
0.185059
0.404913
0.457161
0.395537
0.338948
-0.0873262
0.484
-0.0864759
0.582638
0.516048
-0.186722
0.492304
-0.0261518
-0.220166
0.002409
0.0590371
0.640322
0.478522
0.0717152
0.562242
0.0434988
0.0446219
0.0762103
0.0187656
-0.135014
0.380553
0.343798
-0.115762
-0.416872
-0.124245
0.101295
-0.699591
0.346288
0.699926
0.399035
-0.509381
0.452655
-0.113839
0.578908
-0.545844
-0.293893
-0.400343
-0.186774
-0.774527
0.327104
-0.797937
-0.891392
-0.0521368
-0.319678
0.244961
-0.230344
-0.338301
0.328328
1.05617
-0.589845
-0.122798
0.145354
-0.642515
-0.120466
0.392117
-0.530014
-0.171739
-0.710236
-0.583905
-0.321394
-0.891739
0.588662
0.239749
0.0982028
-0.67437
0.309648
0.0608975
0.69251
0.132542
-0.0161382
0.189718
-1.23814
-0.135246
0.204803
0.322882
0.173865
-0.456786
-0.628919
-0.414977
-0.565951
-0.92588
0.521275
-1.02432
-0.117001
0.359288
-1.02991
-0.510741
1.04316
0.478698
-1.7
0.619058
-0.0483724
0.0764956
0.82024
0.143314
0.0242221
-0.677101
-0.23827
-0.230705
-1.54282
0.391188
0.289218
0.310411
-0.078274
-0.74114
-0.0485783
0.417147
0.170495
-0.426916
0.12174
-1.43631
0.546084
-1.12209
-1.16843
0.00988165
0.246685
-1.4103
-0.911739
-0.344582
-1.04604
0.394818
-1.48646
-0.555713
0.278634
-1.42262
0.0603281
1.23245
-0.901172
-0.381829
-0.387764
-1.44875
0.270073
-0.0862103
-0.201413
-1.03279
-0.618494
-1.29384
-1.08626
-0.9242
0.799437
0.697798
0.453482
-0.451888
-0.885804
0.409287
0.568688
-0.281121
0.186883
0.650835
-0.397782
0.251417
-0.771637
-0.375136
-0.172399
0.621596
-0.554048
-0.683135
-0.909003
-0.514903
0.00901504
-1.17295
-0.401818
-0.051124
-0.967382
-0.444268
0.452601
-0.1804
-0.94347
0.511927
-1.14035
0.370951
0.369266
-0.281969
-1.08846
-0.561007
-1.07703
-0.756153
-0.709242
-0.292488
0.524735
0.337427
0.0614966
-0.756762
-0.419906
0.18581
0.385018
-0.0957711
0.379157
0.0588815
0.0723062
-0.409054
-0.211294
0.0871627
-0.290525
-0.131569
-0.285192
-0.488519
-0.186066
0.476858
-0.607626
-0.665728
0.530306
-0.230421
-0.0106473
0.225924
0.369377
-0.0754931
-0.321993
-0.691143
-0.25917
-0.096347
-0.198771
-0.0296362
-0.349932
-0.34391
0.10987
-0.00342017
-0.0510029
-0.195867
-0.164326
0.0852321
0.56892
-0.625759
-0.0183064
-0.0893382
0.181445
-0.897536
-0.00478709
-0.596234
-0.319746
0.630656
-0.0450586
0.272719
0.204947
0.042086
0.0527367
0.211275
-0.144399
0.444582
-0.130498
-0.589413
0.263093
0.285808
-0.122658
0.0872279
-0.415974
0.47579
-0.0620878
-0.262545
-0.0696084
0.424504
0.202677
0.582426
0.370508
0.662425
-0.232098
0.185972
0.552645
0.346771
-0.103589
-0.930975
0.478466
0.177206
0.232203
-0.199684
-0.340545
-0.531983
0.30028
-0.00347001
-0.505683
0.379118
-0.39843
-0.647423
-0.135358
-0.730662
-1.05521
-0.263702
-0.172927
-0.365408
0.792958
-0.229302
-0.0623485
0.298323
-0.446688
-0.774373
-0.136647
-0.722388
-0.222028
0.492732
0.191268
0.0700808
-0.542386
0.143916
-0.604522
-0.275126
0.403528
-0.360199
0.259027
0.00593575
-0.223136
-0.509402
0.279559
-0.0597072
-0.313288
-0.220337
-0.765592
0.283798
-0.955494
-0.165398
0.0992051
0.0878622
-0.360242
0.173605
0.102165
-0.856143
0.431015
-0.537664
-0.437198
0.246916
-0.564391
-0.439975
0.424836
-0.201234
-1.07003
0.354879
-0.657455
-0.333642
0.155827
-0.352446
-0.521194
-0.319115
-0.667954
-0.740838
-0.328513
0.568429
-0.146198
0.272686
0.392647
0.375631
0.0742475
0.375978
-0.0168628
-0.0342271
-0.0329864
0.0971149
0.678399
0.349458
0.0570303
0.674327
0.0302989
0.0519474
-0.223264
-0.139572
-0.381824
0.37227
0.538056
-0.042701
0.585168
0.185353
0.418527
0.657579
-0.153799
0.039112
-0.00425843
0.0266982
0.0725767
0.275788
-0.0430825
-0.16039
0.647503
0.483983
0.139086
0.0802249
0.0423004
-0.512924
-0.0480262
-0.499255
-0.143494
0.354626
0.200645
-0.436715
-0.479162
0.264103
0.345292
-0.201576
0.248796
0.369737
-0.392483
0.0692496
-0.270184
0.149726
-0.0764759
-0.10286
-0.307652
0.0791812
0.120281
0.301535
0.390971
0.331425
0.0797904
0.577438
-0.410906
-0.214322
0.136391
-0.512644
-0.160844
0.251057
0.0526154
0.422805
0.054673
0.158243
0.0744677
0.266227
-0.532548
-0.200415
-0.157921
-0.126336
-0.101484
0.129164
-0.0392311
-0.247952
-0.141837
-0.0500979
0.510404
0.00985698
0.173551
-0.183905
-0.124983
-0.305933
0.247717
-0.489348
0.147114
0.236757
0.461326
-0.329387
-0.391492
0.153058
-0.488935
-0.271659
-0.100174
-0.546529
-0.0385489
-0.359667
-0.410727
0.105875
0.247969
-0.0677529
-0.497546
0.00908129
0.303783
0.18773
0.395711
0.226009
0.337543
0.401289
0.409603
0.199417
0.226483
-0.0511266
0.0740387
0.171818
-0.126816
0.0630236
0.222681
0.177255
-0.2071
-0.433445
0.328131
0.511111
-0.0247181
0.138568
0.357551
-0.0930811
0.0932168
-0.00140402
0.447432
-0.21343
0.483488
0.186889
0.14594
-0.115675
0.223824
0.156081
0.0462421
-0.0562359
-0.233263
0.375018
0.0608445
0.536771
0.483254
0.236451
0.357522
-0.43934
0.0740137
-0.74067
-0.155402
0.873549
0.40079
-0.0544421
0.441145
-0.369725
0.107648
-0.883199
-0.00405435
0.310531
-0.43282
-0.238728
-0.245094
0.270803
-0.16421
0.379013
0.0471362
-0.307248
0.535417
0.19222
-0.0923641
0.179249
-0.570485
0.779855
-0.376603
-0.738804
0.126645
0.699319
-0.35367
-0.920246
-0.139619
-0.220339
-0.17557
-0.25493
0.723547
0.831714
0.891628
-0.748502
-0.675397
0.641849
0.391134
-0.666069
0.307035
0.444957
-0.900132
-0.228047
-0.919043
-0.51086
-0.200206
0.434923
-0.839018
-0.568675
-0.143836
-0.532728
0.142631
-0.873347
0.166634
-0.194748
-1.08439
0.390675
0.503182
-0.603634
-1.38372
0.831906
-1.02546
0.199031
0.111222
0.362203
-0.660547
-0.502526
-1.26396
-0.664205
-1.33291
-0.218987
0.618088
0.267711
0.62235
0.0750685
0.446632
-0.059015
0.421452
0.685235
-0.232015
-0.439999
-0.120834
0.316971
-0.162776
-0.0911184
-0.372138
0.236853
0.389134
0.308405
-0.299006
0.551032
-0.26885
0.280649
0.578679
-0.0359912
-0.0645775
0.00552383
0.027222
-0.27211
0.219916
0.450653
0.186599
-0.0887116
-0.180883
0.214359
0.2753
0.133752
-0.0718884
-0.216226
0.0157111
-0.0343793
-0.324402
0.39847
0.162747
0.441181
0.0596486
-0.396082
0.189779
-0.21532
0.352595
-0.362041
0.447775
-0.148283
-0.330938
-0.311021
0.718899
-0.643464
0.480857
0.547969
0.0222401
0.233788
-0.161054
-0.458805
0.206259
0.320086
-0.672014
0.728906
0.0639827
-0.398744
-0.0738901
0.467743
0.228743
-0.114828
-0.173838
0.341443
0.501886
0.33785
-0.0376309
0.633389
0.281923
1.00518
-0.114124
0.66902
0.686127
1.1559
0.0696049
1.15309
0.809156
0.76736
0.0554197
0.0108505
-0.213082
0.304714
-0.178057
0.517938
-0.0948691
-0.512029
0.335595
0.589537
0.65064
-0.755258
0.505533
-0.220916
-0.151505
0.284939
-0.959414
-0.610269
0.50412
0.389264
-0.308604
0.785792
-0.407524
-0.367826
-0.44488
0.83954
0.133585
-0.122914
0.154427
0.555429
0.0395583
-0.485582
-0.806084
-0.220351
-0.114348
0.518876
0.0276174
0.306612
-0.942803
0.00301483
0.0424999
-0.170542
0.126906
-0.272242
-0.391166
-0.186659
-0.180612
-1.09949
-0.0987344
-0.314661
-0.12435
0.0733121
-0.311456
0.102974
0.794436
-0.177757
0.685766
0.195342
-0.229447
0.0932212
-0.166633
-0.0921393
-0.014233
-0.000924389
-0.622047
-0.883943
-0.266193
0.062064
0.231671
0.264326
0.256001
-0.0251601
0.49903
0.698982
-0.089469
-0.0472461
-0.47662
-0.591522
0.371071
-0.615144
-0.13837
-0.152287
0.0694155
-0.758545
-0.580871
-0.748359
-0.163412
0.345401
-1.05787
-0.50397
-0.252814
-0.379396
0.232252
0.28904
-0.706588
-0.609969
0.269778
-1.00971
-0.217787
-0.107096
-0.114107
-0.142815
-0.3997
-0.752531
-0.568922
-0.93686
-0.392832
-0.18659
-0.486709
0.452857
0.296558
-0.451745
-0.401071
-0.361305
-0.297585
-0.453052
-0.319085
-0.398486
-0.00240245
-0.349726
-0.257325
0.512331
-0.497754
0.127615
0.410285
-0.184997
0.333786
0.246418
-0.359728
-0.280339
-0.257711
0.405979
-0.118525
-0.160376
-0.494594
0.382732
0.116393
-0.443854
0.109573
-0.392408
0.415065
-0.57829
0.294541
-0.39259
0.399054
0.821944
0.431344
0.300668
0.020267
0.169188
-0.0135044
0.042819
-0.675695
-0.641526
0.173074
-0.686426
-0.657492
-0.315392
-0.518108
-0.0913316
-0.147926
-0.633852
-0.42519
-0.0691871
-0.361228
0.583316
-1.22388
-0.431162
0.386575
-0.662802
-0.732674
0.900765
-0.173856
-0.949211
0.281379
-0.323662
0.515905
0.0496581
0.40379
-0.58749
0.0680566
-0.985795
-0.409196
-1.21426
-0.175012
0.326799
0.273185
-0.199365
-0.545285
-0.324734
0.131039
0.373177
0.168579
0.693414
-0.516392
0.395724
-0.280712
0.0460561
-0.238924
0.0927089
-0.614006
-0.456277
0.0808734
-0.459902
-0.0618616
-0.0555538
-0.492416
-0.129362
-0.515637
0.0150824
1.06018
-0.557232
-0.166879
-0.148459
-0.85465
0.23413
0.318189
-0.443934
-0.57739
0.0728566
-1.03552
-0.751425
-0.13507
-0.115854
0.202204
-0.158427
-0.15321
-0.218666
-0.319991
0.966076
-0.0101622
0.122702
0.650449
-0.50524
0.155509
-0.413973
0.00306362
-0.375235
-0.237127
-0.723161
-0.437203
-0.130303
-0.760171
0.611032
-0.457584
0.47379
0.450742
-0.677463
-0.0761927
0.625924
-0.01441
-0.135705
-0.432721
-0.0952029
0.671604
0.54795
-0.291466
-0.875027
-1.00099
-0.717741
-1.12611
-1.06989
0.221522
0.0284521
-0.0328555
0.199464
-0.325348
0.289393
0.888152
-0.163542
0.452945
0.258457
-0.197472
0.609763
0.259902
-0.277141
-0.335712
0.573277
0.202476
-0.189218
0.0363281
-0.0268918
0.396118
0.330064
0.207219
-0.213479
-0.0232888
0.467181
0.209126
0.196654
-0.26151
0.498296
0.362662
0.229355
0.660571
0.154093
0.168502
-0.0436176
-0.122577
-0.162497
-0.24876
0.974374
0.0813014
-0.449
-0.99644
-0.0167814
0.14853
1.30994
0.174225
-0.219679
1.67476
-0.489641
0.135753
-1.57525
-0.89942
0.0146777
-0.452628
-0.283087
0.552052
0.46218
0.1066
0.102704
-0.160236
-0.285659
0.88988
-0.392958
-0.788871
0.256893
-0.610234
0.874978
-0.284128
-0.856757
-0.587461
0.965803
-0.33148
-1.47933
-0.153006
-0.344184
-0.900634
0.556447
-0.524533
-0.153351
-0.22495
0.0554155
-0.335978
-0.375598
-0.478897
0.0552495
-0.0981832
-0.501078
-0.134506
-0.488091
-0.254519
0.239535
-0.147089
0.418131
-0.0164317
-0.291925
0.518899
0.085462
-0.461386
0.134035
0.159464
-0.325435
0.0569554
-0.0556997
-0.529125
0.15518
-0.251203
-0.525083
-0.511735
0.177287
0.291375
0.306227
0.257537
0.372296
-0.182886
-0.422589
-0.330489
0.0845596
0.189646
0.244377
0.170091
-0.611835
-0.31957
0.0384839
0.524155
0.237064
0.526138
-0.329734
-0.354399
0.0031441
0.220976
-0.423601
-0.388685
0.105944
-0.613863
-0.140829
-0.573882
0.149355
-0.430092
-0.47231
-0.0620228
0.121152
-0.422352
0.765943
-0.351995
0.111094
0.0354643
-0.0155545
0.0671023
0.287266
-0.392675
-0.416977
-0.372287
-0.531463
0.0989405
0.139726
0.0238511
0.0949173
-0.0732834
0.223754
-0.0658715
0.140665
0.576565
-0.263821
-0.65991
0.53299
-0.95388
-0.563167
-0.0966879
-0.460267
-0.411816
0.0563135
-0.40028
0.201093
-0.0366084
-1.12645
0.508334
-1.1727
-0.0860564
0.208958
-0.699957
0.00903421
0.366818
-0.651812
-0.539128
-0.135128
-0.691686
0.0120183
0.112599
-0.527866
-1.13676
-0.912455
-0.669506
-0.838499
-1.05483
0.0590941
-0.16793
-0.550131
-0.299575
-0.450867
-0.0873541
-0.420959
-0.500755
0.015396
-0.44328
-0.476712
-0.367752
0.295469
-0.612453
-0.471273
-0.215513
0.00756048
-0.985983
-0.484815
-0.12327
-0.185708
-0.648731
0.127753
-0.391416
-0.884439
0.119552
-0.390495
0.277349
0.0872491
-0.355921
-0.542419
-0.173207
0.0566338
-0.215944
-0.14018
-0.208518
-0.272591
-0.478368
-0.401409
-0.694417
-0.0899233
-0.180623
0.722461
0.402206
0.486299
-0.365987
0.293104
-0.111215
-0.422827
-0.250822
-0.428172
0.311673
0.408971
0.281537
0.0463746
0.379841
-0.388595
0.134038
0.402317
0.176284
-0.175268
0.24344
-0.155644
0.281906
0.377962
-0.456815
-0.0650974
-0.481494
-0.148571
0.531885
0.260945
-0.570527
-0.425567
0.33702
0.42019
0.37507
0.644277
0.277034
0.445079
0.204965
0.529609
0.652059
-0.664405
-0.0884023
0.411491
0.111359
0.265489
0.377635
-0.67965
0.546376
-0.71373
0.180779
0.583628
0.484703
-0.446485
-0.170889
0.248511
-0.425004
0.269166
0.0542059
-0.364448
0.711911
-0.246806
-0.502969
0.914972
-0.169798
1.19662
-0.195047
-0.0479507
-0.0122465
-0.069892
-0.663708
-0.247931
-0.881094
-0.442955
-0.200486
0.287678
-0.601957
-0.504505
-0.0300867
-0.276783
0.480369
-0.290862
-0.590033
0.575296
-0.223865
0.0391688
1.00402
0.37067
0.700503
0.609123
0.0676862
0.0658634
0.482344
0.489553
0.125631
0.499723
0.19298
0.648932
-0.256449
0.404064
0.440573
0.312577
-0.0703018
0.495365
0.873322
-0.706163
0.670779
0.000173323
-0.00848887
-0.278312
0.908402
0.636671
0.63356
0.0554662
0.0575391
-1.09296
-0.361065
-0.564579
0.117637
0.0981288
-0.0251585
-0.751395
0.28018
-0.498716
-0.253018
-0.11591
0.048486
-0.58301
-0.461032
-0.532638
0.411186
-0.396074
-0.284828
0.160254
0.485515
-0.55253
-0.186723
0.19789
-0.875286
-0.52758
0.0698593
-0.261489
0.320982
0.238631
-0.933789
-0.0614758
-0.345697
0.301625
0.400251
0.000122427
-0.0281833
-0.920207
-0.272917
-0.0737773
0.255264
0.64234
0.401543
0.301288
0.163252
0.341367
0.210069
0.0379968
0.439352
0.29769
-0.294354
0.0323661
-0.0140469
-0.307259
0.559602
0.285688
-0.0787071
-0.142622
0.191829
0.345389
0.243486
0.397446
0.0426217
0.31391
0.108867
-0.136397
-0.137197
-0.450118
-0.125491
0.382377
-0.0233783
0.484208
0.518411
-0.646006
-0.340435
0.201243
0.305188
-0.109352
-0.269782
0.800988
1.08175
1.24759
0.80951
2.74121
3.2413
3.40009
2.51331
0.802771
-0.95861
1.7975
1.71047
0.885856
-0.367029
0.640781
0.363963
1.39054
3.35669
0.353828
-1.21633
2.51216
1.65782
1.27589
0.15424
1.94252
1.38954
2.05612
0.255112
3.41958
-0.516748
0.705143
2.39856
-0.97273
-1.19941
1.59375
-1.75312
-1.67508
0.554283
