#input normalization
0.159976 0.266321
50.7059 47.5799
11.4482 40.2006
9.07988 32.4905
0.0127596 0.0423159
0.0100884 0.0322981
0.332991 1.07261
0.705542 0.817226
0.860487 0.992234
1.01822 1.18567
1.23142 1.32594
1.44008 1.45181
1.65756 1.55445
1.85823 1.62609
2.05841 1.70813
2.23681 1.75132
2.40835 1.78251
2.56963 1.79287
2.70841 1.78528
2.82722 1.73997
2.91371 1.68912
2.98591 1.61425
3.02892 1.52657
3.08009 1.44088
3.11555 1.34462
3.11129 1.22791
3.06564 1.08768
3.01273 0.948692
2.94955 0.804903
2.85524 0.658171
2.76543 0.523718
2.6518 0.382672
2.54586 0.255011
2.40751 0.131975
2.28527 0.0121023
2.164 -0.0954688
2.02939 -0.193681
1.92248 -0.285411
1.80473 -0.364065
1.68649 -0.448715
1.55965 -0.528829
#output normalization
1 0
#neurons weights
0.155496
-0.27531
0.279936
0.419353
0.174302
-0.266787
-0.00161598
-0.24302
-0.357056
-0.392345
-0.300873
-0.489831
0.380109
-0.374471
0.410837
0.05038
-0.438415
-0.295999
0.332294
-0.212168
-0.225031
0.183798
-0.0867618
-0.219872
-0.0775062
-0.293732
0.20276
0.0619372
-0.336678
-0.0751198
0.328054
0.0418738
-0.18287
0.413848
-0.270701
0.233689
-0.324329
0.260235
0.402109
0.481373
-0.0950564
2.82864
-0.204863
0.439629
1.82987
-0.473406
1.42696
-0.892533
1.29663
-1.38498
0.220532
2.18112
-1.653
1.32535
-0.444969
3.03968
-0.34168
-0.381099
-0.318472
-2.42358
0.356423
-0.50379
0.126387
0.61689
-0.23822
0.15699
1.36013
1.55699
-0.388461
0.456229
-1.72158
-0.442337
0.333692
-1.02968
-3.30969
-0.494758
-2.12553
2.4907
0.196636
-0.49049
-2.89735
-1.07689
0.422701
0.16417
0.100747
-0.544658
-0.474335
-0.443901
-0.388007
0.506951
-0.184168
0.557129
0.777477
0.125242
0.213028
0.557829
-0.622837
0.217582
0.153235
0.118211
-0.0311615
-0.104977
-0.743668
0.641339
0.00152038
-0.579728
-0.769082
-0.388092
0.210882
-0.254956
0.447975
-0.462841
0.4221
0.166701
0.601235
0.0259392
0.347874
-0.680675
0.229202
-0.398028
0.368129
0.451345
0.329787
0.124208
1.00989
#synapses weights
-0.836931
-1.30736
0.0339948
-0.723996
-0.241823
0.103765
0.0114776
0.367967
0.548909
-0.0701213
0.513973
-0.116931
-0.173981
0.240629
-0.260116
0.0758029
-0.716829
-0.282864
0.529567
-0.405441
-0.233577
-0.218999
-0.0824441
-0.162156
0.921498
-0.393796
0.183967
-0.413414
0.487936
-0.0153198
0.515709
0.174617
-0.122785
-0.0817372
-0.303404
0.134656
0.0576236
-0.414901
-0.0709543
-0.025694
-0.0149613
-0.0475755
1.07029
0.118094
-0.174339
0.0201522
0.292296
0.371882
0.10728
-0.193841
0.124555
-0.300444
-0.10168
0.370205
0.072242
0.14713
0.78747
0.680939
0.582219
0.779102
0.734231
0.63085
0.533152
0.370051
0.625325
0.262116
0.508674
0.865358
1.04792
1.03409
0.853829
0.61856
0.52331
0.575146
0.520163
0.163616
0.367597
0.0951293
0.404847
0.0407137
0.105822
0.232703
-0.125421
1.27777
0.206099
-0.052554
0.742402
0.34323
0.435101
-0.321442
-0.153173
0.407868
0.527729
0.579513
0.44232
0.486773
0.45689
0.750488
0.91438
1.3895
1.1976
0.476067
0.978677
0.73858
0.845121
0.903355
0.917184
1.2238
1.05282
1.01576
1.40289
1.32344
1.41224
0.788976
1.63179
0.847153
1.20155
1.0133
1.476
0.872004
1.12231
0.879095
0.688324
-1.01368
-1.39963
-0.737765
0.318869
0.859424
0.739858
0.23343
0.277302
-0.302795
0.154898
-0.107085
-0.167065
0.0494139
-0.437142
0.291503
-0.297778
1.41037
-0.49638
0.340701
0.460024
-0.308798
0.0703917
-0.654443
0.200567
-0.226484
0.855443
0.293095
-0.411703
-0.673555
-0.587965
0.320867
-0.318642
0.198218
0.51381
-0.0795298
0.0519949
-0.255169
0.492072
-0.454028
0.603409
-0.807642
0.169723
-0.5884
-0.269422
0.14844
0.0862084
-0.358152
0.547966
0.550001
0.465267
-0.148053
-0.133852
-0.69838
-0.00608222
0.0549164
-0.655576
-0.899779
0.0237646
-0.572446
-0.199821
0.143828
-0.74243
-0.775115
0.228778
0.228141
0.0343928
-0.420096
0.142494
0.118883
0.322183
0.374417
-0.454138
-0.58518
-0.622194
-0.185061
-0.0888973
0.305841
-0.320337
-0.214404
0.116355
-0.645232
-0.123896
-0.987526
-1.10127
1.35715
-0.393045
0.616007
-0.531241
0.222479
0.37603
-0.0306486
-0.77339
-0.245215
0.686651
0.24109
-0.171681
0.41964
0.410721
-1.04806
0.520646
0.0161036
-0.111828
0.318221
-0.034479
-0.552998
-0.274769
0.159509
0.73023
-0.382497
0.186668
0.249818
0.290601
0.470782
0.904363
0.366706
-0.619042
0.207317
-0.678462
0.461696
-0.645562
0.624075
-0.601939
-0.301269
0.723108
0.509949
-0.0717117
0.212249
-0.0132318
0.403664
-0.0117336
0.0635453
-0.165546
-0.0511821
-0.08418
0.294378
-0.199706
-0.334633
0.313718
-0.382923
0.496677
0.170264
0.271144
0.160992
-0.0381815
0.310968
0.327783
-0.324825
-0.35853
-0.227003
0.289794
-0.165205
0.532253
0.0600187
0.0460443
0.289775
0.278053
0.280491
-0.11104
0.492078
-0.0563526
-0.0563382
0.151496
0.157737
0.154376
-0.301986
-1.08588
-0.0944219
-0.135727
1.02996
-0.389759
0.431628
0.0950121
0.151572
0.432742
0.00193162
-0.0131913
-0.393645
0.106113
-0.106257
0.906008
-0.476744
0.362036
0.0215361
0.480363
0.400134
0.386186
0.55576
-0.899359
0.482706
-0.396914
-0.327345
0.565136
0.155621
-0.645933
-0.503202
-0.132223
-0.41463
1.08662
-1.11998
0.20474
1.04076
0.276778
-0.366275
-0.0486708
-0.240753
-0.465854
1.16075
-0.114296
-0.214644
-0.891114
0.490628
0.36119
-0.390813
-0.67014
0.750158
0.296361
-0.429759
-0.373914
0.293841
-0.668477
-0.538664
0.251408
-0.511118
0.292668
0.777772
0.0370063
0.93617
-0.0799167
-1.30284
-0.391664
-0.150807
0.40441
0.591569
0.161705
-0.0896905
0.163579
-0.486137
0.0964875
0.260606
-0.595341
-0.465316
-0.106437
-0.659831
-0.553037
0.276762
0.89156
-0.150551
0.281931
-0.54968
0.250246
0.0112765
-0.377042
0.174994
-0.102612
0.317575
0.0224577
0.570394
-0.413496
-0.21479
0.191644
0.297989
-0.284051
0.389338
0.274702
0.554629
0.815832
0.593238
0.369726
0.732247
0.131187
0.72421
0.240893
-0.182713
-0.0492182
-0.222191
-0.390474
0.577201
0.670226
-0.195203
0.304588
-0.162025
0.402835
0.495863
0.00612865
-0.282451
0.20306
0.138961
-0.293915
-1.64483
1.88482
-0.0416413
0.00867707
-0.716982
0.12539
0.0713847
-0.536345
-0.0816453
-0.197257
-0.382463
0.350343
-0.260913
-0.0657113
0.226599
0.0486598
0.150099
-0.533785
0.385542
0.0728388
0.459023
0.415269
-0.421104
0.404885
0.530326
-0.485834
0.497954
0.0849494
-0.453978
0.186857
0.10158
0.1117
0.0444348
-0.151376
-0.172801
-0.133809
-0.0294799
-0.0396445
0.145851
0.11173
0.500869
0.227452
0.226267
-0.049243
-0.313851
0.549438
0.246847
-0.0274013
1.0802
0.840672
-0.246529
-0.499188
0.809145
0.0603692
-0.620036
0.544692
0.104694
0.216757
-0.583446
-0.523294
-0.662117
0.458098
0.0767575
0.174775
0.58243
-0.884121
-0.792162
0.138794
0.335856
-0.25973
0.129424
0.287213
0.0394657
0.276457
-0.528247
0.025955
-0.602162
0.780678
0.183555
0.13025
-0.653187
0.0359739
-1.79877
0.264798
-0.0255818
-0.248159
0.124292
-1.13238
-0.0255095
-0.565202
0.246379
0.252876
0.330537
-0.437074
0.849126
0.0325521
-0.126058
-0.102671
0.765206
-0.969307
-0.02653
0.243388
0.355463
-0.0625577
-0.119955
-0.584384
-0.122993
0.60121
-0.285799
0.0596684
0.0844297
0.105125
0.80547
-0.0511543
-0.106284
-0.0410218
0.749458
-0.407156
0.193994
-0.296389
0.648916
-0.371272
0.279075
0.30053
-0.357913
0.368241
-0.0418824
0.338482
-0.290123
0.0303784
0.599196
0.492155
-0.811424
0.0877012
0.407398
0.167372
1.06489
0.352943
1.03096
0.509394
0.300163
-0.49427
-0.384135
-0.459375
-0.226858
0.133908
0.356004
0.0576453
0.689729
0.405991
0.153933
0.356441
-0.159792
0.116983
0.0685992
0.00651509
0.437549
0.175826
0.242157
0.281744
0.0692812
-0.0419234
0.237784
-1.37067
-0.806569
-0.327011
-0.627013
-0.43725
-0.12561
0.032014
0.0942324
0.0970047
0.688196
-0.347545
-0.178604
0.216493
-0.0131294
0.0816316
0.237261
0.366165
0.361163
0.177754
-0.605609
-0.149757
0.203932
-0.00714449
-0.00326291
-0.852134
0.308661
-0.18978
0.101375
-0.222786
0.869276
-0.620785
-0.166471
0.335558
-0.894573
-0.447697
0.135896
0.501384
0.577242
-0.101129
-0.160907
-0.483764
-0.292054
-0.368784
-0.380326
-0.63407
-0.349954
-0.213617
0.348139
0.103543
0.420091
0.202045
0.135347
0.0390356
0.169545
0.0284987
-0.105082
-0.936905
-0.544454
-0.408719
-0.869296
-1.06493
-0.324187
-0.0747737
-0.479821
0.321103
-0.19132
0.00616283
-0.302576
0.157441
0.534544
0.033858
-0.122273
-0.0523172
0.0601759
-0.366681
0.172831
-0.58893
0.374232
0.234316
-0.268519
-0.0306715
-0.224597
0.235454
-0.614562
-0.200327
-0.240299
-0.377065
-0.588163
-0.376316
-0.211075
-0.31849
-0.560076
0.0524007
-0.215526
0.0403056
0.516347
-0.585894
-0.13239
-0.115643
-0.394308
-0.677114
-0.215111
-0.199325
-0.132242
-0.606283
-0.102486
-0.444733
-0.140363
-0.47222
-0.022367
-0.384951
-0.0400494
-0.124648
-0.241558
-0.155142
-0.865495
-0.0662805
-0.522994
-0.210806
0.050039
-0.615009
-0.620683
-0.265493
0.0329129
0.158823
0.106984
0.22834
0.317168
0.116112
0.405719
-0.173432
0.174413
-0.179001
0.271727
-0.358597
-0.157397
-0.415671
0.44617
0.105924
0.512111
0.235311
0.287736
0.608797
0.103176
0.45291
1.06601
1.15817
0.49609
0.423846
0.274568
0.841364
0.585254
0.503791
0.218969
0.378258
0.153887
-0.0109362
0.819539
0.286169
0.53087
0.509065
0.281403
0.546914
-0.196007
1.81249
1.45231
0.772135
-0.213432
-1.86535
-0.648057
0.634524
0.120581
-0.446325
0.242915
0.0761658
-0.0682366
-0.241363
0.229893
0.511935
0.246561
-0.0735213
0.451617
-0.199259
0.00415373
-0.288926
-0.245694
-0.329422
-1.2577
0.254104
0.412357
-0.604568
-0.620717
0.00776924
0.961299
-0.0940923
-0.177341
-0.203714
0.163002
-0.0910278
0.765315
-0.0136401
-0.616735
-0.0259358
-0.529156
0.614018
-0.663607
-1.00704
0.0403576
-0.298236
-0.46282
-0.517267
-0.0237635
0.191811
-1.18279
0.647396
-0.107395
-0.712683
0.707316
-0.577546
0.30141
0.33276
-0.0237748
0.023567
0.19526
0.435318
-0.00173957
-0.242904
-0.27449
0.078877
0.276733
-0.141964
0.451733
-0.252732
-0.744984
-0.165951
0.12234
-0.103079
-0.238245
-0.246254
-0.00996869
-0.0756582
-0.0844088
-0.253329
0.313016
-0.481141
-0.160619
-0.153718
0.309388
-0.535027
-0.357862
-0.0129747
-0.271528
-0.704426
-0.206527
-0.29955
-0.067936
0.207587
0.557039
0.705248
1.09485
0.609053
0.133139
0.538111
0.967358
0.861219
0.436421
0.733095
0.601546
0.732697
0.0082676
1.14823
0.960065
0.704781
0.698068
0.368518
0.546616
0.171267
0.680529
0.828155
0.504596
1.06149
0.676228
0.156641
0.565084
0.895336
0.852799
0.565999
0.382224
-0.202616
0.92614
0.408489
0.287747
0.912576
-0.118925
-0.265945
0.252069
-0.0363385
-0.374367
-0.10774
-0.200804
-0.0968796
-0.455874
-0.00746158
-0.264243
-0.179645
0.0491983
-0.506944
-0.0932179
-0.0607363
-0.817566
-0.450654
-0.388827
-0.845604
-0.165296
0.276615
-0.238156
-0.132087
-0.319299
-0.567145
-0.174775
-0.34634
-0.653667
0.109037
0.201415
0.191343
-0.509818
-0.427019
-0.160959
0.548631
0.701899
0.543095
-0.167177
0.0435971
0.556009
-0.433382
-0.221011
-0.0560561
-0.0378916
0.376901
0.710471
0.013863
-0.0522424
0.670763
0.0874124
0.196751
0.285447
0.065153
0.579016
0.610074
0.504012
0.172453
0.0142561
0.412975
0.661034
0.957511
0.793445
0.831952
0.933926
0.256323
0.22546
0.350625
0.194963
0.491338
0.10036
-0.0223806
0.468415
0.58854
0.300129
0.647312
-0.188202
-0.052459
0.0395699
-0.157454
0.537127
-0.440588
-0.2697
0.25862
0.33372
-0.151185
-0.275847
-0.0604785
-0.290105
-0.132351
-0.190441
-0.0220676
0.495025
-0.201661
0.243884
0.333947
0.796829
-0.0188076
0.543969
0.116224
0.638331
0.276078
0.259914
0.530873
0.383351
0.82729
0.596496
0.537449
0.0072924
0.771999
-0.0950991
0.34458
0.461979
0.101408
0.471338
0.184102
0.26852
-0.0752945
0.129717
-0.289839
-0.139616
0.388073
0.170005
0.105166
-0.0193435
0.363211
0.244105
0.309891
-0.263004
0.825127
0.61096
0.307278
0.440878
0.4194
0.581843
0.733401
-0.00713919
0.726302
0.0699881
-0.201052
0.00330857
0.200607
0.148282
-0.343608
-0.139156
0.078798
0.381911
0.495691
0.44849
0.305766
0.381504
0.773684
-0.00028646
0.203776
0.261808
-0.075527
0.318505
-0.298427
-1.25779
-0.236175
-0.111298
0.371838
-0.495879
-0.584094
-0.273327
-0.256853
-0.287458
0.22884
0.0557021
0.00351771
-0.641682
-0.636287
-0.26826
-0.127409
-0.11372
0.555326
-0.332499
0.51845
0.452346
0.118991
-0.0113285
0.00311289
-0.332663
-0.489422
-0.196502
0.0647597
-0.294217
0.24548
-0.221435
0.285329
-0.0978188
0.0641638
0.235246
-0.743494
0.0521816
-0.182031
0.286436
-0.228336
-0.25091
-0.721326
-1.01289
-0.846481
0.0784509
0.906275
0.139027
0.278577
0.175582
-0.056159
-0.963551
0.583547
-0.0683163
-0.393847
0.163183
0.0982126
-0.660627
0.599737
-0.646253
0.47107
0.174306
-0.429039
-0.00960035
-0.225199
0.211217
-0.442098
-0.53993
-0.35337
-0.147235
0.359758
-0.0171424
0.380087
-0.192297
-0.129498
-0.0080373
-0.0904443
0.181146
0.141951
-0.406837
-0.0982109
-0.268161
-0.0663093
0.162115
-0.67332
0.620404
0.108335
-0.20539
0.14308
-0.603649
-0.392405
0.108908
-0.721959
-0.483556
0.152829
-0.401536
-0.652159
-0.389436
-0.815778
-0.26533
-0.613332
-0.426865
-1.00599
-0.434101
-1.23457
-0.436559
-0.51395
-0.626228
-0.38344
-0.89301
-1.21427
-0.356112
-0.362721
-0.637694
-0.486514
-0.478292
-0.307205
-0.601702
-0.959787
-1.03997
-1.01935
-0.52605
-0.359932
-0.510922
-0.529113
-0.273916
0.0546534
0.344055
-0.0550347
0.203502
0.184229
0.0454788
-0.229227
0.0828766
-0.599074
-0.233676
-0.525282
-0.605369
-0.454004
0.0767465
-0.531922
0.091171
-0.687347
-0.400473
-0.504498
-0.420372
-0.366092
-0.390662
-0.239566
-0.547545
0.0195966
-0.52555
0.295158
-0.487431
-0.214865
0.221269
0.285621
-0.540289
-0.220064
0.140267
-0.639994
-0.483598
0.0234282
-0.0709024
-0.279745
0.33058
1.54425
-0.362712
0.163088
0.0209699
0.239115
0.118689
0.995455
-0.725123
0.0314681
0.0537737
-0.139251
0.11294
0.464049
-0.233665
0.176891
-0.323893
0.1728
-0.383645
-0.161042
-0.121223
-0.126744
-0.542731
0.623607
0.400725
-0.481685
0.300081
-0.306162
0.185704
-0.186041
0.54472
0.10049
-0.767681
0.159419
-0.0168423
0.132217
0.245537
-0.140381
-0.289964
-0.790302
-0.420178
0.832719
0.116547
0.49246
-0.368207
0.371912
-0.366528
0.17507
0.0317327
-0.355906
-0.308797
-0.47993
0.435076
0.453487
-0.602325
0.63549
0.420815
-0.11655
0.792813
-0.0704555
0.484563
0.784223
0.378697
0.659375
0.0367848
0.553733
0.0414287
0.400099
-0.10994
0.289337
-0.74359
0.193491
0.0762815
-0.10058
0.00999506
0.12758
0.48597
-0.20809
0.565719
-0.225753
0.280685
0.526469
-0.538875
0.721885
0.158352
0.561266
0.750877
0.604622
-0.29642
-0.823174
0.337518
0.103473
-0.213934
-0.586142
-0.061092
0.510075
0.495131
0.810555
0.154274
-0.128574
0.134014
-0.110572
0.864734
0.545885
0.363587
0.293283
0.380349
0.0487666
-0.0708354
1.00298
0.361842
0.352254
0.777631
0.845079
0.36837
0.456961
0.926052
0.0863949
0.156633
0.575245
-0.0202472
0.747782
0.266953
0.677174
0.991383
0.0662975
-0.220552
0.362977
0.302056
-0.00662751
-0.326037
0.167373
-0.04203
0.280007
0.136984
-0.0439052
0.0200843
0.217004
-0.537691
-0.127928
-0.110263
0.802411
0.483558
0.753986
0.294294
0.477538
0.176711
-0.0955441
-0.0579522
0.313309
-0.139342
-0.0397165
0.0678432
0.490931
-0.0503072
-0.220551
0.535426
-0.177973
0.219414
0.033076
-0.346613
0.259539
0.0924231
0.412978
1.15934
0.976329
0.699324
0.00402871
-0.596225
0.690778
-0.322978
0.378893
0.116802
-0.16255
0.63955
-0.315774
0.117489
0.208041
-0.0326058
0.167727
0.180994
-0.15746
0.111503
-0.0481648
0.208726
0.284855
0.200127
-0.46808
-0.0729453
0.0887009
0.317564
0.437838
-0.906458
0.0244367
0.255373
0.0517068
0.134929
-0.164694
-0.228943
-0.442094
-0.459087
0.430514
0.205806
0.574938
-0.56501
0.432353
0.467468
-0.792128
0.371609
0.647176
-0.149813
-0.0182335
-0.663234
-0.249911
1.60079
0.125853
0.551305
-0.839358
0.302346
0.0906754
-0.189103
-0.00131202
-0.155217
-0.242478
0.0493076
-0.181867
0.366331
0.122988
0.516034
-0.0950113
-0.0232626
0.156431
0.53028
-0.022995
-0.358205
-0.0849658
-0.0141092
-0.167752
0.46318
-0.160837
-0.119507
-0.410752
-0.0254972
0.0867102
0.343951
0.096076
-0.609018
2.11024
-1.6559
0.833148
-1.07115
1.19832
-0.223731
0.0227309
-0.219032
-0.20525
-0.374108
0.359433
-0.0992733
-0.371079
0.310302
0.276542
-0.72656
0.37331
-0.608019
-0.0550989
-0.0296559
0.370091
0.0449096
-0.325606
-0.686075
-0.0028845
0.247313
-0.859264
-0.511804
-0.789449
0.415307
0.484472
0.142599
-0.344096
-0.245616
-0.33679
0.530286
0.27264
0.114025
0.137707
-0.46857
0.558221
-1.21184
1.44226
-0.453875
0.840885
-0.343194
0.191026
-0.194074
-0.491584
0.79558
-0.452769
0.322728
0.517573
0.125492
-0.102453
0.783712
-0.784364
0.121706
-0.437497
0.411301
-0.592788
-0.324515
-0.390441
0.138353
-0.0452053
-0.12173
0.0120676
0.440681
0.0257852
-0.460424
-0.819763
-0.189142
-0.21134
0.386351
-0.156513
0.364051
-0.385384
0.426805
-0.158157
-0.259325
0.416208
-0.0705809
0.497831
0.337939
0.0713752
-0.133034
-0.345138
-0.628513
0.639352
-0.182987
0.0993843
-0.455952
-0.65745
-0.228728
0.176875
-0.499432
-0.224317
0.0158254
0.104176
-0.417807
0.502243
0.336057
0.840364
0.791497
0.537553
0.434416
0.596444
0.455668
0.450085
-0.114063
0.381648
-0.36534
0.118525
0.397745
-0.0565412
0.492772
0.134908
-0.0607996
0.585291
0.565383
-0.412081
0.14006
0.684921
1.14462
0.107534
-0.391264
-0.363812
-0.271622
-0.255101
-0.483108
-0.202167
-0.712684
-0.13085
0.663873
0.601773
0.753714
0.592189
0.386089
0.597647
-0.349377
-0.764388
0.572891
-0.527381
-0.187093
0.229877
-0.333998
-0.546122
0.132785
0.203087
0.407304
0.207897
-0.15796
0.145847
0.33398
0.0324072
0.0135213
0.275728
0.299172
0.141808
0.683737
-0.113399
-0.074158
0.726447
1.33079
1.23404
-0.438561
0.199897
-0.0203
0.0762553
0.105454
0.100826
-0.291608
0.167917
-0.761565
0.265996
-0.485808
-0.154655
0.377062
-0.134619
0.264212
-0.110509
0.287781
0.00999065
-0.242031
-0.12228
-0.220114
-0.00188023
0.274343
0.60761
-0.72879
0.418566
0.678832
-0.809074
-0.723638
0.469858
0.159916
0.165271
-0.41644
0.311878
0.253997
-0.220545
-0.261968
0.082187
-0.376433
0.428786
1.41607
-0.030056
0.0597208
0.268741
-0.147518
0.110127
-0.0192084
-0.211525
-0.246358
1.18545
-0.234511
-0.0251864
-0.165119
-0.150163
0.827145
-0.600605
0.489799
0.0767319
0.180477
0.218839
-0.406188
-0.268202
-0.508464
0.108777
0.19498
-0.689577
-0.557159
0.2172
0.657762
-0.386574
0.281325
0.259457
-0.163544
-0.795105
0.373848
0.676976
-0.138111
-0.440503
0.351976
0.136077
0.0993217
-0.0804354
0.0232163
-0.232785
0.0125393
-0.110566
-0.368878
-0.488065
0.248358
-0.5664
1.21432
1.59678
0.713224
0.599417
0.787652
0.751006
0.443046
0.300143
0.0296445
-0.0609369
0.570051
-0.296021
-0.186073
-0.216229
0.0837319
0.0716358
-0.15214
-0.139341
0.190043
0.0867672
-0.200389
0.31253
0.32878
-0.105083
0.0381917
-0.162563
0.357384
-0.0843262
0.0556235
-0.333305
-0.627311
0.298684
0.275624
0.154062
0.139885
0.64652
0.2444
0.148567
-0.0118228
0.499486
0.373187
0.23682
0.604835
0.0961745
0.480019
-0.228548
0.20133
0.536911
-0.041272
0.091353
0.225841
-0.3143
-0.375231
0.0132586
-0.362925
-0.00853095
0.259834
0.373414
0.437853
0.191955
-0.194694
-0.0547414
0.112642
0.805175
0.408311
0.727392
0.472332
0.262618
0.355604
0.810002
0.675968
0.827391
0.0348012
-0.396846
-0.270619
-0.0218898
0.258287
-0.130227
0.236868
0.11045
-0.734746
0.10044
-0.0717293
-0.31143
-0.320525
-0.314411
-0.412355
0.588372
-0.283397
0.27762
0.323855
-0.62735
0.0347051
-0.241859
0.11525
-0.150624
-0.281458
-0.0172352
0.495565
-0.218521
0.272186
0.0735716
-0.378536
0.431134
-0.275223
-0.395694
-0.416081
-0.322716
0.311355
0.544905
0.352063
0.189307
0.162308
0.414257
-0.398395
-0.670862
-0.0752117
0.304242
-0.809888
-0.425619
-0.137882
-0.397843
0.404388
0.228637
-0.157737
0.0978203
0.153569
-0.576073
-0.485705
-0.208559
0.0560535
-0.240014
0.0128813
-0.298721
-0.412806
-0.181867
-0.503174
-0.606585
-0.14703
-0.267849
-0.0269819
-0.18674
-0.956456
-0.820214
-0.090951
-0.0141397
0.112909
0.557183
-0.609351
-0.075748
0.175085
-0.162949
-0.436908
-0.225334
0.342979
-0.898696
-0.49054
-0.66822
0.408458
-0.00521082
-0.793017
0.704667
-0.793167
0.306633
0.106364
-0.117946
-0.3716
-0.197203
0.478258
0.269855
0.501493
-0.420484
-0.52529
-0.693759
-0.0482439
0.512366
-0.64022
-0.863103
0.287851
-0.558787
0.0454887
0.20385
-1.03082
-0.509114
0.148262
-0.607303
0.200686
-0.0194837
0.0154394
-0.209281
1.08611
0.391713
0.463427
-0.031187
-0.0772978
0.350255
0.650448
0.32191
-0.730906
0.553727
0.367956
0.139334
0.0385293
-0.470564
-0.187898
-0.408759
0.248594
-0.0640709
-0.455388
0.247533
-0.163057
-0.0306006
-0.0425715
-0.163182
0.56611
0.182151
-0.421904
-0.227013
0.304327
-0.158941
0.398418
-0.0319038
0.255102
0.283962
-0.395801
0.312211
0.0950283
0.263038
-0.576487
0.368814
0.387167
-0.00909957
-0.476702
-0.391683
0.367984
0.055282
-0.169315
0.0760067
-0.0707901
-0.192915
0.376115
-0.837919
0.416132
-0.194904
0.00935391
-0.143656
-0.66032
0.226826
-0.144025
0.752981
-0.21819
-0.197536
0.587078
-0.204015
0.457686
-0.250516
-0.108161
-0.348748
0.11307
0.153178
0.164902
-0.338656
-0.360107
-0.990918
0.290957
-0.138696
-0.742179
-0.290267
0.0566457
-0.669804
0.627099
-0.220038
-0.597543
1.07345
0.166477
0.521101
0.682208
-0.114923
0.287311
-0.14359
0.390606
0.358882
-0.688199
-0.561773
0.220878
-0.272043
-0.0810805
-0.444912
-0.246241
0.288825
-0.0407377
0.546527
0.4802
-0.466067
0.390499
-0.861293
-0.0189696
-0.124904
0.12546
0.0822564
-0.276089
0.0526559
-0.127292
-0.302375
-0.454534
-0.305069
0.0154511
0.365363
-0.0724634
-0.563737
-0.261807
0.0519571
0.29253
0.314821
-0.336682
0.362961
0.610334
-0.191295
0.264848
-0.389613
0.202928
0.467757
-0.0925216
0.299618
-0.19171
-0.313247
-0.409135
0.311342
-0.342605
-0.0187251
-0.275111
0.302834
0.324131
0.770987
-0.498579
-0.23392
0.315384
0.289301
-0.0944085
-0.496376
0.490098
0.525808
-0.114181
0.449537
-0.096651
0.439206
-0.0304615
-0.0810788
0.428633
0.193099
-0.800647
0.328757
0.175189
0.106985
-0.352593
0.635873
-0.325485
0.50366
0.593739
-0.157303
0.87103
-0.300766
0.389562
0.204249
0.941026
0.104405
-0.506412
-0.492833
0.167009
0.261058
-0.0887167
-0.0668111
-0.632488
0.440361
-0.547363
0.540831
-0.0109223
-0.735737
-0.390558
-0.54693
-0.213828
0.0796321
-0.331763
0.3332
-0.454578
0.0138757
-0.0733838
0.387662
-0.0780389
-0.150572
0.170527
-0.000748861
-0.23247
-0.479602
-0.0965446
0.316622
0.503984
0.021383
0.343435
0.231467
0.552288
0.400592
-0.0261583
-0.598804
-0.0807158
0.0141999
0.0605289
0.250267
0.294081
0.230793
-0.110346
0.897072
0.587431
0.311822
0.338806
-0.585516
0.672282
-0.18744
-0.340389
0.953763
-0.571759
0.636483
-0.1694
0.460817
0.378618
0.429993
0.252089
-0.822662
0.224319
0.593367
0.0948659
0.378513
0.00714759
0.199278
0.49378
0.832751
0.275014
0.697384
-0.224176
0.325188
-0.101214
-0.237087
-0.877174
-0.0704945
-0.683473
0.0411264
0.124416
-0.203622
-0.758902
-0.686063
0.0155546
0.436209
0.120549
-0.127065
0.201855
-0.290764
0.143204
0.167226
-0.477266
-0.320901
0.0738423
0.638525
0.55608
-0.51442
0.437262
0.803338
-0.575325
0.265007
0.653396
0.04034
-0.370988
0.0713785
0.465438
-0.127125
0.175427
0.554433
0.348823
-0.320434
-0.0942953
-0.439161
0.786094
0.236057
-0.161069
0.281668
0.0801138
0.89287
-0.309661
-0.261118
0.497165
0.692191
-0.129672
0.0550035
0.538583
-0.0926615
-0.146461
0.402154
-0.142436
-0.0842655
-0.436861
0.300604
-0.180815
-0.168996
0.149302
-0.105343
0.0781454
-0.426838
0.406839
-0.345013
-0.249833
0.00222088
0.09461
-0.422527
0.160379
0.319804
0.246943
0.0810593
0.0629651
0.369733
-0.0491127
0.367147
0.253637
0.036895
-0.175393
0.590491
-0.0719819
0.44579
0.499611
-0.0185181
0.753239
-0.183511
-0.0984258
-0.0677276
0.152868
-0.0155562
0.20687
-0.497999
0.320909
0.26162
-0.554192
0.454869
0.0440093
0.344351
-0.24387
0.230467
-0.107725
-0.32905
-0.0449246
-0.512146
-0.14207
-0.457542
0.135475
0.175281
0.289075
-0.224596
-0.41477
-0.409626
-0.0265405
-0.321514
0.240886
-0.4139
-0.61292
-0.616969
-0.159624
-0.430078
0.144892
-0.247365
0.0849133
0.28233
-0.0847659
0.480304
0.602446
-0.596264
0.23223
0.361984
0.42858
0.354991
-0.0971565
-1.28571
0.0145549
-0.520808
-0.792733
0.283856
-0.509216
0.484629
0.0734017
0.282905
-0.135022
-0.856826
0.435626
-0.646157
0.494202
-1.61305
0.0828619
-0.382143
0.652008
0.57175
-0.734272
-0.281503
0.0163028
-0.0377575
-0.53202
-0.324708
-0.919455
-0.382584
-0.292291
-0.590099
0.258537
0.154942
-0.101741
-0.0250433
0.626956
-0.0324125
0.723112
0.693184
0.0814131
0.623584
1.40484
0.677943
-0.274051
-0.581062
0.275718
0.1262
-0.607274
-0.147558
0.0525756
-0.521222
-0.414686
0.480654
0.0833273
-0.538634
0.290195
-0.203029
0.362791
0.52131
-0.356299
0.442748
-0.510584
0.307203
0.229933
0.323178
0.274635
-0.311825
-0.870495
-0.347216
0.278477
-0.489749
-0.0797316
-0.151289
0.479155
-0.0217707
-0.263558
0.340493
0.155698
0.104638
0.184431
-0.381807
0.277815
-0.114742
0.633417
-0.0105694
0.361483
1.03292
-0.168481
0.0649742
0.450725
0.432549
0.654195
0.127917
0.100909
-0.328767
-0.135913
0.868269
0.0924129
0.461815
0.38438
0.182508
-0.208549
-0.0180209
-0.287929
-0.434084
0.568645
-0.0636926
0.832401
0.272761
0.771338
0.297232
0.409498
0.281268
0.07966
0.408574
0.54311
-0.338281
0.432424
0.248719
-0.810423
0.179756
-0.464794
0.304562
-0.422313
-0.248395
-0.655763
-0.215396
0.473991
-0.215824
0.127053
-0.385945
-0.328299
-0.362639
0.180773
0.151785
0.328245
-0.412882
-0.276105
-0.399807
0.194136
0.159402
0.0847272
0.0776987
-0.196403
-0.204023
-0.0145585
0.132884
0.511022
-0.243521
0.215469
0.10561
-0.469096
-0.442183
-0.0393272
0.346284
-0.323818
0.402016
-0.541789
-0.0275711
0.24283
-0.0577009
0.245294
0.06973
-0.67659
-0.262541
-0.627234
0.177222
-0.196747
-0.295067
-0.402992
0.47395
0.309012
0.691312
1.08909
-0.0101073
0.751836
0.445117
0.923185
-1.51242
0.954922
1.55109
0.0415682
0.499533
0.136362
-0.12131
0.0184869
-0.317396
-0.372275
-0.930421
0.779796
0.0906713
0.526633
0.0281001
0.292692
0.476209
0.358933
0.393843
-0.758929
-0.428191
0.14617
0.305379
0.356886
0.230086
-0.303472
0.320013
-1.70755
1.67257
-0.000632433
-0.684624
0.171271
-0.403341
0.274119
0.331922
0.187259
0.0226314
-0.22715
-0.423519
0.156106
-0.194301
-0.107924
-0.126066
0.169789
0.213737
0.593922
-0.565375
0.503408
-0.280381
0.48646
-0.111902
0.312951
-0.212529
-0.149965
0.388376
-0.026583
-0.355603
-0.184937
0.240571
-0.328956
0.383805
0.153783
-0.485639
0.698845
0.350004
-0.075136
0.212821
-0.152016
0.445152
0.246297
0.0220073
-0.36046
-0.107621
0.292162
0.318193
-0.335014
-1.54273
-0.131041
-0.507732
-1.85005
-0.317173
-1.42102
-0.000287957
-1.17387
0.842248
-0.171282
-2.26898
0.960875
-1.62546
0.0823949
-2.08111
-0.71551
0.00604504
-0.532242
2.31083
-0.825201
-0.0423767
-0.881995
-0.432821
-0.476841
-0.249499
-1.33116
-1.74792
-0.52447
-0.765388
0.643233
0.306193
-0.278211
0.430643
1.83054
0.223836
0.376484
-1.27709
-0.349031
0.00437818
1.5209
0.872691
-0.152376
0.585078
-0.129159
-0.212407
-0.0362097
-0.360615
0.897594
-0.316102
-0.146705
0.682936
0.309108
0.487519
-0.153473
-0.21879
0.650407
0.725866
-0.308901
-0.222357
0.413368
-1.04573
-0.323331
-0.244874
0.886747
0.538174
0.273758
0.726259
-0.087991
0.0769262
-0.10187
0.144784
0.280953
0.598252
-0.101092
-0.297741
0.422576
0.528534
0.401162
-0.543987
0.612524
0.533793
-0.33901
1.02802
0.20303
-0.283285
-0.150169
-0.259775
-0.076823
-0.127652
-0.105166
0.392179
0.0391242
0.0412674
0.34138
-0.0540242
0.756516
-0.419104
0.63864
-0.00775883
-0.462052
0.608284
-0.0932587
-0.143883
-0.67424
0.266427
0.117472
0.0856688
-0.29654
0.312913
-0.0600291
-0.0609062
0.625584
0.246031
0.245926
0.604892
-0.129448
0.900803
0.158524
0.227739
0.115997
-0.0326634
-0.336764
0.497189
0.250282
0.264084
0.378974
-1.042
0.207936
0.352116
-0.494566
-0.105446
-0.68555
0.32921
-0.895067
-0.315085
-0.39465
-1.07116
0.964602
-0.098204
-0.334787
-0.848739
0.235376
-0.435198
0.314696
0.685584
-0.670316
-0.762216
0.296319
-0.327772
-0.896911
0.101328
-0.661993
-0.798941
0.901139
0.0602059
0.392911
0.185779
0.0474561
0.35226
0.719248
-0.00885588
0.422368
0.115919
-0.0139415
0.504971
0.436714
0.792538
0.341535
-1.38415
-0.689815
-0.63882
-0.451254
-0.141538
-0.665589
-0.124657
-0.287098
0.487624
-0.2423
-0.963272
0.268462
-0.173066
0.0169763
-1.16894
0.0252388
-0.130613
-0.307825
0.799621
-0.673605
-0.419473
-0.886524
-0.143579
-0.332204
-0.0910168
-1.07244
-0.628762
0.120877
0.00497122
0.438512
0.533562
-0.193993
0.360086
0.0692181
-0.440249
0.307251
-0.369945
-0.486198
0.727019
0.834205
0.178872
0.13719
-0.00481059
-0.414791
0.488166
-0.563566
0.456545
-0.469724
0.112812
0.0297727
-0.590984
0.141205
-0.464487
-0.373752
0.43352
0.17876
-0.0688157
0.585506
-0.0571353
-0.594697
0.474395
0.211665
0.239728
-0.607367
0.109034
-0.339382
0.190654
-0.413714
0.296238
-0.445819
0.0202133
-0.349424
-0.293236
0.10358
0.434846
-0.536553
-0.697701
-0.203642
-0.329265
-0.153389
0.367311
-0.0941743
-0.576616
-0.222608
-0.231739
0.292074
-0.0665615
0.212881
-0.177611
-0.196578
-0.311246
0.17918
0.00158161
-0.192238
0.296619
0.00259519
-0.131562
-0.375138
-0.546423
-0.0692094
-0.0184679
-0.433229
-0.0879648
0.148047
0.116055
-0.310728
-0.57297
-0.20302
-0.216423
0.101059
-0.0192905
-0.363925
-0.0867751
-0.323968
0.344607
0.159362
0.333924
0.067324
-0.692198
-0.193545
-0.0892627
-0.326019
-0.365851
0.278066
-0.226518
0.0295729
0.0971521
-0.171891
0.256803
0.680406
-0.300722
0.531237
-0.515058
-0.178832
-0.633122
0.52754
0.671664
0.0508198
0.34683
-0.369392
0.726627
0.0443692
0.135378
-0.192475
0.0979691
-0.0423104
-0.351552
0.0356796
0.226926
-0.0460648
-0.115323
-0.0600538
0.45723
0.00982351
0.516939
0.128048
-0.488062
-0.118698
-0.650401
0.325619
-0.0764557
-0.341507
0.242882
-0.102401
-0.0219307
0.179939
-0.179616
-0.260598
-0.602114
-0.103819
0.237262
0.330142
0.0862042
0.0292346
-0.103069
0.267333
-0.182107
0.183471
-0.327577
0.413237
-0.291294
0.478901
0.00253501
-0.252401
0.545217
-0.723208
0.520107
-0.139273
0.199288
0.261577
0.255111
-0.0762664
-0.288033
0.185799
-0.167404
-0.26025
-0.521443
0.0285407
0.56167
-0.399266
0.179222
0.402888
-0.125455
-0.118928
-0.218557
0.170512
0.3372
0.0998658
0.0937991
0.269707
-0.626608
-0.070412
-0.152639
-1.08793
0.462179
-0.823261
-0.263168
-0.619825
0.584845
-0.598151
-0.185547
0.102097
-0.0467571
0.0878941
-0.0746951
0.390582
-0.572144
0.225593
1.28418
-0.885611
-0.553421
-0.0368105
-0.26288
-0.760091
-0.535775
-0.442761
-1.10958
-0.0495184
-0.838327
-0.296068
0.532555
-0.0790818
0.599304
1.24388
-0.14662
0.177529
-0.269136
0.498728
0.12743
1.21391
0.0592343
-0.237084
-0.21762
0.596239
0.401606
0.256772
0.446528
0.203279
0.501867
-0.0426755
-0.175271
0.111304
-0.527168
0.475894
0.409033
-0.305957
0.224762
0.38115
-0.0687148
-0.0776772
0.638635
0.229317
0.46917
-0.17106
0.15338
0.435508
-0.440322
0.417593
0.721671
0.129486
0.0663409
0.00860086
0.170599
-0.353103
0.386023
0.398178
0.542294
0.860813
0.239162
-0.0693039
0.762625
0.577373
0.416713
-0.0323244
-0.0471172
-0.0731655
-0.0548657
-0.808039
-0.0991368
-0.649308
-0.545652
-0.9485
1.06221
-0.0418252
0.0380111
0.193309
-1.13386
0.0549227
-0.566845
-0.558981
-0.329373
-0.371177
1.19372
-0.0354753
-0.859184
-0.357072
0.0599749
-0.315749
-0.0906762
0.248173
-0.68572
0.811706
-0.161734
0.576061
1.17927
-0.865833
0.39476
0.611952
-0.868225
1.68737
-0.724367
0.104093
0.0794437
0.481283
0.373714
0.337259
0.164726
0.492783
0.496254
0.214872
0.472147
-0.627949
0.531301
0.193883
0.297858
-0.361469
-0.0476518
0.0274994
0.273172
-0.341102
-0.429755
0.447846
0.238376
-0.108401
0.881852
0.188145
0.377885
-0.0714118
0.22914
0.127789
0.25484
0.192836
0.0294164
-0.296717
0.0309343
0.702582
0.236828
-0.379928
0.190402
-0.0437528
0.593038
0.224275
0.364319
-0.171835
0.590235
0.203089
-0.0832214
-0.0144772
0.372418
-0.400104
-0.0764113
0.520757
-0.347984
-0.0263144
0.124017
0.453883
-0.400725
0.051937
0.187235
0.285072
0.0951361
0.0741726
0.185625
-0.467498
-0.407073
-0.0677597
0.328158
0.694223
0.131161
0.461651
-0.848767
-0.369234
0.34584
0.407842
0.259664
0.292842
0.305039
-0.953062
-0.0943011
-0.414224
-0.503396
0.00546213
-0.597072
-0.40051
-0.167743
-0.432276
-0.308324
-0.265504
-0.336007
0.0377279
0.161173
-0.140223
0.187753
0.042333
-0.329509
-0.0412677
0.0742379
-0.154001
0.107795
0.784286
0.240313
-0.128364
-0.376717
0.526257
0.65079
0.260383
0.38145
0.769708
0.4129
0.248917
-0.0967354
0.549771
-0.0180817
0.0717369
0.547812
-0.126199
-0.306286
0.287077
0.105729
0.317978
0.413008
-0.0821388
-0.542413
-0.299346
0.306104
0.00776353
-0.400884
0.793958
-0.228951
0.271976
0.361045
0.119029
-1.06961
-0.195487
-0.997266
-1.0846
-0.39542
-0.646261
0.345634
-0.381324
0.0843401
-0.298532
-0.709528
0.392165
-0.578576
0.188516
-0.888523
0.27343
-0.552176
-0.648152
0.743812
-0.501163
-0.528733
-0.436829
-1.12012
-0.280208
-0.326872
-0.746901
-0.69077
-0.345363
-0.861291
0.466901
0.177422
-0.851007
-0.0331565
0.814122
-0.0916961
-0.438833
-0.827745
0.0912958
-0.307489
1.04598
0.812069
-0.0631164
-0.791927
-0.168421
0.181967
-0.424253
0.15964
0.139409
0.979192
-0.240535
-0.0439805
0.341513
-0.997236
-0.274107
-0.0450142
0.788228
-0.995417
-0.377663
-0.396218
0.223496
-0.124229
-0.220167
0.137617
-0.791066
-0.336
0.392975
-0.0827537
-0.820605
0.122734
0.0483948
-0.621677
0.225598
0.388763
-0.366554
0.554781
0.401919
-0.17055
-0.306
-0.497899
-0.108115
0.0776223
0.96347
0.669652
-0.704284
-0.198748
-0.323106
-0.125527
-0.235957
0.419099
-0.109593
0.3625
-0.218926
0.00631473
0.138835
-0.630597
0.329476
-0.962559
-0.0895371
-0.0657627
-0.663729
0.40493
-0.428646
0.470402
-0.731994
-0.0377129
-0.476898
-0.0557312
-0.285597
-0.475472
0.157675
0.294707
0.0412841
0.240516
0.560615
0.236073
-0.752493
0.497196
0.0987382
-0.321342
1.22107
-1.1108
0.307283
0.727598
0.178031
0.09552
-0.0593999
-0.31041
0.265529
0.201568
-0.517785
0.138837
-0.772685
-0.11121
-0.185918
0.457542
-0.322318
-0.300302
0.289523
0.0421457
0.467999
-0.130545
-0.0231278
0.487509
0.211718
0.908038
0.328482
0.686451
-0.503034
0.153066
0.0801871
-0.42418
0.135926
-0.261243
0.502563
0.22605
-0.1147
0.158578
-0.514031
0.467673
0.226023
-0.299703
0.276403
-0.542993
0.309572
0.217364
0.696247
0.0802776
-0.625741
0.272607
0.134501
-0.0169202
0.434025
0.535553
0.129056
-0.0561739
0.489148
-0.177396
0.101047
0.377899
-0.160197
0.0521572
-0.50645
0.0855553
0.233804
0.234325
-0.166674
-0.408713
-0.27393
0.145292
-0.10043
-0.238217
0.163876
0.125921
-0.0205059
0.129767
0.464984
-0.44287
-0.417395
0.435709
0.0645272
-0.421875
-0.254087
0.23137
-0.572479
-0.334491
0.0554905
0.0207594
0.189377
-0.0825777
-0.196972
-0.423865
0.176041
0.325674
0.328919
0.428601
0.369129
0.0416863
0.406531
0.221852
0.0028907
-0.0845047
0.0759192
0.315192
0.350679
-0.448415
0.612594
0.493638
0.300775
0.485699
-0.273282
0.441003
0.350314
-0.0981698
-0.485027
0.279561
0.295588
0.257399
0.603093
0.228788
-0.235089
0.103136
0.275812
0.530103
-0.0872835
0.0336964
0.456732
0.108879
0.518898
0.104479
0.859362
0.000184497
-0.210234
0.344067
-0.299021
0.183599
0.0852236
-0.177634
0.478127
-0.118857
0.384672
-0.223062
0.211564
0.315022
-0.712836
0.490479
-0.0152809
-0.0253319
0.398652
0.155131
-0.210626
-0.665607
0.617232
-0.180194
0.160495
0.687484
0.276386
0.0188031
0.689424
-0.223347
0.0597305
0.645339
0.197552
-0.228585
0.0196557
-0.67858
-0.227764
-0.354932
-0.0289131
-0.152103
-0.206808
-0.405889
-0.180815
0.283591
0.00770051
1.25207
0.694162
-2.19548
1.56051
-0.531588
1.41536
1.37643
-0.787199
1.00705
-1.92409
2.07517
0.580856
1.50505
2.54927
1.19082
-1.16129
-0.595203
-2.86944
0.739219
5.21776
2.44583
0.798963
3.3108
0.987148
-1.35656
-0.601377
-0.602993
0.608976
2.87273
0.993421
3.40127
0.48575
-1.54237
1.51211
2.71585
1.90525
1.71308
-0.48747
-0.80065
0.880012
0.0792654
