#input normalization
0.159988 0.266341
19.4863 26.4684
12.0166 36.4791
9.36459 31.0369
0.0123743 0.0384835
0.0102516 0.0311713
0.332991 1.07261
0.705542 0.817226
0.860487 0.992234
1.01822 1.18567
1.23142 1.32594
1.44008 1.45181
1.65756 1.55445
1.85823 1.62609
2.05841 1.70813
2.23681 1.75132
2.40835 1.78251
2.56963 1.79287
2.70841 1.78528
2.82722 1.73997
2.91829 1.68302
3.01368 1.57447
#output normalization
1 0
#neurons weights
0.0282315
-0.202399
0.19065
-0.242401
-0.34128
-0.220377
0.249202
-0.444364
0.0671795
0.403867
-0.0983687
-0.173592
-0.39079
0.0752665
0.296735
0.363
-0.381193
0.433448
0.431185
-0.377208
-0.196613
-0.411352
-3.95888
2.405
-2.72858
-0.545188
-0.621163
4.8015
-0.349043
1.28744
-2.59587
0.705965
1.55921
0.340821
-0.312366
-4.45513
0.733465
1.33138
0.748764
-0.0383565
-0.446184
0.681644
-0.212117
-0.501474
3.54327
-0.174774
-0.131591
0.133864
-0.524505
0.406848
0.611118
0.35478
0.0746645
0.712422
0.606229
0.0365533
-0.724249
-0.512988
-0.485008
0.0347464
0.409411
0.0363143
-0.103206
-0.964957
0.205257
0.0543349
0.195841
1.98525
#synapses weights
1.30617
1.19602
0.444792
0.331058
-0.475614
-0.391651
0.120605
-0.185615
-0.0579607
0.146066
0.0971938
-0.56422
0.417264
-0.179197
0.464374
0.147835
0.0364553
0.161035
0.200391
-0.32801
0.618272
-0.437333
0.323844
0.968249
1.01435
-0.520382
-0.588884
0.143274
-0.368577
-0.240375
0.0849851
-0.0563967
0.661988
0.656399
0.855565
0.468649
0.594406
0.738292
0.70094
0.271864
0.425937
-0.027385
0.448096
0.488053
-0.0258751
0.707717
0.274427
0.295163
-0.721172
0.382427
-0.235158
0.131127
1.51512
-1.15934
-0.946051
-0.999226
0.375999
-0.320112
-0.253549
-0.449793
0.126148
0.420022
0.0389793
1.18765
-0.82176
-0.934249
0.00785776
1.63357
-0.534346
0.93124
-0.012922
1.29755
-0.366975
-0.171971
0.3326
0.135187
0.811469
0.620831
0.715931
0.534117
1.25875
1.88295
1.4103
1.82138
1.8913
1.28247
2.13619
1.64132
0.273671
-1.05028
0.460875
1.09129
0.746327
-0.701086
-0.913865
0.607991
-0.912375
0.495147
0.0333355
-1.03149
0.639361
-0.60489
-0.479402
-0.165435
0.588693
0.0781846
-0.384795
-0.64559
-0.483264
-0.339881
-0.114063
-1.65996
1.88511
-0.613618
0.172057
-0.085421
0.0670998
-0.657881
0.691154
-0.319218
0.359904
-0.0466971
-0.00464043
-0.0443762
0.972113
-0.0230319
0.391974
0.344768
-0.00221039
0.255536
-0.65602
0.782253
-0.789369
-1.39744
-0.183776
0.0838254
0.014528
-0.17346
0.408438
-0.0569418
-0.0215692
-0.330622
-0.288078
-1.23706
-0.837599
-0.802075
-0.601191
-1.14836
0.03773
-1.1277
-0.983962
-0.416068
-0.225162
-0.144486
-0.605629
-1.16723
0.0419208
8.32352e-05
-0.30669
0.143192
-0.934055
0.451111
-0.660397
-0.306539
-0.167869
0.491381
0.275901
0.00904983
0.42566
-0.190422
-0.852376
1.06784
-0.350047
-0.431306
0.625289
-1.2614
0.474642
1.80804
-0.227995
-0.0976263
-0.567724
0.573736
0.0314681
0.0670388
0.11883
-0.181644
0.489406
-0.250769
-0.15684
0.761664
-0.615012
-0.104999
-0.625966
-0.295309
-0.833066
0.735798
-0.860633
0.412987
-0.805078
1.19151
-0.192477
0.239317
0.420352
0.201108
-0.460271
-0.860026
0.531022
-0.155118
0.027724
0.218275
0.707889
-0.107343
1.29788
0.535447
0.958338
0.760286
0.606854
0.859068
1.13406
1.85338
-0.344567
-0.55728
-0.207276
-0.0271382
0.0690643
0.221246
-0.169848
-0.231859
0.90528
0.934114
1.10829
-1.02299
-0.602551
-0.356292
-0.584593
-1.31713
0.0230224
1.28872
-0.827562
-0.929277
-0.65296
-1.38406
0.302223
-0.528396
0.319893
0.410203
-0.720492
0.0174586
-0.31449
0.570919
-0.14578
-0.482265
-0.688361
-1.02139
-0.187939
-0.132972
-0.483113
-1.14301
-0.889357
-0.42963
-0.860361
-1.41284
-0.621069
-0.844472
0.709119
-1.16018
0.155805
-0.145881
0.629283
-1.02667
-0.443434
1.01247
0.125734
-0.656461
-0.634066
-0.80645
-1.05504
-0.979911
-1.27408
-1.41781
-1.22077
-1.80721
-1.20281
-2.11342
-1.10602
-1.59306
-0.437806
1.57307
-1.4386
0.516316
-1.39054
0.481152
-0.104694
-0.45395
-0.0386939
-0.00115266
0.201381
-1.25116
0.324918
-0.926938
0.192873
0.21977
-0.391725
0.138213
0.33829
-0.204241
-0.41723
0.457177
-0.87642
-1.05046
1.92193
-1.18165
0.483317
-0.455067
-0.151168
0.316202
-0.38519
0.43099
0.18913
-0.291242
0.643817
-0.215487
0.163288
0.277239
0.386501
0.0181912
-0.0933039
0.676695
-0.289489
-0.250095
-0.556848
-1.12802
-0.0318672
-0.438625
0.0905285
-0.347326
0.105922
-0.0377322
0.041046
-0.33747
0.469772
0.068961
-0.251501
0.681019
0.12449
-0.194711
0.168408
-0.654967
0.699592
0.294975
-0.58091
-1.11281
-0.219155
-1.86335
2.0223
-1.15482
-0.241864
-0.393133
0.084436
-0.114662
0.459361
-0.0988755
0.402324
-0.431329
0.303996
0.349734
-0.0782786
0.540656
-0.402265
0.453119
0.0317038
0.48293
0.59006
0.226033
0.901885
1.22262
-0.19061
-0.0131484
-0.225996
0.0422886
0.203018
0.000930262
-0.359632
-0.306047
0.803622
-0.164616
-0.162925
0.347592
0.223764
0.332943
-0.084884
0.99396
0.66112
0.789529
1.05932
1.45557
-0.286947
-0.443591
-0.288682
0.273637
-0.214123
0.303664
-0.436286
-0.610207
-0.313569
0.12083
-0.862679
0.419156
-0.642282
-1.50746
-1.16084
-0.640688
-1.62958
-1.35287
-0.542804
-0.884797
-0.757318
-0.652871
0.478458
0.563327
-0.393429
0.219826
-0.021583
0.488072
0.162002
-0.0296563
-1.02849
0.815498
0.77294
0.989243
-0.00145882
0.624845
-0.304826
0.00209791
-0.305289
-0.146898
-0.677102
-0.098507
0.302224
0.035335
-0.0839211
1.77597
-0.131342
-0.0770598
0.647916
0.980524
0.0638558
0.345822
0.508658
-0.0146538
0.20272
0.439192
1.04249
0.186801
0.34253
0.973841
0.80518
0.905216
1.78063
1.61405
1.95787
2.41409
-0.547117
1.25432
-0.267191
-0.232534
0.14295
0.264476
0.240815
0.681253
0.513927
0.19225
0.195579
-0.658446
0.638422
0.572609
-0.157552
0.369663
0.272565
1.15073
0.775727
0.70741
0.770985
1.05338
-0.0644554
-1.99624
1.21789
-0.106883
0.950169
0.62713
0.321847
0.25878
0.522218
0.418183
-0.875248
0.515266
-0.30544
0.562811
-0.42013
0.0534147
0.98361
-0.502778
-0.408813
-0.347786
-1.52306
-0.636494
0.664229
-0.336593
0.626513
0.590492
0.0385712
-1.00633
-0.772186
-0.298711
0.912321
-0.145404
-0.967143
-0.429732
-0.452762
0.77469
-0.989589
-0.615685
-0.770231
-0.389938
0.760749
0.389226
-0.15288
0.131199
-0.675595
0.82264
-0.0862833
0.348684
0.654914
-0.855116
-1.88607
-0.619195
-0.454824
1.17564
-0.080272
-1.08838
-0.402546
-0.495806
1.17998
-1.15518
-1.35124
-1.44762
0.308778
0.809452
0.66781
-0.1835
0.678488
-1.37222
0.0231573
-0.179415
-0.192467
-0.0869246
-0.0366897
0.0886775
0.0901007
-0.163489
0.666421
-0.0633206
0.424335
0.353373
0.559681
0.105844
0.308147
-0.317298
0.321019
0.0200503
-0.0268228
0.140334
-0.234017
0.0112936
-0.262839
0.585496
0.320258
1.43535
-0.936504
-1.29471
-1.49402
-1.04966
0.713204
1.20368
0.519453
-0.654831
0.375094
0.112305
1.16688
-1.36029
-0.158904
-0.969025
0.101774
1.22178
0.411451
-0.160571
-0.121758
-0.384534
-0.708207
-0.237136
0.173141
0.0138321
0.319003
0.795589
-0.155573
0.239106
0.25344
0.11622
0.438803
-0.519391
0.108494
0.0220449
0.52216
-0.133414
-0.0532601
-0.197545
-0.300723
-0.120277
-0.104929
-0.467736
0.0906332
0.845566
-0.342966
0.137298
0.256084
-0.321799
-0.838842
0.497738
-0.882439
0.0793149
0.0604753
-0.295693
0.452007
0.098812
0.349117
-0.571418
-0.364211
0.63816
0.174963
0.224288
0.460189
-0.500861
0.305908
-0.349585
0.197974
0.473961
0.150109
0.19804
0.496595
0.1905
-0.335692
-0.236879
0.0994564
0.336385
-0.326339
0.345675
-0.176322
0.342228
-0.192101
0.0222484
0.116352
0.450698
-0.19925
0.440493
0.178797
0.407514
0.0949254
0.105601
0.50848
0.476242
0.156407
0.199513
-0.530871
0.226068
-0.303795
0.124357
0.153564
0.580263
0.3966
-0.375558
0.613766
0.403909
0.499474
0.00139121
-0.202514
-0.195551
-0.416802
0.463773
0.53614
0.305371
1.06941
-0.126215
0.358677
1.65209
-0.240147
-0.587049
0.0858248
-0.474566
0.354913
0.281515
0.135455
0.165425
0.0478494
0.764165
-0.302833
-0.907495
-0.271637
0.315635
0.634953
-0.0380793
0.0661091
-0.19738
-1.32991
0.906955
0.0561595
0.328163
0.862185
-0.162144
0.260397
-0.0849517
-0.550435
0.42902
0.441806
0.128016
0.089162
0.10779
0.107609
0.0196088
-0.678738
0.322905
0.70549
0.245133
-0.402638
-0.480881
0.842489
-0.676908
0.620138
-0.1018
0.735578
0.820319
-0.620095
-1.35689
-0.245854
-0.716273
0.653241
0.205588
-0.490755
0.0109256
0.0731708
0.875063
-0.684494
-0.872169
-0.642117
-0.30065
0.56638
-0.0441582
-0.756111
0.29153
-1.01344
1.09921
0.244914
-0.473126
0.617639
-0.985876
-3.57644
-0.496255
-1.45113
1.41067
-0.60403
-1.73159
-1.32306
-0.543568
1.54713
-1.9651
-1.67359
-2.42524
0.94755
-0.437705
0.465831
-0.0902784
0.904526
-2.88823
-0.324725
-0.118964
-0.2824
0.0923942
0.208648
-0.545653
-0.424387
-0.164478
-0.0543645
-0.0736572
-0.142951
-0.327274
-0.477173
-0.514956
-0.272387
-0.444311
-0.0568065
-0.880983
-0.0363837
-0.55296
-0.612846
-0.00539792
-1.10302
0.612759
0.756504
0.961931
0.109319
-0.284469
-1.21375
-0.260633
-0.969051
0.0699154
0.585026
-0.0624025
-0.408232
0.208184
0.327531
-1.08429
-1.44714
-1.70345
0.763375
0.065632
0.230449
0.382698
-0.337363
0.329819
1.27985
0.43233
0.0995622
-0.276703
0.337375
-0.565607
0.102207
-0.711476
1.11377
0.327499
-0.563368
0.128205
0.490058
0.472736
0.685001
-0.458356
-0.685192
0.431283
0.293656
0.645698
-0.696663
0.546592
-0.480409
1.12357
0.54735
0.499671
0.68736
-0.446842
-0.847744
0.13337
-0.185467
0.0361605
-0.051104
-0.049224
0.198263
-0.00773449
0.470046
-0.75401
-0.265328
-0.483673
0.230123
0.562801
0.0489428
0.102706
0.319519
-1.01547
-0.297154
-0.396788
-0.110329
-0.246527
0.0690079
-0.11167
0.494932
0.415035
-0.562831
-0.593562
0.35377
-0.213099
-0.461438
0.0136282
0.037758
0.0858737
0.551435
-0.662182
0.392533
-0.499275
0.308955
-0.259374
-0.14162
1.10697
-0.279135
-0.110225
0.824179
0.190151
-1.4763
0.0949746
-1.08096
0.308037
-0.133872
-0.273859
-0.0250811
-0.408273
0.63235
-1.26786
-1.16102
-0.728574
0.0127407
0.316019
-0.602845
-0.395665
-0.786835
-1.26491
0.384349
-0.234051
-0.416083
0.156301
-0.351935
0.577555
-0.776997
-0.430662
-0.301806
0.00191017
-0.892024
-0.749774
-1.2049
-0.453642
0.783867
-0.328264
0.110498
-0.220146
-0.857424
-0.494341
0.403147
0.171018
-0.570036
0.579239
0.0192061
0.978376
0.536132
-0.240618
-1.54571
-0.604129
-0.318358
1.0687
-0.698978
-0.375194
-0.163781
-0.0600133
0.100537
-0.89854
-0.586824
-0.723752
-0.442088
0.593155
0.0860221
0.00739433
0.203094
-1.82245
-0.527165
-0.607509
-0.160254
-0.361144
-0.0278624
0.607431
0.598897
0.0519897
0.0940511
-0.222732
-0.435812
0.280111
0.413155
-0.472665
0.130163
-0.270042
1.26688
0.280049
0.713027
-0.0396796
-0.46942
0.0183581
0.0593416
0.62346
-0.317356
1.12506
0.740454
-1.50438
-1.8709
-0.645721
0.688839
1.35773
0.18262
-0.504911
0.888704
0.546264
0.635707
-0.338695
-0.0886784
-0.429673
0.241058
0.618436
-0.333572
-0.22661
-0.0963977
-1.78542
1.47893
2.84852
-0.0476795
4.17239
-0.347062
0.800936
0.945973
-0.344452
0.864036
1.8495
1.22119
4.96928
-0.790885
3.53731
3.83182
1.09441
-1.61735
0.564058
-2.79821
1.22675
-1.62215
2.29217
