#input normalization
0.160547 0.269439
54.0026 54.573
10.4738 38.9141
8.39575 32.0298
0.0116639 0.0433932
0.00930806 0.0331897
0.52601 1.31785
0.823961 1.14631
1.01646 1.32786
1.23048 1.51654
1.47696 1.68552
1.73 1.83539
1.9743 1.96587
2.21076 2.0781
2.43718 2.17557
2.63908 2.23007
2.83415 2.26984
3.01462 2.27938
3.15896 2.26461
3.28283 2.21551
3.38211 2.15303
3.46272 2.06189
3.51676 1.96916
3.54752 1.85503
3.5578 1.72878
3.54351 1.58884
3.49301 1.43749
3.43716 1.27838
3.34482 1.10378
3.22632 0.928516
3.11153 0.763094
2.98535 0.603665
2.85542 0.455468
2.70944 0.308644
2.56595 0.158931
1 -1
1 -1
#output normalization
1 0
#neurons weights
-0.134767
0.155681
-0.391076
0.351556
-0.207977
0.41392
0.27516
-0.265
0.0766596
-0.453541
0.410059
-0.491344
0.160037
-0.240319
-0.346345
-0.178692
-0.130263
-0.449543
-0.408925
0.42138
-0.204137
-0.0763431
-0.291493
-0.36674
0.0179276
-0.398672
0.114833
-0.416243
0.0804231
-0.216773
0.433817
0.244994
0.342554
-0.126643
0.14826
-0.124026
0.149408
0.0295138
0.328796
0.178068
-0.0806429
0.0060459
-0.134513
0.00121444
0.30632
-0.0121
-0.489574
-0.550282
0.186416
0.0641276
-0.293305
-0.345154
-1.38284
0.0133845
0.326533
-0.403282
0.489766
0.115628
-0.248044
0.195141
0.347153
-0.115182
0.0103576
-0.276061
0.443097
0.153013
0.489613
-0.13635
0.00802916
-0.463116
1.0848
-0.419326
-0.151461
0.340049
-0.142408
0.126595
0.197429
-0.377279
0.487966
0.531689
-0.361845
-0.609273
0.431805
0.208465
-0.207121
0.470047
0.448281
0.267771
-0.350976
-0.24678
0.329271
-0.439338
0.232901
0.0724624
0.461932
-0.222691
0.502943
-0.324905
-0.263178
0.41429
-0.0249354
0.373857
-0.289232
0.381474
-0.21808
-0.0920269
-0.388424
-0.240732
-0.579799
-0.496426
0.515809
0.287167
0.379788
#synapses weights
-0.45237
-0.142971
0.517012
-0.343997
0.0199291
-0.0572798
-0.263087
0.333898
-0.419329
-0.273139
0.141573
0.324361
-0.420639
0.291704
0.34757
0.279222
0.221076
0.456339
0.0395244
0.43267
-0.134236
0.397943
0.469238
0.350832
0.12971
-0.191868
-0.383766
0.457308
-0.327909
0.381617
-0.296357
0.17546
-0.139991
0.0509922
0.0588283
0.298608
0.321264
0.232562
-0.305811
-0.415822
0.248083
-0.199817
0.13845
-0.225095
-0.171382
0.242831
-0.0202411
-0.393944
-0.166959
0.231578
-0.212763
0.367307
-0.0158122
0.525536
0.439325
0.518587
-0.00902139
-0.361525
0.392471
-0.0149202
-0.140729
-0.441647
0.426341
0.145269
0.349372
0.164693
0.0766107
0.38685
-0.397641
0.382789
-0.293007
0.41963
0.34485
0.333692
-0.176744
0.184845
0.0528633
-0.303535
0.512957
-0.348953
-1.77092
-0.155001
0.0941538
-0.213707
-0.469766
-0.0417207
0.175307
0.028084
-0.173206
-0.214117
0.352445
-0.138584
0.148658
-0.384282
-0.312862
0.100743
-0.39148
-0.117525
0.466417
-0.00642361
-0.20529
0.440216
-0.244827
-0.03054
0.302584
0.453473
-0.134225
0.234754
0.146282
-0.105196
0.0408068
0.184839
0.372545
-0.0861596
0.203841
-0.486372
0.105916
-0.367639
0.433241
-0.303125
0.535556
-0.212727
-0.146399
-0.136698
0.288647
-0.315479
0.370266
0.234383
-0.274877
-0.137674
0.0503314
-0.0564477
0.58858
0.0183936
0.377692
-0.402662
0.182215
-0.437162
0.041843
0.00367912
-0.236752
0.100583
-0.19294
-0.28059
-0.172711
-0.466627
0.212686
-0.412008
0.0579065
-0.202804
-0.239396
0.197892
0.282875
0.0669153
-0.664456
0.489883
0.0767016
-0.442461
0.441836
0.0954187
-0.0625629
0.166544
-0.470398
0.293304
0.25945
0.0675217
-0.416248
-0.0294575
-0.134518
0.271404
-0.283544
-0.362538
-0.490439
-0.229356
0.401814
0.109929
0.00455913
0.120912
0.330107
0.344125
-0.430562
-0.406968
0.233993
0.0964219
-0.368335
0.365395
0.158061
-0.173767
-0.112415
0.069963
-0.362588
0.860753
0.0290566
-0.520962
0.195704
0.197497
0.105284
0.160349
0.0438485
-0.261614
-0.328729
-0.123412
-0.230427
0.301302
0.151091
-0.161365
0.0333514
-0.433233
-0.103278
-0.23203
-0.321989
0.396709
-0.218708
0.0462456
0.590176
-0.173653
-0.352752
0.272988
0.358865
0.066749
0.48382
0.237162
-0.357636
-0.150966
-0.196015
0.0537962
0.0426518
-0.295374
0.782366
-0.922475
0.225147
-0.290612
0.205348
-0.3467
-0.231732
0.285911
-0.00696277
-0.26259
0.105473
-0.242928
-0.298392
0.0269124
-0.251705
-0.118797
0.18053
-0.405144
-0.027885
0.301762
0.100797
-0.162133
0.43925
0.379838
0.155173
0.146233
-0.403852
0.349256
0.138962
0.324602
0.0420686
0.0917037
0.149478
0.345126
-0.440621
0.231043
0.0517406
-0.719287
-0.32279
0.0228507
0.250718
0.259883
-0.0171971
0.184824
-0.48025
0.0831689
0.222136
-0.0867883
-0.188885
-0.249772
-0.379311
0.370904
-0.345677
0.0917248
0.338288
-0.223534
-0.156415
-0.230059
-0.393027
-0.499501
0.362782
-0.49149
0.327689
-0.288194
0.139488
-0.0668426
0.136776
-0.452014
0.411336
0.0146307
0.185958
-0.0326906
-0.319648
-0.271889
-0.324039
0.302754
-0.0591384
-0.580648
0.194181
-0.00883703
0.117216
-0.13226
-0.282868
-0.619429
-0.575164
-0.286714
-0.0530266
-0.284479
0.288793
0.163289
0.186531
-0.459097
-0.0703465
-0.197237
-0.0787512
0.0270903
0.366025
0.325448
0.223895
0.283862
0.0862514
-0.166252
-0.0242402
0.397354
0.0722904
0.445685
0.365252
0.276636
-0.493997
0.311749
0.291395
0.149081
-0.100689
0.17177
0.382918
-0.50563
0.382784
-0.246799
-0.228748
-0.388315
0.157897
-0.206751
0.469721
-0.356326
0.206912
-0.194202
0.177347
0.268609
0.438122
0.232755
0.454841
0.336672
0.311598
0.301326
-0.439527
0.00843785
-0.140829
0.169166
-0.120691
0.218556
-0.430372
-0.00197365
-0.237817
-0.158022
-0.150412
-0.266514
0.0916185
0.415492
-1.30565
-1.01077
-0.802021
-0.0047591
-0.103936
-0.340194
0.013971
0.0365315
0.133905
-0.00703204
0.140058
0.347855
0.00636486
-0.427889
0.248032
-0.154483
-0.00565435
-0.152347
0.261316
0.0329791
0.0563403
0.138788
0.216776
-0.156971
-0.190158
0.07771
0.193771
-0.137563
-0.121448
-0.370606
-0.453192
0.316863
-0.0553647
-0.344444
0.0838614
-0.362794
0.289939
0.379673
0.228508
-0.248426
-0.31859
0.0397318
0.222694
0.450651
0.499968
-0.0831203
-0.0864725
-0.244898
0.0698619
-0.0871907
-0.216802
-0.411286
-0.257826
0.162052
-0.0760771
-0.198284
-0.268949
0.226032
0.130862
0.195625
-0.195723
0.44192
0.369028
0.405038
-0.120629
0.44239
-0.464344
0.0851639
-0.0477559
0.398806
0.00556118
-0.0210676
-0.779648
-0.155209
-0.320279
-0.332873
-0.317996
0.285912
-0.192736
0.394724
-0.286759
0.534468
-0.303868
0.456202
-0.368144
-0.22599
-0.323669
0.543347
-0.183061
0.048008
0.105901
-0.254857
-0.241859
-0.390465
-0.161344
0.463056
-0.0381352
0.175041
0.291277
0.287795
0.243201
-0.315231
0.376071
-0.0493972
-0.41776
0.148176
-0.18829
0.293589
-0.12376
0.0133518
0.00354627
1.202
-0.134459
-0.050859
0.119487
0.0770723
0.062222
0.230684
0.0541948
0.190158
-0.245152
0.129218
-0.153022
0.470842
0.29097
-0.297108
0.263893
0.24669
0.237012
-0.0218645
-0.120906
0.275283
-0.19524
-0.422719
-0.0756007
-0.0161241
0.229011
-0.0360393
0.0200406
-0.234404
0.425484
-0.0749325
-0.240094
0.107139
0.323906
0.228668
-0.447498
0.21568
0.413553
-0.541912
0.0568833
-0.170959
0.205035
-0.278531
0.181912
-0.0259301
0.1639
0.269019
0.164817
0.0327178
0.291519
-0.259465
0.0410725
0.0211188
0.394595
-0.0665135
0.0514737
0.272488
-0.511667
0.0997162
0.142969
0.0736829
0.186466
0.0311963
-0.407296
0.239036
-0.126792
0.415407
0.366194
-0.115147
-0.663229
-0.149323
-0.0295546
-0.182607
0.038829
-1.18711
-2.1539
-1.88261
-0.472247
-0.186454
-0.0624262
0.157601
0.063316
-0.278782
0.0737154
0.124686
0.0218902
0.0547211
0.1122
-0.0301044
0.288008
0.057661
0.103677
0.0615846
-0.127055
-0.0890619
0.0516934
0.319395
-0.229398
-0.00790229
0.153165
0.109875
0.0761061
-0.0712915
-0.249078
0.365831
-0.179359
-0.191568
0.0446028
-0.0666907
-0.0758003
0.187485
0.793447
0.59449
0.339293
-0.228103
-0.467261
0.134043
-0.359594
0.120005
-0.0452756
-0.0949878
-0.152544
0.324191
0.128676
0.00158812
-0.100503
-0.321235
0.25183
0.215379
0.161022
0.460122
-0.363427
-0.346747
-0.217319
-0.330181
0.420576
0.0512228
-0.475124
0.0118518
0.0733744
0.188702
0.345593
0.373614
0.369404
0.182288
0.0978816
0.283766
-0.338455
-0.809778
0.127911
-0.0901938
0.324062
0.259972
0.4335
0.218317
-0.199061
0.367252
-0.413421
0.298709
0.269765
-0.417324
-0.230836
-0.391178
-0.407625
-0.00777718
0.443787
0.288084
0.316704
0.440277
-0.299965
-0.0714453
0.459715
-0.421984
0.0262563
-0.537829
0.255684
0.106183
-0.381595
0.36573
0.0489572
-0.0647176
-0.268525
0.0759189
0.325126
-0.137636
0.843157
0.18911
-0.485458
4.76888e-05
-0.198605
-0.142665
-0.228696
0.146023
0.00279016
0.383401
0.43825
-0.148972
-0.468073
0.391563
-0.234494
0.194503
0.303888
-0.09839
0.426615
-0.375178
-0.272264
0.248742
0.308051
-0.381679
0.176937
0.29258
0.189259
0.374418
-0.194691
-0.291137
0.0191999
0.329418
-0.567891
0.0281176
0.227807
0.0513978
-0.291903
1.51575
0.141149
0.543572
0.112943
0.253544
0.0219974
-0.208037
0.398805
0.276028
-0.156073
0.056775
0.274846
0.0256942
-0.0931194
0.178573
-0.345074
-0.122509
0.204096
0.174511
-0.139127
-0.186942
0.338614
-0.066379
-0.172173
0.116369
-0.265514
0.292533
-0.561881
-0.114951
0.292447
0.253027
0.0174998
0.11583
-0.443077
0.406378
-0.00458947
-0.320133
-0.253012
-0.0689824
0.56984
-0.00774455
-0.316447
0.224347
-0.210656
-0.292301
0.425286
0.459577
-0.019232
0.26642
0.0376691
-0.474603
-0.0222033
0.494227
0.387313
-0.263266
0.119008
0.474814
0.164429
-0.0508586
-0.0357687
-0.471109
0.0547845
0.0503139
-0.270951
0.284422
-0.0385104
0.0689241
0.229774
0.0513482
-0.456053
-0.487511
-0.20344
0.0325345
-0.134414
-0.224383
-0.607269
-0.235577
-0.117275
0.306482
0.0664038
0.237179
-0.490758
0.21247
0.242912
0.423297
-0.271485
-0.249236
-0.0405372
-0.0108438
-0.440117
-0.440774
0.0521184
0.357296
0.193837
0.542799
0.295148
-0.310172
0.210487
-0.40468
0.48343
-0.251009
-0.166701
-0.15126
0.198541
0.128202
-0.376842
0.18811
-0.334532
-0.38893
-0.524707
-0.0586792
0.668617
-0.423228
-0.422041
0.374801
-0.110168
-0.0415416
0.346191
0.296744
-0.459118
0.0637273
0.329055
-0.389267
-0.0480495
-0.0108604
0.044166
-0.197854
0.0218919
-0.229722
0.172585
0.424113
0.461912
-0.157281
0.0510479
-0.346825
0.2554
-0.125633
0.446471
-0.367842
-0.0886423
-0.492534
-0.185434
-0.111068
0.393249
0.230793
0.161493
-0.0887983
0.528715
0.585936
-0.240868
0.293401
0.299844
0.296455
-0.0391949
-0.0528917
0.136953
-0.460065
0.110458
-0.249298
0.289437
0.26543
-0.302639
-0.198555
-0.336193
-0.216517
-0.384948
0.372557
-0.494763
-0.148961
-0.438102
-0.298474
0.29415
0.0328323
-0.393507
-0.203929
0.101491
-0.00622947
-0.300345
0.436767
0.151338
-0.076191
0.162519
0.0853744
-0.550456
0.15907
0.935843
1.69966
0.426821
-0.0136807
0.0251054
0.359734
0.395297
-0.0824549
0.0331899
0.213591
0.0163978
0.458473
-0.27375
-0.29388
0.431122
0.0264535
-0.0624819
0.40474
0.159672
0.193401
-0.267189
-0.196883
-0.204966
0.221362
-0.255103
-0.0210329
-0.0577939
-0.213816
-0.114952
-0.306976
0.0845108
0.308774
0.394047
-0.273474
0.336793
-0.0877917
0.310154
-0.424586
0.31105
-0.146868
-0.239132
0.0963473
0.448871
0.378255
0.0735691
0.52259
-0.26975
0.362868
-0.178571
-0.3322
0.388582
-0.453684
0.41172
-0.205866
-0.107428
0.39673
0.304159
0.0694164
-0.210972
0.107792
0.268769
0.33331
0.310916
0.367881
-0.283893
0.225187
-0.458062
0.465097
-0.0283691
-0.22241
0.0524045
0.0195666
-0.0351082
0.201441
1.92247
0.389351
-0.0290314
-0.353009
0.179193
0.0348889
0.343486
-0.195188
0.150474
-0.00914445
0.0406385
-0.166132
0.381674
-0.166285
-0.365034
0.420589
-0.0812967
-0.0603943
-0.224273
-0.281793
-0.0927146
0.374031
0.212868
-0.0748366
-0.400785
0.320404
0.394176
-0.301418
-0.344817
0.0418555
0.285084
0.00995956
0.172748
-0.11387
0.341764
-0.375184
0.306486
0.174907
0.324505
0.269206
-0.517051
0.00856917
-0.54084
0.0384894
0.0119252
-0.0082975
-0.158651
-0.289606
0.350392
0.129716
-0.204172
-0.0877308
-0.342478
0.165883
0.398412
0.188217
0.0544399
-0.0888278
0.0485174
0.211663
0.340003
-0.172743
0.182953
-0.350988
-0.153371
0.412865
-0.222022
-0.443696
-0.0755484
-0.457959
0.359817
-0.59176
-0.162109
0.387867
0.912292
-0.589104
0.031122
-0.413566
-0.143991
0.426428
-0.394869
-0.0851917
0.0547383
-0.203162
-0.123427
0.115969
-0.0982107
0.384029
0.17692
0.475443
0.307332
0.280896
-0.353499
0.349316
-0.0980352
-0.202286
-0.237716
0.249644
-0.265397
0.100472
-0.181691
0.243806
0.115822
-0.487688
-0.0574532
-0.264499
-0.142548
0.19858
0.510474
-0.181514
0.110194
-0.741086
-0.0718584
0.109078
-0.179467
-0.320136
0.140764
-0.198767
0.180459
-0.195978
-0.223261
-0.170878
-0.0373488
0.0783756
0.0926054
-0.0241907
0.242581
0.117016
0.106535
0.101394
0.159149
0.00671595
-0.054436
0.185551
0.0756289
0.106844
-0.282374
-0.12184
0.429686
0.168727
0.252468
0.178364
-0.112511
0.18379
0.492054
0.0364203
-0.129731
-0.101478
0.574727
0.72178
-0.223374
0.0535394
0.335729
0.343784
0.116465
-0.311684
-0.0871965
-0.309528
-0.263098
0.171159
-0.0906857
-0.532448
0.0810066
-0.0606717
0.334945
-0.448819
0.316803
-0.101394
0.20879
-0.00904229
0.0235433
-0.240011
0.0675354
0.405085
-0.00118689
0.294809
-0.266107
0.335751
-0.202882
0.0913449
0.491301
0.323214
-0.070136
0.242777
-0.150334
0.988349
-0.128362
0.482668
-0.239189
-0.205008
0.452958
-0.0189831
0.412621
-0.219419
-0.127698
-0.139758
-0.0315422
-0.385337
0.0520319
0.269454
-0.223211
-0.427728
-0.159535
-0.312674
0.170418
-0.111523
0.367726
-0.0350091
-0.149546
-0.219679
-0.273777
0.304002
-0.19459
0.187927
0.286616
-0.437202
-0.403581
-0.351867
-0.308113
-0.319918
0.421467
-0.308699
-1.00718
0.548614
0.097933
-0.106021
0.11836
0.353308
-0.38083
-0.0947795
0.440742
-0.150515
0.294657
-0.448125
-0.227052
0.392159
-0.26843
-0.130763
0.0781424
0.331182
0.132801
0.361067
0.117523
-0.431472
-0.286848
0.00698257
-0.212002
-0.0693715
0.0088803
0.284619
0.275235
0.170485
0.442103
0.0301453
0.255808
0.0534951
-0.183558
0.143668
0.0132484
2.83581
3.75443
-0.132496
-0.0210622
-0.0621621
0.00579887
-0.0487982
-0.0237108
-0.0475235
-0.0915347
0.0441942
0.0306654
0.0326898
-0.00988077
0.0565313
0.106005
-0.154989
-0.0709634
0.0357282
-0.01677
0.0715645
-0.0725334
-0.103384
-0.201065
0.0201874
0.19375
-0.114643
0.0420015
-0.0865024
-0.0240786
-0.222121
-0.0934076
0.232391
-0.263277
0.0772
-0.33565
-0.419468
0.640231
-0.222827
-0.146794
0.210606
-0.0320033
-0.246387
-0.314568
-0.354095
0.383858
0.0343247
0.203637
-0.0460656
-0.42525
-0.409185
-0.154102
-0.0639441
-0.275204
-0.050277
0.187331
0.256429
-0.0475505
0.389429
0.120598
-0.257123
-0.399585
-0.395401
0.172389
-0.216091
0.208901
0.0296166
-0.487162
-0.178015
0.379501
-0.17773
0.32741
-0.489138
-0.259416
-0.733906
0.673747
0.247692
-0.334343
0.104919
-0.356872
-0.0331238
0.0713942
0.42402
-0.311605
0.0594098
0.146464
0.404085
-0.4095
0.142266
0.0824821
0.039515
-0.331875
0.320691
0.291008
0.283309
0.104583
-0.519343
0.23598
-0.199234
-0.266591
-0.0558729
0.287316
-0.519559
0.464436
0.46078
0.0451589
0.430759
-0.156357
0.099445
0.33247
-0.366941
1.95212
-0.367735
0.0305588
0.333367
-0.344666
-0.0952915
-0.0711124
0.0441934
0.0912164
-0.00188077
0.181362
0.311052
-0.216657
-0.167126
0.095868
0.071002
-0.174433
0.0689213
-0.0343174
0.0474563
-0.413469
-0.255505
-0.0286989
-0.450697
0.196985
-0.263586
-0.0236866
0.401374
0.0406853
-0.340361
0.00122753
0.00217561
0.208452
-0.399057
-0.0728705
0.224589
0.145109
-1.34297
0.274338
0.371866
-0.150139
-0.367148
0.180351
-0.0501166
0.452147
-0.243788
-0.206471
0.0107826
0.253669
0.270106
0.384509
0.347575
0.0390514
-0.443483
-0.456032
0.0646415
-0.293878
-0.0738638
0.15482
0.168688
-0.508899
0.0282899
0.220784
0.221673
0.178688
0.053015
0.35745
0.217149
0.392333
-0.0728196
0.0885631
-0.303254
0.22416
0.235372
0.503953
-0.255878
-0.145512
0.381623
-0.500352
-0.127547
0.369637
0.407509
0.523417
-0.00605025
0.224311
-0.478071
-0.277939
0.271534
-0.327573
-0.293346
0.350605
0.656981
0.411277
0.471725
-0.279844
-0.275106
0.322011
-0.475315
0.0694841
0.535942
0.079344
0.455191
0.368415
-0.359781
0.241372
0.288003
-0.428267
0.264277
-0.0746083
0.0748967
0.0324901
-0.555073
-0.599912
0.493133
-0.416118
-0.342853
-0.17962
-0.463121
-0.0907624
-0.715086
-0.279777
0.24709
-0.394227
0.0148071
-0.4724
-0.168589
0.356858
-0.0838737
0.175817
-0.182319
-0.388989
0.196222
-0.51274
0.0988582
-0.33439
-0.0717351
-0.0405554
-0.0648083
0.472233
-1.12573
0.320658
0.659985
-0.617003
0.079607
-0.139178
0.131456
0.441882
0.243466
0.420583
-0.361445
0.337888
0.379751
-0.224614
0.0477657
-0.0084607
-0.218197
-0.412717
-0.194471
-0.0608947
0.254085
-0.0998797
-0.202064
0.680741
0.0598547
-0.283338
0.118515
-0.179848
-0.306081
0.248998
0.0215839
-0.0725017
-0.0774328
0.572577
-0.764946
-0.0814184
0.128042
-0.145874
-0.0623979
0.452208
-0.32126
0.465141
0.217113
0.205726
0.464681
0.23535
-0.241398
0.49905
0.0665316
-0.137505
0.44499
0.0913223
0.392425
-0.145036
-0.176324
0.360361
0.233698
-0.120826
-0.400308
-0.175664
0.375387
-0.129386
-0.531614
-0.326642
0.239091
-0.540899
-0.303051
-0.44691
-0.102332
-0.336393
0.0567443
-0.0373576
-0.118464
0.144619
-0.449729
0.352379
0.385174
0.218596
-0.294201
0.197514
0.123654
-0.280104
-0.156056
-0.212668
0.0640802
-0.363884
-0.137395
0.186951
0.0672292
0.262817
0.476017
-0.14748
-0.252897
0.208352
0.303769
-0.215746
-0.661643
0.533793
-0.316444
0.43584
0.0272841
-0.204516
0.505438
0.434187
0.221886
-0.111804
-0.222764
0.484895
0.336151
0.387307
0.298355
0.50925
0.140407
-0.0604197
0.744973
-0.311227
0.0536327
-0.181303
-0.341449
0.414937
-0.212422
0.400009
-0.0454533
-0.265292
0.145068
-0.221127
0.211251
0.317182
0.448468
0.343405
0.371595
-0.0284222
0.133004
-0.317433
0.280602
-0.140121
0.349002
0.179822
0.0665468
0.400557
0.446463
0.0386951
0.373713
-0.0626065
0.0145493
0.567305
0.0730577
-0.169346
-0.21519
0.2854
0.410236
-0.143138
0.130675
0.180629
0.203758
0.136913
-0.244863
0.28949
0.223249
-0.55107
-0.0897503
-0.406748
0.380397
0.186439
-0.298391
-0.144617
0.319844
0.330979
-0.141254
0.352082
0.0414454
0.0879403
-0.58942
0.375868
-0.230678
-0.252302
-0.209697
0.242679
-0.419269
0.0695332
-0.127005
-0.433985
0.208892
0.375816
0.0638755
0.0667617
0.131205
0.335773
0.302031
-0.610588
-0.119754
-0.338988
-0.334358
-0.213539
-0.62858
-0.437483
-0.204044
-0.0273078
0.124246
-0.176756
-0.451445
0.060632
-0.223556
-0.0451285
-0.228744
0.00199831
0.402004
0.503096
0.31003
-0.502076
-0.38598
-0.105659
-0.405458
-0.193726
0.42983
-0.325044
-0.336402
-0.362547
-0.0157769
0.297664
0.0161605
-0.141638
0.285897
0.204308
-0.0909642
0.465824
0.338985
-0.254231
0.195095
-0.449438
0.352519
0.154284
-0.0912226
-0.304503
0.0601025
0.246369
-0.360614
-0.0120563
-0.0193335
-0.335904
-0.105192
0.0970878
0.176975
-0.0506154
-0.033638
-0.175619
0.277916
-0.396454
0.295907
0.190525
-0.365804
-0.33561
0.235892
0.528119
-0.0670934
0.103258
-0.214579
0.184431
0.0934647
-0.319572
0.365641
0.116272
-0.129208
0.350366
0.338045
-0.421974
0.311561
0.514867
0.086423
-0.284222
0.113609
-0.29061
-0.322435
0.339362
-0.45532
-0.385325
0.410366
-0.456001
0.0720532
0.405634
0.107766
-0.173805
0.227958
-0.508124
0.297728
0.447184
0.357934
-0.181217
-0.244658
0.46865
0.434279
-0.0951976
0.0396625
0.372959
0.165112
0.182962
0.0435709
-0.26119
0.0802209
0.260923
0.0241615
0.048921
0.410905
0.146547
-0.151741
-0.144431
0.150992
-0.161928
0.0563063
0.066983
-0.395323
-0.0210039
0.11957
0.268371
0.479952
0.194655
-0.192412
0.471124
0.262142
0.240078
0.229067
0.398593
0.373413
0.350077
0.143725
-0.109478
0.255596
0.262916
0.164013
0.0041063
-0.0123891
-0.333666
0.103093
-0.360961
-0.120548
-0.106267
0.572984
0.560621
-0.0135034
-0.329228
-0.0596866
-0.299473
0.426685
-0.0567124
0.230429
-0.401458
0.0768979
0.310188
0.297432
0.447997
0.49983
0.294608
0.336141
0.280394
0.27977
-0.237529
0.0374794
0.227302
-0.132664
0.202345
-0.142408
-0.0842105
0.412639
-0.363106
0.0947571
0.246887
-0.199705
-0.40355
-0.293222
-0.292883
-0.0330057
-0.3454
-0.164473
0.188589
-0.252201
-0.253399
-0.372291
-0.0836901
0.149668
0.268442
-0.030942
-0.455521
-0.3815
-0.372236
-0.0170109
0.163342
0.166993
0.38881
0.305133
0.277424
-0.425895
-0.406665
-0.361731
0.368432
0.405883
-0.0854862
0.453476
0.171164
0.0383294
-0.0505694
-0.0732573
-0.0772873
-0.374586
-0.26964
0.425858
-0.10704
-0.0351131
0.559573
0.296916
0.37322
-0.131974
0.540269
0.261351
0.179972
0.19881
0.428227
-0.0623367
0.00204104
0.0884258
0.494378
0.407918
-0.280769
-0.108425
-0.209845
0.118532
0.521373
-0.0446759
-0.261447
-0.0381145
0.275434
0.16274
0.27793
0.039768
0.210143
0.168173
-0.451107
0.0300787
0.327698
-0.352418
0.25958
-0.0738368
0.187479
0.117508
0.20172
0.276543
0.149095
0.176207
0.0611042
-0.437404
-0.116592
-0.0424231
0.0558253
-0.0813055
-0.285378
-0.121328
-0.239344
-0.237474
0.250889
0.0607901
-0.360372
0.00955849
-0.323194
0.419107
0.385201
-0.244222
-0.430058
0.0284068
0.241595
-0.463442
0.283902
-0.170205
-0.390252
0.2917
-0.119255
-0.184594
0.148009
0.173722
-0.189838
-0.469196
0.195526
0.468033
0.416367
0.157743
-0.135523
-0.193863
0.171262
0.311584
-0.299797
0.263884
0.422706
-0.165775
-0.119709
-0.403397
0.070406
0.0157786
-0.0254557
-0.131931
0.118061
-0.440131
-0.462404
-0.50338
0.0563296
-0.178863
-0.0265156
0.158221
0.252212
-0.0993882
0.406486
0.194412
-0.167369
-0.163243
-0.395616
-0.0671347
-0.278881
0.291642
-0.0612042
-0.553438
-0.245078
-0.527092
-0.584133
0.133317
0.307761
-0.0409599
-0.00801687
-0.536354
-0.550425
0.363991
-0.153412
-0.550419
-0.585263
-0.144249
-0.44443
-0.357296
0.459246
0.191836
0.117463
-0.00808399
0.0771877
0.327889
0.395826
-0.438752
-0.140896
0.178771
0.0215191
-0.335535
-0.122661
0.140737
-0.503831
0.34993
0.0997819
-0.129406
0.206114
-0.315458
-0.031797
-0.41708
-0.0376307
0.0205026
0.119712
-0.290755
-0.135907
-0.0506247
-0.000927552
-0.50445
-0.251104
-0.376661
0.35397
-0.351391
-0.257133
-0.448884
-0.129198
-0.0687662
0.295717
0.139776
-0.105837
-0.0726734
0.403647
-0.0196371
0.0606276
0.115743
0.17543
-0.190479
0.240004
0.20097
-0.15609
0.336593
-0.431116
0.131819
0.496832
-0.33252
0.297885
-0.00628091
0.45785
-0.187135
-0.358999
-0.205034
0.25245
-0.00327674
0.328114
-0.432636
0.266377
-0.0903442
0.171164
0.394615
0.226754
-0.30948
0.0553584
-0.238477
-0.102162
-0.150921
-0.178026
-0.218097
0.467326
0.104711
0.367911
-0.371648
-0.291733
-0.226617
-0.417962
0.511388
0.181288
0.0373923
0.307007
0.504012
0.232936
0.394497
0.277302
-0.207425
0.224778
0.00945546
0.41929
0.192959
0.218179
0.153206
0.414194
0.406531
0.195009
-0.043126
0.439896
-0.299157
0.127674
-0.137389
-0.240954
0.203397
-0.294639
-0.236562
0.291144
-0.0305271
0.458082
0.35445
0.353795
0.373318
-0.0768614
0.284146
-0.263915
0.319963
0.22854
0.258177
-0.27659
-0.364237
-0.211925
0.0227646
-0.223536
0.408221
0.0369914
0.547404
0.0386556
-0.0388192
0.309499
0.501889
-0.0115101
-0.26695
-0.445362
-0.231151
0.39029
-0.0475683
0.131647
-0.211917
0.35036
-0.0543503
-0.00837101
-0.264861
0.489629
0.526255
0.214761
-0.285216
-0.188597
0.403991
0.212041
0.194582
0.117014
-0.12057
0.478447
0.225624
-0.341273
-0.403481
-0.498165
-0.12266
-0.179775
-0.376804
0.405199
0.00596198
-0.421916
-0.311733
0.270908
-0.161874
-0.521836
-0.345458
-0.165956
-0.0951371
0.290567
-0.058218
-0.297373
0.314631
0.229332
0.289735
-0.342351
-0.0173549
-0.0112353
0.0344165
0.0704068
-0.39506
0.0651236
0.164427
-0.186678
-0.0179979
0.234053
-0.114967
0.40099
0.459982
0.455836
-0.42189
0.203053
0.227094
0.372701
-0.00199008
0.358569
0.383678
0.463018
0.0543467
0.179867
0.130294
-0.367271
0.348582
0.327921
-0.27399
0.168799
0.549278
-0.0368159
-0.211134
-0.346665
0.231291
-0.434387
-0.394839
0.484814
-0.164401
0.0596543
-0.208348
0.422445
-0.109139
-0.451857
-0.145703
0.470587
0.228964
-0.427768
0.097706
0.351573
-0.212521
-0.0572392
0.307073
0.00920987
-0.139641
-0.414008
-0.162641
0.0598706
0.255256
-0.305923
-0.28111
-0.0472554
-0.0279392
0.108468
0.427205
-0.348086
-0.391941
0.190788
0.0362112
-0.410145
-0.612764
0.465495
-0.492032
-0.402975
-0.109228
-0.48688
0.17486
-0.45142
0.15144
0.419113
-0.516692
0.00668866
-0.13193
0.123087
-0.12245
0.15568
-0.117927
-0.240919
-0.0412824
0.522095
0.324204
0.0933926
-0.299814
0.015445
0.174185
-0.499954
0.194604
0.368056
0.219183
0.122399
-0.232754
-0.363726
1.07319
0.302779
0.357666
-0.314095
-0.227219
-0.149608
-0.185668
-0.122273
0.129377
-0.433557
0.390842
-0.644321
-0.401449
-0.304964
0.183524
-0.13845
-0.571226
0.564644
-1.56948
-0.531326
0.402641
-0.639468
0.383903
-0.368855
-0.412181
0.0925681
-0.393748
-0.041741
-0.019935
-0.370518
-0.353457
0.156355
0.414362
-0.146999
-0.340252
-0.0958712
-0.296233
0.17362
0.253695
0.106358
-0.453917
-0.439841
-0.0605053
0.162249
-0.14251
0.393518
0.19411
-0.640956
0.0070706
-0.541335
-0.231456
-0.371558
0.120812
-0.392851
-0.285043
0.371526
0.432196
-0.43633
-0.486206
0.20136
0.300728
-0.217339
-0.197011
-0.173321
0.100826
-0.360815
0.464645
-0.268846
-0.178905
-0.156947
-0.21739
-0.385364
-0.436709
-0.514103
0.275335
-0.026132
-0.1719
0.62921
0.367636
0.482479
-0.0339814
0.371251
-0.00484367
-0.31267
0.232647
0.0273795
-0.0209939
-0.124887
-0.305275
-0.297275
-0.53282
0.416182
0.392968
-0.0787825
0.0860546
0.269942
-0.49468
-0.534114
-0.0872802
-0.204956
-0.0619677
-0.489657
-0.282454
-0.432434
0.228516
0.495481
-0.0914815
-0.541592
0.180831
-0.21793
0.276643
0.124046
0.611529
0.540474
-0.625184
-0.065515
0.11591
0.137223
0.370548
0.160138
0.262491
0.745317
0.206071
0.199826
0.480095
-0.231872
-0.273906
0.664634
-0.353732
-0.260625
0.288847
-0.468098
0.312332
0.604375
-0.159794
0.951219
-0.639124
-0.112574
-0.146711
0.00875348
-0.267041
0.0626038
-0.537216
0.071365
-0.142847
0.429723
0.218976
-0.448788
-0.0730356
0.122471
-0.606237
-0.474862
-0.214451
-0.53539
0.193409
0.38183
-0.208597
-0.0331663
-0.39811
-0.468924
-0.186928
-0.219228
0.129863
-0.148568
-0.123453
-0.360186
0.498279
-0.207259
-0.292666
-0.34077
0.268564
-0.291699
0.489283
-0.1056
0.29409
-0.0141861
-0.0462145
-0.489146
-0.354461
0.308894
0.167204
0.185317
-0.236464
0.361716
-0.0483635
-0.283785
0.199571
-0.127612
0.26292
-0.138597
-0.186069
0.309276
-0.048785
0.304024
-0.101742
-0.487356
-0.148672
0.238333
-0.327052
-0.149347
0.491766
-0.357763
-0.0895623
-0.06227
-0.0593051
0.133698
0.188916
-0.147331
0.202317
-0.460925
-0.465067
-0.325591
-0.00214218
0.0377266
-0.160682
-0.324586
0.0397711
-0.454484
0.432997
0.151763
-0.319796
0.380418
-0.0575178
-0.237484
0.337686
0.0799511
-0.318803
-0.20979
-0.550074
0.192208
0.165591
-0.317409
0.00353375
-0.42126
0.20244
0.164327
0.362785
-0.0927738
-0.381523
0.316175
-0.0518898
-0.136098
-0.304377
0.312609
0.312762
-0.152223
-0.272118
-0.375638
-0.361998
0.325021
-0.44638
0.255126
0.391476
-0.126685
0.101688
-0.422678
-0.278932
0.00873945
0.278116
-0.392318
-0.343208
-0.11924
0.271415
-0.282358
-0.528286
-0.354845
-0.405091
-0.504428
-0.256757
0.0375097
0.113385
0.282647
0.455137
0.136892
-0.523572
-0.558268
0.0143258
0.13549
0.299318
0.181899
-0.212677
-0.332761
0.236681
-0.135994
0.0715693
-0.135736
-0.30234
-0.371109
-0.395567
-0.167258
0.140444
0.0783419
-0.00962149
-0.436319
-0.288028
-0.260592
-0.211122
0.309972
0.381773
0.359713
0.152947
-0.254436
-0.00164701
-0.306412
-0.152193
-0.176508
0.070199
0.388148
-0.0702025
0.167737
-0.592541
0.137582
0.464098
0.414578
0.106881
-0.111068
-0.217906
-0.397459
0.21365
-0.418591
0.278991
0.0959797
-0.0788205
-0.113477
-0.0786589
-0.0836028
-0.0826328
-0.0967611
-0.186637
-0.291574
0.327938
0.250805
-0.491062
-0.460091
0.0760422
0.328916
-0.417329
0.170255
0.0634293
0.0773313
-0.467545
-0.416205
0.0575498
0.17745
0.182542
0.19012
0.360658
0.253967
-0.121682
0.229987
-0.11432
0.0597393
0.423568
0.0583463
0.310163
-0.20339
0.276313
0.122897
0.226964
-0.362409
0.0103709
-0.247408
-0.227362
0.204471
-0.120127
0.293603
0.218046
-0.0180433
-0.298556
-0.029844
0.0439925
0.269369
0.367538
0.0246508
-0.132013
-0.391503
-0.30059
0.277723
0.152889
0.425197
0.0711684
-0.521517
-0.528782
-0.342652
-0.40215
-0.481695
-0.296922
0.086103
-0.242516
0.19672
-0.234355
0.36445
-0.363367
-0.538711
0.0329708
0.0478557
-0.544932
-0.446928
-0.157352
-0.237454
0.170748
-0.154215
0.0916455
-0.291194
0.356637
-0.0707546
-0.405717
-0.0351137
-0.0309259
-0.0211448
-0.321327
-0.224852
0.130199
0.017935
-0.340436
-0.320202
0.390278
0.23721
0.308596
-0.373968
0.0226421
-0.514939
-0.113998
0.467886
0.200638
-0.366783
-0.310767
-0.466928
0.142054
-0.158972
-0.222255
-0.416829
0.147515
-0.0592541
-0.392272
0.0402158
0.0213393
0.0200287
-0.0961551
0.213152
-0.348756
0.0224803
-0.474637
0.354772
-0.52456
-0.291478
-0.360589
0.516522
0.224652
0.0209249
-0.189683
-0.00497934
-0.0924651
-0.193521
0.0964169
0.338076
-0.376608
0.111687
-0.0905955
0.363304
0.488519
0.343567
0.3978
-0.0767929
0.477914
0.2509
-0.00725664
0.439112
0.232338
-0.235779
0.178151
0.160179
0.139706
0.152838
0.556177
-0.110114
-0.150789
-0.147646
0.0952052
-0.211919
0.456533
-0.0170184
0.285203
-0.297004
-0.250653
-0.344892
0.386998
-0.411458
0.302033
0.0881324
0.389556
0.70778
-0.314463
-0.237126
-0.010664
0.52511
0.00757064
0.565881
0.444884
-0.352069
0.26441
0.0412122
-0.0246278
0.583585
-0.422676
-0.00233548
0.162704
0.16166
-0.0615338
0.399926
0.497962
-0.44194
0.403054
-0.187197
0.0297896
0.15814
-0.322302
-0.188828
0.835
0.269302
-0.155701
-0.337923
-0.00670626
0.31451
-0.0870902
-0.0576256
0.216614
-0.273705
-0.123227
0.270329
0.0772677
0.294444
-0.0303463
0.230863
0.199015
-0.00276976
0.127938
-0.174388
-0.0911911
0.20702
1.0663
-0.274283
0.580785
-0.726568
0.429365
0.253047
0.157324
-0.0411824
-0.0407487
-0.164909
0.12684
-0.125686
-0.178491
0.111202
