#input normalization
0.160547 0.269438
61.128 58.1686
10.441 39.2449
8.39557 32.1605
0.0117429 0.0436342
0.00929544 0.0331978
0.52601 1.31785
0.823961 1.14631
1.01646 1.32786
1.23048 1.51654
1.47696 1.68552
1.73 1.83539
1.9743 1.96587
2.21076 2.0781
2.43718 2.17557
2.63908 2.23007
2.83415 2.26984
3.01462 2.27938
3.15896 2.26461
3.28283 2.21551
3.38211 2.15303
3.46272 2.06189
3.51676 1.96916
3.54752 1.85503
3.5578 1.72878
3.54351 1.58884
3.49301 1.43749
3.43716 1.27838
3.34482 1.10378
3.22632 0.928516
3.11153 0.763094
2.98535 0.603665
2.85542 0.455468
2.7088 0.310791
2.56201 0.17409
2.42284 0.0454989
2.26875 -0.0723995
2.13826 -0.178038
1.99733 -0.27396
1.86229 -0.366118
1.72947 -0.454308
1 -1
1 -1
#output normalization
1 0
#neurons weights
0.358793
-0.244456
-0.341301
-0.190397
0.290189
0.292486
-0.127178
0.0848502
0.0591292
-0.169485
-0.339885
0.381448
-0.413878
-0.487848
0.323122
-0.307784
-0.17237
-0.108728
-0.1399
0.406802
0.0867001
0.0795383
0.223928
-0.48379
0.0115481
-0.37877
0.479678
0.218027
-0.313644
-0.0228106
0.118057
-0.27384
0.347228
-0.439788
0.385649
0.197699
0.398236
-0.47886
0.035107
0.352391
0.0355113
0.388257
-0.268418
-0.0623282
-0.41562
-0.336935
0.169478
0.204353
0.107218
0.112194
-0.50626
-0.255289
0.167381
-0.0877644
-0.246243
-0.148889
0.297177
0.0100132
-0.0893985
-0.0931397
0.178776
-0.528017
-0.124964
-0.191774
0.106161
-0.810087
0.282835
0.0559005
-1.94164
-0.154813
-0.660423
0.188838
-0.137915
0.677277
-0.419947
0.326511
0.231295
0.563445
0.0198132
-0.18661
0.202065
-0.170916
0.388821
-0.319998
0.461655
-0.202319
-0.436685
-0.480287
0.432016
0.674971
-0.0524315
0.241023
0.0511815
-0.573033
-0.41535
0.524928
-0.505877
-0.416867
0.0239908
0.121977
-0.12246
-0.435245
0.477268
0.257327
0.00464975
0.315509
-0.371356
0.413967
0.338619
0.112048
-0.14276
0.462672
-0.0868715
0.392989
0.472863
-0.505965
0.248421
0.408613
-0.323141
-0.00955202
0.252677
-0.508319
-0.0597196
0.187176
-0.523896
-0.522505
0.128494
-0.317467
-0.388469
0.30989
0.557373
#synapses weights
0.0811022
0.414713
0.0564883
-0.19649
-0.274345
0.480475
-0.625405
0.497458
-0.00821577
-0.260973
-0.203129
0.369523
0.397236
0.283658
-0.388753
0.22338
-0.249089
0.195052
0.172392
0.189043
0.127035
-0.361842
-0.048574
-0.334014
-0.225204
-0.093811
0.247387
-0.548382
-0.0960891
0.335393
0.376742
-0.128153
0.284332
0.088277
0.453561
0.479721
0.328671
-0.0805679
-0.125817
0.128492
0.261658
0.333731
-0.268973
-0.300981
0.326462
-0.192723
0.165971
0.132598
-0.454022
-0.240132
-0.451046
-0.143577
0.361458
-0.331716
0.39797
-0.292065
-0.118448
-0.090929
0.248648
-0.263935
0.081934
-0.134845
-0.327338
0.268972
-0.0785331
-0.394943
0.163121
0.229439
-0.194311
0.00515823
-0.0934754
0.154026
-0.469144
0.242907
-0.22813
-0.183805
0.374004
-0.138033
-0.481482
0.172779
-0.247218
-0.435255
0.14572
-0.0894676
0.00564491
-0.208429
0.226435
0.120497
0.112398
0.0401623
0.122068
-0.0409802
-1.2806
-0.694827
-0.338749
-0.151892
-0.19592
-0.417637
-0.263224
0.310851
-0.430955
0.437999
0.288465
0.253909
0.135975
0.198968
0.0886213
-0.458124
0.210648
-0.133474
-0.307317
-0.373915
-0.114392
-0.0803977
-0.0935159
-0.194038
0.107022
0.197193
0.183715
-0.136347
-0.219858
0.39049
0.0632186
-0.0466039
-0.160201
0.227944
0.230713
-0.385426
0.387788
-0.171573
-0.449928
0.145142
-0.113026
0.0835549
-0.375274
-0.736694
0.793617
0.205572
-0.367318
0.126751
0.0589558
-0.0659472
0.0203147
-0.0695984
0.09908
0.137056
-0.400849
0.39459
0.0101121
0.223719
0.380727
-0.553959
-0.23203
-0.248462
-0.312347
0.237504
0.519563
0.217032
0.289997
-0.438756
-0.00109104
0.228269
-0.270602
0.233343
-0.0313188
-0.232456
0.515886
-0.192491
-0.136279
0.0951924
-0.340484
-0.210079
0.0131814
-0.0983237
-0.203861
-0.000120705
0.559454
-0.400932
-0.319874
0.617866
-0.483824
0.153963
0.377132
0.0539762
0.265637
0.0272563
0.318559
0.100103
-0.491835
-0.207865
0.339937
0.348744
-0.36267
0.189964
0.258188
-0.182795
-0.17804
-0.0706072
0.469683
-0.484265
-0.0471056
0.387758
0.442392
0.477948
-0.291183
0.256337
-0.293707
-0.229383
-0.195156
-0.195319
-0.310458
0.104853
0.243803
-0.0582598
-0.208448
0.195454
0.22018
-0.0649077
0.418282
-0.0994634
-0.0602929
0.58341
-0.517882
0.234484
0.0242526
-0.111745
0.170189
0.286081
-0.210776
-0.177635
0.0134913
-0.429586
0.0807133
0.356133
0.247361
-0.392463
-0.111913
-0.371637
0.373786
-0.26104
-0.349509
0.279074
0.334977
-0.307779
0.0261354
0.460713
-0.226714
0.14376
-0.348886
0.231489
0.224575
0.289964
-0.110448
0.0753966
0.150519
0.0689713
0.467924
0.380121
0.283104
-0.322192
0.379205
-0.302573
0.244409
-0.072156
1.32229
0.667399
0.359123
-0.239771
0.411478
0.434055
0.0453574
-0.482872
-0.320236
0.290583
0.395244
0.185415
-0.078778
0.17501
-0.484249
0.139686
0.07825
-0.0707577
-0.181637
0.125217
-0.260721
0.190282
0.292391
0.509694
0.289125
-0.076214
-0.0100435
-0.140472
-0.304145
-0.414321
-0.0559547
0.401709
0.0397707
-0.303382
-0.117913
0.0945891
-0.397348
0.126351
0.45515
-0.272431
-0.421839
0.49934
0.0973534
-0.869596
-0.154455
-0.237131
-0.131154
-0.305035
-0.472298
0.00866911
-0.369364
-0.307659
-0.328683
-0.315507
0.181839
-0.40139
0.0557611
0.195575
-0.344904
0.00497244
0.18081
-0.18895
0.408313
-0.146757
-0.325057
0.285434
-0.0449692
-0.242309
0.0647752
0.325899
0.409011
0.142914
0.439468
0.44041
0.107903
-0.332333
-0.232862
-0.286951
0.389389
-0.260563
-0.375857
0.0284339
0.168465
-0.304309
-0.540376
-0.334288
-0.517453
-0.624516
0.353931
0.0716823
-0.148265
-0.289224
0.0715159
0.0552323
-0.313132
-0.238499
-0.398265
0.134363
0.338836
0.161258
0.191452
-0.0594532
0.00285991
0.400253
-0.243024
0.45594
-0.392203
-0.123465
0.297069
-0.264398
0.346229
-0.403696
0.181962
0.283122
-0.140296
-0.247175
0.299639
0.141609
0.430017
0.177583
-0.132727
-0.36962
-0.0666772
-0.285242
-0.461325
0.177853
0.435907
0.275251
0.19389
0.383789
0.324497
0.469088
0.2582
-0.299189
0.116135
0.570833
-0.427295
-0.446553
-0.0723835
0.413987
0.260053
-0.340685
0.276191
0.392092
-0.193714
0.431229
0.176419
-0.235272
0.125253
-0.292976
0.148338
-0.300912
-0.129589
0.0219922
-0.296237
0.132496
0.00808803
-0.194319
-0.368887
-0.488507
-0.274801
0.320878
0.116361
-0.338984
0.318185
-0.486368
-0.35897
0.34175
-0.224877
-0.035855
0.364705
0.424392
-0.140104
0.432701
0.351179
0.540572
0.376924
0.116379
0.122496
-0.493068
-0.275884
-0.335844
0.13044
0.0933622
-0.213515
0.157468
0.22729
-0.461432
-0.325108
0.345914
0.503586
0.217023
-0.256156
0.386623
0.270292
0.171398
-0.401196
0.207431
0.314245
0.425262
-0.0461351
-0.132481
0.00670934
0.446812
-0.360027
0.2972
0.466813
-0.163145
0.38339
0.234751
-0.222243
-0.0348458
0.163564
-0.334156
-0.402726
-0.775791
0.461986
0.210802
-0.0418151
0.34077
0.117699
-0.148932
0.0975156
0.140138
-0.0787189
0.0853798
0.322555
-0.0634743
0.179291
-0.429948
-0.309941
-0.468256
-0.375374
-0.0458432
0.278464
0.509606
-0.0942173
0.104557
0.278283
0.222318
0.00284974
-0.0587143
0.361869
0.459201
0.260507
-0.210013
-0.21046
-0.345205
0.0427701
-0.0225218
0.14868
-0.113587
-0.0952296
0.424052
-0.27281
0.314475
0.515242
-0.373758
1.05191
0.264571
0.356001
0.601554
0.362013
-0.514372
-0.445333
0.116277
0.379122
-0.27522
-0.195739
0.148559
0.133019
-0.21324
0.128819
-0.100376
-0.324441
0.0497265
0.016182
0.233049
0.291645
-0.449114
0.373043
-0.0428364
0.0344668
-0.163706
-0.20921
0.376299
-0.28519
-0.452721
-0.0781862
-0.29611
0.46068
-0.301486
-0.344036
0.0764445
-0.246429
0.200133
0.273973
0.495298
-0.119914
0.226014
-0.372718
2.30981
-0.457207
0.158257
0.0754497
0.15736
0.0381749
-0.26006
-0.0545741
0.0651485
0.180982
0.0318452
0.00839958
0.315747
-0.257306
-0.214367
0.0584319
0.54598
-0.291057
-0.222042
-0.187631
0.0479991
-0.181199
0.166895
-0.00729151
-0.094999
0.18966
-0.140352
0.0615447
-0.150645
0.32863
-0.0144108
-0.105662
-0.282503
0.235173
-0.0206202
0.476006
-0.191001
-0.497519
0.130689
0.538334
-0.41307
0.668592
-0.246628
-0.0327284
0.0548963
0.230812
0.0511204
0.265276
0.235484
0.20469
-0.35173
-0.0783409
0.173707
-0.283085
0.272278
0.388965
0.219098
0.350623
-0.227597
-0.121364
-0.15871
0.0197657
0.309258
-0.0751625
-0.264609
-0.197567
-0.130304
-0.0929626
0.116832
0.398939
-0.317385
0.0597768
0.16876
0.529785
-0.378434
-0.412242
0.11214
0.356555
-0.0384995
0.212362
-0.0990756
0.304534
-0.205862
0.232172
0.0617724
0.0126791
-0.3033
-0.255131
0.140214
0.219393
0.0657457
-0.172703
-0.0493039
0.532393
-0.111178
-0.0377206
-0.231609
-0.0613142
-0.449019
-0.156689
-0.119858
-0.249387
0.261847
-0.23728
0.320639
0.409152
0.424238
-0.080124
0.098728
-0.23538
-0.404687
0.314393
-0.45152
-0.118267
0.214675
-0.00631804
-0.168957
0.253675
-0.3991
-0.344008
0.0951051
0.319765
0.0559107
0.330596
0.114488
0.0414719
-0.163221
-0.22041
-0.421161
1.1966
0.392211
0.0768872
-0.0272049
-0.383248
0.018758
-0.227668
0.28217
-0.153878
0.103157
-0.0940214
0.197077
-0.0266993
-0.373471
0.327197
-0.0533361
0.395179
-0.158277
0.0522256
0.137078
-0.457169
0.27184
-0.223519
0.0798627
-0.513547
0.146392
0.294121
0.173845
0.253787
-0.524892
-0.578364
0.299589
-0.270074
0.0909728
0.147699
0.00623883
-0.41139
-0.262368
0.44095
-0.297904
-0.0245116
0.235048
-0.0137699
-0.21139
-0.397893
0.42569
0.173309
0.51731
-0.300389
0.287899
0.185319
0.181327
0.248212
-0.524966
0.411022
-0.00355736
0.0815676
-0.338653
0.24951
0.284919
0.113853
0.281174
0.167893
0.184321
-0.409557
0.293067
0.136041
0.32486
0.0749881
0.0283765
0.427646
-0.409331
0.503764
0.370051
0.415447
0.445329
-0.137531
-0.113967
-0.260587
0.495116
0.437815
0.26972
0.00461498
0.0508552
0.168695
-0.0757342
-0.474008
-0.419013
0.0628126
0.203445
0.0523151
-0.0424145
0.0315206
-0.404287
-0.369218
0.00459462
-0.386742
-0.162557
-0.468019
-0.295621
-0.0498328
0.226564
-0.119223
0.416674
-0.347051
0.0808989
0.408521
-0.400245
-0.308726
-0.472766
0.182156
0.19474
0.219453
0.409753
-0.180145
0.457611
0.172586
0.166772
0.440115
0.430393
-0.0697717
0.397469
0.330606
0.0131583
-0.128961
-0.0586066
-0.126225
-0.239755
-0.0316307
1.35413
-0.252732
-0.352735
0.463108
-0.214227
-0.102021
-0.20211
0.195393
0.334525
-0.277233
0.296727
-0.251909
0.260574
0.169525
-0.494414
0.187886
-0.442607
-0.515366
-0.331888
0.0580459
-0.516996
-0.407877
0.293086
0.286203
-0.174211
0.158063
-0.287968
0.0228756
0.380824
0.0128348
0.355328
0.0691557
-0.107265
-0.502333
-0.103241
0.34375
0.20959
0.478978
0.190317
-0.267627
-0.191942
-0.0614094
-0.501394
0.482532
0.109617
0.323297
-0.0110584
0.0156069
0.414835
-0.358109
0.0744503
0.164768
0.299424
0.473889
-0.220929
0.194805
0.367612
-0.00826529
0.254975
0.0620362
0.138449
-0.320304
-0.328859
0.549324
-0.185476
-0.0882208
0.409405
0.146142
0.00182293
-0.401201
0.43974
0.369289
-0.0631613
-0.281653
-0.183352
-0.162444
0.0616819
-0.448989
0.440215
-0.36762
0.119091
0.149026
0.166035
0.110594
0.0344287
0.265011
-1.34047
0.130021
0.327993
0.340677
-0.358144
-0.289126
0.0219807
0.322313
-0.0806695
0.310461
0.331321
-0.177637
0.0573522
-0.220317
0.276087
0.491727
0.0887138
-0.114709
0.198949
0.249359
0.01583
-0.426509
0.41143
0.338419
0.227835
0.437585
0.069874
-0.323249
0.179354
-0.259745
-0.134881
-0.0820437
-0.32743
0.458714
-0.100943
0.0524888
-0.218811
0.116105
-0.12856
-0.51707
0.334719
-0.210927
-0.0210214
-1.73995
0.290722
-0.29975
-0.271334
0.0620822
-0.0525732
0.0863692
-0.128991
0.25917
-0.421624
0.158237
0.253172
0.303555
0.379556
0.0593564
0.191649
-0.142571
-0.0304825
-0.223571
0.0990605
-0.0228214
0.0090452
0.273754
-0.113054
-0.160408
0.0405137
-0.0360281
-0.228368
0.267144
0.286287
0.300444
0.447056
-0.170557
0.0117937
0.462814
0.174088
-0.494242
-0.0340257
0.46161
0.380144
-0.238777
-0.0174865
-0.168818
1.62039
0.418718
-0.0737637
0.376912
0.045055
-0.281123
0.0287498
0.133806
0.200637
0.331307
0.116
-0.259624
-0.012441
-0.0751195
0.129568
0.133109
-0.281211
-0.321252
0.00407207
0.318185
-0.207156
-0.0998905
-0.408313
-0.0455401
-0.26263
-0.260613
-0.187213
0.1552
0.117138
0.371476
0.0712195
-0.213321
-0.0138442
0.343209
0.338819
-0.358868
-0.365202
0.227179
-0.0294759
-0.306049
-0.140156
0.145688
-0.115866
-0.777496
-0.503435
-0.15118
0.498901
-0.265626
0.038938
0.276419
-0.325165
-0.20116
-0.198098
0.065652
0.0633619
-0.184392
-0.0233811
0.0506956
-0.338959
0.215488
0.18121
-0.12377
-0.168507
-0.435929
0.475015
-0.175984
0.316022
0.237639
-0.300769
-0.037666
-0.340306
0.496161
0.0181985
0.432627
-0.275313
0.528472
-0.52071
-0.356911
-0.147965
0.0807858
-0.0970633
0.13522
-0.154724
0.22087
-0.148068
0.0616207
-3.73283
-3.80926
-0.234436
-0.041544
-0.0476465
0.00643269
0.0943494
-0.0808039
0.0354452
0.00329965
-0.0614738
-0.0950841
-0.0135815
0.114909
-0.0810425
-0.102097
0.11523
0.0948716
0.0592864
-0.0185166
0.025523
-0.088445
0.065266
-0.067561
-0.018708
0.0536265
-0.111561
0.00839691
0.0808024
0.127377
-0.0683679
-0.147669
0.0803174
0.137948
-0.0980837
-0.107682
-0.0945641
0.435275
-0.12855
0.419203
0.207416
0.247426
-0.0843006
0.429566
0.203305
-0.163032
0.130828
-0.0545001
0.113546
-0.43331
0.0570859
-0.304929
-0.419045
-0.245372
-0.40721
-0.127434
0.0738949
-0.14459
0.501236
0.113672
-0.151381
-0.350574
0.263715
-0.366093
0.48854
-0.104083
0.263088
-0.354048
0.481794
-0.363284
-0.151149
0.112873
0.460358
-0.241683
0.0986739
-0.0834886
0.590912
0.183327
-0.264848
0.0478347
-0.464024
-0.0675885
-0.656829
0.100723
-0.432529
0.395781
-2.19977
-0.666232
-0.5192
-0.305808
-0.177969
-0.0282238
0.0862978
0.0505104
0.253833
0.244193
0.0819085
-0.286729
0.196794
-0.0718002
0.0570513
-0.199023
0.390995
0.159209
0.174138
0.161661
-0.0943524
0.416262
0.0945314
0.601763
-0.0743203
0.352795
0.0959628
0.242056
0.380228
-0.13316
0.244093
0.46038
0.641459
-0.262126
-0.238534
0.15143
-0.0473254
-0.482097
-0.230363
-0.0125952
0.168565
-0.0475936
0.338389
-0.363938
-0.635117
-0.384357
-0.213755
0.407417
-0.2184
0.012227
0.0826495
-0.140551
0.225831
-0.352746
0.21134
-0.279246
0.243009
0.16577
0.619174
-0.185273
0.480688
0.24607
0.352327
0.166513
0.210887
-0.0930217
0.0614609
-0.153275
0.324052
-0.4302
-0.00348391
0.455668
-0.0461601
0.111321
0.0327147
-0.307085
0.0782246
-0.156157
0.265489
0.255411
-0.0244949
-0.570575
-0.164493
-0.0204728
0.411857
-0.489192
-0.024871
0.419953
0.0556812
0.0698476
-0.509005
0.116289
-0.30396
-0.40722
-0.0872701
0.0260038
0.259632
-0.337401
-0.555198
0.0102386
0.28603
-0.184721
-0.367168
0.0135763
-0.401879
-0.623361
-0.0188927
0.387132
-0.231329
-0.39891
0.309325
-0.386756
0.247981
-0.524814
-0.198221
-0.404732
0.229246
-0.167151
-0.425314
0.194271
-0.172939
-0.293349
-0.471801
0.288593
0.174546
0.19549
-0.345285
-0.165565
-0.230966
0.891013
-0.010601
0.677491
-0.111492
0.325546
0.0253199
0.409709
0.0816229
-0.253982
-0.252501
0.0610713
0.30223
-0.369565
-0.32515
0.585398
-0.396922
-0.314226
-0.0883146
-0.15288
0.355052
-0.0705799
-0.209118
-0.136433
-0.151327
0.357745
0.338642
0.0603931
0.34268
0.211203
-0.451408
-0.319789
-0.0642152
0.0718533
0.248564
-0.214374
-0.30655
0.32897
-0.199925
-0.0100614
0.299247
0.289225
-0.206585
0.269761
1.40821
0.740629
-0.250041
-0.398006
-0.227442
-0.0788695
0.38589
-0.0240785
-0.140938
-0.36481
0.418058
-0.162111
-0.403273
-0.0290511
-0.0729195
-0.518815
-0.247114
0.270971
0.187814
0.304179
-0.195346
-0.30318
-0.284437
0.0654756
-0.428115
0.163888
0.179684
-0.294039
0.304483
0.183028
0.150953
0.269534
0.271686
0.191673
0.165104
-0.206662
-0.105193
-0.0928802
-0.306434
0.39954
-0.0388773
0.289582
0.503179
0.052718
0.28908
-0.0508586
0.288802
0.136345
-0.412773
0.372283
0.329277
0.0106084
-0.0772343
0.0914975
0.0413119
-0.242879
-0.450546
-0.500684
0.275479
0.312539
-0.44856
0.379848
-0.146328
0.00840235
-0.22322
0.214963
0.215122
-0.059461
-0.185616
0.343307
-0.0427212
-0.278686
0.209021
0.405635
0.117539
0.378281
-0.145656
-0.176071
-0.466799
0.378454
-0.245236
-0.0714782
-0.00769581
0.148802
-0.194177
-0.199252
-1.07249
0.843122
-0.0466733
-0.14209
-0.197337
0.538382
-0.469632
-0.32864
-0.0853012
0.390332
0.268302
-0.127677
0.455349
-0.124507
0.109703
0.448516
0.424782
-0.357815
-0.145245
0.210675
-0.353123
-0.112999
-0.111011
-0.475618
-0.00555942
0.30119
-0.242369
-0.29836
-0.252903
0.248547
-0.116458
-0.204438
-0.0205774
0.448704
0.0528786
0.389132
0.111895
-0.168384
-0.438865
0.135761
0.415377
0.0337576
-0.397312
-0.714288
0.559032
-0.0597192
-0.179914
0.414144
0.536816
0.103465
-0.275448
0.189385
0.439958
0.141171
0.253733
0.559595
-0.286719
0.470493
0.188091
0.360291
-0.0710898
0.161951
0.132267
-0.0127477
-0.145108
-0.224246
-0.331065
0.34589
0.271338
-0.273611
-0.23511
0.0446119
-0.412798
-0.161229
0.185041
0.278919
0.333905
0.308432
0.0732463
0.198493
0.0753982
0.0128237
-0.199728
-0.225147
0.355538
-0.203015
-2.17318
0.184704
-0.0582533
0.43829
-0.389772
0.0904546
-0.260116
0.00367364
-0.132318
-0.477016
0.281842
0.159009
0.112608
-0.485137
0.439038
-0.0929565
-0.417048
-0.123859
0.052905
0.165282
-0.434103
0.167716
0.278634
-0.036464
0.058393
0.0422968
0.0133582
-0.129821
0.0747816
0.32919
0.166381
0.0605054
-0.081242
-0.39354
0.0843046
-0.157804
0.200899
0.152435
0.0666088
-0.24074
0.336443
-0.34987
0.259082
1.70595
0.573059
0.159267
0.527484
-0.0291004
0.339531
0.467435
-0.157391
0.00999153
-0.0610691
0.205653
-0.0596109
0.254264
0.277664
0.185557
-0.254712
0.335727
-0.25167
0.394249
-0.324492
-0.0885366
0.291299
0.000192143
-0.172249
0.386728
-0.0321496
-0.399306
-0.284985
-0.214482
0.319838
0.331202
0.213757
-0.164009
-0.391321
-0.140928
-0.097945
-0.199821
0.014685
0.0141153
-0.486626
-0.388795
0.25948
-0.0118245
-0.232394
-0.358362
0.0909471
0.395097
-0.422846
0.414951
-0.239218
-0.0935422
0.450971
0.416614
-0.216602
-0.112199
-0.0361092
-0.108514
0.339282
-0.486519
-0.427822
0.00920913
-0.145496
0.244696
0.447235
0.204253
-0.507454
-0.134372
0.29726
-0.311428
-0.283954
-0.174806
-0.266607
0.182012
-0.0432307
-0.384024
0.211721
-0.40585
-0.399048
-0.379227
0.231245
0.0406278
-0.260658
-0.295459
0.126974
0.378724
0.372322
-0.584145
-0.487106
0.327504
0.0800475
0.0715203
0.128956
-0.0375384
0.1063
0.219612
0.0471783
0.0106749
-0.449478
0.0286663
-0.0758409
-0.428779
-0.275945
0.0198121
-0.0830606
-0.324419
-0.443319
-0.429769
0.211605
-0.104865
0.382994
0.0786794
0.391212
0.101899
0.0528769
0.358192
-0.388681
-0.510975
-0.352454
0.153412
-0.0820576
0.262185
-0.458106
0.0684366
0.0994369
-0.130207
-0.129232
0.378358
-0.0993326
-0.463876
-0.459592
0.0780797
-0.0525498
-0.565993
-0.0640258
0.0608924
0.0561333
-0.0840101
-0.34097
-0.245875
0.347787
-0.0402317
-0.433103
0.393053
0.264778
0.42936
-0.0962398
-0.0250155
-0.0834922
-0.390588
-0.00015767
0.300071
0.0478383
-0.455158
-0.260193
0.41687
0.438362
-0.400915
-0.0247059
0.0785623
0.143879
0.000536084
-0.21402
0.271702
0.347247
0.159574
-0.429283
-0.266286
0.247346
0.417989
0.0281926
0.165985
0.0831412
-0.47653
0.428603
0.106764
0.264276
-0.2698
0.00339144
-0.253001
-0.381478
-0.182653
-0.11528
-0.414946
-0.381852
-0.0801247
0.288221
-0.165633
-0.00454266
0.200288
0.0487649
-0.263583
-0.334836
0.401435
-0.259689
-0.451748
0.427741
-0.128499
0.191631
-0.145026
0.507364
0.110151
-0.419499
0.00745119
0.403648
0.110113
0.314337
-0.381074
-0.0599728
-0.482372
0.169507
-0.37263
0.0569552
0.20712
-0.228521
-0.0460065
0.0352921
0.102275
0.342263
-0.082202
0.20672
-0.511209
-0.384937
-0.263146
-0.314112
-0.138466
0.432725
-0.554447
0.0464761
-0.136755
-0.431663
-0.355859
-0.38613
0.0916277
0.482178
0.387227
-0.393367
-0.359497
-0.535749
-0.0734541
-0.467572
-0.0769986
0.458658
0.210663
-0.228124
-0.137385
-0.289891
0.158896
-0.348919
0.0513652
-0.0590306
0.20006
0.180436
-0.0674289
0.0714847
-0.071476
-0.323739
-0.21283
0.341467
-0.13662
0.0300302
-0.190969
0.480123
0.377841
-0.154081
0.00757711
-0.275861
-0.539977
-0.287702
-0.147185
0.394382
-0.118878
-0.265502
-0.074104
-0.398465
0.330691
0.0536891
-0.195109
0.0613571
0.250127
0.453383
0.0812681
0.227368
-0.0591977
-0.312586
-0.327245
0.317861
0.0929551
0.226369
0.338519
-0.169898
-0.449467
0.461255
-0.458743
0.49535
-0.114254
0.36812
-0.468583
-0.0239771
0.0447306
0.028072
0.126485
-0.646099
-0.435312
-0.173574
0.313175
-0.00305956
-0.0864948
0.0110576
0.0551923
0.399228
-0.301209
-0.416891
-0.0193115
-0.348573
0.508048
-0.130925
0.44669
-0.421474
0.356688
0.406874
0.134959
0.26896
-0.446018
0.326473
0.184945
-0.506667
0.31388
0.443531
0.0123715
-0.136297
-0.201675
-0.35023
0.454907
-0.126063
-0.205033
0.0505418
-0.0535905
-0.14732
-0.0716832
0.19199
0.347945
0.544884
-0.0921299
-0.526076
-0.327838
-0.242939
0.220302
0.0700079
0.0750554
-0.017655
-0.216433
-0.431769
0.221864
-0.0284155
-0.227996
0.245275
0.311126
-0.54983
0.211002
0.090077
-0.15577
-0.442252
-0.015491
0.673427
-0.253843
0.445803
-0.115075
-0.310028
-0.190317
0.160777
0.165682
-0.207756
-0.178634
0.306214
-0.117468
0.348068
0.189231
-0.276507
0.2311
-0.172574
-0.0683309
-0.00393156
0.449922
0.05031
0.320447
0.088461
0.312593
0.449686
-0.061451
0.308506
-0.0525649
0.40042
0.212668
-0.263355
0.157381
0.220705
0.404855
0.081241
0.520155
0.136032
-0.403454
0.0704024
0.162567
0.351993
0.0107558
0.392911
-0.445101
0.289152
0.0354162
0.119466
0.159405
-0.271411
-0.0776801
-0.035896
0.275806
-0.16152
0.339002
-0.31004
0.324681
0.00280968
-0.232372
-0.237907
-0.469986
0.35989
0.352525
-0.21062
-0.0521933
0.268797
-0.186628
-0.181055
0.0155795
-0.228377
0.0948361
-0.377206
0.274707
0.180561
-0.103086
-0.169329
-0.239699
0.587964
-0.0891992
0.208479
0.426245
0.0878547
-0.535995
0.591377
0.449536
0.206016
-0.214503
0.57742
0.147171
-1.27013
-0.366786
-0.15037
0.335094
-0.0835321
-0.0565882
0.52136
-0.0845483
-0.428543
0.233457
-0.302632
0.425157
-0.366748
-0.41933
-0.296393
-0.488956
-0.470274
0.253441
0.472339
0.165971
0.372223
-0.358862
0.067571
-0.214831
0.146056
0.135075
-0.280016
0.371621
-0.379359
-0.223052
-0.183352
-0.21593
0.467628
-0.364898
-0.291918
-0.0821532
0.358467
-0.408737
0.0639968
0.0487334
0.38165
0.00225497
-0.337233
-0.287364
0.294858
-0.272258
0.0296024
0.112274
-0.449765
-0.190998
0.484702
-0.332411
-0.467523
0.308771
0.32646
-0.129415
0.348297
-0.142006
0.293916
0.111831
0.440651
-0.462055
0.294733
-0.0581213
-0.314132
-0.440473
0.208446
0.0547295
0.429224
0.00759117
-0.170773
0.0735243
0.300951
0.295588
-0.040117
0.0195522
0.336919
-0.469485
0.0180982
0.0839772
0.262439
-0.404304
0.286729
0.28189
0.303849
-0.127767
0.00411413
0.446949
-0.201368
0.353856
-0.330063
-0.237453
0.355828
-0.360074
0.18593
-0.511467
-0.541905
-0.170185
0.138264
0.137709
0.216657
-0.216622
0.157734
0.167538
0.514708
0.238696
-0.194769
0.344273
-0.0185976
0.013219
0.05772
0.455684
-0.265394
-0.394136
0.258412
0.198119
-0.265709
-0.278827
-0.0372746
-0.206871
-0.316967
-0.311314
-0.446792
-0.311559
-0.0549318
0.385629
-0.431511
-0.0258335
-0.0743276
0.0987458
-0.245851
0.223116
0.167586
-0.545672
0.393466
-0.251776
-0.382682
0.247697
-0.0220416
-0.479649
0.434595
0.358461
0.298735
0.0751379
-0.364724
-0.354765
0.122137
-0.138726
-0.414778
0.211879
0.0961511
0.381995
0.353715
0.108994
0.379832
-0.509883
-0.197479
-0.110085
0.00395086
0.265355
-0.189814
-0.123165
0.300231
-0.40476
-0.141713
-0.117245
0.258435
-0.511703
-0.240109
0.0537173
-0.172472
-0.347502
-0.141396
0.422619
-0.083667
0.0374366
-0.273173
0.112833
0.259427
0.173625
-0.289037
0.115175
-0.237645
0.122209
0.35152
-0.427738
-0.444963
0.0753986
0.277456
0.0455862
-0.0988581
0.00911569
0.171031
0.129459
0.343343
-0.167026
0.341577
0.459109
-0.0147222
-0.338232
0.420187
-0.311886
0.364276
0.215034
-0.262016
-0.37585
-0.363585
0.320283
-0.340776
0.0837213
0.341363
0.214935
0.00478641
0.436691
0.395059
-0.345963
0.156443
0.508109
0.166399
-0.453608
-0.393564
0.140862
-0.0181645
0.394958
-0.396619
0.0715939
-0.121122
0.18318
0.208594
0.289893
-0.00568218
-0.0278335
0.14983
-0.412033
-0.0936532
-0.281132
0.176013
-0.460161
-0.0514818
0.142948
-0.295075
-0.334298
-0.454566
0.274606
-0.00512765
-0.109514
0.225073
0.445515
0.0812121
-0.405188
0.425752
-0.0697499
0.362261
-0.479927
0.0503073
-0.113234
-0.0793961
0.472988
0.220316
0.335875
0.474495
0.10873
0.465694
-0.193587
0.015425
0.225681
0.186333
0.472405
0.343486
-0.435653
-0.343805
0.104902
0.262635
-0.325046
0.259508
0.429389
-0.233521
0.0743468
0.0076845
0.435084
-0.0300347
0.304007
0.183393
0.0218235
-0.151174
-0.254731
0.199327
-0.134765
-0.452661
0.0528994
0.197549
0.00416485
0.0666081
-0.258228
-0.198761
0.133324
0.150317
-0.387824
-0.291969
-0.154947
0.0505711
0.172773
-0.545278
0.200376
0.377925
0.127469
-0.285624
0.100254
0.791912
-0.550728
0.192074
-0.226958
0.469298
-0.125721
0.135503
-0.0220813
0.5154
-0.177935
0.201746
-0.214301
-0.0639448
-0.302892
0.0687613
0.34098
0.0641609
-0.306331
0.0298017
-0.130857
-0.457244
0.294852
-0.298804
-0.0284816
0.107094
-0.12581
-0.213601
0.271129
-0.256261
-0.193833
0.219838
-0.427872
0.235252
-0.138244
-0.132055
-0.0383494
0.412779
0.370617
0.173933
0.0781358
0.444211
-0.162137
0.158298
0.0381887
-0.257605
0.347813
0.450165
-0.116875
0.223253
-0.401594
0.0240801
0.321985
-0.0930791
0.550973
-0.440651
-0.560987
-0.0648998
-0.36433
-0.156593
-0.197121
-0.283521
0.284411
-0.41085
0.115428
0.049886
0.253487
-0.204541
0.292447
-0.286906
-0.0909983
0.284405
0.117353
-0.291095
0.325069
0.0990287
-0.464148
-0.302417
0.0257758
0.160753
-0.244059
0.356652
-0.370198
-0.131241
0.249145
-0.183463
0.427425
0.396961
-0.036045
0.378618
0.239586
0.0637772
-0.257342
0.17387
-0.417838
-0.418879
-0.0599062
-0.439495
-0.270821
0.468052
0.201107
-0.0170575
-0.347655
-0.0020235
0.232186
0.160969
0.50708
0.439014
-0.263989
0.0713056
0.0562928
-0.445797
0.32438
-0.0179041
-0.420589
0.303448
-0.120569
0.372665
-0.462884
-0.271918
-0.296909
0.351437
0.238935
-0.436046
0.246158
0.268267
-0.421922
0.0283213
-0.320271
0.281034
-0.427759
-0.301322
0.0810233
-0.355122
-0.0626075
-0.0170535
0.157575
0.302769
-0.143267
-0.102244
-0.370873
-0.118376
0.0887303
-0.131164
0.116395
-0.220251
-0.0444006
-0.0930767
-0.231251
-0.334624
-0.125222
-0.11853
-0.501942
0.154525
0.40289
0.375171
-0.421775
0.465165
0.256708
-0.289141
-0.284819
-0.346332
-0.154031
0.472269
0.168071
-0.269238
-0.120514
-0.0730417
-0.325247
0.412498
-0.0261175
0.114898
-0.0208449
-0.453987
-0.393422
-0.285191
0.060881
-0.326311
-0.370001
0.350398
0.109413
-0.00763717
-0.138331
0.151393
0.117033
0.29381
-0.405268
0.172403
-0.0764001
0.0715014
-0.123876
-0.533811
0.353183
0.00522236
0.421383
-0.0251894
0.022722
0.138038
0.6206
0.130502
-0.158355
0.16054
-0.163046
-0.285599
-0.506208
-0.240273
-0.207748
-0.390078
-0.300759
-0.879578
-0.246581
-0.062395
0.0183991
-0.0202901
-0.0897359
0.155263
0.239734
-0.104338
0.593938
-0.155688
0.186915
0.768246
0.0664276
0.638077
-0.433023
0.245127
-0.757487
-0.313815
0.010623
-0.252234
0.420249
-0.313493
-0.713366
0.0421841
-0.0752376
-0.0916221
-0.473862
-0.0348731
0.139645
-0.0807204
0.216111
0.154853
0.235204
-0.44738
0.153969
-0.215109
-0.088795
-0.182128
-0.329547
-0.542561
-0.111097
-0.000487533
0.228221
0.0512282
-0.490427
0.50348
-0.283136
0.326909
0.418873
0.127497
-0.101638
-0.261828
-0.0782637
0.0527192
-0.2796
-0.461984
0.22015
0.15777
-0.117179
-0.197679
0.193094
0.355345
0.221545
0.215915
-0.509451
-0.108755
0.5655
-0.450369
-0.139418
0.0736239
0.15925
-0.174566
-0.253442
-0.249056
-0.46067
-0.215942
-0.0492895
0.00858893
-0.164252
-0.0561904
0.383629
-0.134552
0.377345
0.0650696
0.308213
0.471891
0.252515
-0.365493
-0.319582
0.385421
-0.246748
0.168585
-0.227483
0.423332
0.53069
-0.269834
-0.175564
0.503028
-0.0377627
0.311703
0.107024
0.47743
0.373306
-0.184095
-0.178871
0.172081
0.102091
0.0972554
0.0663956
-0.247925
-0.338315
0.0393054
0.451017
0.42266
0.44161
0.0162217
-0.102233
-0.061752
0.166716
-0.0415346
0.0552213
-0.350263
-0.482459
0.17136
0.0755752
-0.366612
-0.207454
-0.0660163
0.226972
-0.327162
0.0511907
0.416164
0.340965
-0.00160531
0.190359
-0.101732
-0.45646
-0.138424
0.196442
-0.392793
0.113228
0.0817303
0.371846
-0.535522
0.443796
0.253073
0.0832927
0.266946
-0.447162
-0.290773
-0.217886
-0.117564
0.384897
0.241285
-0.442464
-0.320575
-0.233286
0.0997129
-0.0161493
-0.166233
0.336009
-0.0197417
-0.167906
0.366903
0.185706
-0.353486
0.53304
-0.286927
0.0271556
0.377235
0.215813
-0.276898
-0.0444791
0.37831
-0.0711344
0.128055
-0.0332966
0.144037
-0.0146664
-0.122249
-0.224707
-0.192947
0.485753
-0.137077
-0.100388
0.36466
-0.314328
-0.470775
-0.310141
0.504846
0.0579455
-0.0472836
0.379236
-0.101105
-0.15285
-0.235492
0.609864
-0.292312
0.0069727
-0.267005
0.121851
0.187246
-0.0352552
-0.0688252
-0.102862
0.35833
0.00113888
0.192411
-0.0449986
-0.110121
-0.354633
0.422702
-0.158507
0.294498
-0.383809
-0.0973949
-0.193816
0.198394
-0.128714
-0.271005
-0.459298
-0.458634
-0.134638
-0.198344
0.275122
-0.12109
0.152032
-0.314996
-0.111666
0.29188
-0.430311
-0.23651
-0.49718
0.137541
-0.357275
-0.386584
0.266528
0.0637943
-0.072506
-0.276934
-0.488316
0.434201
0.281015
-0.0760582
0.261144
0.381598
-0.390637
-0.310395
-0.328563
-0.200597
0.267466
0.163687
0.215146
-0.439617
0.12731
0.337575
0.530956
0.138213
0.0110056
0.280067
0.133164
0.212567
0.298736
-0.494364
-0.0804315
-0.0315
-0.209645
0.0729033
0.316626
0.42514
0.231253
0.191264
0.353335
-0.199857
-0.535965
0.230316
-0.0387992
-0.338189
0.234447
0.355522
0.227243
-0.300524
0.224251
0.335259
-0.389546
0.169231
0.0019396
-0.325845
-0.225997
-0.181981
0.039756
-0.282472
-0.108451
-0.474685
-0.0734637
-0.401155
-0.400256
-0.402564
-0.239866
0.224665
-0.239347
-0.164914
0.126162
-0.427539
0.0976493
0.240138
-0.503623
0.35548
0.476534
-0.347667
0.0905806
0.137086
-0.255721
-0.50983
0.290026
0.145616
-0.384717
-0.493566
-0.169719
0.140404
-0.469194
0.358306
0.491519
-0.421428
0.281365
-0.35184
-0.423177
0.0110517
-0.202881
-0.107759
0.429511
-0.2129
-0.361182
0.497509
0.465778
-0.442558
0.0742542
-0.101766
-0.282047
0.462083
0.169505
-0.17282
-0.320047
-0.281626
0.296003
0.274505
0.383793
0.303766
-0.319695
-0.158853
-0.124389
0.131415
-0.487585
-0.191705
-0.371503
0.338785
0.12365
-0.421362
-0.0929897
-0.497736
-0.0563341
-0.458513
-0.380188
-0.0451429
-0.364457
0.0660824
-0.14048
0.117802
-0.139002
-0.365009
0.100476
-0.230195
0.273902
0.0784555
0.0209219
-0.347416
0.256977
-0.294139
-0.394366
-0.0168283
-0.0349948
-0.142234
-0.186599
0.353863
-0.298456
-0.021
0.0576865
0.0211758
0.600295
-0.0568948
-0.119113
0.352547
0.330431
-0.107976
0.474595
0.373314
0.0975662
-0.238619
-0.330407
0.379156
0.0202583
0.319645
0.450875
-0.293061
-0.295743
0.494052
-0.0457756
-0.568246
0.493496
0.237577
0.379246
0.252238
-0.0342156
0.337756
-0.436829
0.226678
0.320076
0.190374
0.230051
-0.0141019
0.0674936
-0.490211
-0.0670674
-0.0558486
0.0174658
0.00111131
0.0662074
0.502907
0.0317252
0.238651
-0.458984
-0.315176
0.0451142
0.292159
-0.228045
0.168373
0.288296
0.0491046
-0.139767
0.235445
-0.459985
-0.304144
0.00150708
-0.400515
0.0777844
0.393847
0.44048
0.456217
-0.477805
0.0280617
0.425387
0.400377
-0.116691
-0.0118043
-0.238148
-0.113498
-0.284528
0.303804
0.0893654
-0.435246
0.106411
0.0598173
0.317549
-0.0441286
0.215398
-0.252238
0.107654
-0.396185
0.306708
0.230544
0.409308
0.246449
-0.307155
0.186373
-0.0801186
0.141518
-0.44854
-0.0321254
0.153955
-0.226663
-0.216305
0.221482
-0.365303
-0.220265
-0.266015
-0.452332
-0.392484
0.423192
-0.305801
-0.48294
0.489572
0.0648189
0.265975
-0.531074
-0.551571
-0.162173
-0.0352618
0.40577
-0.296995
0.0707015
-0.146297
0.265096
-0.338809
0.182337
0.400116
0.317414
-0.110395
-0.32911
0.386295
0.0117185
-0.0460401
-0.282012
0.309026
-0.301412
-0.280781
-0.30878
0.41345
-0.0874068
-0.418082
0.168865
-0.339167
0.440366
-0.431323
-0.177588
0.312892
-0.42752
0.420603
0.333079
-0.0375449
0.0279578
-0.278186
0.0719969
0.227081
-0.0704633
0.286799
0.178977
0.43827
-0.0838841
0.119745
-0.336501
-0.284272
0.0163897
-0.405168
0.161021
0.391407
-0.100505
-0.0564146
0.209011
-0.116004
-0.401104
-0.425051
-0.0357563
-0.397712
-0.213872
0.271856
-0.129959
-0.349741
0.249149
-0.0710695
0.33529
-0.476329
-0.367816
-0.390127
-0.342183
-0.18068
0.159305
-0.349233
0.00405482
0.0764191
0.454815
-0.0573127
0.277736
-0.169184
-0.435165
-0.0698217
-0.134418
0.0206726
0.3686
-0.420982
0.0794658
0.384277
-0.336952
0.533749
-0.255645
-0.188322
0.130678
0.419588
0.119845
-0.086258
0.27853
-0.1833
0.311327
-0.0602687
0.205547
-0.431067
0.268801
0.0959657
0.278578
-0.43206
0.0587753
0.413115
-0.432381
-0.0316133
-0.110869
0.142626
0.33147
-0.172521
-0.288023
-0.0581666
-0.339459
-0.308887
0.271569
-0.428341
-0.149451
-0.37468
-0.222436
0.00925328
0.287609
-0.321935
-0.454552
0.432222
0.257989
-0.417415
-0.369322
0.417746
0.364738
-0.227816
-0.45018
-0.264603
0.183917
-0.154883
-0.193668
-0.250461
-0.525347
0.0606913
-0.0553046
-0.155141
0.41618
-0.340211
-0.0497347
0.352106
0.471184
-0.432198
0.252611
-0.470735
0.283828
-0.353153
-0.128019
-0.407239
-0.254551
0.475119
-0.00964178
-0.0744564
0.360372
0.0466892
-0.011356
0.354218
-0.454746
0.484896
-0.0419087
-0.134865
-0.110715
0.386778
-0.195752
0.009991
0.258686
-0.0246731
0.343767
0.150292
-0.404456
0.388285
0.0122987
-0.489638
0.429657
-0.0677022
0.452163
-0.188984
-0.348732
0.0681212
0.290601
0.334594
0.388791
0.0869384
-0.346991
-0.0974606
-0.291501
0.165551
-0.500501
0.413811
0.137882
0.157597
-0.0700485
0.173377
0.457151
0.0242698
0.421493
0.071317
-0.230704
-0.0316993
0.500104
0.423571
0.503611
0.665592
0.267227
0.566254
0.533989
-0.295401
0.0351217
-0.345815
-0.233406
-0.0379042
0.375631
-0.481232
-0.289003
0.350212
-0.179246
-0.282237
-0.234979
-0.308647
-0.229264
-0.057675
-0.313954
-0.123316
0.229014
0.322717
0.648459
0.35041
-0.259204
0.480998
-0.191437
0.401472
-0.169163
0.177072
0.325776
0.317385
0.229022
0.0300503
0.29977
0.0125929
0.00560922
-0.173706
0.176733
0.184049
0.281716
-0.277418
-0.40077
-0.542061
0.139835
0.284962
-0.0771237
-0.209127
0.276379
0.256744
-0.363756
-0.430861
-0.119949
-0.0886786
-0.0708618
0.459378
-0.346063
-0.299515
0.156324
-0.292073
-0.127187
0.251627
-0.304054
-0.0230346
-0.402737
0.132582
-0.503305
-0.326295
0.467656
-0.0871583
-0.558624
0.422974
0.0789622
-0.107957
0.247373
-0.316309
0.000171328
-0.0455035
-0.00579758
0.297045
0.230119
0.433085
0.200477
-0.264533
-0.100453
-0.0784871
0.137442
0.601584
0.055193
0.182637
0.513987
0.270586
-0.21915
-0.414754
0.0207075
0.335004
0.304836
0.147473
0.486345
0.158117
0.650984
0.346226
-0.327727
-0.470221
-0.181144
0.0797836
0.621554
0.140267
-0.238983
0.368493
-0.296125
-0.0841447
-0.20606
-0.219695
-0.470397
-0.0911554
0.187445
0.33096
-0.0505972
-0.0253354
-0.00248487
-0.340177
-0.175641
0.2224
0.392282
-0.256806
-0.18405
0.4827
-0.254392
0.0045777
-0.0891771
-0.295989
0.265322
0.0192194
-0.433623
-0.335154
-0.0557223
0.415345
0.109294
0.419282
-0.178433
-0.295395
-0.335911
-0.350515
-0.0375769
-0.230016
0.22578
-0.309556
-0.4825
-0.402208
0.0865913
0.142226
-0.235156
-0.462099
0.278008
0.493111
0.0866604
-0.417889
-0.272583
-0.205374
0.19487
0.20888
-0.478986
-0.144151
0.284621
-0.285346
-0.0913302
-0.0562901
-0.17154
-0.735343
0.241343
-0.0867167
-0.535041
-0.356181
-0.314762
0.16848
0.11622
-0.3108
-0.398827
-0.203947
0.144515
0.385993
-0.304282
-0.321118
-0.106772
-0.250325
-0.0834954
0.428021
-0.337393
0.224881
-0.332388
0.190144
0.14373
0.0823774
-0.442114
-0.485333
0.286046
0.257062
-0.327785
-0.179754
0.47381
0.468626
0.129312
-0.0475195
0.0850303
-0.152551
0.0401981
0.145707
-0.0915487
-0.214481
-0.246727
-0.123761
0.427448
-0.180302
-0.498024
-0.156137
0.140362
-0.307256
-0.485737
-0.480925
-0.650774
-0.120713
-0.542205
0.130779
0.0800165
0.0749219
-0.397423
0.183876
0.276646
-0.0824391
0.202975
0.149739
0.0161273
0.19488
-0.260816
0.289793
0.104588
0.0053243
-0.204989
0.367969
0.0442281
-0.167903
0.0589212
-0.379771
-0.383064
-0.254703
0.404153
-0.295581
-0.0636482
-0.548799
0.0600509
0.331127
-0.300425
-0.158956
-0.17228
-0.641882
0.482111
0.579606
0.0353286
-0.238408
0.456267
-0.0747009
-0.238925
0.282957
0.147714
-0.0931417
0.358616
0.488536
-0.0371693
0.000668582
-0.158405
0.406802
-0.276399
-0.0512143
0.0455541
-0.0290777
-0.659008
0.219636
-0.325094
0.385942
0.198341
0.443345
0.175384
0.268844
-0.218733
0.196347
-0.0217788
-0.164711
-0.053628
0.122775
-0.0226099
0.460039
0.237821
0.173815
-0.157425
0.38872
-0.0182189
-0.00577116
0.213896
-0.209702
0.25559
-0.1088
0.0862118
-0.0674927
-0.1503
-0.467869
-0.00500919
-0.0518506
0.0568385
-0.325005
-0.246416
-0.379378
-0.242591
-0.28015
-0.118089
-0.240607
0.210479
-0.448901
0.0953157
0.423058
0.302089
-0.293331
-0.455342
-0.404603
-0.353581
0.120033
0.111177
-0.0678903
-0.476202
-0.162917
-0.22689
0.413893
0.0279981
-0.0225399
-0.136011
-0.41808
-0.238052
-0.186063
-0.0221897
-0.467829
0.107469
-0.633771
-0.669333
-0.312726
0.607487
-0.127851
-0.352103
-0.111969
-0.30338
-0.100018
-0.687083
0.370684
0.184353
0.0471156
-0.424123
0.480015
0.339112
-0.0403083
0.118081
-0.174181
-0.351268
-0.159563
0.454607
-0.218218
-0.17718
0.150484
0.140521
-0.255324
-0.400258
0.294152
0.396372
-0.625174
-0.49701
0.00703201
-0.055537
-0.0198087
0.376169
0.268432
0.248404
-0.31309
-0.432217
-0.0992274
-0.282956
-0.44025
0.110889
0.270726
0.190811
-0.56685
0.563673
0.637979
-0.0483618
0.110085
0.281086
0.559092
0.0182324
0.467415
0.165609
-0.125415
-0.0143025
0.34732
-0.0736796
0.212432
0.429975
0.462071
0.210906
0.514719
0.645136
0.533752
-1.0509
0.495501
-0.416778
0.140787
-0.386504
0.565539
-0.0300502
0.446203
-0.62735
-0.235651
-0.116971
0.571662
-0.0552863
0.0310932
-0.0574348
-0.132783
-0.165786
0.329786
-0.335968
-0.220214
0.527109
-0.231237
0.0547735
0.0995083
-0.244163
0.27514
0.141556
0.0206113
0.0496887
-0.431477
-0.296959
0.378166
-0.545927
0.324941
0.205646
0.0179466
0.52667
-0.177447
-0.0649853
-0.176708
0.0624578
-0.276188
0.44314
0.209493
-0.161811
-0.22051
-0.101642
0.57059
0.312513
0.078499
0.313802
0.24192
-0.26794
-0.044677
-0.00905451
0.180429
-0.366442
-0.258897
-0.122015
0.190913
-0.14811
-0.0314634
-0.439869
-0.331032
-0.238911
0.344833
0.507012
0.377651
0.308405
0.191814
-0.182949
0.366982
-0.113765
0.0621736
-0.283476
0.309013
0.214036
-0.17851
-0.22376
-0.193934
-0.456143
-0.474678
0.424307
-0.520498
0.165459
-0.239924
-0.264897
0.366443
-0.460073
-0.255945
-0.331277
-0.28187
0.153021
-0.160353
-0.0700978
0.110546
-0.169074
-0.275245
-0.553231
0.305286
-0.0364765
0.445828
0.0245927
0.0289101
0.151265
0.280941
-0.141922
-0.118119
0.193169
0.230175
0.330834
-0.514195
-0.0857201
0.146614
0.220158
-0.149146
0.301972
0.0868244
0.353702
0.0415923
0.0962917
0.519006
-0.393602
0.211552
0.230021
0.0114993
0.238826
0.193814
0.201625
-0.386773
0.079686
0.00255215
0.685735
0.47333
0.14558
0.392214
0.0195605
0.45534
-0.361609
0.374268
0.256402
-0.407989
0.341471
0.25573
-0.421413
-0.246631
-0.174272
-0.431048
0.340291
0.00732733
0.348789
0.21297
0.486212
-0.813969
-0.095894
0.00304996
0.117881
-0.26956
-0.00515601
-0.0152459
0.447316
-0.150012
0.278659
-0.00587733
-0.0266052
0.457083
-0.0810822
0.0305664
-0.136512
-0.198139
0.0753758
0.353968
-0.0641868
-0.0649049
-0.162949
0.114365
0.0410752
-0.457528
-0.14953
-0.255584
0.103037
-0.666811
-0.221229
0.622428
0.0572734
-0.467655
-0.00595846
-0.251842
0.046934
0.766443
-0.429898
0.169764
-0.330554
0.565443
