#input normalization
0.160548 0.269441
48.754 51.4952
10.5141 38.5801
8.39842 31.9027
0.0115995 0.0431177
0.00931595 0.0331574
0.52601 1.31785
0.823961 1.14631
1.01646 1.32786
1.23048 1.51654
1.47696 1.68552
1.73 1.83539
1.9743 1.96587
2.21076 2.0781
2.43718 2.17557
2.63908 2.23007
2.83415 2.26984
3.01462 2.27938
3.15896 2.26461
3.28283 2.21551
3.38211 2.15303
3.46272 2.06189
3.51676 1.96916
3.54752 1.85503
3.5578 1.72878
3.54351 1.58884
3.49301 1.43749
3.43716 1.27838
3.34482 1.10378
3.22632 0.928516
3.11259 0.760479
2.99202 0.585453
1 -1
1 -1
#output normalization
1 0
#neurons weights
0.121675
0.11895
0.14853
0.344013
0.326141
0.251173
0.103271
-0.357811
0.483224
-0.210206
-0.327611
-0.250863
-0.496232
0.282829
-0.465549
0.338821
-0.408521
-0.149491
0.0246347
0.157741
-0.317476
0.0244302
0.239617
-0.256376
-0.0742623
0.388663
0.181328
-0.450611
0.492455
0.221639
-0.0834713
-0.169866
0.253645
0.0928401
0.343934
0.219365
-0.433137
0.333778
-0.25473
0.394917
-0.159747
0.565491
0.00601079
0.362615
0.266965
0.102062
-0.1278
-0.196072
-0.564821
-0.293746
-0.1182
-0.203571
-0.296402
0.187199
-0.135349
0.123177
0.248117
0.0721295
-0.791103
0.267762
0.0918809
-0.0883067
0.469929
0.464775
-1.98629
-0.559738
-0.647227
0.208937
0.0387606
-0.206129
0.295613
0.356271
-0.420719
-0.15719
0.13334
-0.471389
0.432054
-0.0571608
-0.430759
-0.0298165
0.263213
-0.102882
-0.179969
-0.112165
0.181725
-0.441534
0.178766
-0.0442461
0.200808
-0.197069
-0.281948
-0.233162
-0.280715
0.108176
-0.460481
0.821297
0.124353
0.515406
0.0933567
-0.535407
0.153427
0.351571
0.468384
0.133869
#synapses weights
0.352383
-0.326883
-0.309473
0.19998
0.0388097
-0.352041
-0.0975305
0.148163
-0.207326
0.269571
0.595534
-0.30783
-0.380457
-0.250467
-0.198498
0.222401
-0.419315
-0.314483
0.113729
-0.2874
0.407763
0.144636
0.375677
-0.0301301
-0.41595
0.337651
-0.363397
-0.32063
-0.411199
0.15098
-0.18628
0.0289584
0.365742
0.179257
0.0480272
0.405275
0.239122
0.0941478
-0.37321
-0.0453855
1.19525
-0.400601
0.212247
0.0203795
-0.494822
-0.128566
-0.235798
0.316257
0.0771905
-0.0789362
-0.117352
-0.0296822
0.110312
0.290714
-0.348107
0.662962
-0.372839
-0.205988
0.0639858
-0.512852
0.185442
-0.317629
-0.263249
0.257411
0.112511
0.0398484
-0.372046
0.200042
0.260304
0.195436
0.0495293
-0.418165
-0.0847032
-0.0730101
-0.547435
0.0550995
-0.0929457
0.484992
0.427569
-0.376304
0.0941714
0.256969
0.0213147
0.0233659
0.0150904
-0.19056
-0.308455
-0.302063
-0.222629
0.0872023
-0.50907
0.237273
0.0283619
0.177097
0.0788743
-0.169158
0.0318891
-0.269654
-0.153619
0.409893
-0.288516
0.373038
0.271602
0.240628
-0.0642657
0.570458
-0.252783
0.410183
-0.591813
0.199827
0.132039
0.297785
0.37938
0.210038
0.312617
0.158347
-0.269978
-0.348048
-0.331711
-0.397679
0.156338
0.0336215
-0.37807
-0.358941
0.412779
-0.382502
-0.059024
-0.112265
-0.368755
-0.348656
0.467271
-0.183369
0.0343761
0.111445
-0.214903
0.458041
-0.280099
-0.482483
0.329916
-0.400169
0.286708
-0.483294
-0.649273
0.350479
-0.432037
0.225349
0.268155
-0.319752
-0.215369
-0.429306
0.0245708
0.0168046
-0.15808
0.00621791
-0.513538
0.389175
0.247993
0.306928
-0.462807
0.294517
0.286589
0.23232
-0.309072
-0.268473
-0.212723
0.0729491
0.111514
-0.340735
-0.3374
-0.221391
0.320078
-0.378464
-0.450175
-0.0903764
-0.407752
-0.106646
-0.354361
0.496163
0.114524
-0.0023663
0.116358
-0.326074
0.473418
0.386522
0.580378
0.298106
0.514792
0.321376
0.155003
0.203281
-0.388872
-0.045047
-0.0575324
0.186256
-0.162316
0.309671
0.266291
0.333842
-0.269021
-0.345997
-0.0424119
0.466034
0.475926
0.100844
-0.399637
-0.258282
0.0893038
-0.378541
-0.172127
-0.284951
-0.470435
-0.352986
0.284817
-0.435845
-0.337554
0.221801
-0.000757181
-0.218353
0.560887
0.47998
0.216824
-0.297047
0.097475
0.202981
-0.0200852
0.289916
-0.0343139
0.104323
0.194807
0.260388
-0.573812
0.0383095
-0.158429
0.158491
-0.141766
-0.130529
-0.170862
0.326355
0.0865669
0.342202
-0.226297
0.288804
0.261096
0.0737432
1.65804
-0.113691
0.825011
0.453996
0.0854
-0.0753081
-0.16236
0.305749
-0.14413
-0.0288864
-0.176938
0.122526
-0.38337
-0.253367
-0.145363
0.213909
0.410508
-0.176077
-0.458847
-0.296096
-0.161449
0.240413
-0.224337
-0.259921
-0.150662
0.165388
-0.308724
-0.358513
-0.272378
-0.445068
-0.112311
-0.476022
-0.518399
-0.0384722
0.22095
-0.668707
0.0445492
-0.166948
0.165384
-0.336197
-0.0145092
-0.368672
-0.0184587
-0.144812
-0.130434
0.127063
-0.0243266
0.062512
0.187816
-0.279154
0.353894
0.277683
-0.472044
0.179656
-0.00712714
0.294567
0.474726
0.235153
-0.324941
-0.256868
0.224283
0.390551
0.441611
0.0131121
0.169185
-0.335595
0.41561
0.472039
-0.718925
-0.00716716
-0.120839
0.0204699
0.290516
-0.335685
-0.0561977
0.320789
0.035105
-0.326917
0.116484
-0.272296
-0.294535
-0.315371
-0.319154
-0.122817
0.450924
-0.302186
0.45654
-0.0671399
0.310449
-0.346074
-0.167517
0.114892
-0.143939
0.371418
0.303518
0.262578
-0.497724
0.525246
-0.0196914
-0.0710747
0.290881
-0.282776
0.554869
-0.606448
0.0365098
-0.063734
-0.367859
-0.567356
0.0617882
0.147911
-0.211067
0.0970343
-0.0669838
-0.290961
0.169081
0.389629
0.244607
-0.256499
-0.119014
0.242106
-0.0359149
0.375739
-0.336336
0.2367
0.0719266
0.00589162
0.0397049
-0.395631
-0.3005
0.464929
0.00270453
-0.299758
0.46217
0.0193904
-0.100558
0.377898
0.409991
0.303983
0.00478683
0.000585628
-0.0738448
0.266775
-0.446176
-0.371158
0.15101
0.0416341
0.436299
-0.261345
-0.332232
0.0559893
0.101743
0.253061
-0.318878
-0.122972
0.460155
-0.274936
-0.311408
-0.0615777
0.223313
-0.222397
-0.554788
0.255535
-0.167
0.466124
0.00950197
0.249392
0.114281
-0.431769
0.00577811
0.0469486
-1.01872
0.37265
0.300418
0.112078
-0.425395
0.160295
0.146698
-0.277169
-0.267904
-0.318621
-0.150107
0.0278904
0.125353
-0.0365502
0.0851928
0.198779
-0.316104
0.00200783
0.375056
-0.195131
0.392784
-0.0669086
0.0131542
0.480644
-0.298232
-0.270585
0.159583
0.0450167
0.0685186
0.190289
0.0305963
-0.131683
0.393195
-0.303766
-0.300913
-0.323645
0.372744
0.378106
-0.26488
-0.258676
0.483603
-0.150077
0.289849
0.302286
-0.281613
0.319344
-0.0492386
0.0911578
-0.304218
-0.550355
0.196786
-0.527572
0.241935
0.271391
0.0102629
-0.26589
-0.30534
0.335116
0.452878
-0.128799
0.259467
0.412084
0.0873553
0.563925
0.26316
-0.360745
0.182369
0.103523
1.10439
-0.550564
-0.0486568
0.042328
0.216342
-0.0662543
-0.41394
0.306548
0.216014
-0.349021
-0.0536453
-0.287342
-0.126238
-0.360548
0.163387
-0.0625283
-0.316253
-0.272627
0.259226
0.217123
-0.300206
0.0755588
-0.181588
0.200289
-0.275855
0.150356
-0.24066
0.345357
-0.196548
-0.216791
-0.194122
0.342774
-0.243913
-0.297817
0.890144
0.204124
0.415437
0.461818
-0.25322
0.33866
0.068985
0.308952
0.156424
-0.162623
0.416087
0.165368
0.291675
0.232533
-0.131942
-0.37482
0.442973
-0.0166868
0.502605
-0.327904
0.21914
0.079847
0.392487
0.347276
-0.185654
-0.0697634
0.402359
0.179033
0.159788
0.422599
-0.175194
-0.227776
-0.198826
-0.0730876
1.28108
-0.337463
-0.268477
0.31568
0.194806
-0.0266639
0.361006
-0.404117
-0.357107
-0.210698
0.242024
-0.0370494
0.0224963
0.013966
0.225988
-0.340032
-0.0646472
-0.345567
-0.10021
-0.0660699
0.261158
-0.252995
-0.0833479
0.195821
0.149875
-0.26801
0.0387625
0.0240039
0.426656
-0.28773
-0.107874
-0.274419
0.446861
-0.268501
0.787547
0.422109
0.178531
-0.185429
0.0564427
-0.357068
0.0453838
-0.021024
0.183024
0.332997
-0.0505243
-0.00172508
-0.151363
0.231502
-0.146719
-0.165803
-0.30482
-0.118874
0.0337094
0.203711
0.321076
-0.549912
0.124303
0.0968078
0.380284
0.253805
-0.23852
0.16905
0.224327
0.184259
-0.0315593
0.342285
-0.20034
0.0400884
1.1265
0.0406748
-0.400112
-0.140366
0.154671
0.561549
-0.371731
-0.0234478
0.387139
-0.0602504
-0.17377
-0.173671
0.147918
0.194995
-0.0356582
-0.446469
0.000191393
0.0681325
0.253019
-0.147193
-0.085107
0.057263
0.290119
-0.0910431
-0.468217
0.154202
0.315244
0.405529
-0.405784
-0.404959
-0.0826768
0.547212
0.239327
-0.205997
-0.631003
-0.425346
-0.249293
0.441707
0.0878522
0.207694
-0.379749
0.040426
0.133752
-0.11982
-0.286756
0.259045
-0.293177
-0.364496
-0.398204
-0.0232767
-0.151598
-0.480634
-0.116584
0.11544
-0.450445
0.472727
0.320086
-0.119239
0.0122045
-0.275281
0.350364
0.365398
0.23017
0.337648
0.200932
-0.174568
0.0916486
0.108568
1.02912
1.01318
0.328217
0.109007
-0.0224115
-0.115805
-0.150743
-0.0338812
-0.194898
-0.337965
0.161123
0.179645
-0.322128
-0.248585
0.363907
0.134767
-0.0231055
0.368415
-0.120262
0.262814
-0.151996
0.237927
-0.191866
0.0166492
-0.0177396
-0.199564
0.0753324
0.303926
0.231035
0.240614
0.0098885
-0.306657
-0.0723982
0.27363
0.415384
0.230138
0.367748
-0.33673
0.218092
0.366995
0.0646304
-0.50133
-0.536999
0.217569
-0.159482
-0.306768
0.15096
0.297564
-0.0335828
0.346617
0.332249
-0.0728152
0.414938
0.318303
-0.387186
-0.105132
-0.0507229
0.263812
-0.409093
-0.409522
0.457186
0.15132
0.362902
0.197884
0.192332
-0.154884
-0.0700527
0.312716
-0.661274
-0.275838
0.163551
-0.238468
-0.251128
-0.397221
-0.530828
-0.467327
-0.167106
-0.291989
-0.0503833
-0.18947
0.197805
0.0424297
-0.125404
-0.40852
-0.344519
-0.199519
-0.234155
0.376243
0.391016
-0.5286
-0.0222845
0.260433
-0.51184
0.0764755
-0.183117
0.344853
-0.0307647
-0.303419
0.161097
0.119159
-0.469995
-0.231945
0.406377
-0.497233
-0.0117698
-0.185726
0.030525
0.159298
0.280339
-0.405657
0.197899
0.104109
0.209691
-0.149068
0.0510626
-0.340076
-0.090206
-0.365683
0.0499151
-0.20602
-0.0901019
-0.117998
0.134763
-0.00465143
0.473222
-0.125936
0.269983
-0.217689
0.12843
-0.204627
0.224488
0.0461543
-0.189833
0.0314401
0.325306
-0.00439485
-0.453428
0.568678
0.628021
0.286492
0.180813
-0.363429
-0.274826
-0.186811
0.292899
-0.429206
0.44019
-0.335617
0.0430846
-0.0964686
-0.436217
0.214414
0.416096
-0.308755
-0.114455
0.286659
-0.38476
-0.000759312
0.26643
-0.340899
-0.00257751
0.309013
-0.422359
0.0183463
0.276993
0.1913
0.210754
-0.192516
-0.119342
-0.153101
-0.445005
-0.616299
-0.55852
-0.120773
-0.247722
-0.46407
0.179288
-0.228921
0.0953554
-0.312787
-0.0648816
-0.0404287
-0.420354
-0.231346
0.213383
-0.330175
-0.0251539
0.181975
-0.0168128
-0.332758
-0.197982
0.0452622
0.152786
-0.349687
0.140562
0.196685
-0.153756
0.00848295
-0.151089
-0.379218
0.193546
0.435963
0.101366
-0.0806615
0.131805
0.00029776
-0.0811104
-0.0594303
0.607424
0.524004
-0.239547
-0.154997
0.489619
0.339655
-0.173157
0.37414
0.362318
-0.183405
-0.176836
-0.0766959
0.332965
0.532946
0.246164
0.371624
-0.367312
-0.00293793
0.403946
-0.261027
-0.318325
0.24669
-0.223179
-0.298766
0.268719
0.510567
-0.259244
0.406186
0.455543
-0.0652261
0.744895
-0.163355
0.1242
0.108025
0.510608
-0.462157
0.279406
-0.476853
-0.0985684
-0.070996
-0.299344
-0.289644
0.316957
-0.34226
0.101073
-0.305186
0.092167
0.33351
-0.213591
0.0978169
0.488883
0.144561
0.456334
0.102835
0.0370319
0.118654
0.450911
0.0500105
-0.0836149
-0.489507
0.581472
-0.225642
-0.0513816
-0.173621
2.30125
0.60693
0.0281913
0.150484
0.0965098
-0.180348
0.349042
-0.106336
0.067379
-0.169185
0.108656
-0.146035
0.0435207
-0.175821
0.0295033
-0.247126
0.137418
0.301256
0.114789
0.151147
-0.536476
-0.14761
-0.107888
0.0438026
-0.603889
0.0286221
0.476238
0.499957
0.350763
0.0811391
0.0377763
-0.209828
0.250603
0.301771
-0.633506
0.0695932
0.194251
-0.216043
-0.00853624
-0.323548
-0.380272
0.152987
-0.162839
0.0576371
0.327519
0.179512
-0.272518
0.237411
0.292347
0.3778
0.292416
-0.525255
0.145421
-0.0916549
0.423986
0.411368
0.301165
0.417932
0.200286
0.0324683
0.046116
-0.37974
-0.166044
-0.0829756
-0.14758
0.207948
-0.141745
0.0249634
-3.85708
-3.81807
-0.211347
0.0125988
-0.0887677
0.0138523
0.0483678
0.0279636
0.0209634
0.0669885
-0.0396118
-0.0785729
0.00550169
0.0716088
-0.0257055
-0.0491101
0.0089358
0.051066
0.0906182
-0.094978
0.139943
-0.0741289
0.0364573
0.0151091
-0.0158662
-0.0190863
-0.214311
0.221625
-0.330391
0.276999
-0.300476
0.113062
0.31875
-0.0901113
-0.857062
0.0733524
0.08854
-0.0866847
0.311343
-0.167351
-0.422934
-0.403656
0.21411
0.500093
0.0934847
-0.000803853
-0.286162
0.0539948
-0.00797602
0.107661
-0.150472
0.178807
-0.0448266
-0.227606
-0.339743
0.348651
0.358057
-0.279687
-0.315041
-0.2252
0.222826
0.201788
-0.416759
0.30683
-0.241443
0.186127
0.0271889
0.0250103
-2.08433
0.00158484
-0.366329
-0.583704
0.230777
0.147932
-0.410482
-0.0373074
-0.338032
-0.100123
-0.259651
-0.290322
0.224013
-0.278658
0.395983
-0.223872
-0.19797
0.294707
-0.18375
-0.0168193
-0.362435
0.0421157
0.0431138
0.300724
0.159974
0.197025
0.269066
0.253862
0.250842
-0.248762
0.407673
-0.277697
-0.0498776
0.0309719
1.89605
-0.306189
0.252645
-0.0905466
0.352397
0.116082
-0.115655
-0.109391
0.109899
0.0407736
0.114734
0.141585
-0.198191
0.188664
0.0460094
0.11798
-0.0667011
0.566605
-0.0526963
0.243242
0.0715089
-0.0999246
-0.236133
-0.100708
0.0366758
0.170831
-0.212045
0.430273
-0.0821455
-0.382076
-0.165986
0.291177
-0.321623
-0.0348965
-0.480131
0.0828602
0.308484
-0.307507
-0.216746
-0.0936272
-0.27745
0.0621089
0.0365627
-0.0174986
0.19388
0.232164
0.383481
0.106621
0.384316
-0.53463
-0.373098
0.0843366
0.0753503
-0.270903
-0.142379
-0.362128
-0.463387
-0.162671
0.47679
-0.100924
-0.0779075
-0.270932
-0.000942488
0.418744
-0.0392898
-0.526108
-0.387997
-0.210747
-0.254297
0.401278
0.434719
0.154295
-0.119043
-0.234159
-0.0765768
0.10108
0.541774
-0.160387
0.10458
0.461584
0.159301
0.0817926
0.179582
0.562866
0.329107
-0.18033
0.548272
0.0193143
0.164819
-0.0869338
-0.274791
-0.0911007
0.868591
0.230064
-0.127443
-0.238446
-0.0174542
-0.260207
0.228899
0.435271
0.139913
-0.210042
-0.502676
-0.181745
0.800708
-0.0469875
-0.107074
0.176043
0.318029
0.0941146
0.567993
0.540525
0.48141
0.406883
0.293506
-0.245004
0.24885
0.351488
0.0812005
-0.445207
0.38977
0.102641
-0.429166
0.208327
0.621561
0.456768
-0.277307
-1.17089
-0.342968
-0.190888
0.245131
0.12773
0.178857
-0.285124
-0.0770426
-0.100943
-0.114427
0.19616
-0.471411
0.346363
0.198974
0.348625
0.311654
0.0752211
0.46191
0.21587
-0.348616
-0.209516
-0.307986
0.380796
-0.0692113
-0.0693544
0.360746
-0.101385
0.192784
-0.0737521
-0.128103
0.0652587
0.336932
-0.443351
0.27155
-0.345137
-0.430581
0.429042
0.342547
0.323179
-0.343697
-0.491415
0.212093
0.166914
0.0479965
-0.315657
0.469963
0.258388
-0.039689
0.367004
-0.00806782
0.254753
-0.477256
-0.18632
0.125146
0.336271
0.0452832
-0.334897
0.254683
0.055508
0.232085
0.0394731
-0.00342043
0.203914
-0.206911
-0.0511413
-0.420362
0.417561
0.338226
-0.432798
0.461065
-0.115896
0.378829
0.0236563
-0.4112
-0.402305
0.212551
-0.184087
0.297006
-0.0535511
0.0836679
-0.313906
0.226304
0.139957
0.244433
0.18783
0.323981
-0.0738144
0.412078
0.48099
0.485902
0.173938
-0.0558808
0.139744
0.243015
0.35079
0.118859
-0.101092
-0.0160762
-0.132574
-0.165589
0.27153
0.193913
0.378765
0.186082
0.462596
0.371801
0.243599
-0.0338213
-0.34355
-0.123121
-0.318159
-0.306408
-0.425092
-0.0533055
-0.137438
0.365929
-0.431619
0.481886
0.223441
-0.35079
-0.184982
0.170965
-0.0120018
0.167805
0.145014
0.0361896
0.27377
0.437263
-0.156625
0.45322
0.351251
-0.268172
-0.250659
0.273241
-0.142923
-0.302476
-0.159388
-0.0535443
0.456247
0.0199732
0.399858
0.316081
0.316804
0.178272
0.320546
0.0788085
-0.31164
-0.392333
0.152082
-0.0809146
-0.0639812
0.0169443
-0.0505115
-0.170632
-0.434319
-0.108967
-0.318774
0.065669
-0.207414
-0.419815
0.332369
0.105418
-0.198064
-0.0904103
-0.487846
0.316772
0.389166
-0.191933
0.248725
-0.399716
-0.267439
-0.410971
-0.223672
0.445407
-0.381775
-0.462788
-0.00124507
0.493538
0.453469
-0.0776259
0.517157
0.129752
-0.153714
0.499443
-0.0892184
-0.30452
-0.45429
-0.308761
0.45337
0.152255
0.197757
0.359208
-0.301856
-0.357197
0.381212
0.320489
0.27548
0.212029
-0.251882
0.530309
-0.230207
0.149804
-0.120836
0.421208
-0.300081
0.323507
0.0496426
-0.00177922
0.139162
0.35141
-0.182772
-0.379422
-0.300736
0.341287
-0.101216
-0.171286
-0.438806
0.0818735
-0.166536
0.140538
0.211272
-0.36025
-0.403641
0.212888
-0.433134
0.107244
-0.277299
-0.0137947
0.103093
0.0994831
0.14849
0.300673
-0.063967
0.211615
0.401701
-0.244644
-0.464409
0.421162
-0.376986
0.246667
-0.296304
-0.508682
-0.0415367
-0.412604
-0.176066
-0.336158
-0.0925553
0.184949
0.0922873
0.250531
-0.128405
0.0681471
-0.293179
0.169217
0.445204
-0.0851602
0.443707
-0.10071
0.540721
0.0964976
0.387987
0.0737171
0.00116839
0.0193326
0.541828
0.00830268
-0.112153
-0.39079
0.140567
-0.331745
0.324022
0.0404943
-0.00562825
0.0998764
0.314915
0.0913191
0.201514
-0.0456375
-0.260975
-0.0871023
0.180543
-0.122663
0.176086
0.182109
0.343408
0.0851048
0.312299
-0.0823529
0.169599
0.295919
0.14672
-0.176667
-0.368644
0.448756
-0.352555
0.125638
0.15433
-0.215534
0.189338
-0.101076
0.24081
0.265029
-0.145125
-0.472454
0.230784
-0.533057
-0.603252
0.266442
-0.518535
-0.430385
-0.0750677
0.127519
-0.52081
0.309481
0.394295
-0.351643
0.258221
0.227481
-0.0707702
-0.0316757
0.330674
-0.40986
-0.145266
-0.17611
0.486021
0.376398
0.300187
0.439871
-0.211367
0.122436
-0.375083
-0.180279
0.190752
0.00662435
-0.147358
0.19657
-0.20887
-0.209758
-0.215468
-0.398342
-0.171511
0.0347646
-0.223182
0.2604
0.182163
-0.212035
0.189323
-0.127477
-0.353876
0.461434
-0.44579
0.568273
-0.36318
0.105089
0.378795
0.400034
0.191678
-0.0507514
-0.27125
-0.267983
0.464314
0.410541
0.0252568
0.0656324
-0.383762
-0.390669
0.0694879
0.144116
0.0393615
0.0715481
-0.0465396
-0.408287
-0.195834
-0.372949
0.245362
-0.473484
0.439867
0.490881
0.405285
0.408537
0.314044
0.0198146
-0.0588604
0.457773
-0.202308
-0.115234
0.324936
0.049661
0.427291
0.37343
0.0479825
-0.0444921
-0.383132
0.202507
-0.290443
-0.429704
-0.342329
-0.487212
-0.524504
0.029303
-0.0841515
-0.368536
-0.20951
-0.443013
-0.500841
-0.504634
-0.429339
-0.417022
-0.335242
0.152076
-0.0349015
-0.3487
0.408667
-0.495258
0.445961
-0.136574
-0.107373
-0.497481
-0.229631
0.486357
0.106522
0.343713
-0.293583
0.315969
0.319119
0.0973864
-0.350569
0.134875
-0.21743
0.271715
0.482879
-0.403346
0.144279
0.12697
0.506418
-0.0455532
-0.19789
0.398735
0.354456
0.262811
0.324935
-0.349489
-0.54072
0.19128
-0.0166976
-0.574507
-0.17481
-0.0882468
-0.0408265
0.249192
-0.268743
0.217605
0.334836
-0.320688
0.4205
-0.0159849
0.373065
0.418384
0.310246
0.466757
0.193512
0.679047
-0.349393
-0.315294
-0.502275
0.0805669
-0.0514252
0.614797
0.392608
-0.320591
0.464013
0.314744
-0.631183
-0.147797
0.536057
0.0998889
0.753067
0.0817922
0.68002
-0.300158
0.369083
-0.173355
-0.118073
0.608786
-0.725495
0.0275549
0.266359
-0.172001
0.308287
-0.348612
-1.26776
-0.199157
-0.622276
0.751464
-0.417044
0.37681
-0.0317571
-0.150956
0.185159
-0.0932877
0.0413145
-0.127898
0.551988
-0.145399
-0.171299
-0.233521
-0.348088
0.276602
0.30654
-0.166549
0.387776
0.337115
0.288322
-0.066758
-0.0771418
0.558634
-0.407918
0.0489196
-0.35602
-0.149422
-0.398524
-0.114613
-0.406503
0.534232
0.167765
0.631615
0.0950362
0.102202
0.449636
-0.145845
-0.324552
-0.341416
0.479766
0.292195
-0.332957
0.225884
0.180648
-0.160491
0.191613
0.186299
0.15863
0.190184
0.0402879
0.293831
-0.142584
-0.344557
-0.418644
0.282953
-0.00101905
0.453747
-0.185507
0.229323
0.631687
-0.213762
-0.297594
0.187015
0.138785
-0.33442
0.162774
-0.273359
-0.197908
0.212197
-0.288818
0.148867
0.208557
0.473625
-0.307838
0.144446
0.0435525
0.0716386
0.237756
-0.0561873
-0.127345
0.449761
-0.299289
0.343391
0.268397
-0.48007
0.391929
0.199515
0.447956
0.343161
-0.114761
0.409877
0.157826
0.37594
-0.13331
0.168555
-0.468858
-0.19545
0.0661391
-0.0859516
0.269123
-0.02941
-0.424972
-0.325535
-0.196639
0.351712
-0.456065
-0.24601
0.368278
-0.441098
-0.436826
0.338546
0.447939
0.128698
0.276388
-0.0563592
-0.261303
-0.140984
-0.411879
-0.440885
0.0819739
0.242323
0.27537
0.107714
-0.0906094
-0.414716
0.25427
0.12108
-0.00303996
-0.427799
-0.26014
-0.238892
-0.133005
-0.334336
0.437982
0.299329
-0.510293
-0.190383
0.0857555
0.0132783
-0.328449
-0.0985798
-0.0901255
-0.0243376
0.244047
-0.345436
-0.197392
-0.0608713
-0.308635
-0.153251
-0.392319
0.0332695
0.0452932
0.189304
0.151134
0.0969346
0.221846
0.0570238
-0.437976
-0.66232
0.0931075
-0.5686
0.131666
-0.112919
-0.144201
0.264095
-0.148152
0.0677816
-0.0674794
0.525797
-0.0812538
-0.738832
-0.0693392
0.65479
-0.214869
0.0750918
-0.364748
-0.352651
0.183253
0.547538
0.0299237
-0.559074
-0.13233
0.128524
0.130267
-0.29039
-0.157109
-0.369596
-0.318512
-0.0286504
-0.55393
0.0944204
0.381739
0.00403079
0.300856
0.463788
0.00463918
-0.451856
0.0243007
0.389175
-0.195944
0.0639758
0.0254045
0.210761
-0.276487
-0.150577
-0.00207534
-0.581897
0.174594
0.0302634
-0.270594
0.275991
-0.228383
-0.339034
-0.521328
-0.369823
-0.209252
-0.230567
-0.0159801
0.164516
-0.506489
-0.333157
0.241013
0.113598
-0.263752
0.0545822
-0.512608
0.181941
-0.23942
0.145307
-0.40607
0.125009
0.285842
-0.527242
-0.380428
-0.0173851
0.0991472
-0.525959
0.31724
0.544571
-0.545879
-0.307691
-0.161721
0.611219
-0.0309282
0.0174074
0.168941
-0.0118052
0.109989
0.00655191
-0.160551
-0.456482
0.19487
0.388585
-0.214759
0.417516
0.0326679
-0.307339
-0.256033
0.0460549
0.268376
0.218723
-0.243309
0.24281
0.0290594
-0.33393
0.307902
0.0815896
0.387909
-0.39999
0.142507
0.386047
-0.0410111
0.259281
0.0595344
0.38747
0.257781
0.235079
-0.519706
0.243601
-0.215264
0.0624128
0.0350229
0.342055
0.28913
0.424145
0.17665
-0.204815
0.521076
0.351769
-0.22271
0.176345
0.440861
0.0298063
0.208069
0.0393379
0.426913
0.032434
0.436248
0.0737196
0.0492009
0.488313
-0.41355
-0.0174056
0.267406
0.0928632
0.182026
0.60138
-0.0283382
0.161875
0.653396
0.0745874
-0.0526988
-0.138548
-0.357185
0.438637
0.413413
-0.31785
0.245269
-0.472478
0.0903244
0.232341
0.0680372
0.435358
-0.442639
-0.387771
-0.65565
-0.322469
-0.565988
0.295627
0.558721
0.191972
-0.637863
0.00950271
-0.482523
-0.231094
-0.629149
-0.216776
0.561119
-0.178997
0.447283
0.189843
0.215701
-0.261894
0.14006
-0.126248
0.210319
-0.0645974
0.969811
0.087827
0.263233
-0.280463
-0.120821
-0.00113766
0.51245
0.384626
-0.0870647
-0.350655
-0.214116
0.209742
0.44628
0.41804
-0.0405792
0.289685
-0.202784
-0.158521
0.206285
0.594315
0.365798
0.576196
-0.161073
0.406879
-0.185288
0.377746
-0.319629
-0.127351
-0.118365
0.259409
-0.218068
-0.290851
0.209831
0.501337
-0.298987
-0.379483
-0.214437
0.338173
0.239011
-0.0173333
-0.338268
-0.201742
0.0770528
-0.0178294
0.395953
0.40689
-0.348001
-0.206076
-0.209819
-0.306534
0.499523
0.418941
-0.372889
0.10116
0.0924131
0.349734
0.156588
-0.245728
0.0899168
-0.527886
-0.0307672
0.323732
-0.231612
-0.341915
0.122568
0.346266
0.25696
-0.188212
0.0149834
-0.117684
0.449179
-0.613229
0.107626
-0.164203
0.179065
0.287539
0.142528
0.286963
0.0494089
-0.234502
0.20202
0.391917
0.238005
-0.121952
-0.0306278
0.443401
0.562587
-0.294881
-0.412671
0.0710307
0.424971
-0.355907
0.468206
0.506182
-0.343783
0.170849
0.35469
-0.193067
-0.30534
-0.343785
-0.352678
0.27976
-0.34775
-0.23687
-0.0822523
-0.122692
0.25065
0.421501
0.189673
0.0985361
0.382017
0.190766
0.00113043
0.30882
0.0550339
0.102068
-0.277276
0.15128
0.464827
0.283735
0.0420827
0.147924
0.114222
0.394184
0.167245
0.27528
0.580875
0.334252
0.410946
0.227141
-0.236208
-0.0220852
0.375875
-0.368367
-0.136922
-0.322061
0.0790298
0.0912588
0.58824
-0.398292
-0.826181
-0.184208
-0.316739
0.342531
-0.421246
0.286379
-0.608561
-0.0867836
0.314745
0.130896
-0.103149
0.069804
-0.546574
0.11142
0.225887
-0.0492115
-0.301391
-0.367998
0.217231
-0.531672
0.157017
-0.474139
0.193964
-0.0758019
0.34767
-0.383554
-0.383619
0.165595
-0.119585
0.546892
-0.41239
0.143652
0.242388
-0.261934
-0.370609
0.94014
0.182687
-0.359037
-0.0533013
0.0673883
-0.295773
-0.54784
0.278684
-0.00115507
-0.010535
0.466723
-0.0805099
-0.351771
0.239356
-0.490239
-0.434338
-0.413829
-0.0550551
0.217585
-0.259538
-0.330957
-0.0171809
0.350205
-0.290912
0.380475
-0.578832
-0.324162
-0.0276675
-0.0419074
-0.300847
-0.34953
-0.288732
-0.408569
-0.234417
0.192065
0.741004
-0.525931
0.137973
-0.568185
-0.0210264
-0.402608
0.1904
-0.302782
-0.108624
-0.103862
-0.279569
-0.160263
-0.491925
-0.0909787
0.479722
0.449658
-0.284211
-0.430333
-0.191687
-0.0414168
-0.300909
-0.529883
-0.0520794
0.326445
0.0131327
0.270978
-0.282693
0.119664
0.444269
0.208831
0.280022
0.338049
0.078094
0.52366
-0.176602
-0.127802
0.185412
-0.541543
-0.454336
-0.27172
0.41095
-0.507304
-0.381707
-0.171188
-0.345407
-0.149532
0.127079
-0.0158871
0.152628
-0.1088
0.343128
-0.466645
0.0299095
-0.305937
0.264056
-0.536942
-0.443744
-0.187779
-0.237923
0.367498
-0.336593
0.215282
-0.0110654
0.212346
0.147876
-0.00314709
0.219347
0.296784
0.34165
-0.367958
-0.332348
0.447471
0.162301
0.39522
-0.14917
0.435134
-0.645324
-0.193108
0.0856239
0.441842
0.334623
-0.00121462
-0.14751
-0.400811
0.322412
-0.152997
-0.432416
-0.17153
0.194186
-0.311795
-0.890899
0.361812
-0.224283
0.243323
-0.00507483
-0.127684
0.485956
0.385203
0.27098
0.148356
0.527309
-0.0430903
0.0295493
0.223103
-0.0631234
0.224317
0.2462
0.190142
-0.0634564
