#input normalization
0.160547 0.269438
64.3766 59.5316
10.4336 39.3512
8.39625 32.2047
0.0117703 0.0437018
0.00928977 0.0331949
0.52601 1.31785
0.823961 1.14631
1.01646 1.32786
1.23048 1.51654
1.47696 1.68552
1.73 1.83539
1.9743 1.96587
2.21076 2.0781
2.43718 2.17557
2.63908 2.23007
2.83415 2.26984
3.01462 2.27938
3.15896 2.26461
3.28283 2.21551
3.38211 2.15303
3.46272 2.06189
3.51676 1.96916
3.54752 1.85503
3.5578 1.72878
3.54351 1.58884
3.49301 1.43749
3.43716 1.27838
3.34482 1.10378
3.22632 0.928516
3.11153 0.763094
2.98535 0.603665
2.85542 0.455468
2.7088 0.310791
2.56201 0.17409
2.42284 0.0454989
2.26875 -0.0723995
2.13826 -0.178038
1.99733 -0.27396
1.8622 -0.364877
1.72921 -0.445283
1.62029 -0.512972
1.49571 -0.578128
1.37986 -0.637372
1.26643 -0.689392
1.15266 -0.739653
1 -1
1 -1
#output normalization
1 0
#neurons weights
0.368844
0.268773
0.452098
0.493091
-0.354713
-0.0785177
0.0188635
0.174795
-0.196135
-0.37945
0.300755
-0.397465
-0.309825
0.0562096
0.152058
0.482631
-0.127995
-0.351807
-0.00779319
0.35939
0.0728527
0.445328
-0.16834
-0.366471
-0.394985
0.193455
0.111146
-0.105185
0.432298
0.167887
-0.307822
0.482631
-0.0561987
-0.389188
-0.481317
0.0994807
-0.0952666
-0.0359395
0.0539645
0.139015
0.0888742
-0.411416
0.310667
0.165533
-0.327835
0.178339
-0.295717
-0.362844
-0.475733
0.260093
0.227589
0.19037
-0.378127
-0.29271
-0.0757108
-0.172591
0.0424403
0.262754
0.339555
0.0200456
0.0699364
-0.164052
0.198081
-0.227885
-0.501608
0.389142
-0.173984
0.0169346
0.390049
0.141774
0.403111
0.0768766
-0.00629584
-0.266822
0.0523161
0.0839379
-0.340181
-0.161096
-0.729187
0.373713
0.377187
-0.118964
0.573758
-0.286986
0.0995285
0.716176
-0.343068
-0.453457
-0.0624899
-0.343511
-0.359049
0.531792
0.442654
-0.226857
0.460899
-0.0965098
0.0369414
0.028719
0.352771
0.416667
0.286209
0.364409
-0.329208
-0.36239
0.462284
-0.300782
-0.509499
0.0584277
-0.431771
-0.207351
-0.495364
0.0599346
0.336255
-0.586685
0.169681
0.0117554
0.256635
0.383104
0.301816
0.0428493
-0.206944
0.376437
-0.393782
0.58019
-0.257354
0.107234
0.236562
0.240747
-0.370008
-0.317211
-0.137683
-0.459933
-0.257477
-0.302234
-0.0840742
0.334299
-0.123412
0.164748
0.169981
-0.322996
-0.401015
-0.199819
0.116901
0.449604
-0.220146
0.0863717
#synapses weights
-0.0133385
0.0507105
0.387475
-0.347705
-0.11995
0.482064
-0.507464
-0.580821
-0.255491
0.294457
0.130475
-0.384647
0.0833627
-0.165885
0.448652
-0.313502
0.135739
-0.151347
-0.0863644
-0.442076
-0.281396
0.369093
-0.315639
0.131725
0.099475
-0.48167
-0.346913
0.324126
0.382822
0.316264
-0.279185
-0.124446
0.278232
0.471346
0.422279
0.03284
-0.284675
0.251267
0.386543
0.263747
-0.504041
-0.192606
0.147809
0.361362
0.321537
0.0362674
0.215808
0.448347
0.252143
0.421522
0.121979
0.142805
0.209744
0.46089
0.236342
0.0222688
-0.353691
0.249029
-0.336943
0.495845
0.264688
0.51768
0.362991
-0.236076
0.21372
0.365605
-0.110145
-0.200929
-0.33685
0.550901
-0.00516364
0.263507
-0.0399388
0.253262
0.122749
0.390463
0.193224
0.142965
0.325177
-0.142946
-0.429517
-0.262919
0.251445
-0.216706
0.444172
0.315742
0.0221514
-0.364798
0.2168
0.245981
-0.432901
-0.26547
0.0504219
-0.131638
0.274253
-0.151602
0.400486
-0.378908
0.499118
-0.383895
-0.283647
-0.00971338
-0.128817
0.626895
-0.272571
0.519067
0.00861018
0.00400578
0.313533
0.129806
-0.110575
0.294999
0.274097
0.144111
0.0953961
0.142152
0.372307
-0.230183
0.356316
-0.0835385
-0.503199
0.145348
-0.111603
0.298598
-0.182343
0.111453
-0.110955
-0.328036
-0.418387
-0.301651
-0.200231
-0.0398666
0.278127
-0.0349581
-0.206741
-0.34507
0.101842
0.0415069
-0.0781793
-0.248069
0.354328
0.356581
-0.379573
-0.456052
-0.41581
-0.253499
0.0987753
0.0212082
-0.0325137
-0.181821
0.66085
-0.750842
-0.098764
0.177068
0.147642
0.0110634
0.0285428
-0.124315
0.215553
0.00724546
-0.0724752
0.450803
0.0159815
0.245485
-0.378958
-0.184923
-0.0137853
-0.153736
0.0326764
0.235466
0.264485
0.26746
0.353049
0.109939
-0.43518
0.345369
0.130217
0.24204
-0.26875
-0.520408
0.252198
-0.2573
0.123037
0.309641
0.0759888
-0.256209
-0.443823
0.354098
-0.0448029
-0.379455
-0.0182057
-0.257947
0.343289
-0.392231
-0.318058
0.0996987
-0.251595
0.124923
0.43963
0.408324
-0.168821
0.482511
-0.0261222
0.127669
0.313806
0.00483239
-0.420654
0.227086
-0.361133
0.219787
0.142982
0.433149
0.319969
-0.060338
0.125906
0.281224
-0.326122
0.00845742
0.297245
0.0959246
-0.0236952
-0.25511
-0.381787
0.350607
0.0910999
0.297725
-0.0904216
-0.200214
-0.300991
0.361918
-0.280929
0.0851298
0.358443
-0.201828
-0.395142
-0.491629
-0.40428
-0.335227
-0.247345
-0.362805
-0.0343866
0.110883
0.21693
-0.458272
0.0240461
0.382525
-1.08479
-0.128261
-0.141482
-0.253889
0.436774
-0.261601
-0.269961
-0.239999
-0.0466904
-0.417089
0.26082
-0.212419
-0.478934
-0.0179816
0.130331
-0.235343
0.0476554
-0.35898
0.152047
0.340048
-0.148736
0.154539
0.0990323
0.391225
0.431463
0.291789
-0.206758
-0.0582368
0.307542
0.136448
-0.497225
-0.484029
0.110685
0.103251
0.0796277
-0.476542
0.375709
0.44308
-0.270096
0.0713022
-0.327407
-0.25265
0.180751
0.20036
0.0535313
-0.196704
-0.0581412
0.247652
-0.752085
0.324211
-0.435407
-0.44331
-0.455716
0.175848
0.267693
0.4566
-0.358596
-0.40305
-0.376908
-0.2276
0.309109
0.276846
-0.0658444
0.0207415
0.300229
0.343541
0.046842
0.407286
-0.0783141
-0.188037
-0.118429
-0.207785
0.447526
-0.141611
-0.306105
-0.101119
-0.245406
0.321263
-0.334376
-0.308465
0.00710184
-0.209333
0.383265
0.0998834
-0.17807
-0.0811746
0.218618
0.140417
-0.165434
0.192347
-0.340196
-0.124361
0.190848
0.133587
0.331243
0.215944
-0.385605
0.367723
0.240368
0.0307309
-0.0391445
0.273565
-0.276833
0.0663336
-0.348604
0.480861
-0.0555095
-0.0468315
-0.460581
0.190426
0.0993974
0.156448
-0.0237644
0.325531
-0.306446
0.19261
0.167893
-0.0430372
-0.253922
0.184987
-0.230536
0.30175
-0.10033
-0.0978929
0.327425
0.144192
-0.104704
-0.153941
0.0779984
0.333462
-0.0346377
0.325222
-0.2321
0.2217
-0.239138
-0.291955
-0.0734038
0.0612677
0.237232
0.316679
-0.286173
-0.0312822
0.19158
-0.0898349
1.26093
1.53619
0.453334
-0.169756
0.330299
0.221032
0.0649484
0.103132
-0.162389
0.127884
-0.308485
-0.302809
0.301514
-0.19202
0.402615
-0.253617
-0.122526
0.235901
-0.110779
0.0670547
-0.0749579
-0.355261
0.27863
0.0718876
0.239963
-0.0271462
-0.305663
-0.319752
-0.00744773
-0.354328
0.425483
-0.108929
-0.192788
0.342022
0.312095
-0.0672782
-0.157412
-0.225121
0.108589
-0.094713
0.0589099
0.329182
-0.283197
0.361043
0.533203
0.135657
-0.0855207
-0.230112
0.558237
-0.528125
-0.016592
-0.147519
0.129638
0.127142
0.423964
-0.0088932
-0.355513
-0.0856188
0.277167
-0.266348
0.1716
-0.28413
0.0486174
-0.0489389
0.133077
0.270859
-0.0672161
-0.0544445
0.114486
0.314238
-0.0519884
-0.0212968
-0.185415
0.0124201
0.328079
0.183463
0.246069
0.080995
0.0237795
-0.283288
-0.442852
-0.117152
0.37127
-0.174536
-0.354747
0.0375432
0.1568
-0.355169
-0.173996
0.272474
0.182124
0.435719
0.110956
-0.21989
0.098387
0.0234964
0.67463
0.974571
1.16812
0.764296
-0.0669168
-0.184352
0.109857
0.210052
0.0709059
0.26637
-0.338014
0.234026
-0.395878
-0.14008
-0.216782
-0.159698
-0.153151
0.130785
0.323521
0.335135
0.368061
-0.0970676
-0.223016
0.00033561
-0.451848
0.0399986
-0.39718
-0.00185954
-0.0766688
0.317953
-0.0218779
0.155195
-0.329188
-0.208083
0.20387
0.252705
-0.0706407
-0.0391412
-0.153514
0.19783
-0.0154199
-0.228908
-0.0484956
-0.436244
-0.158763
-0.284662
0.101899
-0.246978
0.382768
0.171769
0.00361376
0.168055
0.431258
0.200683
0.0358498
0.395497
-0.316798
0.225769
0.0758671
-0.0100299
-0.106142
0.402946
-0.472288
0.220618
-0.279753
0.174328
-0.081283
0.240619
0.211031
-0.1322
0.222029
-0.210465
0.22019
-0.489142
0.386036
0.288255
0.392646
-0.0275569
0.297485
0.218473
-0.232861
0.0184408
0.141821
0.31352
0.231533
-0.261773
0.0889437
0.356517
0.314517
0.131054
-0.00845564
0.362365
0.517301
0.0334607
-0.127114
-0.0609602
0.940635
0.449614
-0.00628485
-0.252186
-0.153734
-0.230723
0.106897
0.0676836
-0.389004
0.323912
-0.245601
0.252996
-0.256605
-0.163912
-0.10124
0.4019
-0.201517
-0.292855
0.0146953
-0.153714
0.313969
-0.381516
0.19216
0.115758
0.0777032
0.140523
-0.190824
-0.0366696
-0.260264
0.221514
0.00687649
0.107754
0.392218
-0.325443
0.362793
0.200067
0.0168547
-0.0272178
-0.247259
-0.386058
0.0395543
-0.241089
0.189892
0.212571
-0.4002
-0.099318
0.369306
-0.170736
-0.0639748
0.594687
0.182468
0.42497
-0.00359125
-0.476789
-0.396033
-0.332064
0.424042
-0.316399
0.0924655
-0.354758
0.0326921
-0.0971703
0.0748128
0.203764
0.194244
-0.399079
0.341626
-0.308931
-0.333909
-0.102052
0.308532
-0.2952
0.192256
0.0798036
0.00928814
0.18172
-0.0264439
0.357758
-0.0346375
-0.0260774
-0.461917
-0.0190535
-0.282402
0.102786
0.39435
-0.0948134
0.428297
0.0952164
0.181347
0.0906517
0.150152
0.268671
0.348155
-0.315402
0.389741
-0.511263
-0.075938
-0.364195
-0.396971
-0.387282
-0.347168
-0.411045
0.0771518
0.313339
-0.176064
-0.268854
-0.346083
0.17167
-0.40458
-0.00175787
-0.137377
-0.481385
-0.208638
-0.357113
0.10974
-0.19789
-0.318152
-0.011426
0.470163
-0.412496
0.402709
0.331272
0.44905
-0.0503577
-0.390103
-0.183789
0.396524
0.17304
-0.412197
-0.0527987
0.513644
0.133223
-0.256047
-0.352832
0.544306
0.116102
-0.444805
0.366103
-0.314441
-0.103665
-0.0226675
-0.0337378
-0.294768
-0.112714
0.167591
0.507195
-0.428358
-0.231262
-0.240451
0.146975
-0.220646
-0.384336
-0.0340541
0.407063
0.272634
-0.370094
-0.373956
-0.109561
-0.495412
-0.150258
0.0131458
-0.522541
0.418692
0.184375
-0.0826952
0.152393
-0.504121
0.106573
0.222652
-0.403483
0.386967
-0.0564569
-0.382046
0.227381
-0.116204
0.34959
-0.177921
-0.277472
-0.390002
-0.0833373
0.00449527
-0.405316
-0.199104
-0.471638
-0.0868177
0.0868562
0.491432
0.381524
-0.307692
0.0454877
-0.306683
0.329067
-0.648556
-0.180423
-0.0644626
0.415341
-0.154125
0.0741171
0.0251006
-0.0545878
0.322087
0.0750921
0.189815
-0.331796
-0.35711
0.358006
0.132621
-0.0714382
0.417385
-0.12754
0.260998
0.440397
-0.189747
0.141195
-0.287473
-0.49155
-0.297726
-0.363949
-0.352942
-0.442111
-0.484937
-0.190063
0.39568
-0.525414
0.257768
-0.401381
-0.0988446
-0.0287992
-0.159787
0.233722
-0.436062
-0.125784
0.237378
0.451384
-0.359634
-0.0368387
-0.495562
-0.124122
0.372228
-0.127395
-0.610412
0.173394
0.580744
0.174806
-0.177536
0.434643
0.311347
0.0124366
0.324025
0.383277
0.0346421
-0.111136
-0.341643
-0.325098
0.233678
0.316965
-0.326431
-0.176125
-0.414567
0.28006
-0.112007
-0.210133
0.124791
-0.232051
-0.366981
0.544146
0.271526
-0.0662031
-0.117654
-0.33788
-0.154043
0.236564
-0.258175
0.11554
-0.39898
0.417318
0.157102
0.113819
-0.136111
-0.23214
0.239974
-0.447094
-0.290424
0.329193
-0.373041
0.0798493
0.397673
0.0668602
0.770535
0.240592
0.479038
-0.279332
-0.104553
-0.0128468
0.0197264
-0.190459
0.172909
-0.482834
-0.282782
0.406218
-0.410184
0.348238
-0.441628
0.00148962
-0.016944
0.316701
0.190627
0.0036474
0.0234819
-0.35481
0.000366152
-0.53735
0.0116139
0.191467
-0.233936
-0.271916
0.207318
-0.0828053
0.125627
0.0932815
0.17454
0.240412
0.0117813
0.351749
0.229107
0.2215
0.00849507
-0.168611
0.476762
0.315577
-0.0974348
0.126972
-0.359587
-0.327201
-0.089322
0.496426
-1.46993
0.418199
-0.195614
-0.33423
-0.342049
-0.236606
0.274264
-0.190017
0.107734
-0.17146
0.385585
-0.0478941
0.475523
0.186269
-0.378639
-0.263867
-0.290314
-0.201939
0.229114
0.572508
-0.268184
0.0225516
0.305944
0.236298
-0.146489
-0.267702
0.0208092
0.055722
0.17332
-0.194013
0.404496
0.0558284
-0.0220247
-0.312714
-0.144923
0.170299
-0.0577184
-0.072694
0.19889
-0.0940452
0.446736
0.410407
0.138963
0.272897
-0.306218
-0.094528
-0.272785
0.117871
-0.52651
0.561422
0.077725
0.213067
-0.324943
-0.0202321
0.079043
0.535597
0.239723
0.209529
-0.183405
0.433037
0.192496
-0.0565299
0.253899
0.360628
-0.105185
-0.164308
-0.0342615
0.202473
-0.221207
0.286523
0.0590977
-0.0251823
-0.311511
-0.154636
0.0949351
0.487012
0.356952
-0.0818704
0.14436
-0.382616
-0.0934771
-0.191401
-0.060955
0.0828733
0.0530956
0.58378
-0.184993
-0.0395783
-0.449531
-0.391556
-0.157449
0.392891
-0.423448
0.33999
-0.151949
-0.442817
-0.516723
0.542758
-0.156773
-0.153317
-0.0436379
-0.0279602
0.478348
0.469979
-0.0278573
-0.228104
-0.207114
-0.364002
0.437227
0.295519
0.264673
0.35303
0.178662
-0.24145
0.542646
-0.246706
0.570433
-0.341971
-0.272852
-0.0744224
-0.213113
-0.0585106
-0.260292
-0.264868
0.50882
-0.135752
-0.455169
-0.41227
-0.0534687
0.0569553
0.0663754
0.210065
-0.497251
0.433909
-0.360621
0.0552207
-0.426846
0.197911
0.202937
-0.404473
0.00253287
-0.0117974
0.2708
0.141296
-0.624638
-0.499494
0.00161419
-0.0763916
0.0564699
0.238887
0.132071
-0.225655
-0.408602
-0.107711
-0.291296
0.0329888
0.101226
0.361839
0.296578
0.06246
0.0879731
-0.233554
-0.404406
-0.187522
0.0897259
0.349914
-0.274334
0.492017
0.00584689
0.543917
0.335366
0.221231
0.377728
-0.382792
0.309694
0.250118
0.407807
-0.248615
-0.158069
0.403131
-0.00933706
0.15018
0.522021
-0.445091
0.274034
0.439953
0.690721
-0.282832
-0.00915369
0.195981
0.246655
-0.427852
-0.0234581
-0.627862
0.60912
0.456305
-0.0991244
0.148921
0.224002
-0.334519
0.389904
0.30622
0.0895606
-0.227783
-0.306341
0.359504
0.427327
-0.385313
0.210404
-0.405423
-0.12353
0.166581
0.368122
-0.458053
0.0832469
-0.224928
0.443928
0.439404
-0.145377
0.277235
0.319673
0.136408
-0.385459
-0.472112
-0.406932
-0.193438
0.452619
-0.153436
0.052022
0.140109
0.422907
0.33416
-0.240234
0.0191384
-0.280319
-0.0232581
0.234192
-0.0486106
0.247836
-0.420242
-0.462568
0.0985421
-0.173083
0.109847
-0.475161
-0.409939
0.121886
-0.0852741
-0.318434
-0.194195
-0.314757
-0.351589
-0.197297
-0.437107
-0.399494
-0.0631097
-0.0195301
-0.0508709
-0.0307318
0.186208
-0.228311
0.249591
-0.159964
0.218111
-0.401073
0.371863
0.09709
-0.576972
0.068612
-0.324044
0.0415855
-0.0971576
0.126971
0.320687
0.371715
-0.562038
-0.188322
-0.503673
-0.0650568
-0.0637573
0.124257
-0.439564
0.373179
0.238577
-0.163406
0.368297
0.0934835
-0.421881
0.988956
0.267492
0.374344
-0.179832
0.045194
0.458129
-0.165428
0.265688
-0.415088
-0.528725
0.138843
-0.253456
0.218135
-0.114341
0.472257
-0.313208
-0.0700852
-0.0777372
0.331042
-0.216501
-0.209231
-0.153242
-0.155754
0.133521
-0.0178172
0.161872
0.337192
-0.0169963
0.0997455
-0.013876
-0.293001
0.206159
-0.198583
0.353058
-0.429678
-0.0815247
0.144637
-0.103073
-0.341649
-0.235068
0.0863605
0.0407867
-0.201741
0.371802
-0.479603
-0.0117091
-0.0429623
-0.175409
0.492375
0.539714
0.177403
0.253792
-0.199025
-0.221995
-0.0592701
-0.364374
0.295915
-0.189553
0.388103
0.397394
0.450924
-0.356395
-0.280137
-0.0866156
0.052921
0.0758671
-0.12809
0.300409
-0.169778
0.131745
-0.424286
-0.0601028
-0.211472
-0.152167
-0.394508
-0.105622
-0.264558
-0.05166
-0.182317
0.268227
0.412833
-0.327431
0.310152
-0.097143
0.0745664
0.486769
-0.192136
-0.416768
-0.492871
-0.0548229
0.358807
-0.197113
-0.215941
0.430701
0.570087
0.409161
0.184964
0.215186
0.43283
-0.436343
-0.221463
-0.142151
0.309266
-0.0983333
0.230369
-0.127629
-0.462138
-0.321171
0.370075
0.0211128
0.000756347
0.106649
-0.32426
0.243543
0.116733
-0.413742
0.451985
0.247635
-0.289039
0.263484
0.136346
0.368933
0.180487
0.464939
0.0371544
-0.102756
-0.204434
-0.203629
0.331106
0.437872
-0.0450528
-0.404864
0.00963067
0.0706052
0.170803
0.146318
-0.20419
0.477931
-0.141612
-0.0468412
-0.277011
-0.0181706
0.273502
0.441821
-0.00636671
-0.578115
0.361508
-0.228715
0.167492
-0.365592
-0.432853
0.206836
-0.398301
-0.0167982
-0.281931
0.367845
0.236827
-0.0162935
-0.449251
0.0291536
-0.3878
-0.0481379
0.140277
-0.0230105
0.179858
0.352729
0.234705
0.00171284
-0.406523
0.247578
0.157329
0.324996
0.266532
0.429551
-0.347109
0.0656309
0.150972
0.423516
-0.279807
-0.288297
0.204367
-0.0397956
-0.335268
-0.058991
-0.446553
-0.0445417
-0.16463
0.18478
0.105519
-0.404433
0.268194
0.150379
-1.25541
0.45258
-0.0606201
-0.468861
-0.129297
0.158981
-0.342471
-0.270869
0.193098
0.208156
0.0218246
-0.321721
0.0316211
-0.163583
-0.126571
0.140148
-0.0257522
-0.249702
-0.0856785
-0.108319
-0.16383
0.16143
0.0773492
0.598884
-0.200266
0.383427
-0.294061
-0.237078
-0.0457668
0.0940809
-0.312383
0.34674
0.269924
-0.300039
0.121323
-0.0741149
0.0264488
-0.260485
-0.326526
0.35554
-0.0538376
-0.166956
0.181567
-0.0322617
0.0888806
0.206434
-0.148817
-0.424425
-2.05179
-3.31411
0.11817
0.254396
0.0976143
0.0183227
0.0080315
0.275281
0.185603
0.164409
0.149347
-0.137182
0.026641
0.0546803
-0.0503161
-0.0145691
0.0788883
0.240207
-0.118894
0.0041257
0.148243
-0.386816
-0.0229764
-0.38816
0.209059
-0.00637734
0.0118082
-0.090052
-0.166285
0.284999
0.146511
0.0312464
0.102451
-0.285411
0.234881
0.0462013
0.211836
-0.183298
-0.248486
0.21381
0.393981
0.463035
0.389285
0.286548
0.392587
0.028655
0.0195052
-0.0811901
-0.138679
0.0433455
0.436293
0.374923
-0.106261
-0.394922
-0.143393
0.513999
0.1941
-0.0548811
-0.0130127
0.0673936
0.216636
0.0400636
0.275367
-0.015304
0.354838
0.25916
0.397121
-0.150473
0.0296614
-0.293204
-0.253986
-0.0219526
-0.331135
-0.248668
0.155232
0.510964
-0.0328966
0.000965364
0.299589
0.318521
-0.00162042
0.427484
0.382904
-0.384531
-0.180236
0.522871
-0.0305058
-0.0213612
0.0495582
0.143271
0.539566
0.0997151
0.389807
-0.263167
-0.521413
-0.503868
0.679322
-0.0805151
-0.403734
-0.173868
0.207068
-0.270703
0.0781539
0.0449918
-0.257947
0.00882603
0.406223
0.286116
0.249112
-0.284254
0.0645203
0.40035
0.219992
-0.346376
-0.379367
0.44121
-0.285988
-0.342615
0.288736
-0.359757
0.126746
-0.0553383
0.114633
-0.555157
-0.611204
-0.334145
-0.598464
-0.508664
-0.429806
0.253632
0.35588
-0.239386
0.341012
0.179312
0.0728307
-0.37954
0.323048
-0.299113
-0.0579513
-0.534977
0.291664
-0.183804
0.274367
-0.17077
0.638472
0.464483
0.0617029
-0.405482
-0.11187
0.174667
-0.388615
0.192152
0.0203157
-0.38993
0.187683
-0.224939
-0.379065
0.037391
-0.0154015
0.228074
0.337969
0.408056
0.153484
0.0966979
0.00924896
-0.194938
0.389582
0.305693
0.0712989
0.0905666
-0.309006
-0.456504
-0.0189946
-0.267581
-0.00766394
0.305493
0.370401
-0.0191828
0.084543
0.374207
-0.00447244
0.462782
0.0553184
0.13271
0.417371
0.350423
-0.0390564
0.347985
0.0265538
0.158186
0.697257
0.441263
0.244598
0.399988
0.38528
-0.081945
0.305995
0.325062
0.42537
0.0679212
-0.0206436
-0.375813
0.380592
-0.149424
-0.0658992
-0.525001
-0.322604
0.23468
-0.210312
-0.421479
0.333897
-0.0399645
-0.042285
-0.126654
0.31673
-0.0902062
0.470039
0.326872
-0.211
-0.153469
-0.0710024
-0.0725778
0.390044
0.0789388
-0.395294
-0.183227
-0.105395
0.15093
0.356454
0.0685498
0.28213
0.287787
0.384256
0.18128
-0.098219
-0.113049
-0.152502
0.362335
0.0820231
0.0513554
-3.16036
0.438704
0.311875
-0.0533445
0.134696
-0.00524072
0.101174
-0.35826
-0.211129
-0.0721919
0.0709216
0.378398
0.000218965
-0.248056
0.145484
-0.363131
0.12549
0.168299
-0.145487
-0.167721
0.391623
0.255282
0.0137807
-0.252855
0.15918
-0.288548
0.153888
0.205498
-0.409494
0.127746
0.218792
0.0147194
-0.0776313
-0.0523695
0.0208551
-0.382253
0.231801
0.133242
0.0586891
0.0269067
0.457425
0.480328
-0.229632
-0.360104
-0.171733
-0.212669
-0.281372
0.237167
0.879311
0.0799515
-0.33027
0.232415
0.388925
-0.0317235
0.457234
0.180771
0.179935
-0.344146
-0.344245
0.472147
-0.23823
0.000230573
0.554832
-9.29277e-05
0.229801
-0.234031
0.43134
0.382443
0.0201755
0.300018
-0.285124
-0.395268
0.0795031
-0.0485377
-0.388267
0.264308
0.16503
0.42781
-0.272209
0.201345
0.275307
0.109344
-0.224855
-0.245506
-0.36352
-0.00830667
0.0431147
0.1054
-0.0424159
0.34461
0.145204
0.0505071
0.217825
-0.0298092
-0.37523
0.121592
2.40564
3.15047
0.397888
0.219425
0.019061
-0.0909631
-0.0918191
-0.0192721
0.218899
-0.0122967
0.291684
-0.0459684
0.0975387
0.0927897
0.0115777
0.00364064
0.172255
0.167327
-0.189287
-0.0152998
0.00958653
0.0722584
-0.128718
-0.145676
0.114249
0.011417
-0.0568161
0.041517
0.0581623
0.0490934
-0.0202168
-0.185077
0.102617
-0.246579
0.130369
-0.392535
0.238072
0.0505228
-0.145618
-0.00379091
0.172149
-0.219623
0.475726
-0.495708
-0.310537
-0.476447
-0.255924
0.23333
0.122349
-0.524938
-0.150225
-0.301767
-0.154305
-0.221273
-0.484227
-0.41823
-0.272695
-0.117173
0.180825
0.0665753
0.236786
0.298816
-0.0403201
-0.129765
-0.53513
-0.173316
0.451144
-0.385877
-0.432537
-0.494627
-0.111556
-0.154796
0.0897451
0.0394497
0.0423876
-0.221189
-0.199458
-0.447973
0.308148
-0.214647
-0.131801
0.0698589
-0.213955
0.111916
-0.316069
0.438692
0.414542
-0.39745
-0.285264
-0.473739
-0.231853
-0.246052
-0.529201
0.150458
0.123379
0.221488
-1.56907
-0.338889
-0.210399
0.126142
-0.509881
0.0157694
-0.15257
0.212922
0.0463163
0.177156
-0.22792
0.158443
-0.224628
-0.30488
-0.155113
-0.125347
0.237359
-0.0976937
0.412487
-0.126884
0.33155
-0.0749091
-0.0414779
0.259616
-0.13205
0.363485
-0.0580572
-0.206074
0.372856
-0.133141
-0.0325811
-0.420001
0.405361
0.270276
-0.0146218
-0.280963
-0.306894
0.357149
0.308513
-0.177661
-0.365516
-0.348115
-0.23165
-0.084179
0.547654
-0.0560944
0.281729
0.380241
0.00443639
0.814909
-0.136718
0.0166452
-0.145994
0.342343
0.156321
-0.337461
0.289974
-0.427499
0.287003
0.22827
0.43086
-0.253169
0.296488
0.278706
-0.181116
0.360224
-0.177973
-0.312271
0.14017
-0.197344
0.220831
-0.199097
-0.24409
-0.299254
-0.0691747
0.310115
0.213315
0.15328
-0.380896
-0.221781
0.140277
0.135107
0.344228
-0.0314039
-0.245236
0.202809
-0.124301
-0.336424
-0.28237
0.400586
-0.536081
-0.1453
0.0681298
-0.179275
-0.190232
0.309584
-0.14019
-0.405805
0.203735
0.21465
0.292731
-0.312822
-0.0224506
-0.0492352
-0.21273
-0.360668
0.278693
-0.509475
0.370707
-0.065711
-0.22194
-0.200126
-0.456569
-0.0405909
0.49436
-0.30337
-0.0279616
-0.312606
-0.107061
-0.487183
0.00693542
-0.378633
-0.0833006
0.112287
-0.0861728
0.264654
0.0807261
0.0548897
0.145087
0.298489
-0.375747
0.38148
0.190678
0.365951
-0.317122
-0.445984
0.425175
0.203542
-0.239897
-0.173595
-0.304504
0.12296
-0.278412
0.421962
0.852948
0.353836
-0.203996
0.0749427
-0.227548
-0.141118
-0.0926728
0.447825
0.261336
-0.137481
0.0237469
-0.0205228
-0.0305997
0.308925
0.171937
0.000484623
0.138793
-0.113286
0.269183
-0.255311
0.309506
-0.354732
0.129617
0.145686
-0.504664
0.0242691
-0.0426252
0.136933
0.0755422
-0.231277
0.280167
0.0187282
0.0438886
-0.146274
-0.205428
-0.255712
0.428664
-0.226028
0.271289
-0.03168
-0.314745
0.292643
-0.385238
-0.29586
-0.121412
-0.219552
-0.384087
0.114233
0.00176314
-0.139088
0.36406
0.140231
-0.544256
0.178471
-0.138442
0.122098
0.415728
-0.348106
-0.0867979
0.0255104
0.242621
-0.360827
0.394366
-0.326084
-0.150644
-0.276575
-0.204733
0.221146
-0.25343
-0.377753
-0.228437
0.23705
-0.366724
-0.203692
-0.124982
-0.0178107
-0.0662006
0.232819
-0.0404194
-0.0621218
0.026362
-0.0108368
-0.0528861
-0.488631
0.325194
0.13524
-0.018364
-0.171935
-0.0414158
-0.189389
0.154653
-4.18149e-05
-0.0670205
-0.0143129
0.166538
0.301182
-1.08843
0.475769
0.0749953
-0.247969
0.457288
0.210295
-0.470201
0.0731295
-0.146328
-0.351262
0.141992
0.609376
-0.218695
0.0995136
0.0455786
-0.24313
0.169478
0.207131
0.115674
0.0380034
-0.0967765
-0.309944
0.434604
-0.396687
0.00808706
0.275452
0.206295
-0.32414
-0.355985
-0.333121
0.237421
0.245625
-0.0662826
0.201646
-0.201658
-0.379484
-0.191576
-0.234824
-0.302614
0.0855812
-0.0717505
0.448695
0.280473
-0.0637395
-0.476682
-0.145183
-0.0797203
0.139342
-0.0979403
-0.151995
0.169751
-0.179802
0.169674
-0.396313
-0.0462085
-0.319054
0.44255
0.262451
-0.0288849
-0.228795
0.205417
-0.411086
0.214024
-0.23905
-0.425605
0.420792
-0.324959
-0.442799
-0.0457411
0.27933
-0.339925
0.353793
-0.394036
0.0829296
-0.335515
-0.270781
-0.119631
-0.395445
0.312667
-0.118459
-0.406602
-0.439572
-0.463153
-0.328521
-0.133974
0.190233
0.246884
-0.132915
-0.221922
0.348144
0.465422
0.308789
-0.262975
-0.00288196
0.179273
0.478448
0.638552
0.0740642
-0.582551
-0.376532
0.0895342
0.034749
0.199727
0.0208457
0.45213
-0.254456
0.234851
-0.371082
-0.129551
-0.420205
0.170237
0.15795
-0.230419
-0.371735
0.0993186
-0.319255
-0.15589
0.3483
-0.350566
0.186555
0.404865
0.0324293
0.427886
0.160801
0.0647187
-0.125325
0.21262
0.326926
-0.352971
-0.275912
0.206531
0.432611
-0.206902
-0.167778
-0.505682
0.122055
0.340831
-0.368109
-0.222798
-0.00651442
0.141478
0.362811
-0.645468
-0.481727
-0.517536
-0.113174
-0.491962
-0.463416
-0.318707
0.197781
-0.332724
-0.0559194
0.046972
-0.153922
0.396037
0.0103268
-0.145245
-0.0402303
0.275251
0.293847
-0.186158
0.321989
-0.161532
0.24994
0.160506
0.473096
0.301237
0.396394
0.372126
0.505782
0.272236
-0.299815
-0.325448
-0.144145
-0.183492
-0.139447
-0.262044
-0.343189
0.45716
-0.113138
-0.109322
0.45572
-0.0356313
0.130455
-0.0144111
-0.482835
0.0829804
0.2414
-0.131025
0.0936283
0.017549
-0.0729807
1.31363
1.06241
-0.471086
0.423948
-0.233176
0.119451
-0.150256
-0.0359007
0.374665
-0.33383
0.346897
-0.0064863
0.0246149
-0.159846
0.0949999
-0.0906519
-0.0501691
-0.16264
0.285534
0.168366
-0.477978
0.335184
-0.235501
-0.270803
-0.343295
0.439607
0.356559
-0.177952
0.252434
0.161855
-0.315977
0.0512401
-0.31595
-0.478721
-0.354028
-0.0380412
0.151204
0.267289
0.192383
0.0438567
-0.294862
0.263932
-0.327928
0.217417
0.452063
-0.0821009
-0.336257
-0.371172
0.235794
-0.206253
-0.427219
-0.559831
0.487403
-0.534586
-0.252514
0.395761
0.0274736
-0.252575
-0.277818
0.349236
-0.0638371
-0.0631647
0.106805
-0.483611
-0.233382
0.299373
0.42222
-0.165053
-0.0775189
-0.310422
0.401413
-0.203277
-0.303979
-0.223729
0.14527
0.260085
-0.470792
-0.0836086
-0.1399
-0.33941
-0.309565
0.331492
-0.538916
-0.37095
0.357277
0.389007
0.127514
-0.0131342
-0.0509811
-0.450263
0.0922219
-0.00495168
-0.0594931
0.0725761
-0.214227
-0.265596
-0.180508
-0.142023
-0.0749946
-0.00895811
0.333501
-0.419199
0.324852
0.287887
0.128697
0.150405
0.334111
-0.321592
-0.150789
-0.209603
0.383144
0.366256
0.168394
-0.182766
0.112133
-0.170608
-0.307656
0.238071
-0.0346033
0.41654
-0.340411
0.398896
0.0968064
0.278697
-0.417401
-0.217784
-0.0558163
0.197225
0.0749807
0.430494
-0.0604282
0.457538
-0.32754
-0.0505596
-0.402254
0.0971823
0.152967
-0.248362
0.0669663
0.304599
-0.164326
-0.0300512
-0.426281
-0.292335
0.146376
0.124047
0.112287
-0.302633
-0.558676
-0.0696279
-0.0381964
0.119771
-0.45846
-0.346984
0.322672
0.28361
0.436477
0.545564
-0.0622207
-0.286335
0.200426
0.159543
-0.00783291
-0.238937
-0.104137
-0.145703
0.30639
0.224526
-0.0865224
0.179945
0.186144
-0.0933202
0.209761
-0.524442
-0.13819
-0.0276679
0.319746
-0.0846416
0.307616
-0.223322
0.0789245
-0.0802172
-0.0565668
-0.384978
-0.0191271
0.180761
0.343249
0.213156
0.123481
0.0473177
-0.179475
-0.258505
-0.258465
0.436937
-0.0752303
0.333974
0.100485
0.182856
0.483851
-0.124954
-0.431891
0.255719
-0.569059
-0.550538
-0.466649
-0.0163466
0.0607887
-0.145244
-0.454418
0.291514
-0.0193531
-0.195914
-0.536668
-0.414629
-0.404532
0.37177
0.373675
-0.465457
0.107817
0.148522
0.260535
-0.115153
-0.467632
-0.39882
-0.0772123
0.181774
-0.175734
0.0433896
-0.404532
-0.0680491
0.31793
0.337899
0.124147
-0.479824
-0.282565
0.337589
-0.229116
0.0620694
0.296332
0.0222873
-0.199004
0.521531
-0.349673
0.386916
-0.429117
0.425076
-0.299304
-0.0387371
0.306821
0.153274
0.257235
0.132677
0.29071
0.104785
0.0994059
0.30674
-0.336459
0.376122
-0.356002
0.325101
0.365259
0.283821
-0.243607
0.115713
-0.368527
-0.386132
0.0620485
0.0409123
0.0221034
0.00823065
-0.43334
0.195617
-0.519509
0.391227
0.14497
-0.384712
-0.040496
0.0789495
-0.060955
-0.0281831
-0.439241
0.0543498
0.22513
0.335421
0.07312
-0.210126
0.0489616
-0.159956
-0.296128
-0.0241341
0.477866
-0.155184
-0.253519
0.0763428
0.429212
-0.275221
0.515989
0.315
-0.0587187
0.0673677
-0.146666
-0.127266
0.122928
0.164759
0.27487
0.323662
0.498702
0.209301
0.423575
0.146198
-0.202296
0.253543
0.48298
0.177568
-0.310697
-0.39324
-0.002119
0.165319
0.524399
-0.0858328
-0.304534
-0.320372
-0.466998
0.0389206
0.306754
0.098409
-0.0648981
0.466236
-0.151078
0.472456
0.191984
0.00797776
-0.198673
-0.426046
0.321308
0.040766
-0.290149
-0.463339
-0.203583
-0.492007
-0.0486116
0.127267
0.371942
-0.122272
-0.323841
0.328277
-0.384309
-0.229566
-0.267583
0.04663
-0.489566
-0.467559
0.191914
0.259607
-0.0633818
0.0957914
-0.218629
0.194573
-0.180312
-0.338325
0.34799
0.202427
-0.0392776
0.147674
-0.0612424
0.28973
-0.370718
-0.4868
-0.334148
-0.0388678
-0.315591
-0.334307
0.103617
0.271963
0.358377
-0.333523
0.280014
0.450028
0.0498341
0.0091821
-0.0934393
0.371444
-0.450969
0.335811
0.172146
0.333312
0.240237
0.398733
0.149429
-0.257731
-0.324619
-0.377228
-0.00619843
0.0332258
0.0871666
0.0757756
0.0550299
-0.149112
-0.324458
-0.0265451
-0.076697
-0.310071
0.286757
-0.320481
0.496683
0.139023
-0.232314
-0.189969
0.361022
-0.210859
-0.059471
0.0472754
0.445246
0.431732
0.216331
0.1132
-0.40578
-0.0880737
-0.23983
-0.27517
0.397791
0.294774
0.404551
0.394256
-0.403674
0.204087
-0.363615
0.0838856
0.254868
0.0497673
-0.378908
-0.0835489
-0.310676
-0.208394
-0.0414284
-0.64076
0.250727
0.1586
0.217306
0.104254
0.246899
0.11872
-0.351324
-0.139705
-0.391208
-0.302394
0.0398569
0.154393
0.242851
-0.584669
0.282936
0.273138
-0.014771
-0.316591
-0.0414981
0.347536
-0.147052
0.0171438
-0.282692
0.0135071
0.127018
0.0503343
-0.307114
-0.0909389
-0.126802
0.292543
-0.00685143
0.0492391
0.240317
0.488594
0.0737315
-0.201289
0.041111
0.289074
-0.368214
0.206674
-0.311709
0.0514528
0.308737
0.255977
0.325275
-0.466263
0.34866
0.0408489
-0.221104
0.296271
-0.121594
0.429164
-0.430287
0.280674
0.412094
0.161698
0.135338
-0.37878
-0.358593
-0.348977
-0.546729
-0.184477
0.392159
0.0355573
-0.502317
-0.211939
-0.507989
-0.0080495
0.208822
-0.33486
-0.304477
0.238183
0.0483346
0.0387712
0.0286631
0.28402
-0.0579029
-0.164934
0.18823
-0.459259
0.0414775
0.0354309
-0.746721
0.198823
0.203901
-0.0858608
0.116561
0.317694
0.197623
-0.294869
0.116207
0.56115
-0.296184
0.0851992
0.352256
0.277073
0.00940946
-0.170297
0.347085
0.0987334
0.388046
0.328122
0.326585
-0.197028
0.200378
-0.458359
0.198787
-0.11255
0.020111
0.0706319
0.117155
0.0303082
0.140479
0.392917
-0.207928
-0.50685
0.138332
-0.0498593
0.0144632
0.180095
0.21916
-0.400924
0.393583
-0.266384
0.264413
0.393128
-0.146017
-0.445347
0.349377
-0.392094
-0.192359
0.462568
-0.428232
0.303395
0.477011
-0.442143
-0.428642
-0.00145044
0.33813
-0.181768
-0.467836
-0.188257
0.35151
0.0754612
0.338203
-0.0992244
0.114083
0.169713
-0.293443
0.306426
-0.389355
0.136836
0.0572348
-0.143355
0.162919
-0.0253349
0.529606
0.0971174
0.229342
-0.221176
-0.194783
-0.331997
0.335005
0.522246
-0.485164
0.32239
0.187452
-0.209728
0.249734
0.123108
0.341144
0.246025
-0.178573
0.166712
0.00166074
0.131453
-0.443929
-0.0229189
0.157191
-0.0589175
0.480445
0.114571
-0.166149
0.273219
0.155767
0.136746
-0.0177884
0.373329
-0.496169
-0.320413
0.152311
0.0309948
-0.0530974
0.0934334
0.26042
-0.0255159
-0.33681
0.0829217
-0.342576
-0.402468
-0.49814
0.290334
0.134866
-0.0142649
-0.394917
0.0893098
-0.491909
-0.0713938
-0.361866
-0.412908
0.350606
0.380251
0.0692869
0.459788
0.48303
0.101324
0.33963
0.168218
0.38852
0.0390744
-0.461421
0.0734521
-0.323791
0.417543
-0.321797
-0.435149
-0.0904402
-0.0114477
0.0198232
0.313435
0.445311
0.310445
-0.184003
0.48582
0.187431
0.25993
-0.0748006
0.103643
-0.338637
0.307156
-0.114367
-0.350205
-0.373666
-0.0276316
-0.0418678
-0.130181
0.0356765
-0.557924
0.210627
-0.442365
0.329492
-0.620479
-0.189757
0.14596
-0.527292
0.039684
0.160068
0.524883
-0.381679
-0.430785
0.343371
0.026252
-0.262846
0.0402094
-0.203061
0.0730044
-0.331201
0.492538
-0.324897
-0.401441
-0.128152
0.0911648
0.422113
0.0348074
-0.503
-0.466098
-0.509299
-0.342575
-0.163624
0.341936
0.229385
-0.0547378
-0.357196
-0.32394
-0.296709
0.434514
-0.0368535
-0.391485
-0.206439
-0.0659662
0.04612
0.382957
0.254506
-0.266781
-0.280296
-0.313381
-0.4694
-0.2617
-0.260251
0.377589
-0.478197
0.259775
0.388087
0.348609
-0.133053
0.130043
-0.474715
0.372247
0.0141702
0.0341865
-0.278117
0.0725967
-0.178049
0.0787237
-0.432861
-0.458682
-0.33928
-0.258779
0.310286
0.227241
-0.478419
0.0906365
-0.203887
-0.468238
-0.286157
0.364258
0.145352
-0.125236
-0.164034
-0.441111
-0.252368
-0.166196
-0.136698
0.216707
0.246675
-0.139019
-0.395812
-0.200519
0.0740414
0.237597
-0.399387
0.287828
-0.358513
0.528365
-0.23669
-0.388882
0.151523
-0.150805
0.384242
0.450371
0.238934
0.0858849
-0.179885
0.307569
-0.301997
-0.16329
0.00299655
0.435468
0.163423
-0.128068
-0.155967
-0.212903
-0.099264
0.108807
-0.335609
0.147967
-0.0363551
-0.136573
0.486009
-0.337486
-0.107764
0.15818
0.341707
-0.266001
-0.262322
0.355311
0.598307
0.158775
0.373628
-0.189165
0.328469
0.409191
0.103065
-0.306132
-0.113781
-0.0494855
0.149117
0.0190535
-0.251524
0.226071
-0.208003
0.439713
-0.495046
0.136719
0.426793
-0.576139
-0.0754641
-0.49847
0.354898
0.292837
0.301501
-0.266728
0.132917
-0.320104
-0.573846
-0.400098
0.259572
-0.0572574
0.255322
-0.429197
0.187442
-0.411965
-0.202242
0.0236655
0.0576935
-0.276094
0.331114
-0.131315
-0.301173
0.323482
0.127026
-0.450044
0.263135
0.129691
0.136846
-0.326615
-0.0165054
-0.465564
-0.087186
0.222663
-0.497784
-0.355494
-0.293834
0.395139
-0.515296
0.147769
-0.253173
0.0731113
-0.0538564
0.408435
-0.528348
-0.108789
0.0164337
0.100795
0.372565
0.372781
0.339521
-0.0912894
-0.377194
0.435434
0.158276
-0.130526
0.32119
0.331045
0.249162
-0.165664
-0.17403
-0.42305
0.0844187
0.120582
0.434928
0.134653
0.147953
0.0216066
-0.326917
-0.262027
-0.476225
0.481567
0.282803
-0.433479
-0.283022
-0.363512
-0.379663
0.0688658
-0.237885
-0.123831
-0.171191
0.260398
0.562745
-0.336597
-0.216298
0.383564
0.393921
-0.273165
0.378243
0.278001
-0.35734
0.391124
0.294287
-0.246539
0.167505
-0.271452
0.289414
-0.0373933
0.574065
0.522152
-0.108484
-0.341213
0.330173
0.117459
0.0867052
0.491839
0.0439802
0.305192
0.33523
0.127122
-0.504735
0.603225
0.234413
0.0731317
0.38238
0.0469764
0.361114
-0.534955
0.184628
0.189755
0.0798136
0.569607
0.45908
0.0800312
-0.517533
-0.375707
0.115239
-0.537628
0.141119
0.19446
0.275929
-0.347142
0.0978576
-0.0229596
-0.423374
0.167521
0.661565
0.356851
-0.47281
0.494731
-0.545462
-0.321764
-0.0423792
-0.0935464
0.355068
-0.228327
-0.643426
-0.269863
0.00499699
0.168155
-0.0612164
-0.29395
0.116759
0.0996376
-0.142879
0.12461
0.1695
0.0243657
-0.194165
0.00478426
-0.336444
0.039118
-0.102389
-0.0202776
-0.341446
0.220125
-0.105685
0.542523
0.118747
0.0936477
-0.561138
-0.580457
-0.0691197
-0.0152586
-0.130241
-0.114298
-0.902409
0.350691
0.667238
0.284555
-0.174021
-0.263082
-0.116217
0.55319
-0.0957723
-0.521787
0.148372
0.374676
0.305021
0.415883
-0.0472123
-0.133787
-0.141013
0.00775286
0.521557
0.125361
0.303174
0.144573
-0.183986
0.0642581
-0.0246457
-0.0650226
0.0480282
0.0201854
0.384408
0.339827
-0.415646
-0.0782095
-0.215665
0.034675
0.00131229
0.044892
-0.0118287
0.305139
0.175636
-0.0704565
-0.0964557
0.198155
-0.151549
-0.237698
-0.598623
0.03529
-0.373566
-0.159632
0.126226
0.45748
0.445402
-0.152009
0.127831
0.0776163
0.512696
0.207369
-0.141283
-0.252023
0.258516
0.526992
0.0604049
-0.411198
0.103279
-0.149949
0.00109265
0.307697
-0.0917641
-0.244981
0.144092
0.137324
0.200526
-0.274371
-0.238483
0.271048
-0.00912873
0.46901
0.0333263
0.0624679
0.210528
-0.293964
0.237625
0.220572
-0.0504588
-0.410608
-0.130449
-0.197602
0.0680919
-0.157578
0.0977672
0.0926248
-0.407992
-0.198675
-0.00368346
-0.0764307
-0.180709
-0.58043
0.530363
0.170954
-0.180069
0.351635
-0.0670943
0.372255
-0.484063
0.363557
-0.113345
-0.371093
-0.436741
0.0148311
0.330963
0.0163605
-0.234071
-0.115263
0.339644
-0.0501983
-0.306614
-0.405291
0.0121537
-0.393511
-0.237297
0.0442051
-0.0931404
-0.32123
-0.365103
0.21679
0.318453
0.193187
-0.160352
-0.165756
-0.0234779
0.0982055
-0.282311
0.337004
0.32015
-0.0399474
-0.161782
0.364573
-0.495046
0.382003
-0.359351
-0.143194
-0.0700796
0.276387
0.0315364
-0.296096
0.145854
0.107033
0.219241
0.0580273
-0.364857
-0.233886
-0.407321
0.245833
-0.168551
-0.474013
0.0256119
-0.187794
-0.292642
-0.135236
-0.248962
-0.145329
-0.16805
-0.422714
0.424886
-0.174732
-0.152675
0.339526
-0.359293
-0.550202
-0.0323363
-0.0685184
0.203204
0.45506
0.292668
-0.259299
-0.396436
-0.54178
-0.284488
0.169626
0.286565
0.13967
-0.327368
0.29861
0.0505713
-0.0291173
0.404731
-0.426108
0.592836
0.623318
0.349986
-0.343162
-0.304598
-0.224004
-0.0761077
-0.0198061
0.496146
0.273849
0.276866
0.238594
0.316442
-0.607702
-0.121713
0.359084
0.291092
0.26187
-0.250255
-0.280381
-0.0243863
0.379686
0.119465
0.522587
-0.201006
0.0884035
-0.532028
-0.418333
0.0160657
0.16941
0.440938
0.148878
-0.31818
0.47911
0.289567
0.179895
0.232695
0.331953
0.367431
-0.0146798
0.448358
0.381791
0.198201
0.0121396
-0.0791763
-0.15087
-0.296299
0.157324
-0.116804
0.440199
0.205557
0.276211
0.154604
0.414701
-0.298607
0.0568334
0.310655
-0.341916
0.201998
-0.202488
0.209736
-0.494736
0.483814
0.076525
0.236561
0.0436365
0.131347
0.232663
-0.417176
-0.45924
0.211944
-0.104118
-0.0802749
0.203582
0.46811
0.412992
0.00704695
-0.099157
0.229537
-0.0229315
-0.0466709
0.284581
-0.445443
0.19892
0.382897
0.0869773
-0.163327
-0.298764
0.138801
-0.435359
0.321052
0.453083
0.051417
-0.446317
0.393463
0.526586
0.302453
-0.366069
-0.294226
-0.336322
-0.198852
0.154886
-0.106004
0.166028
0.135461
0.291365
-0.0481408
0.288673
0.0742332
-0.110474
-0.393497
-0.0747242
-0.00722472
-0.135555
-0.356262
0.265692
0.289529
-0.260001
-0.274188
-0.196365
0.410211
0.148293
-0.246685
0.477342
0.472558
0.593342
0.430858
0.198306
-0.319495
-0.0314671
0.448194
-0.210914
-0.00875718
0.0745277
-0.270687
-0.322172
0.174556
-0.128921
0.44375
-0.128816
0.280365
-0.490523
-0.340183
-0.43076
0.425899
0.616519
-0.0797944
0.535947
0.425501
-0.419623
0.487717
-0.441517
0.165747
-0.216219
0.576507
-0.533122
-0.259246
-0.40139
0.349518
0.33683
-0.0311633
-0.00965458
-0.182218
-0.266414
-0.26482
0.0326475
-0.536701
0.296565
0.347017
-0.295179
0.207242
-0.0676999
0.322778
0.0263931
-0.032901
-0.472237
-0.455453
-0.314071
0.355576
-0.297785
-0.391324
-0.233174
0.216614
-0.407821
0.313749
-0.486415
0.0843589
0.258506
0.400361
-0.392074
-0.374258
-0.209718
-0.259431
0.145613
0.210809
0.0812783
0.242058
-0.478609
-0.384321
-0.0266435
-0.0104331
-0.429772
0.25432
0.148866
0.389625
0.15292
0.20923
-0.110383
0.276496
0.451484
0.0901644
0.120074
-0.0555915
-0.225954
-0.00415458
0.404019
-0.113081
0.0673283
-0.121942
0.466019
-0.355168
0.242643
-0.387978
-0.26728
0.0273168
-0.352702
-0.178736
0.24127
-0.299212
-0.487294
0.479495
-0.0674576
-0.519821
0.0662964
0.248725
0.111479
0.186307
-0.254363
0.0980858
-0.310252
-0.0843156
0.0649291
0.296295
0.0790562
0.0691351
-0.318421
-0.214886
0.108321
-0.117926
0.222116
0.474241
-0.312506
-0.276749
-0.0490545
0.235591
0.43058
0.227816
-0.3948
-0.076943
0.30607
-0.0801788
0.0709159
0.137426
0.342952
0.19046
-0.153535
-0.0434731
0.24873
0.0179121
-0.0291417
0.0409533
0.487061
0.301584
0.110011
-0.495318
-0.365803
-0.151493
0.708453
-0.116496
0.121974
-0.189228
0.167422
0.508437
-0.00229959
0.491045
-0.452024
-0.0862449
0.534844
0.196762
0.100813
-0.330809
-0.137203
-0.359593
-0.124009
0.177901
0.307909
0.173499
0.263798
0.211654
0.253238
-0.326604
-0.123659
0.587589
0.417035
0.400862
0.245166
-0.280499
-0.0738227
0.0766325
0.202589
-0.425143
0.00726316
0.390952
0.0882754
-0.0909858
0.177429
0.459578
0.23742
-0.0656914
0.320915
-0.234399
0.140643
-0.173788
0.0884053
0.215925
0.00734021
-0.393892
0.0219282
0.0221867
-0.552598
-0.55851
-0.421495
-0.212513
0.0929393
-0.236677
0.382223
0.313297
-0.0270433
-0.377844
0.401179
0.0541519
0.440813
0.340516
-0.446202
-0.467965
-0.269029
0.16555
-0.0683077
0.166427
0.179268
0.0570197
-0.38851
-0.0521048
0.48493
-0.144032
0.0657514
-0.115557
0.401765
0.0810229
-0.438256
-0.367497
-0.14722
-0.262983
0.160831
0.247799
-0.25053
-0.390903
0.322353
0.015318
-0.443819
0.0327555
0.280811
-0.208717
-0.200747
-0.0130344
0.395714
0.072524
-0.427958
-0.286413
0.0399277
-0.204341
-0.329767
-0.000420622
-0.0698859
0.28324
-0.394718
-0.162105
0.334771
-0.00965119
-0.285932
-0.322188
-0.154154
0.377434
-0.247809
0.119342
-0.439213
0.399598
0.28272
-0.410519
0.385254
0.306144
0.0321419
-0.0515947
0.167828
-0.444862
-0.0473567
0.380691
0.401798
-0.221661
0.179845
0.104145
0.202991
0.358747
0.416487
0.143687
-0.25317
-0.450771
0.276444
0.156602
-0.552766
-0.0539446
-0.106427
-0.121042
0.559138
0.448517
-0.364119
-0.273548
-0.0561583
-0.434687
0.336903
0.194389
-0.18339
-0.26604
0.297125
0.144568
0.526384
0.19537
-0.0675511
0.312126
-0.344158
0.398046
-0.320675
0.184487
0.0745762
-0.267327
0.243094
0.440137
-0.216761
-0.355633
-0.0755865
-0.232184
0.00301736
-0.467247
-0.0873253
-0.300656
0.341024
0.0697922
-0.538102
-0.252292
0.162629
0.297991
0.282271
-0.39888
-0.0832574
-0.355328
-0.348601
0.128786
0.0110733
-0.128479
-0.366102
-0.583594
-0.272183
-0.23686
0.292007
-0.282474
-0.134497
0.287948
-0.0952498
0.43028
0.019672
-0.224204
-0.115942
0.178151
-0.0488091
-0.347589
0.0121367
-0.146966
0.147651
-0.508819
0.229585
0.481081
0.2576
0.305993
0.133135
-0.0483476
0.23333
0.0435426
-0.248585
-0.019419
-0.270194
0.261813
0.313478
0.361685
-0.261988
0.172532
0.199346
-0.390805
0.30424
0.0693175
-0.107589
-0.117223
-0.179527
0.0525519
0.0664884
0.297348
0.191695
-0.267328
0.15205
-0.123318
0.0684462
-0.603859
-0.596865
-0.39806
-0.09169
0.206758
-0.248081
0.0209803
0.0740185
-0.0762047
0.307441
0.284429
0.272927
-0.0244123
-0.236334
-0.608775
-0.356942
-0.318892
-0.160116
0.382772
0.099347
-0.361332
-0.496202
-0.139387
0.304657
0.123066
-0.144168
0.228939
0.163908
-0.566587
-0.183513
-0.425744
-0.252178
-0.514293
-0.252932
0.0782605
0.134863
0.286334
-0.294157
0.205784
0.232011
0.332135
0.263507
0.316105
0.381415
0.507137
0.211373
0.591166
-0.171272
-0.425579
0.338609
0.0341469
0.474726
0.53556
0.169568
-0.277083
0.526656
0.351971
0.330045
-0.19259
-0.374763
0.207619
0.276553
-0.15314
-0.529496
-0.149269
0.0518355
0.152552
-0.137247
-0.215281
-0.252926
0.272496
0.410129
-0.408959
-0.531968
0.217196
0.2072
-0.0783743
0.257227
0.179585
0.0928873
0.476296
0.497767
0.355446
-0.351581
-0.134963
-0.20494
-0.0750689
0.337641
-0.0390803
0.141433
-0.422791
0.590342
-0.451895
-0.440558
0.186619
-0.258637
-0.116438
0.239618
-0.093224
-0.22178
0.0871225
0.145457
0.2601
-0.461746
-0.414986
0.233066
0.308898
-0.124634
-0.0398938
-0.496823
-0.0257412
0.264244
0.364747
-0.369916
0.0743693
0.151328
-0.397264
0.223381
0.310277
0.264439
0.0789953
0.186833
-0.101693
0.000851579
0.220487
-0.496281
0.0123208
-0.0243574
-0.431114
0.482125
-0.414322
-0.423192
-0.178632
0.274936
-0.157567
0.190065
0.157925
-0.10657
-0.538973
-0.216766
0.147798
-0.0835706
0.387968
-0.462332
0.34975
0.358179
-0.384442
-0.204825
0.283465
-0.461684
0.371566
-0.1962
0.240258
-0.213173
0.442188
-0.228162
-0.410971
0.323184
-0.484283
-0.467797
0.215562
-0.458372
-0.254973
0.348208
-0.0225526
0.112867
-0.416274
0.463099
0.324763
-0.2257
-0.44755
-0.108585
-0.263755
-0.0418695
-0.22868
-0.271985
0.0198997
0.177014
-0.52022
-0.0652847
0.00815004
0.405147
-0.0599094
-0.267745
-0.434086
-0.141143
-0.0312192
-0.259385
-0.219224
-0.370396
0.480486
-0.148194
-0.0931748
0.154576
0.151431
-0.00816598
0.45789
-0.0960187
0.022017
0.424498
-0.0413014
-0.115803
0.114847
0.341561
0.389817
-0.322893
0.292907
0.0912605
-0.243217
0.260976
0.451064
-0.00865509
-0.00524151
-0.216199
0.478954
0.157865
0.0729315
-0.214163
-0.249024
-0.399479
-0.118324
0.0934039
0.0717476
0.238464
0.491899
0.236231
-0.450041
0.349446
-0.0546711
-0.320617
-0.10396
0.234471
0.0862624
0.0816134
-0.291991
0.164513
0.234056
0.409176
0.329794
-0.308429
0.00958068
0.251151
-0.117994
0.495127
0.20801
-0.0943897
-0.427103
-0.33625
-0.362858
-0.268057
-0.204324
0.0398189
0.302533
0.303384
0.344347
0.255365
-0.187557
0.303004
0.0922234
-0.11261
-0.316425
-0.0426473
0.430611
-0.271745
0.0373111
-0.27634
0.485601
0.266585
-0.045073
0.153944
0.446965
-0.197267
-0.224521
0.00848545
0.32197
-0.202481
-0.1506
-0.0417959
0.391245
0.112592
-0.100129
-0.0892194
0.216174
-0.067389
0.00805565
0.00702049
0.129429
0.301365
-0.0288301
-0.107999
-0.336769
0.0918976
0.423057
0.0224582
-0.0694113
-0.31275
-0.327203
0.457341
0.331773
0.137162
-0.374816
0.331461
-0.102437
0.416194
0.493515
0.275165
-0.121732
0.0726117
-0.0340729
0.151819
-0.336047
0.241894
0.251517
-0.15383
0.258493
0.363991
-0.193259
0.378046
0.29047
0.164377
0.403005
0.580377
-0.292511
0.0414877
0.586405
0.479403
-0.353475
-0.325727
0.213224
0.306221
-0.103949
-0.368119
-0.00336738
0.144328
0.169817
-0.15157
-0.0641426
-0.381223
-0.0873145
0.198383
-0.246567
-0.118612
0.154653
-0.304226
-0.425884
-0.136856
0.0849726
0.0593106
0.472725
0.110282
0.125781
-0.238463
-0.0036821
-0.140889
0.352918
0.251389
-0.0957013
-0.321937
0.54822
0.609479
-0.267865
-0.488625
-0.467892
-0.332615
0.263949
-0.299802
-0.304112
-0.436213
0.12637
-0.212286
-0.234512
-0.282193
0.0742121
0.4052
0.346613
-0.525948
0.175497
0.533425
0.0447843
0.345882
-0.343836
0.472429
-0.437755
0.172284
0.357932
0.23188
0.54611
0.173394
-0.325301
-0.235451
-0.352484
0.301035
-0.468806
-0.0402953
0.0925583
-0.136788
-0.642691
-0.207591
-0.555437
0.223747
-0.221832
-0.399848
-0.124681
-0.203325
-0.379088
-0.262957
-0.493136
-0.280736
0.163106
0.552737
0.226969
-0.238587
-0.474733
-0.356846
0.302878
0.185757
0.173326
-0.143605
-0.261051
0.286514
-0.330429
0.10044
0.158632
-0.467001
0.458594
-0.292742
-0.502632
-0.215977
-0.567329
0.130412
0.412929
0.42719
-0.488128
0.0611949
0.0844035
-0.103334
0.3168
-0.223626
0.191821
-0.34475
0.251923
0.0659614
0.431951
-1.09918
-0.314668
-0.794249
-0.186444
-0.623563
0.0550426
-0.240401
-0.162315
0.245279
0.0980317
-0.306858
0.287762
0.212386
0.492531
-0.0123469
0.318827
0.294273
-0.23851
-0.135575
0.183291
-0.0842285
-0.0745752
1.68053
0.127997
-0.578087
-0.688498
0.111498
0.845501
-0.0744266
-1.66311
0.190473
0.48985
-0.331712
0.33263
-0.582745
-0.143642
0.168423
-0.0760698
-0.19153
0.429017
-1.03281
-0.0891602
-0.220829
-0.353148
0.25183
0.380057
-0.412861
-0.392895
0.405492
0.0561089
0.152215
0.28244
0.517131
-0.421203
-0.277647
0.0204689
0.037251
0.352148
-0.398356
0.376068
-0.214481
-0.46075
-0.295848
-0.380433
0.181799
0.408553
-0.451413
-0.0318466
-0.358882
0.243898
-0.376407
0.311225
0.453154
0.0797161
0.153784
-0.0810629
0.467775
0.217078
-0.415396
-0.057301
-0.014325
-0.0761429
-0.473123
0.337121
-0.491808
0.233457
0.309757
0.216548
0.436504
0.270042
0.333992
0.308125
0.184879
-0.379709
0.391672
-0.365061
-0.354496
0.462279
0.380577
-0.391996
-0.282434
-0.461061
-0.0622793
0.276027
-0.202152
0.312277
-0.341094
0.129164
0.158823
-0.377076
-0.00633756
0.514165
0.222107
-0.106231
0.255461
0.00694699
0.471439
-0.0641274
0.400624
0.266518
-0.187182
-0.271958
0.312915
-0.293839
0.317167
0.0649004
0.330336
0.547592
0.336122
-0.0318303
0.00634129
-0.385319
0.414011
0.314627
-0.0255744
0.049441
0.449427
-0.253071
0.132163
-0.266415
0.127847
0.113078
-0.142116
-0.128062
-0.290066
-0.717807
-0.0159958
-0.206846
0.209713
0.857917
-0.248632
-0.223621
0.141652
-0.134786
0.209157
-0.309624
0.335627
0.491513
-0.387625
0.0913547
0.117638
0.374767
0.462722
0.0489863
0.394499
-0.0673626
-0.118971
0.32977
0.031729
-0.685544
0.532015
-0.419358
0.167
0.432837
0.139319
-0.25717
0.595614
0.128286
-0.264651
-0.425047
0.509006
0.145246
0.0375993
0.247031
-0.0587055
-0.3744
-0.425155
-0.369033
-0.369844
-0.280925
0.11847
-0.37513
-0.184758
-0.131309
0.481063
-0.293635
-0.449281
-0.391102
-0.21778
-0.29932
-0.478258
0.090873
0.011784
-0.304617
0.484209
0.261734
0.183368
0.344684
0.399855
-0.0298751
-0.070548
-0.254795
0.286448
-0.0841154
-0.496431
0.169688
-0.034523
0.255696
-0.156817
-0.390992
-0.546329
-0.405666
0.220579
-0.236939
0.196707
0.105052
0.0629208
0.385741
0.385692
-0.262415
-0.374857
-0.165403
0.486221
-0.265906
0.271029
0.0613878
0.449026
-0.44705
-0.210052
-0.338822
0.108333
0.179835
0.045812
-0.116974
0.136467
-0.0445008
-0.253048
0.225251
0.133562
-0.0270146
-0.0168032
-0.247876
-0.0421929
0.389469
0.129411
-0.551424
-0.396552
0.362706
-0.0266944
-0.286211
-0.0192451
0.347341
0.0803343
-0.4147
0.180623
-0.277001
0.224048
-0.459185
-0.121167
0.225906
0.220713
-0.0664994
-0.137063
0.214241
-0.145673
0.173911
0.0663403
0.0833353
-0.104724
-0.453992
0.992275
0.37145
0.441619
-0.609529
0.191237
