#input normalization
0.160549 0.269443
42.3994 47.3081
10.5883 38.0507
8.4137 31.7024
0.011521 0.0426486
0.00932653 0.0330789
0.52601 1.31785
0.823961 1.14631
1.01646 1.32786
1.23048 1.51654
1.47696 1.68552
1.73 1.83539
1.9743 1.96587
2.21076 2.0781
2.43718 2.17557
2.63908 2.23007
2.83415 2.26984
3.01462 2.27938
3.15896 2.26461
3.28283 2.21551
3.38211 2.15303
3.46272 2.06189
3.51676 1.96916
3.54752 1.85503
3.5578 1.72878
3.54351 1.58884
3.49301 1.43749
3.43884 1.27514
3.3546 1.08322
1 -1
1 -1
1 0
#output normalization
1 0
#neurons weights
-0.389428
0.416072
0.00672373
-0.0238879
0.43937
0.202216
-0.144573
-0.185908
0.105373
-0.0166343
0.0262869
-0.380874
0.439605
-0.40104
0.300071
0.253624
-0.372275
-0.013085
0.22511
0.370165
0.118615
0.363833
0.475819
-0.349175
-0.464334
-0.32044
0.224576
-0.234556
0.405012
0.189478
-0.12395
0.350052
0.117735
0.245325
0.344082
-0.0772335
0.397898
-0.340051
0.462459
0.0598949
-0.00922556
-0.339644
0.408475
0.452444
0.0760239
-0.00402395
-0.00151862
-0.404221
0.147777
-0.10764
0.75348
0.48571
-0.282048
0.149355
0.0345232
-0.667794
-0.165592
-0.0924858
-0.328369
0.174797
-0.377177
0.00324421
-0.111236
-0.212114
0.499771
0.117894
0.492927
-0.538986
-0.500574
-0.180915
-0.0723313
0.385754
-0.162149
0.120613
0.212045
0.0508511
0.433375
0.315523
0.336066
-0.0562484
-0.507545
-0.534402
0.291451
0.145272
0.312442
-0.264468
-0.249451
0.486856
-0.279003
0.131157
-0.0227691
0.345147
0.462803
0.438284
0.148491
-0.296906
-0.372719
0.39712
#synapses weights
0.151309
-0.481994
0.244663
0.322573
-0.167172
-0.191726
-0.611442
-0.108039
-0.548359
0.0601418
-0.37724
-0.46793
-0.390143
0.592075
0.166783
0.230347
-0.123495
0.155044
0.0371736
0.320214
0.385283
-0.45074
-0.0828978
0.419665
-0.401297
-0.331986
-0.357167
0.30341
-0.316313
0.258576
-0.371084
-0.44165
0.00202544
-0.0734977
0.191881
-0.416523
0.138126
0.200672
0.565723
-0.50881
0.0187155
-0.347247
0.0668496
-0.134138
-0.107743
0.359885
0.0522604
0.393644
-0.390419
-0.064329
-0.106614
-0.134097
-0.431514
-0.0620709
-0.218214
0.284038
0.0620485
-0.457415
-0.276986
0.490208
0.00269622
0.441147
0.0767649
0.211419
-0.129056
-0.504378
0.114962
-0.30273
-0.0902879
0.296435
-0.988978
0.828972
0.0231863
0.254379
-0.353615
0.185893
0.281062
-0.123448
-0.116457
0.388105
-0.0407615
-0.351839
0.22491
-0.000524246
-0.0460701
0.0538187
0.244083
-0.369633
-0.00839344
0.186094
0.230579
-0.01458
-0.194728
-0.00910712
0.459033
0.453604
0.268732
-0.215732
0.506755
-0.301681
0.311245
0.383225
0.500863
-0.703078
-0.32967
0.634221
-0.103524
0.0360961
-0.139782
-0.0925975
-0.122478
-0.219415
0.403834
-0.285016
-0.226382
0.187398
-0.0916364
-0.28549
-0.156142
-0.0636514
-0.0443298
0.177381
-0.347088
-0.0105993
0.400161
-0.0494573
0.262181
-0.187715
-0.109627
0.330563
0.350663
-0.185772
0.446448
0.320021
-0.253757
-0.186552
0.284606
0.354711
0.314338
-0.227631
-0.237514
-0.3467
-0.33504
-0.355616
-0.0215321
0.0981711
0.0497058
-0.479501
0.408648
0.426749
-0.220395
-0.317639
-0.101608
-0.0699927
-0.131937
-0.339401
0.043234
-0.352879
0.210291
-0.247246
-0.0318877
0.297116
0.313605
0.222453
0.0627543
-0.424608
0.430583
-0.372091
-0.269458
-0.013341
-0.254705
-0.339198
-0.111708
-0.146185
-0.503358
0.407856
-0.266939
0.356082
-0.08077
0.19037
-0.40281
-0.0521483
0.138768
-0.230474
-0.433412
-0.364853
0.174056
-0.465592
-0.43047
0.154379
-0.194574
-0.15833
0.372826
-0.0111404
-0.333292
-0.0881208
-0.0162717
-0.47251
-0.819089
-0.406249
-0.0837787
0.0485717
-0.325919
0.370446
0.165889
0.000455688
0.444443
-0.346717
-0.0222888
0.0442604
0.346141
0.204158
-0.434274
0.197471
0.252957
0.0629718
0.071273
-0.320981
-0.254852
0.189332
0.16716
-0.296136
0.0454867
-0.246035
-0.287491
-0.485913
0.0381634
-0.0984202
0.000996714
-0.1132
-0.110055
0.102586
0.449665
0.317481
0.165239
0.330084
0.393652
-0.05651
0.442667
-0.26927
-0.349108
-0.455587
0.5109
-0.434192
-0.18301
0.471385
0.147881
0.0740894
-0.0501529
0.159563
0.176998
-0.0696146
0.283045
-0.306393
-0.498408
0.251152
0.257455
-0.38172
-0.396682
-0.0920168
-0.160164
-0.188869
-0.25045
-0.330329
-0.19108
0.228103
0.454165
0.0390409
0.049971
0.226772
-0.320718
-0.320755
0.477581
-0.192266
0.373155
0.00813753
-0.438479
-0.272921
-0.151153
-0.197268
-0.268037
0.136191
0.387056
-0.279212
-0.428702
-0.47764
-0.49983
-0.345594
0.105814
0.455488
-0.0677606
-0.226765
0.191708
-0.0303687
0.693722
0.332358
0.187207
0.680285
0.0488092
-0.224551
-0.12247
-0.434731
0.26537
-0.527087
-0.0807236
-0.0327937
-0.407951
0.0466451
-0.184503
0.268858
0.0665982
0.344696
-0.095988
0.00746404
-0.0018084
0.0726671
0.0329904
-0.101462
-0.231031
0.361078
-0.0471214
0.0347267
0.351175
-0.345605
0.469745
0.0398322
0.29012
0.325478
0.135741
0.0503053
-0.203981
-0.0123284
0.398595
0.401164
-0.303645
-0.196306
0.199566
-0.0409219
0.0245942
-0.267312
0.0542421
-0.164334
0.028653
0.167557
0.345971
0.31238
0.0588001
0.0512407
0.323078
-0.0709347
0.489589
-0.040032
-0.377863
0.501482
-0.333886
0.026002
0.374713
0.365288
-0.885447
-0.0883178
0.511366
0.548376
0.576295
-0.34239
-0.22145
0.289231
0.0919936
-0.0726057
-0.340895
-0.255674
-0.448885
0.31961
0.0167473
-0.292752
0.270161
-0.304069
-0.0560632
-0.221685
-0.119388
-0.103154
0.164305
0.118796
-0.357808
0.140613
-0.296614
0.427875
0.0308619
-0.146436
-0.124501
0.121367
-0.407925
-0.2662
-0.0242902
-0.264411
0.590182
0.120026
0.175108
-0.161894
-0.140247
-0.0615659
0.313409
-0.0690474
-0.106433
-0.341936
0.257775
-0.0400984
-0.383727
0.464518
-0.444864
-0.165742
0.446403
0.121204
0.325369
0.450814
-0.466164
-0.469313
0.257037
-0.298253
-0.368889
0.426676
0.154954
0.217423
0.780984
0.0859323
-0.057807
-0.406994
-0.581337
-0.33853
-0.330098
-0.0160946
-0.379844
0.426135
0.506454
0.206673
0.321863
-0.202871
-0.258537
0.0398705
0.108995
0.130417
0.422418
-0.0856431
0.306425
-0.175203
-0.315391
0.149235
-0.116009
0.212449
0.351113
-0.373088
-0.353296
0.458958
-0.066265
-0.0291337
0.251049
-0.193311
0.355688
0.0335755
0.13003
0.112298
0.127307
-0.0983746
0.39584
0.159906
0.195772
0.378893
0.219957
-0.238448
0.0727979
0.159292
-0.414702
0.372098
0.270816
0.0967622
-0.0918063
0.137525
0.341585
0.412947
0.453223
-0.420751
-0.248699
-0.318475
-0.419149
0.14504
-0.0173531
-0.133152
0.548943
-0.0544372
0.491904
0.41234
0.386718
-0.280432
0.174698
0.292195
0.291766
0.253423
-0.258552
0.0936205
-0.085927
0.0577889
0.0561569
-0.00343419
-0.135667
0.359914
-0.25754
0.353681
-0.430703
0.326488
-0.203255
-0.186452
-0.0520613
-0.231368
-0.349957
0.315827
-0.504625
-0.239485
0.190902
-0.16335
0.835035
0.21737
-0.125847
-0.356641
0.285557
0.226226
0.0480746
-0.217772
-0.117301
-0.024255
-0.507117
0.0561146
-0.287779
0.0353065
0.0948725
-0.318766
-0.16219
-0.283545
-0.0475171
-0.138492
0.0417121
0.0455532
0.498116
-0.182845
0.489093
-0.189337
-0.29557
0.0942799
-0.0915795
0.439731
-0.439163
-0.290818
-0.812457
-0.281763
0.2253
0.217091
-0.00349525
0.177845
0.127415
-0.11141
-0.0957419
-0.348484
-0.00686201
-0.303788
0.225779
-0.400814
-0.0803782
-0.0164228
-0.00484743
-0.43129
0.183088
0.0221811
0.351639
0.147766
0.141418
-0.391327
-0.400186
-0.0528686
0.0927701
0.00831274
0.247623
-0.375504
-0.169131
-0.280465
2.18471
-0.135892
0.760221
0.1724
0.121252
0.0639602
0.265653
0.368112
0.0126798
-0.0230197
0.000372103
0.0362218
0.0143288
-0.195674
0.159103
0.425346
-0.0746512
-0.256021
0.113434
-0.133227
0.264746
-0.191888
-0.138531
-0.323311
-0.219086
-0.146454
-0.141586
0.530312
0.406236
-0.0309298
0.193332
-0.392311
1.07019
0.670233
0.323448
0.163223
0.0320894
-0.451529
0.0410216
-0.449284
-0.222284
0.0870696
0.447098
-0.0230838
-0.310345
-0.229896
-0.320308
-0.275063
0.211127
0.090359
-0.275305
-0.24323
-0.122534
-0.13007
0.365299
-0.317059
0.0313824
-0.468127
0.193426
-0.130184
-0.264512
-0.51424
-0.34734
0.263413
0.279438
-0.323788
-0.0732606
0.0713195
-0.0324093
0.387472
-0.150048
0.432419
0.0555553
0.326847
-0.390612
-0.0594668
0.212185
0.219056
-0.136105
0.263768
-0.100172
-0.107916
0.0096867
0.312019
-0.470249
-0.0913785
0.23041
-0.0672553
-0.163278
0.0395752
-0.29073
0.396056
-0.127704
0.224235
-0.298333
-0.0736889
0.338895
0.664947
-0.195688
0.137529
-0.00866623
0.318438
0.0121829
-0.352351
0.0477035
0.254669
-0.130673
0.299557
0.150692
-0.207842
-0.241838
-0.370579
0.195619
0.198197
0.332988
0.28846
-0.464254
-0.137348
-0.340649
-0.105025
-0.357084
0.192331
-0.139593
0.288949
0.218391
0.459118
-0.0281206
0.141632
0.58385
0.721502
0.280966
0.027396
0.0660156
0.211501
-0.108841
0.328681
0.253717
-0.36922
-0.024887
-0.472507
0.535062
-0.273227
-0.260287
0.1011
-0.247227
-0.501434
0.101415
-0.0255577
0.325736
0.205594
0.324321
0.337995
-0.0568231
-0.366998
-0.00670962
-0.334921
-0.284363
0.36296
0.0160084
0.0141059
-2.20648
-3.36324
-0.0764516
-0.146315
0.149365
0.0470149
-0.020753
-0.0364425
0.11525
-0.0170605
-0.0816486
-0.0260635
0.132867
0.06143
-0.257638
-0.060226
0.128642
-0.227761
0.0759758
0.314649
0.178733
0.113307
-0.189082
0.362208
-0.181715
0.229308
-0.376037
-0.0489448
-0.471589
-0.0507779
0.393619
-0.206233
-1.17026
-1.02629
-0.0404644
0.112194
-0.352011
0.281913
0.359261
-0.296377
-0.232927
-0.0921552
0.492137
0.0745398
-0.123385
-0.474835
0.0611024
-0.0283665
-0.493369
0.0953358
0.33632
0.18081
-0.335197
0.209554
0.0933723
0.155054
0.312689
-0.0512832
0.0930147
0.104176
0.168228
0.356045
-0.542728
0.0660432
1.14805
1.58896
0.167448
0.255616
0.210977
0.450175
0.197836
0.0532245
0.0759328
0.382177
0.368409
-0.184592
0.309209
0.0682205
0.0687119
-0.200721
-0.191812
0.182459
-0.101479
-0.0447584
0.105133
0.123879
-0.137343
-0.0565457
0.0556616
-0.407705
-0.361865
0.204697
-0.284343
0.354639
-0.476101
-0.0436295
0.104431
0.163492
-0.360967
-0.378572
0.284907
0.0976335
0.0696
-0.252644
-0.386305
-0.132101
-0.151511
0.26956
-0.0230704
-0.284815
-0.0331819
0.289433
-0.34222
-0.259672
-0.0455554
-0.394345
0.00989022
-0.233852
0.0996733
-0.0602715
-0.276642
-0.429134
0.142586
0.158128
-0.109012
-0.151635
0.143657
-0.231695
0.93607
0.865161
0.332266
0.0363028
-0.443718
0.155186
0.268241
0.303634
-0.360924
-0.578761
0.130734
0.139116
-0.0746703
0.186522
0.458148
-0.303524
0.376486
-0.369839
-0.0848248
-0.0715885
0.277472
-0.254878
-0.12679
0.339629
-0.4479
0.248647
-0.0816602
-0.525534
0.126316
-0.0431883
0.134699
0.300325
-1.50579
0.475218
0.033328
-0.204098
0.0867176
-0.230145
0.138745
0.0446229
-0.0198505
0.139992
0.040534
0.473731
0.523039
-0.212901
-0.0463872
0.295192
0.0084775
-0.176443
-0.323071
-0.283308
-0.185808
-0.0494727
0.390273
-0.451695
-0.453988
-0.47415
0.0702087
0.426247
-0.195931
-0.0156278
0.435311
-0.140614
0.893448
4.14687
-0.0531278
-0.0807087
-0.0051654
-0.0653287
-0.101482
-0.0142416
0.0625059
-0.158861
-0.1185
0.0535708
0.0197959
-0.058391
-0.0613342
-0.218305
-0.06084
-0.0981825
-0.0264265
0.355861
-0.309234
-0.122209
-0.0272631
-0.457998
0.0258759
0.260251
0.0789646
-0.479763
0.148124
0.274795
-0.493962
-0.541362
0.0133277
0.130995
0.130293
-0.308861
-0.226089
-0.265154
-0.191395
0.205762
0.25643
-0.407181
-0.405517
0.0479392
-0.439975
-0.345043
0.351626
0.0924174
-0.0237312
0.076457
-0.49988
-0.0213429
-0.19701
0.425228
-0.320314
-0.363644
-0.126186
-0.0948263
-0.0780309
-0.179647
-0.332195
0.11742
0.303076
-0.215424
-2.92056
0.101263
-0.00805379
-0.171033
0.0494171
-0.0566819
-0.0868307
0.00288221
-0.105064
-0.0440505
0.0484441
-0.0774323
-0.0136985
-0.109829
0.222424
0.0305967
-0.261722
-0.117928
0.218274
-0.0421396
0.210487
0.0282041
0.0429607
0.480497
0.387143
0.378093
0.129505
0.183071
0.356306
0.448358
-0.370319
-0.32346
0.951214
-0.199834
0.775366
0.375145
0.291931
-0.0376491
-0.055727
0.209144
-0.0967525
-0.289917
-0.16111
0.200736
0.101697
0.377879
0.258582
-0.405828
-0.0709773
-0.288878
-0.223117
0.0721616
0.0538852
0.266621
-0.149245
-0.290692
0.36692
0.386679
-0.420044
-0.361625
0.382882
-0.00792428
0.0736826
-0.244854
-0.371466
0.0616586
-0.540418
0.295095
-0.370622
0.39115
-0.0294672
-0.319034
-0.516891
-0.446847
-0.112909
-0.323629
-0.236224
-0.286326
0.253025
-0.479565
-0.268241
0.427923
0.173038
0.208889
0.0752146
0.144969
0.400093
0.124727
0.396646
0.265595
-0.467892
0.40306
0.203165
0.128403
-0.446528
0.187764
0.176698
-0.450459
-0.0140537
-0.224412
0.358905
-0.366151
0.283756
0.115132
-0.174766
0.420404
0.087448
0.367018
-0.101308
0.196795
-0.259577
-0.011207
0.304943
0.438074
-0.125069
-0.359552
0.0988192
0.410543
0.455299
-0.0429797
0.14933
-0.1392
0.532957
0.0912626
0.266094
0.444415
-0.470373
0.548121
0.183396
0.1561
-0.186654
-0.204723
0.195846
0.068602
0.327666
0.37726
0.415164
-0.161106
-0.189904
0.213438
0.0064591
0.353427
-0.0342297
-0.0652312
0.461853
0.0331545
0.125581
0.120147
-0.373115
-0.0870796
0.207008
0.124959
0.533944
-0.486117
-0.038869
0.0887946
0.268317
-0.216181
0.367059
0.130188
-0.00422163
0.267222
0.346359
-0.284316
-0.452868
-0.358756
0.323492
-0.288674
-0.327315
-0.150977
0.376487
-0.440527
0.434765
0.120775
-0.180867
0.200856
0.143111
0.0411239
0.213659
-0.122982
0.302879
-0.264478
-0.246979
-0.17923
-0.280783
0.28375
-0.00604804
-0.155355
-0.177603
0.120851
-0.126311
-0.115769
0.359709
-0.389235
-0.094266
-0.105602
-0.0361611
-0.516585
-0.198066
-0.0667611
-0.342684
-0.35131
0.191303
-0.0402859
-0.460679
0.0820021
-0.166025
-0.133164
-0.332099
0.151008
-0.242717
-0.285023
0.280231
-0.440647
0.0671921
0.00161519
-0.232615
-0.452593
0.31004
-0.449319
-0.371426
-0.00462908
-0.298063
-0.205125
-0.00976627
-0.0309759
-0.0987811
0.0532459
-0.0696303
0.360859
-0.138081
0.360326
0.191412
-0.111609
-0.357391
-0.0562119
0.126676
-0.184948
0.12584
0.3336
0.271029
0.235329
-0.141359
0.496194
-0.268497
-0.322732
-0.22229
-0.300382
0.483258
0.404635
0.196758
0.14754
0.337909
0.0282748
-0.721728
-0.062866
-0.390991
0.0864445
0.579735
0.178997
-0.214362
-0.352161
0.341797
0.213478
0.381354
0.493782
-0.29454
0.236822
0.109537
0.0520165
-0.397122
0.412708
-0.0409022
0.69093
0.345685
0.310295
-0.0352207
-0.358423
-0.00663535
0.561045
0.424975
0.190244
-0.0764852
-0.180302
-0.133516
-0.263753
-0.34114
-0.0142832
-0.279284
-0.275594
-0.211924
0.289424
-0.286402
-0.337316
0.364021
0.181922
-0.375953
0.207613
-0.470635
0.519832
0.139928
0.0298477
-0.157142
0.0697263
0.383137
0.417832
-0.233209
0.110969
0.385519
0.295089
-0.227302
-0.183572
-0.452726
-0.0879216
-0.142484
0.19605
0.100545
0.270075
-0.338551
0.0987608
-0.649697
-0.0561031
0.626546
-0.122774
-0.530487
-0.175794
0.115314
-0.202567
-0.317886
-0.246269
0.258615
0.27631
-0.20999
-0.269549
-0.052827
-0.114789
-0.244422
0.188272
0.635226
0.153372
0.138497
-0.298818
0.250671
0.340369
0.207647
-0.575826
-0.242205
0.875254
-0.108685
0.354643
-0.36081
0.260228
-0.26271
0.0825074
0.315608
0.338885
-0.284186
0.0498561
-0.394001
0.377779
-0.222478
0.297776
0.112248
0.22705
0.239433
0.364405
0.0273745
-0.124805
0.387895
0.0637297
0.178817
0.176571
0.497623
-0.124072
-0.404851
-0.000482841
-0.00648588
0.439152
0.0786823
0.072607
0.442893
-0.0108252
-0.35178
0.406567
-0.436058
-0.0109932
0.0343075
0.179787
-0.409539
0.471619
-0.348853
0.210531
0.391478
-0.267208
0.042425
-0.10601
0.235523
-0.247413
-0.234768
-0.047492
-0.318352
0.369326
0.389679
-0.272061
0.030196
-0.439151
0.38275
-0.230298
-0.332387
0.234477
0.0226924
0.260378
0.265031
-0.297463
0.256156
0.416667
-0.344479
0.236598
-0.268313
0.0165715
0.0544551
0.00571758
0.424105
0.0338967
0.144029
0.555537
0.0661463
0.495294
-0.0991565
-0.00950752
-0.0871064
-0.272254
0.0722459
-0.153435
-0.381294
0.506237
0.334459
-0.259309
0.212367
0.0560113
0.156537
-0.167628
0.346727
-0.352961
-0.236895
0.0129289
0.333962
0.448763
0.332284
0.489409
-0.268999
0.252487
-0.243266
-0.348651
0.366191
-0.0901319
0.112002
0.0153894
-0.338203
0.358892
-0.000196391
0.203406
0.080431
-0.458173
-0.436274
-0.403791
0.0883674
-0.0526803
0.303569
-0.46425
-0.200564
0.347906
-0.716096
-0.701559
0.181282
-0.510613
-0.232287
0.771306
0.403096
-0.294821
-0.228129
-0.604573
0.587402
-0.443772
0.114191
-0.202432
-0.815208
-0.358117
-0.461204
-0.152122
0.14291
-0.037331
0.44743
0.0765764
-0.202474
0.315377
0.0898772
0.465518
-0.182268
0.198409
-0.0308672
0.309133
-0.175751
-0.18554
0.176186
0.35226
0.120006
0.330478
0.390378
0.0717883
0.274879
-0.411755
-0.0945931
0.282925
0.445526
0.535718
0.125517
-0.406293
0.362998
0.117215
0.341584
-0.368732
0.104189
-0.353959
-0.0397362
-0.255925
0.291038
-0.566028
-0.073231
-0.00367125
-0.207379
0.0225496
0.0581668
0.225312
-0.408443
-0.199807
-0.58532
-0.0541894
-0.514452
-0.343373
0.303549
0.233294
-0.302448
-0.132012
-0.429602
-0.288829
0.511137
-0.356339
0.520854
-0.492884
0.315454
-0.226153
-0.63765
-0.102112
0.10451
-0.632578
0.30234
-0.0899923
0.0226161
-0.14786
-0.15296
-0.136349
0.380733
-0.067383
-0.56655
-0.327279
-0.0621968
0.357636
-0.116279
0.29465
-0.509881
-0.0367987
0.193718
-0.00762239
0.224827
-0.29798
0.181052
-0.283313
-0.42578
-0.144706
-0.125045
-0.601206
0.328552
-0.414962
0.274258
0.303107
-0.391957
-0.671496
0.352042
0.219262
-0.242814
-0.409405
-0.0750386
0.166796
0.0885165
-0.150636
-0.338333
0.0959505
-0.138029
-0.454841
0.438986
0.164895
0.0596549
0.194992
-0.550517
0.235256
-0.53969
0.1787
0.166207
0.516234
0.295515
-0.292951
-0.150815
0.314034
0.236615
0.127198
-0.342693
0.65142
0.0802461
0.0207389
-0.2
0.0387747
-0.151594
-0.253516
0.370004
0.0163866
0.494022
0.350968
0.226395
0.316809
-0.404263
-0.07113
0.391628
0.201278
0.609954
0.273728
0.0851793
-0.448236
-0.19923
-0.0090932
0.0485832
0.409522
-0.348751
0.0711087
0.470118
0.0600949
0.766873
0.338375
0.149389
-0.0373024
0.0758916
-0.409846
-0.229265
-0.221318
0.496686
0.148794
0.458413
0.0290491
0.413258
0.128482
0.107746
0.00703064
0.349502
-0.0210331
0.131602
-0.162496
0.0276795
-0.349168
0.180425
0.309543
0.266383
-0.0252822
0.179781
-0.149114
-0.354984
0.325074
0.264847
0.0361217
-0.262198
-0.470053
-0.142913
-0.267123
-0.274427
-0.352714
-0.346543
0.103492
0.320378
-0.880943
0.547108
-0.287166
-0.0664684
-0.420487
0.347996
0.00539939
-0.250496
-0.193027
-0.162458
0.521118
0.394996
0.102743
0.0810059
0.120658
0.0367283
0.288963
0.189608
0.268787
-0.142757
-0.427493
0.175369
-0.230798
0.0136019
0.102872
0.0113973
-0.478267
0.626655
0.38679
-0.891141
0.451328
-0.335787
0.467242
0.036027
0.0522208
-0.0548761
-0.385417
0.0989211
-0.619761
0.0625864
0.31534
0.342876
-0.738871
-0.385765
0.190505
-0.104335
-0.281212
-0.17818
-0.498003
-0.531165
0.232283
-0.372093
-0.320022
-0.00177614
0.327258
-0.52768
-0.0121428
0.421633
0.0468006
0.169284
0.0387912
-0.131401
0.12215
-0.420239
0.137499
-0.0278244
0.219374
-0.535774
-0.437499
-0.238153
-0.218816
-0.114242
0.235905
-0.256681
-0.171475
0.316325
0.0747154
0.0511674
-0.0528614
0.289567
-0.543299
-0.0624344
-0.277098
-0.210102
-0.145543
0.0308318
-0.433587
-0.23071
0.462226
-0.0658283
0.440391
-0.591983
0.411815
0.610625
-0.31188
-0.72971
-0.0362484
0.332304
-0.380863
-0.228834
-0.336391
0.145725
0.267198
0.178416
0.0800087
-0.560084
-0.3522
0.467686
-0.259619
0.224796
-0.0131515
-0.422598
-0.0538336
0.247963
0.233258
-0.408322
-0.249963
-0.106756
-0.386516
-0.0670144
0.557186
-0.305649
0.0169589
-0.100645
-0.186164
-0.22011
0.419411
0.246547
0.336777
-0.0661978
-0.237635
-0.254061
-0.219623
0.00794012
-0.0350497
0.470469
-0.314025
0.400211
-0.25032
0.173194
0.276779
0.244384
-0.324845
0.34882
0.200509
0.405818
-0.271198
-0.110606
0.668116
0.126933
0.493881
0.254512
-0.425747
-0.0492343
-0.155397
0.0679837
-0.397369
-0.3662
-0.310249
0.376214
-0.273894
-0.0516479
-0.182694
0.379975
-0.40971
-0.097514
-0.126945
0.329561
-0.444628
0.334499
-0.294398
0.160047
0.372898
-0.162391
0.00583678
-0.304204
0.084845
0.275382
-0.364328
-0.359739
0.369741
0.0483053
-0.593447
-0.557684
0.166839
0.201535
-0.179691
0.145999
-0.138343
0.180661
-0.113882
-0.303873
0.48354
-0.0954091
-0.545692
0.340355
-0.394188
0.0547464
-0.0778621
0.273959
0.331327
0.382506
-0.038333
0.124988
0.117679
0.251744
0.314746
-0.110689
-0.111195
0.424012
0.154261
-0.142405
0.641415
-0.535976
0.658885
0.301539
-0.117694
-0.28124
0.287673
-1.60323
-0.385713
0.92541
0.251359
0.397011
-0.196972
1.61341
0.11718
-1.01865
0.691294
0.316387
0.513189
0.230724
-0.280569
-0.245375
0.163665
0.44859
0.0101248
0.0329137
-0.00879154
-0.201236
-0.342845
0.461758
0.518525
-0.407934
-0.193808
0.1773
0.286081
0.326379
-0.0133179
0.320273
0.298403
-0.574784
-0.185177
-0.284688
0.307827
0.380225
0.398789
0.462867
-0.104109
0.104061
0.312072
0.0603553
0.124368
-0.0220453
0.437162
0.564908
0.506769
-0.295417
0.0441528
-0.171081
-0.402233
0.451656
-0.339997
-0.47671
0.456484
0.282706
0.150686
-0.389113
0.456835
0.227674
0.462404
-0.250619
0.265304
0.477257
0.199318
0.156592
-0.122126
-0.159568
0.423392
0.193768
0.442375
0.48278
0.334464
0.413003
0.483337
0.340626
-0.112288
0.463233
0.043788
0.410833
0.0351513
-0.0575598
-0.216024
-0.140383
-0.363088
0.186903
0.382277
-0.43556
-0.265107
0.233399
-0.0863287
-0.11028
-0.0648479
-0.343063
-0.340831
-0.00545686
0.405678
0.0681016
0.421788
0.380482
0.0445734
0.394291
-0.183825
-0.141699
-0.350432
-0.341592
-0.401221
-0.00284007
0.0754692
-0.327189
0.275513
0.383603
-0.349368
0.139373
-0.289818
-0.072825
0.227059
0.104325
0.196363
-0.148164
-0.408016
0.435354
0.174973
0.198354
-0.225004
-0.340117
-0.251705
0.429903
0.451963
-0.133435
0.183579
0.214742
0.434397
0.5386
0.302413
0.222477
-0.327941
-0.031637
0.00240446
0.486984
0.437327
0.13664
-0.252765
-0.0299142
-0.65424
-0.0664194
0.171588
-0.428366
-0.087121
0.143263
0.146792
-0.0324753
-0.346213
0.0851255
0.330842
-0.16382
0.0696782
0.11925
-0.0378721
-0.318067
-0.155477
0.232809
0.303567
-0.0979293
-0.010074
-0.395153
-0.502512
0.379671
-0.259471
0.377251
-0.620783
0.364281
0.370821
-0.473009
0.277045
0.46673
0.654425
-0.15499
0.350599
0.408029
0.24578
-0.000577723
-0.0487753
0.346686
-0.126102
0.0284762
-0.0511427
-0.231986
-0.24386
-0.215084
-0.0168515
-0.0431864
0.0338571
0.164155
-0.285652
0.185191
-0.396597
-0.330931
-0.412803
-0.0130639
-0.102443
-0.183256
0.043573
-0.100839
-0.154837
-0.451627
-0.48885
0.0525052
0.392171
0.432946
-0.245966
0.0549961
-0.292648
-0.203615
-0.237414
0.158458
-0.234436
0.0465948
0.268414
-0.0212561
0.373039
0.38858
0.495798
0.268552
0.405297
-0.199383
-0.663724
0.189981
-0.691864
0.00717627
0.0743561
-0.555944
-0.938805
0.0247447
0.0525063
-0.520563
0.616236
0.29163
-0.208011
