#input normalization
0.16056 0.26946
24.7135 32.9652
11.08 35.5344
8.67438 30.6968
0.0115338 0.0399199
0.00947419 0.0322269
0.52601 1.31785
0.823961 1.14631
1.01646 1.32786
1.23048 1.51654
1.47696 1.68552
1.73 1.83539
1.9743 1.96587
2.21076 2.0781
2.43718 2.17557
2.63908 2.23007
2.83415 2.26984
3.01462 2.27938
3.15896 2.26461
3.28283 2.21551
3.38534 2.14891
3.48469 2.03192
1 -1
1 -1
#output normalization
1 0
#neurons weights
-0.180259
-0.253681
0.358458
0.111464
0.323162
0.122186
0.132869
0.166241
-0.199386
0.406111
-0.390294
-0.195702
-0.382935
0.165735
-0.0564094
-0.334305
-0.29703
-0.0181888
-0.137852
0.00285933
0.127689
-0.148915
0.348988
0.367939
0.43876
-0.158412
0.221639
0.367722
-0.0153751
0.647552
0.325571
-0.385833
-0.339625
0.00556491
-0.204631
0.923087
-1.09921
-0.657393
-0.437026
-0.817765
0.10756
-0.472788
0.280702
-0.655256
0.183191
0.0824493
0.555732
0.552335
0.0629625
-0.075257
-0.100316
0.0918423
0.0906476
0.2007
0.0203024
-0.288471
0.298371
0.496858
-0.163086
-0.151663
-0.1758
-0.0383919
0.478427
0.247768
0.153201
-0.30189
-0.0300304
0.0107883
-0.167128
-0.214362
0.192273
-0.163005
0.49266
0.589432
#synapses weights
-0.0344909
0.303627
0.351673
-0.349411
0.337191
0.0440406
0.28992
0.222741
1.05415
0.523517
0.0786918
0.0593798
0.192559
-0.172014
-0.0651833
0.126287
-0.500293
0.255805
-0.156121
-0.356504
0.322562
0.0825576
-0.205825
-0.0694528
0.288833
0.216946
0.700865
-0.245542
0.45626
-0.289694
1.82682
0.025157
0.166552
-0.165804
-0.154621
0.0412612
0.419218
0.501286
0.283072
-0.14281
-0.276349
0.129097
0.231865
-0.0726921
0.510374
0.2505
-0.1489
0.383011
0.25817
-0.156354
0.335649
0.356835
-0.522181
0.545149
1.31784
0.511303
0.174558
0.0766902
0.375118
0.0664681
0.301505
0.276753
-0.0171063
-0.24249
0.403647
-0.167169
0.3572
0.165396
-0.191006
0.00142489
0.218914
-0.256212
-0.0105277
0.217604
0.300087
0.0415484
-0.0610859
0.228957
-0.200691
-0.316196
-0.225791
-0.223084
-0.238515
0.380362
-0.256858
-0.174303
-0.203361
0.499485
-0.420054
0.0890579
-0.217385
0.358613
-0.374751
-0.18031
0.0289588
-0.111999
-0.0467954
-0.00560029
-0.26492
0.484515
0.172442
-0.010088
-1.0625
-0.828112
0.477285
0.464664
0.10767
0.0707457
0.123578
-0.0100608
-0.228168
0.0324784
-0.0536583
-0.048841
-0.146843
0.0955891
-0.178167
-0.0721097
0.429159
-0.288171
-0.0401506
-0.162322
-0.17752
-0.12669
-0.359082
0.239939
-1.00046
0.370217
0.39812
-0.404237
-0.0709663
-0.204196
0.219821
0.420873
0.328216
0.069624
-0.169793
0.562029
0.107074
-0.513171
-0.209485
0.215251
0.206878
-0.405068
0.208145
-0.250142
-0.222299
-0.218507
-0.616048
-0.111834
0.433955
-0.594709
-0.182924
-0.176021
-0.018809
-0.231137
-0.187653
0.26964
-0.46025
0.517278
-0.0391687
0.257231
-0.130845
0.0203233
-0.245067
-0.0559617
0.0232589
-0.0349015
-0.0473018
0.328509
0.318305
-0.22547
-0.27532
-0.185007
0.79035
-0.356819
0.359971
0.273417
-0.398968
-0.0505192
0.182915
0.268062
0.0402728
0.11454
0.0871882
0.00643633
-0.315881
0.18324
-0.100694
0.406123
0.282317
-0.239165
0.329663
-0.627143
-0.549979
-0.114236
0.205542
0.17892
-0.982535
-0.412039
0.0414584
-0.0847221
-0.327957
-0.130703
-0.154896
-0.152095
0.111287
0.157657
-0.424687
0.310504
0.0697233
-0.0536735
-0.373227
-0.436574
-0.251869
-0.434657
0.257738
-0.264879
-0.0399476
0.209334
0.354765
0.389169
-0.649903
0.166249
0.418422
0.320229
0.0612485
0.119658
0.403051
0.289258
0.361019
-0.418318
0.164472
0.257937
0.483118
-0.455855
-0.527489
0.131497
0.232721
-0.272103
0.374387
-0.00089811
-0.123085
0.0937828
0.192211
-0.407594
0.0814714
0.398379
-0.504708
0.222691
-0.422157
-0.218015
0.492235
-0.054439
0.336137
0.388979
-0.374287
0.183189
-0.105241
0.351591
-0.172136
0.264874
0.311474
-0.407185
-0.0473043
0.442137
0.0861485
-0.299923
0.166455
0.185817
3.00713
3.58408
0.00331664
-0.0483267
-0.234289
-0.101523
-0.0908274
-0.111058
-0.00213777
-0.29587
0.0797374
0.0196075
-0.0295442
-0.156
0.0187396
0.0167857
0.0865452
0.381443
-0.27048
-0.226773
-0.259898
0.274863
0.091249
0.0491518
-2.52849
-2.70414
-0.268623
-0.196166
-0.178141
-0.0357324
-0.0587541
-0.0436191
-0.113695
0.0228383
0.0737844
-0.130733
-2.78052e-05
-0.0211565
0.11844
0.00756283
0.477204
-0.421891
-0.0528069
-0.401222
-0.179517
0.175608
-0.257185
0.15352
-3.02931
-2.15238
-0.113452
0.0298045
-0.0559848
0.0501464
-0.0484253
0.131139
0.00651154
-0.139167
0.23152
0.372767
0.190013
0.0173686
-0.189362
0.160611
0.294583
-0.350707
-0.0510782
0.101698
-0.265423
-0.202978
-0.480339
0.541345
-2.35904
-1.30374
-0.648984
-0.30678
0.0419094
0.192988
0.306005
-0.515517
0.0103361
0.373839
-0.0929222
-0.0369584
-0.0322123
-0.116018
0.0919581
0.0124507
-0.145616
-0.0712872
0.150654
-0.0621649
-0.517808
0.447567
0.593298
-0.426391
-1.11912
0.256708
-0.593791
-0.42438
-0.308771
-0.370553
0.0641565
-0.124851
-0.0422157
-0.157594
0.108872
-0.471435
-0.204128
-0.375691
0.139655
0.30776
-0.0969281
-0.202096
-0.338391
0.00135592
-0.395507
0.135309
0.40615
0.022007
0.0705458
-0.158553
0.377804
-0.30111
0.237349
0.0131909
0.0600377
-0.0245618
-0.095595
0.0276901
-0.336525
-0.188623
-0.258059
-0.464044
-0.500898
0.338193
0.251027
0.135432
-0.147167
-0.50001
-0.248658
0.0483156
-0.313246
-0.155407
-2.53525
-0.850404
-0.371334
0.0225618
-0.676462
0.336566
-0.104779
-0.132659
-0.260533
-0.309858
-0.205192
-0.0491125
-0.135679
0.00375397
-0.191894
-0.298075
0.321855
-0.411406
0.141932
-0.0188495
0.249094
0.201235
0.156531
0.180209
0.941345
-0.149931
0.177945
-0.308122
0.20241
0.271872
-0.121863
0.0402808
-0.331738
-0.39056
-0.266907
0.281548
-0.331678
-0.148011
-0.177686
-0.0316718
-0.138761
0.287585
0.00768765
0.0878477
-0.0490376
0.0818599
-0.20881
-0.123217
1.09669
-0.872729
0.256589
-0.0157639
-0.31655
0.0600795
0.24538
0.134081
0.212355
-0.102755
0.0204703
0.255153
-0.268978
0.280432
-0.299599
0.0342859
-0.423404
-0.292472
0.199865
-0.109909
0.0095086
0.173414
0.607265
-0.317721
0.551846
0.151434
0.0106922
0.404
0.406313
0.0431464
-0.439413
0.00552146
0.205614
0.0930957
-0.397172
0.118247
-0.0788733
-0.51128
-0.0789885
-0.487657
0.024496
-0.434984
-0.120797
0.298518
-0.225864
-0.129719
0.0211005
-0.00984827
-2.17569
0.178531
-0.276381
-0.0148853
-0.677211
0.0966139
0.543034
-0.165534
0.0893753
-0.242208
-0.124121
-0.146703
0.052116
-0.039765
-0.025704
0.282242
0.295312
0.315336
0.118404
0.435786
-0.16705
-0.0211603
0.325431
-0.214905
2.77198
-0.214813
-0.0756597
0.102505
-0.0318758
-0.0899365
0.152614
-0.147774
0.187665
-0.297182
0.0745952
-0.099391
-0.0837906
-0.124556
-0.401053
0.0400764
-0.404388
0.0147699
0.0450832
-0.177214
0.303044
0.378093
-0.159412
0.0207766
-0.578769
-0.634644
-0.332089
-0.292356
-0.163138
0.219524
0.20367
0.619404
-0.187145
0.213725
-0.312522
-0.385231
0.248481
0.227968
0.0293712
0.0836997
-0.0467539
-0.012533
0.374719
-0.018355
-0.0799232
-0.0933863
0.315033
0.319287
0.272412
0.35861
0.0520447
0.0784376
0.205482
0.141886
0.214072
0.362766
-0.386603
0.350321
-0.220191
0.152025
0.143073
0.161447
-0.420498
0.391879
0.12323
0.378314
-0.455935
-0.0201509
-0.000575209
-0.164124
-0.309617
-0.459771
0.352421
0.0355165
-0.217133
0.331651
-0.135105
0.130178
0.30772
0.120341
-0.267384
0.145497
-0.334857
-0.341828
0.142892
-0.0990006
-0.385715
-0.234689
0.0127767
0.130168
-0.0144399
-0.163147
0.452881
-0.433241
0.278044
0.54241
-0.389944
0.154031
0.252099
-0.0329774
0.311371
0.0570316
0.0278479
0.521303
0.470563
-0.275941
0.239419
0.527382
-0.00642471
0.701198
-0.252094
-0.245247
-0.181014
0.316319
-0.636407
-0.10103
0.64324
0.762978
0.633008
0.0243358
0.0171299
-0.710872
0.432689
0.241232
0.0336749
-0.0437921
-0.048566
1.81076
-0.900271
-0.949795
-0.423
0.0929241
0.336535
-0.402465
0.704378
0.544695
0.510706
-0.426004
0.324549
0.137761
-0.504853
0.0991839
0.490661
0.176516
-0.510402
-0.352793
-0.218958
0.0150199
-0.07634
0.0297688
-0.14976
0.0456898
-0.537521
0.0597489
0.0784666
-0.467583
0.326283
0.111803
0.121876
0.271236
0.143886
0.396769
0.0834436
-0.549835
-0.562755
0.502667
-0.356079
-0.0154669
0.479732
0.320979
-0.559761
-0.199607
-0.166024
0.0462244
0.0627534
0.13135
0.265596
0.626501
0.207263
-0.291
0.293163
0.0970619
0.323447
-0.399641
0.20135
-0.052046
0.256308
-0.118009
-0.429001
0.370994
0.248183
0.476812
-0.0985985
-0.407872
0.290263
0.361957
0.0974861
0.287925
-0.0887711
0.0587389
0.0731815
0.352377
0.32867
0.168533
-0.151888
-0.277751
0.0522521
0.276089
-0.311469
-0.294598
0.425558
0.218424
0.256745
0.173292
0.00910241
-0.30493
0.347301
0.252724
0.1741
-0.251156
0.124616
0.275577
0.416311
0.126426
-0.0232638
-0.385072
0.164437
0.230526
-0.129126
0.12356
0.456578
-0.205154
0.00880958
-0.215458
-0.456896
-0.400403
0.0639209
-0.314234
0.632648
0.430779
0.0490712
-0.122711
-0.0986713
-0.0307267
-0.427272
-0.106547
0.191475
0.0173124
0.328051
0.192734
0.295824
0.14375
0.321201
-0.128523
0.133349
0.001092
0.039748
0.131629
-0.0852144
0.352754
-0.331145
0.302255
0.402418
-0.156256
-0.171045
0.857721
0.791523
0.19637
0.131158
0.0185147
0.419792
0.129852
-0.670526
0.00172097
0.247989
0.499212
0.136081
0.00305372
0.212864
-0.0749702
0.133825
-0.11049
-0.107581
0.264127
-0.041869
-0.556436
0.0313859
0.271694
0.133946
-0.113399
-0.0104516
-0.295031
0.0470812
0.285244
-0.248717
-0.562846
-0.00759616
0.0437453
0.421239
-0.213777
-0.0696443
0.0576267
0.00956106
0.208307
-0.24958
0.229924
-0.306179
0.0413348
-0.429081
-0.52212
0.34287
-0.257342
0.577079
-0.20586
0.248253
0.120493
0.0977125
-0.0796246
-0.30999
0.463319
0.0276231
0.438996
0.428148
0.281145
-0.0677656
-0.220387
0.325527
0.319925
0.525407
0.345538
-0.0417684
-0.328032
0.231429
-0.198137
0.190026
0.148139
-0.392631
-0.265132
-0.10111
0.474139
-0.014542
-0.259371
0.371773
0.130015
0.331869
-0.303092
0.0524523
0.545667
0.365661
-0.0753618
-0.131871
0.0487326
0.22522
-0.140659
0.563678
0.0254581
0.387249
-0.383389
-0.0465537
0.392475
-0.0391832
-0.423585
0.0927532
0.206225
0.456253
0.399957
0.234797
0.158342
0.343394
-0.4096
0.135257
-0.262545
-0.00714466
0.167215
0.371221
-0.16231
-0.224194
-0.524048
0.339705
-0.15594
-0.0702125
-0.457264
0.141077
-0.213614
-0.278135
0.369038
0.272366
-0.134301
-0.273936
-0.287909
-0.173535
0.292003
-0.13001
0.354226
0.534953
-0.345275
-0.304437
0.593775
0.452831
-0.172206
-0.418951
0.242236
1.28296
-0.217856
-0.686008
-0.272781
-0.596821
0.171998
-0.54321
0.113691
0.660717
-0.0556805
-0.262355
0.639073
0.126034
0.0669398
0.345042
0.0127787
0.442557
0.0931297
-0.148051
-0.139082
0.388735
-0.385418
0.447577
-0.00245341
-0.159868
0.203692
0.000148898
0.427906
0.299082
-0.274103
-0.403679
0.0678483
0.149356
-0.349722
0.252767
0.126043
0.182043
-0.364875
-0.289186
0.362931
-0.104277
0.27163
0.239136
-0.0308684
-0.0785675
0.418134
0.410656
0.0318581
-0.400591
0.468075
-0.0235017
0.218829
0.23363
-0.12767
-0.0271557
0.244674
-0.149393
0.111607
-0.292436
0.298593
0.417854
-0.133843
-0.0922509
0.491879
-0.420938
-0.00722566
0.0437518
0.17
-0.0819294
-0.339505
-0.0469568
0.393921
-0.183287
0.034499
-0.14134
0.258929
0.223824
-0.568109
-0.52925
0.254118
-0.456935
-0.213161
0.175921
0.0699086
-0.112057
0.48617
-0.622422
-0.413173
0.0217056
-0.0771177
0.466157
0.62485
0.33423
0.0321825
-0.139452
0.572404
0.236329
0.0436555
0.461259
0.11336
0.66491
-0.596341
-0.520718
0.427038
-0.25269
0.114435
0.0236001
-0.236366
0.352821
-0.16505
0.0150524
0.30567
0.0798504
-0.22966
0.458528
-0.281417
-0.0729551
-0.0203804
-0.382612
0.222369
0.0972971
-0.25372
-0.191019
-0.289306
-0.206229
0.0148108
0.180769
-0.62241
-0.309641
-0.114509
0.155221
-0.147535
0.591719
0.364134
-0.0279091
-0.149294
-0.314782
0.0662639
0.00196184
0.2306
0.388101
0.393549
0.037272
-0.150888
-0.228064
-0.508055
0.384767
0.40597
0.379025
0.59384
0.147069
0.147794
-0.14444
-0.082881
-0.243371
0.0257431
0.209137
-0.0580555
0.301807
-0.256143
-0.103767
-0.692206
0.331624
0.265285
-0.225247
-0.0389125
-0.267463
0.376696
-0.187524
-0.292628
0.39639
-0.252957
-0.0304165
-0.239971
0.146727
0.403474
-0.236875
-0.265913
-0.0878841
0.158122
-0.485645
-0.0372478
0.225754
-0.5395
-0.196152
-0.0804862
-0.524507
-0.0226056
0.134478
0.205817
-0.123991
-0.336108
-0.385573
-0.12191
0.397666
0.304538
-0.0318991
-0.0621597
0.000564439
-0.327557
0.244178
-0.40271
0.0904291
-0.214354
-0.327075
0.0115368
0.270322
-0.179247
0.223983
-0.305869
0.0185953
0.0479068
0.298919
0.0895538
-0.243586
-0.386132
-0.586128
-0.13315
-0.275316
0.284942
-0.350982
-0.194933
0.0862707
0.32686
0.319793
-0.82807
0.352239
-0.122381
0.323798
0.224288
0.25836
0.0611436
-0.292337
-0.321293
-0.158525
0.260467
-0.444764
-0.20315
0.219727
0.52733
0.350009
0.310571
0.216361
-0.154932
0.408478
0.000313627
0.00696201
0.154283
0.49966
-0.345552
0.369212
-0.106219
0.307584
0.581491
-0.229252
0.375339
0.0957688
0.296976
0.403149
-0.208491
0.117601
-0.0798352
0.382717
0.0788859
0.104253
-0.0297707
-0.935578
0.496452
0.259954
0.102481
-0.648433
0.0640732
-0.709106
0.121652
-0.230625
-0.444423
0.516883
-0.436291
-0.337973
0.343021
0.615413
-0.0501752
0.759766
0.762802
0.496588
0.0911357
0.655721
0.250051
