#input normalization
0.161113 0.275362
48.4498 58.6264
8.93256 34.2523
7.51991 30.2977
0.0102834 0.0427595
0.00829343 0.0344432
0.564818 1.48093
0.795869 1.50863
1.10038 1.73119
1.41277 1.97868
1.75552 2.22052
2.08751 2.45795
2.40622 2.68133
2.72523 2.88225
3.03084 3.05648
3.31412 3.186
3.58281 3.27987
3.83858 3.35045
4.07283 3.38738
4.2536 3.37307
4.41487 3.3303
4.55369 3.25422
4.6588 3.16101
4.72377 3.04432
4.77511 2.90357
4.77398 2.73202
37.2451 49.5352
1 -1
#output normalization
1 0
#neurons weights
-0.0651657
-0.267702
0.339449
0.0952627
0.0922729
-0.251913
0.253775
-0.0609192
0.0295681
0.312971
0.380532
0.226854
-0.169126
-0.187996
0.137407
0.384862
-0.0150244
-0.125658
-0.372137
0.160927
0.240533
0.378515
-0.462536
-0.265575
0.000599214
-0.360162
-0.127393
-0.127838
0.174494
-0.541357
-0.343459
-0.294619
0.0859776
-0.0329223
-0.444121
-0.193932
-0.405748
-0.853554
0.84159
0.297227
0.453513
0.466053
-0.703069
-0.0344583
0.429535
-0.129698
1.60152
0.544956
0.0447063
0.475472
-0.466757
2.18173
-0.110071
-0.264124
0.306739
0.322598
0.101661
0.449346
-0.517495
-0.252551
-0.425512
-0.246303
0.554047
0.586427
-0.603742
0.29671
0.116562
0.217373
0.0031184
-0.263044
0.242528
0.0171787
-0.234709
0.715814
0.261265
0.552874
0.280825
-0.0679808
0.0651562
0.225549
-0.270837
-0.494038
0.444601
0.440429
0.580385
0.357216
#synapses weights
-0.474006
-0.260107
0.356018
-0.35498
0.273257
-0.264247
1.55362
-0.0752909
0.129189
-0.230655
0.2008
-0.346437
-0.0710021
0.171519
0.357913
-0.336049
-0.130226
0.132643
-0.158058
0.072704
-0.399778
0.114988
0.287223
-0.294611
0.379454
-0.247721
0.855125
-0.372899
0.334231
-0.142571
-0.0639762
-0.174147
0.219613
0.204293
-1.45198
-0.175886
0.0938836
-0.234563
0.0564448
-0.130267
0.0231416
-0.0893292
-0.205809
0.152622
0.0382222
-0.408149
-0.282485
0.169982
-0.137777
0.34162
0.405001
0.466122
-0.342369
-0.123095
-0.510112
-0.372808
-0.0405477
0.180356
-0.441165
-0.204933
-0.365609
0.138306
-0.690195
-0.242253
0.072525
0.146198
-0.17097
0.259266
-0.0731785
0.469241
-0.0344706
-0.0777452
-0.0337454
0.383854
0.0448241
0.152695
-0.445551
0.335204
-0.332858
0.451834
0.33998
-0.0107861
0.0569061
-0.0382803
-0.0188729
-0.437913
-0.448074
0.135447
0.0980989
0.0349463
-0.417006
0.124041
-0.488056
-0.175911
0.319585
0.0575143
-0.246142
-0.448304
-0.131585
0.11199
0.169336
-0.187387
0.029459
-0.400452
-0.441292
0.0538667
0.0380346
0.261866
-0.0850741
-0.169901
0.558678
0.0104868
0.114593
-0.00853782
-0.0800525
0.421516
-0.21545
-0.229743
-0.235389
-0.0766353
0.361777
-0.00520004
0.254498
0.073943
-0.48781
0.10645
0.0748281
-0.425806
0.443273
-0.393657
-0.147978
0.235301
-0.428218
-0.382864
-0.016041
-0.335977
0.0213308
-0.498102
0.300439
0.488933
-0.794798
-0.486709
-0.294883
0.44825
-0.0847262
0.362926
0.193091
0.151672
0.169563
-0.451519
-0.310787
0.385941
-0.0463558
0.0982833
0.153353
0.292366
0.151047
-0.312728
-0.241471
-0.117241
0.283721
-0.113814
-0.192471
0.0284553
0.192852
-0.0411123
0.853012
0.371781
0.232513
-0.193002
-0.168171
-0.140691
0.115428
-0.275445
-1.44924
-0.455449
-0.0223156
0.0832373
0.248954
-0.336174
0.204204
-0.0819735
-0.00641764
0.0987858
0.136075
-0.00628267
0.224002
-0.253152
-0.236235
0.451925
-0.0314131
0.106298
0.084929
-0.32053
-0.219804
-0.0521933
0.217936
0.460912
0.38242
-0.344405
0.394294
0.0755989
-0.582364
-0.432189
-0.00166219
-0.468968
-0.332593
-0.0749711
0.542292
0.466069
0.11652
-0.130143
0.310036
-0.370663
0.418309
0.326767
-0.185952
0.423537
-0.036006
0.101811
0.437663
-0.137648
0.20387
-0.206248
0.374993
0.196004
0.205295
-0.136267
-0.181587
0.0727322
-2.27534
-0.599193
-0.0516998
-0.0794198
-0.194855
0.127502
0.280696
0.0785259
0.222459
-0.421802
-0.243947
0.189713
-0.420977
0.33667
0.113829
0.245988
-0.612066
0.0223414
0.321033
0.204473
-0.913929
0.442794
0.233794
-0.234682
0.0523472
-0.0675003
0.33913
0.113102
1.09904
-0.0287613
0.378734
-0.278204
0.113833
-0.116619
0.0139327
-0.196739
0.076895
-0.178098
0.0851778
0.259357
-0.0112136
-0.341003
-0.0977003
-0.164293
-0.182193
0.565897
-0.185558
-0.285335
-1.29497
0.334406
-1.3275
0.217547
0.0426769
-0.250742
-0.413601
0.184353
2.08906
-0.205174
-0.104746
-0.372918
-0.21172
-0.152837
-0.173646
-0.117088
0.0706764
-0.0805552
0.283532
-0.243626
-0.121765
0.17978
-0.027783
-0.397733
0.0251982
0.484049
0.228983
-0.508092
1.93702
-0.0896281
-0.0636157
-0.403742
-0.33392
-0.162917
0.300739
-0.042671
-1.38638
0.0233175
0.0109786
-0.0177553
0.146784
-0.395744
0.296182
-0.0583254
0.363073
0.0868862
-0.148613
0.115494
0.168101
-0.263832
0.0385335
-0.401898
-0.180828
-0.284471
0.304749
0.278029
-1.1101
-0.227139
0.00250376
0.0826332
0.244514
0.0644158
0.07494
0.146139
1.08094
0.4679
0.361499
0.146792
0.224357
0.582052
0.354051
0.0627462
0.146851
0.0649135
0.14896
-0.0339507
-0.172972
0.478654
0.35801
0.407334
0.478483
-0.211378
0.167352
-0.265033
0.852696
0.47548
-0.425806
0.314405
0.0231945
0.27502
0.0604549
0.0364457
-0.577495
-0.613671
0.456906
0.03102
-0.0432532
0.419401
-0.234765
-0.0655674
0.240894
-0.109513
0.140412
-0.0983354
0.147678
0.283116
-0.40637
0.292373
0.232406
-0.0415522
-0.150444
-0.347702
0.491646
-0.110774
1.18218
0.0427057
0.0329476
0.103195
0.221897
0.14091
-2.10327
-0.185136
0.0855388
0.422284
-0.293539
0.351448
0.102649
-0.244961
-0.407304
0.230083
0.0280087
0.0796062
0.102591
-0.131015
-0.231057
0.189251
0.234097
0.280459
-0.112378
-0.177347
-1.57068
-0.308789
0.159501
-0.483714
0.0167914
0.368011
-0.387216
-0.376294
0.226241
0.28808
0.474321
-0.392249
-0.158503
-0.210214
0.168703
-0.467054
0.0438537
0.451087
0.29986
-0.431953
-0.196052
0.014411
0.213916
-0.370486
-0.175654
-0.263935
-0.207569
-0.178064
0.14028
0.455233
-0.561817
-0.335918
0.214355
-0.056826
0.33952
-0.161277
1.89634
-0.00104597
0.0893522
-0.0163413
0.0447593
0.0842629
0.231203
-0.195823
0.416145
-0.13358
0.0382027
0.0747802
0.200509
-0.0989227
-0.225926
0.0755572
0.00540907
0.0397626
-0.0567724
-0.0568451
1.11649
0.124647
-0.345275
0.270811
0.0611815
0.00358554
-0.0419691
-0.122722
1.39648
0.00338395
-0.182687
0.0747479
-0.0690911
0.128378
0.200071
0.0989481
0.079573
0.248694
0.336766
-0.342125
-0.39705
-0.228284
-0.25037
0.179893
0.245245
0.116542
0.435312
-0.0999602
0.947693
0.47724
-2.35168
0.00378063
-0.0722102
0.0183896
-0.16172
0.205335
2.06449
-0.185666
0.0624027
-0.119091
-0.0291486
0.202184
-0.211312
0.12289
0.0400956
-0.0541077
0.150908
-0.234191
0.0987304
-0.0822756
-0.132731
0.22563
-0.236165
0.238784
-0.310848
-0.104877
3.18314
0.257215
-0.814597
0.311484
0.365318
-0.0696509
-0.232067
-0.281405
0.668959
-0.0326653
-0.213273
-0.204847
0.312851
-0.130927
-0.162525
0.00674016
-0.264879
-0.380935
0.323907
0.273609
-0.00374378
0.0994297
0.384809
0.190955
0.0384675
-0.163539
0.00790446
0.0534571
0.86804
0.305639
-0.164759
0.461222
0.0203626
0.0948049
-0.0104142
-0.0484313
1.10467
0.520222
-0.211813
0.387834
0.214525
0.307112
0.213771
-0.0669653
0.360559
-0.657994
-0.218027
-0.258703
-0.0940975
0.392954
0.238634
-0.337776
-0.169391
0.0741217
-0.350624
-0.315119
0.382852
0.392652
-0.514499
0.261369
-0.30621
-0.268233
-0.301053
0.473491
0.136904
0.0733229
0.121127
0.114588
0.320289
0.00641369
-0.0544553
0.403263
-0.269563
0.186953
-0.0771079
0.154057
-0.324877
-0.208918
-0.436324
-0.154609
-0.509024
-0.340813
0.398782
0.153376
0.628577
-0.323656
0.270503
-0.120839
-0.219741
0.167602
-0.148668
-0.493593
-0.480289
-0.493191
0.383589
-0.0611541
0.300036
-0.201165
0.0290515
-0.323168
0.512981
-0.0994482
-0.370616
-0.469122
0.334547
-0.24188
0.0798893
-0.394397
0.262376
0.309256
0.348784
-0.47372
0.150387
-0.16643
-1.53658
-0.374535
-0.0649169
0.191038
-0.194022
0.192528
3.07688
-0.334626
-0.0127206
-0.0609079
-0.0650667
0.17247
0.26579
-0.078261
0.223233
0.153588
-0.132153
0.307166
-0.371438
-0.334234
0.0248521
-0.161412
-0.0439966
0.329049
-0.196294
-0.0552907
3.09866
0.0742439
-0.0221943
0.0130955
0.253689
-0.15552
0.178409
0.288254
-1.74224
-0.0348973
-0.40989
0.10237
-0.169605
-0.215701
0.0760421
0.2806
0.162205
-0.395552
0.422835
0.32813
0.0660657
-0.396019
-0.224667
0.13846
-0.312993
0.146184
0.219369
-0.336033
-0.836259
0.0982737
0.145993
0.210956
0.0838407
-0.124954
0.240997
-0.0129184
0.278733
-0.263288
-0.232699
0.432665
0.0354197
0.0567526
0.396299
-0.109523
0.154187
-0.33401
-0.330957
0.0834347
0.391865
0.191092
-0.401981
0.370976
0.0515491
-0.204145
0.292495
0.0385642
0.661431
-0.0987438
-0.224841
0.382429
-0.156407
0.186197
-0.0710089
0.101643
1.06616
-0.238493
0.039059
0.217803
0.272544
-0.0141436
-0.200093
0.161497
0.162015
-0.126613
-0.0424513
-0.208372
0.121359
-0.138148
-0.28099
0.330977
0.328054
0.272863
-0.229861
-0.268776
0.812086
-0.26298
-0.283984
0.13399
0.302832
-0.387705
-0.312295
0.389736
-1.38398
-0.0325681
-0.081652
0.339764
0.481793
-0.19511
0.378733
-0.109168
-0.20564
-0.172747
0.311899
-0.0920692
0.154671
-0.302978
0.345358
0.159908
-0.281044
0.117242
-0.296778
0.0519177
-0.656136
-0.201525
-0.0584159
-0.591529
0.106133
0.0274953
-0.111578
-0.0816017
-0.74422
0.238333
-0.138157
-0.17843
-0.52126
-0.139844
-0.383034
0.0478754
-0.133821
0.373305
-0.254687
-0.0399605
-0.207597
0.2087
0.323501
-0.404903
-0.135468
-0.34403
-0.0208517
-0.490762
-0.382612
0.411058
-0.759099
0.779446
0.202493
0.158309
0.132319
-0.557549
0.628328
-0.057152
0.763345
-0.302566
-1.82636
0.595597
-0.0943348
-0.0903224
1.42689
0.453675
-1.03897
-0.650862
-2.36683
-0.637166
-0.145996
0.0485058
0.220932
-2.26063
0.759029
-0.0866427
-0.632465
0.176209
0.61478
0.271116
-0.267898
0.366742
0.324362
0.368979
0.383705
-0.499461
-0.199435
-0.216542
0.295982
0.297858
-0.0713012
0.44457
-0.479338
0.138549
-0.602983
0.404034
-0.18675
0.265687
-0.389022
0.318831
-0.182083
0.163031
-0.150575
-0.256119
0.202408
-0.433232
-0.371062
0.237183
-0.425158
0.382748
-0.181103
-0.12481
-0.0691026
0.0992237
0.566392
-0.0882614
0.347002
-0.219433
-0.664546
0.00763234
0.0452756
-0.523983
-0.091537
0.321135
0.169021
-0.319431
-0.292127
-0.121583
0.230695
0.189382
-0.0807337
-0.366931
0.222899
0.500831
0.146208
0.111616
0.363333
-0.494721
-0.180296
0.36104
0.134858
0.551566
-0.771682
0.326537
0.0400425
-0.0806245
-0.00269176
-0.392197
0.405794
-0.43251
-0.452201
0.0574252
0.0342791
-0.788832
-0.831115
-0.329302
-0.969
-0.333942
-0.730278
-0.100713
-0.0505661
0.240837
-0.0694699
-0.355725
0.448159
-0.115071
-0.0135881
-0.247814
0.144131
0.503992
0.406481
-0.467713
-0.430556
-0.0172005
-0.206184
-0.438982
-0.425515
-0.457912
0.288047
0.153183
0.043136
-0.315462
-0.313345
-0.309562
0.337089
0.135391
-0.402717
-0.105904
-0.379652
-0.463351
-0.40202
-0.388636
-0.0523053
0.433349
-0.0588566
0.342649
-0.259522
-0.0981367
0.410826
0.228437
-0.21819
0.204248
-0.0501975
-0.147031
-0.0285883
-0.0449999
-0.281617
-0.335202
0.00982793
-0.438028
-0.0582409
0.188161
0.495965
0.00926586
0.525538
-0.383493
0.019936
0.421936
0.590038
0.421327
-0.199026
0.0162504
0.353121
0.408015
0.164586
-0.245937
0.535479
0.248319
0.386066
-0.147337
-0.371802
0.243195
0.0429057
0.317475
0.157589
-0.272387
0.303296
0.14261
0.257417
0.126692
0.111131
0.0750843
0.259082
-0.0343509
-0.473422
-0.0904448
0.232278
0.173737
0.572777
-0.43165
-0.0889555
0.224357
0.133891
0.35616
-0.278273
-0.24701
-0.41258
-0.262846
-0.580589
-0.183574
-0.295189
-0.41213
0.00137799
0.245443
-0.121557
-0.263538
-0.634264
-0.291429
-0.233905
0.0511191
0.313203
0.308184
0.259814
0.0177497
-0.524887
-0.50126
0.373466
-0.423643
-0.681349
-0.152802
-0.54597
-0.0173007
-0.601075
0.136051
-0.380757
-0.537659
-0.286134
-0.624703
0.15826
-0.0378491
-0.0973361
0.251977
-0.815946
-0.0541935
-0.210169
-0.092826
0.448093
0.637079
-0.191172
-0.558692
-0.459883
-0.612931
-0.137313
-0.254493
0.0774533
-0.560683
-0.220244
-0.0816785
-0.387079
-0.0602439
0.0918381
-0.0074789
0.107995
0.448562
-0.305861
0.272301
0.312191
-0.199868
0.183958
0.313905
-0.0433609
0.426369
0.471093
0.201691
0.51758
-0.196384
0.458943
0.407788
0.406317
-0.224064
-0.445489
-0.379582
0.125431
0.490527
0.238103
-0.273909
-0.349995
0.156999
0.42014
0.508045
0.310233
0.306955
0.250009
-0.194226
0.344846
0.34193
0.196977
0.0381816
0.123686
-0.388139
0.399595
-0.248255
0.328972
-0.522487
0.375041
0.0407265
0.0252377
-0.215852
0.398067
0.0359232
0.276529
0.433818
-0.325231
0.522939
0.411071
-0.420145
0.308038
0.307558
0.477339
-0.0972714
-0.252561
-0.111999
-0.118221
0.198597
0.122443
-0.276913
0.0929411
-0.305196
0.519739
0.231513
-0.181237
0.596639
0.43875
0.283501
-0.0499027
-0.0265352
0.345747
-0.228235
-0.014975
0.117741
-0.0417661
-0.422
0.24983
0.0823383
0.369143
-0.26225
0.183842
-0.208224
0.74405
-0.285921
0.484079
0.360318
-0.506412
0.486397
0.0461127
0.296431
0.296905
0.108969
0.510362
-0.585068
0.794229
0.179348
-0.390876
0.0912602
0.108009
0.391782
0.521247
0.763818
0.342172
0.35421
-0.00730808
-0.13867
-0.162733
0.408385
0.391159
-0.165894
-0.109682
0.1505
-0.324
0.399089
-0.0560556
0.34775
-0.0948936
-0.323284
0.269672
0.439473
-0.0304865
0.332209
0.0810452
-0.131469
-0.0729867
0.101031
0.415765
-0.340337
0.0614589
-0.0647263
-0.253841
-0.0225614
-0.103497
-0.235507
0.446379
-0.1221
-0.467942
-0.34461
-0.261295
0.025512
-0.106285
-0.0751063
-0.135596
0.462816
0.0406233
0.118625
0.00473236
-0.295747
-0.0463323
-0.19722
-0.0850037
0.285921
0.47674
0.0363371
0.113206
0.671231
0.213035
0.0496225
0.0167313
0.454474
0.636287
0.252518
-0.0413543
-0.109413
-0.5219
-0.267635
0.504148
0.452295
0.397392
0.246319
0.192087
-0.0540517
0.19009
-0.435937
0.262239
0.0446483
-0.302097
-0.337667
0.222924
0.50019
0.04766
0.0222068
0.153309
-0.144306
0.405377
-0.306973
0.110772
0.440658
0.473677
0.0038373
0.46692
0.0759604
0.0305263
-0.140228
-0.28007
0.391404
0.391344
-0.0431007
-0.547179
0.142352
0.387495
0.247641
0.0522976
0.0563063
0.391208
-0.145743
0.637173
-0.604363
-0.904436
0.430095
0.11831
0.742513
1.26469
0.309951
-0.551365
-0.266679
-1.64099
0.252935
-0.130702
0.0258267
-0.340957
-1.22768
0.612941
0.191271
-0.221736
0.12283
0.546639
0.0846665
0.125767
-0.372015
-0.434226
0.23182
-0.234975
-0.416177
0.349924
0.552704
-0.345592
0.220497
-0.164711
0.335064
0.549324
-0.0876506
0.130513
0.266001
0.125374
0.686673
-0.216714
0.154936
0.267286
0.182424
-0.0617687
-0.148638
0.266383
0.141099
0.243194
-0.50442
-0.0507343
-0.456436
-0.273759
-0.316087
0.297198
0.439803
0.265443
0.00515612
-0.361547
0.31471
0.128854
-0.331714
-0.147627
-0.0470195
-0.359017
0.00146927
0.506982
0.134366
0.984437
0.643406
0.196991
0.310993
-0.160596
0.210674
0.0180207
0.289163
0.230428
-0.562766
0.0531537
0.50582
0.364241
-0.253482
0.24654
0.483343
0.520133
-0.55858
-0.117808
0.152177
-0.546929
0.203729
0.219975
0.466068
0.303632
0.386115
-0.00822378
0.108458
-0.288618
0.481306
0.115625
-0.158645
0.461146
0.450916
-0.163737
0.303095
0.165402
0.479178
0.439396
-0.114697
-0.0525095
-0.23912
0.0688606
0.397444
0.212548
-0.0862096
0.47924
-0.272767
0.213346
0.131639
-0.309606
-0.474817
0.0856806
0.219762
-0.171422
0.182334
-0.00196091
0.112553
-0.862649
-0.3551
0.214123
-0.378958
0.248778
-0.972784
0.401175
-0.363036
-0.399687
-0.65487
-0.195608
0.0829963
0.451083
0.33802
-0.0637576
0.506571
0.476085
0.0120896
0.173489
0.410965
0.305085
-0.00598211
0.0575365
0.375587
0.530632
-0.37012
0.0733941
-0.182805
-0.12705
0.246648
0.594692
0.0631201
0.0723832
0.247158
0.34727
0.413545
0.0141346
-0.0348687
0.532407
0.226781
0.0167027
-0.00212225
0.0123697
0.291394
0.188617
0.306208
0.0113555
0.0749193
-0.193137
-0.257282
0.215422
-0.569254
-0.397276
0.237724
-0.239511
-0.432794
-0.061145
0.424569
0.618393
-0.33332
0.133546
-0.295766
-0.118147
0.395448
0.202192
0.0363818
0.0566502
0.118896
0.163379
-0.346578
0.224455
-0.217241
-0.0629823
-0.517244
-0.359806
-0.359396
0.51296
-0.491672
-0.274075
-0.19025
-0.228934
0.15418
0.143821
-0.15394
-0.0403164
-0.233713
0.118705
0.357543
-0.0179714
-0.109596
-0.099297
-0.104137
-0.132953
0.293607
-0.00140162
0.0135142
-0.276078
-0.484606
-0.34159
-0.254122
-0.32555
-0.421956
0.150479
0.072835
0.413516
-0.34051
-0.0200389
0.374985
-0.30131
0.403053
0.623252
0.10465
-0.236151
0.0153625
0.034116
0.271491
-0.291866
0.405141
-0.00211848
-0.165032
0.000610645
-0.47786
-0.103872
-0.00783171
0.00298118
0.131303
-0.0866964
-0.0441072
0.492389
0.540002
0.18137
-0.0639594
0.220935
0.848498
-0.228454
0.195934
-0.284184
-0.415375
0.633611
-0.0835503
0.246106
0.411235
0.236032
-0.33368
0.0252284
-1.41794
0.0654585
-0.242542
0.814936
-0.614197
-1.17305
0.771457
0.154773
-0.344668
0.322269
0.0824238
0.199616
-0.0399963
-0.568275
0.374488
-0.289728
-0.317566
-0.377093
-0.0504515
-0.640677
0.59078
0.339671
-0.606586
0.23055
-0.250689
-0.781473
0.0147108
0.332743
0.140494
1.09046
0.429703
-0.358576
0.287144
-0.298229
1.06264
-0.269974
0.105895
0.424457
-0.155703
-0.0517012
-0.393289
-0.0855307
0.107621
0.499733
0.0300616
0.695237
-0.362916
0.309116
-0.404673
-0.355492
0.0817006
0.593656
-0.342771
0.400815
0.281287
0.197998
-0.449339
0.240599
-0.589133
0.389092
0.154241
0.218244
-0.297249
-0.219172
0.235813
0.433815
-0.309359
-0.159749
0.462945
1.73545
-0.164763
-0.0851267
-0.71501
-0.406872
-0.142089
-0.139683
0.0774837
-1.06025
-0.0266426
-0.168981
-0.011658
0.366136
0.123125
0.125335
0.252137
0.210477
-0.178549
0.506443
-0.358159
0.0507905
0.0277121
0.287097
-0.190476
-0.177558
-0.18718
-0.199662
-0.619135
