#input normalization
0.161106 0.275354
68.565 73.7903
8.6868 35.7221
7.43273 30.8386
0.0103677 0.0442451
0.00823883 0.0347176
0.564818 1.48093
0.795869 1.50863
1.10038 1.73119
1.41277 1.97868
1.75552 2.22052
2.08751 2.45795
2.40622 2.68133
2.72523 2.88225
3.03084 3.05648
3.31412 3.186
3.58281 3.27987
3.83858 3.35045
4.07283 3.38738
4.2536 3.37307
4.41487 3.3303
4.55369 3.25422
4.6588 3.16101
4.72377 3.04432
4.77386 2.90532
4.76856 2.74
4.73577 2.55593
4.68896 2.35847
4.5651 2.12719
4.43679 1.89423
4.29869 1.66194
4.15208 1.43888
37.2451 49.5352
1 -1
#output normalization
1 0
#neurons weights
-0.0949955
0.382604
-0.220469
-0.339418
-0.494208
-0.122525
0.454164
0.308711
-0.234214
0.259602
0.00398473
0.10993
-0.13064
-0.0376879
-0.374172
-0.248732
-0.40982
0.22435
-0.169087
-0.0519586
0.120805
0.0185844
-0.364714
0.297679
0.118201
-0.360979
-0.487328
0.0436325
0.171235
0.13092
0.0792552
-0.48684
0.414156
-0.0927938
-0.00834404
0.0588518
0.134762
0.114891
0.335987
-0.365785
0.21292
0.861575
-0.369911
0.092121
-0.274848
0.343132
0.0100294
-0.0181963
0.0766596
0.0622021
-0.705071
-0.426326
0.405356
0.368276
0.346204
1.34282
0.0297028
0.110761
0.642181
-0.228655
0.0171301
-0.235688
-0.246645
0.0610356
1.53635
0.139453
0.271774
0.520175
-0.0675757
-0.356354
0.233558
0.201919
0.254072
0.226144
-0.230603
0.34846
-0.0195715
-0.251552
-0.151541
0.336312
-0.330581
-0.134977
-0.517775
-0.00247791
0.350502
-0.421471
-0.233478
0.056311
-0.43382
0.289622
0.495669
0.739125
-0.401974
0.368984
-0.356072
0.194489
-0.46092
0.129414
-0.301423
-0.052252
-0.132103
-0.183149
-0.322903
-0.0970342
#synapses weights
-0.407116
0.254263
0.248385
0.357082
0.453267
-0.306017
0.0779199
-0.439869
0.133615
-0.230181
-0.415848
0.505006
-0.445383
0.491138
-0.222338
-0.349911
0.197429
0.169266
-0.4641
-0.232924
-0.232408
0.0656983
0.494451
-0.17455
-0.488091
0.268308
0.0456667
-0.0443384
0.46849
0.0262796
0.113236
0.334547
0.300378
0.220631
0.52596
0.127581
0.00891972
0.347026
0.28691
0.144061
-0.696125
0.188079
0.22243
0.445335
0.187739
-0.0239852
-0.0779247
-0.125275
-0.0641575
-0.323541
0.331643
-0.10686
-0.346655
-0.135466
-0.413085
-0.425632
0.340879
0.1443
0.234563
-0.103368
-0.408291
-0.273216
-0.222965
-0.511215
-0.010173
0.403555
0.420739
-0.478226
0.165093
0.148096
-0.069581
0.419638
-0.353085
-0.069835
0.287596
-0.169781
-0.0503202
0.310367
0.353737
0.0366281
-0.0671242
-0.148363
0.313218
-0.120511
-0.427557
-0.428096
0.268439
-0.319545
0.373562
-0.260929
-0.369562
0.300277
-0.4755
0.199063
-0.304297
-0.0882906
0.25142
0.310949
0.0442073
0.0275434
-0.47463
0.168311
-0.873762
-0.464493
-0.157638
-0.0294406
0.174912
0.0807236
1.38758
-0.31651
0.0988183
-0.115462
-0.15352
0.222743
-0.193601
-0.0873012
0.032508
-0.0191496
0.383472
-0.396906
0.447724
-0.312451
-0.321744
-0.226339
0.281818
-0.0880168
-0.0542521
0.313355
0.163476
0.227845
-0.505127
-0.0955335
-0.161128
0.0539616
1.34858
0.264916
0.836567
-0.103671
-0.128595
-0.413705
0.17073
0.151022
-0.432145
-0.197415
0.112197
0.0976837
-0.556714
0.20899
0.334564
-0.29326
-0.398136
-0.285158
0.270737
0.266243
-0.138897
-0.115872
0.180089
-0.104131
-0.0934666
-0.10065
0.271676
0.225936
-0.00374705
0.0652451
-0.256332
0.238806
0.282803
-0.373114
-1.27133
-0.321713
0.16599
-0.197036
0.12077
-0.19799
0.190566
0.54006
-0.656361
-0.222849
0.273705
0.155032
0.0988096
-0.186885
0.0675014
-0.156116
-0.295436
0.0864395
0.00910902
0.325604
0.360921
-0.302759
-0.513197
-0.0912274
0.0966263
-0.0400081
0.0302671
0.348538
0.343777
0.259481
-0.114738
-0.460732
-0.459079
-0.192439
0.131737
0.302408
0.776708
0.044879
0.416338
-0.108559
0.474621
0.250344
-0.594366
-0.370844
0.216936
-0.0923635
0.338505
-0.37828
0.348478
-0.295807
0.0812803
0.301599
0.335591
0.123645
-0.101823
-0.181752
-0.151323
-0.344972
0.197121
-0.375376
-0.0839666
0.328452
-0.100057
0.209117
0.345132
0.186039
0.25367
-0.0512434
-0.586097
0.300192
-1.38115
-0.0978894
-0.000189005
0.0303293
0.0275277
0.010443
1.71458
-0.0445861
0.189788
0.0596257
-0.330116
0.116512
0.269948
-0.255227
0.182578
-0.0490557
-0.0652472
0.221977
-0.130741
-0.0447586
0.00927602
-0.0899578
0.258038
-0.330974
0.243143
0.231216
-0.405372
0.294025
0.106885
0.264188
-0.371676
-0.122744
2.10419
-0.167122
0.386817
0.108489
0.235664
0.353785
0.165926
-0.218475
-1.43033
-0.390594
-0.0530097
0.102501
-0.241513
0.311814
-0.355096
0.175669
-0.341827
-0.183381
0.375583
-0.231868
0.00212375
0.022702
0.0256989
0.283187
0.316951
0.286809
0.290932
0.0948184
-0.294122
-0.262773
-0.414296
0.137005
-0.353207
0.294604
-0.786126
-0.122024
0.246401
-0.177937
-0.320394
-0.165667
-0.273149
0.300215
-1.42709
0.0548915
0.0680196
0.188551
0.133239
-0.122491
0.144815
-0.253392
0.0443787
0.042113
-0.406438
0.135006
0.486483
-0.305949
0.320812
-0.0672682
-0.214647
0.233877
0.0868183
-0.428375
-0.0592508
-0.129721
-0.342493
0.129453
0.0996033
0.227317
-0.384299
-0.304336
0.166603
-0.203145
-0.0716348
-0.261408
0.22777
0.233153
0.0768608
-0.471347
0.0680432
-0.298769
-0.181452
0.358721
0.0702763
-0.237465
0.53706
-0.429481
-0.19396
-0.0129988
-0.143013
0.201123
-0.0766776
-0.415751
-0.0268131
0.0347796
0.545873
0.369107
-0.265781
-0.194174
0.211184
-0.323566
-0.154044
0.403831
-0.3258
-0.317147
-0.49924
-0.364137
0.234834
-0.110306
0.0101559
-0.0285439
1.04524
0.105681
0.22118
-0.160352
0.166273
-0.102943
-0.221614
0.33399
0.0133401
0.320812
-0.503216
0.251266
0.182617
-0.0223302
0.220245
0.318902
0.303946
-0.395215
0.124981
0.136534
-0.352572
-0.182205
-0.113807
-0.0123458
-0.148716
-0.262634
1.26549
0.10136
0.0970707
0.383441
-0.418451
0.119446
0.419469
-0.500073
-0.852111
0.151046
0.218098
-0.318786
0.378711
-0.0837056
0.106414
0.423484
-0.312705
-0.293914
0.303743
-0.241474
-0.314725
0.449056
0.203776
-0.00692163
-0.448166
-0.338273
0.205157
0.0937235
0.223287
-0.329091
-0.298642
0.109431
-0.497901
0.0347208
-0.521568
0.00142985
-0.490747
-0.192389
-0.105349
-0.172416
0.154644
0.161991
0.71631
0.344344
0.0136126
0.279941
-0.241533
0.248381
0.135144
-0.33726
0.373282
-0.158895
0.285541
-0.201733
-0.195792
0.0971995
-0.371266
0.198275
0.328718
0.462991
0.272382
-0.485548
-0.346586
-0.290038
0.0846288
-0.0749408
0.27259
0.144869
1.10709
0.0801507
-0.128636
-0.368089
-0.135919
-0.236677
-0.53489
-0.175314
-0.332692
-0.473563
-0.067313
-0.288126
0.408461
0.126933
-0.136135
0.000452535
0.298109
0.104077
-0.306251
0.276713
-0.115989
-0.319225
0.42097
-0.375281
-0.15907
-0.132897
-0.318832
-0.331774
-0.120811
0.515194
-0.254452
0.344239
0.268264
-0.479782
0.122236
-0.183144
-0.674283
0.226305
0.127321
0.213133
-0.110591
0.250677
0.811872
-0.361628
-0.00199076
0.252717
-0.402035
0.241152
-0.00545194
-0.138445
0.300333
-0.0643409
-0.164258
0.166099
-0.238867
0.0684048
-0.350437
0.0329459
-0.29282
0.379035
-0.164135
-0.378813
0.429535
0.036427
-0.434433
0.271596
-0.159212
0.527148
0.695708
0.387215
0.306123
-0.153951
0.205824
-0.0713679
0.0168901
-0.330126
-1.86349
0.106006
0.155888
-0.542412
0.287507
-0.227866
0.145797
0.105531
-0.128365
-0.482707
-0.033887
0.332352
0.262432
-0.402264
0.182056
-0.0531622
0.479455
-0.0216008
0.336638
-0.170428
-0.28181
-0.140591
-0.0338102
-0.272124
0.00678283
0.526217
-1.00328
-0.362605
-0.315548
0.43826
-0.286828
0.112724
0.288331
-0.251091
0.905184
0.570595
0.118246
0.0432347
0.227957
-0.0347204
-0.352079
-0.143616
-0.238888
-0.222887
0.427581
-0.288749
-0.0883816
-0.302494
-0.0318416
0.501497
0.357624
-0.30382
0.399714
-0.315468
0.0375522
0.191285
-0.33426
-0.0129753
-0.187716
-0.356964
1.04541
-0.408118
-0.200103
-0.116532
0.378991
0.230012
-0.33075
-0.369556
0.893646
0.324531
0.19775
0.127469
-0.141111
-0.237242
0.202209
0.239622
-0.205214
-0.0332789
0.240956
0.347613
-0.352966
0.309207
0.527791
0.413106
-0.407749
0.344273
-0.288341
-0.372016
0.276835
0.357666
0.166015
0.431599
-0.182294
0.194703
0.00310275
0.150998
0.526802
-0.441469
0.194066
0.182694
-0.294234
0.195268
-0.301775
-0.056587
0.262661
0.169971
-0.490786
-0.27833
0.161132
0.0175209
0.38189
0.216448
-0.178558
0.0413126
0.222016
-0.102421
-0.479416
-0.0922249
0.121028
0.202305
0.357824
-0.334713
-0.0262207
0.0483106
0.377183
-0.126736
0.209391
0.0093134
-0.666502
0.130615
0.481406
0.153861
0.580308
0.325844
-0.356659
-0.145047
0.182807
0.353773
-0.431075
-0.29781
0.282156
0.164619
0.221885
0.265326
0.172593
-0.167248
0.323617
0.0627685
0.0151117
-0.257268
-0.212538
-0.120918
0.186331
0.0367739
0.295561
-0.473028
-0.429674
0.262304
0.281489
0.346113
0.088684
0.246751
-0.742942
-0.121776
-1.45317
0.182899
0.132225
-0.240221
-0.424276
0.242708
2.28802
-0.236866
0.199832
-0.109529
-0.0907607
-0.0116292
0.23985
0.301008
-0.198822
-0.0525648
0.0211042
-0.00246498
0.0569118
-0.138335
0.251204
0.0674602
-0.193503
-0.18344
0.0351955
0.360132
-0.243683
-0.515732
0.346815
-0.288303
-0.0484684
-0.0103025
2.47262
0.385623
0.268104
0.27103
0.159615
-0.113655
-0.0801899
0.215652
-0.77542
-0.10081
0.221763
0.327832
0.188211
-0.257649
-0.31048
-0.182118
0.243081
0.354957
-0.178264
0.357973
0.312382
0.00576616
0.367829
0.394676
-0.359092
-0.112652
-0.112465
0.306295
0.424676
0.0284491
0.378697
-0.365184
0.279814
-0.223418
-0.312222
0.210017
-0.0991708
0.150227
-0.432984
0.153628
0.221813
0.360238
0.505776
-0.0572903
-0.030329
0.00893167
0.0297795
-0.146756
0.361677
-0.068739
0.150715
-0.467413
-0.0495941
0.299279
0.0929216
0.280481
-0.273441
0.0254923
0.401881
0.141511
-0.342207
-0.393609
0.203562
0.336395
0.259673
-0.0374336
0.370579
-0.364463
0.511858
-0.425473
-0.140626
0.343728
-0.0853968
0.298903
0.146971
-0.198596
0.75724
-0.287743
0.186212
0.0978535
-0.267626
0.199432
-0.104216
0.197635
-0.117999
-0.512924
0.0375317
0.287283
0.307185
-0.163466
-0.373939
0.0174294
-0.0225953
-0.199074
0.297303
0.278721
0.29
-0.000467455
0.158869
0.044686
0.379939
-0.15912
0.17197
0.124213
-0.0998882
0.424501
0.232004
0.0462163
-0.352639
-0.0151337
-0.323597
-0.294602
-0.0725599
0.2204
0.16224
0.0617637
0.229375
0.228458
-0.380583
0.333303
0.138383
-0.534421
-0.395916
-0.200176
0.348074
-0.421259
0.378522
0.312751
0.202221
-0.501418
0.261494
-0.0446254
0.225656
-0.217022
0.183959
0.424287
0.525578
-0.214099
0.932858
0.250126
-0.0381134
0.247396
-0.065765
-0.389752
-0.792782
0.256322
-0.090745
0.185675
-0.297652
0.118186
-0.230494
0.180561
0.113137
0.209738
-0.209928
-0.140806
0.0537488
-0.122993
0.460768
0.0909019
0.0585584
-0.293739
-0.18199
0.269778
-0.18344
0.250255
-0.360537
0.0788363
-0.184729
-0.347884
-1.30349
-0.296481
-0.258103
0.303093
0.0204059
-0.0796513
0.283429
-0.233573
2.26026
-0.241267
0.0823819
0.103842
0.0858829
0.212222
-0.306018
-0.136728
-0.114807
0.345013
0.0636961
-0.268458
0.385935
-0.235489
0.136095
-0.024817
-0.10068
0.526127
-0.0814347
-0.45842
-0.529064
0.0206766
0.136881
0.16403
0.315618
-0.392722
-0.104172
-0.430564
0.809148
-0.320826
-0.200115
-0.278538
0.124802
0.191162
-1.57772
-0.207476
0.14639
-0.0380845
0.0310926
-0.0780158
-0.113563
-0.368072
-0.368147
0.456723
-0.0126596
-0.149856
0.445916
0.148692
-0.417406
0.144325
0.421855
-0.0970336
-0.351137
-0.222734
-0.121864
0.126183
0.198352
0.146821
0.315308
-0.147675
-0.466813
-0.162341
0.0652138
-0.16098
-0.43638
0.0975155
-0.523347
0.0613214
-0.519678
0.126493
0.316102
0.128595
0.128071
0.210909
0.0635044
-0.10152
-0.159188
0.417707
0.333801
0.329462
0.0649525
-0.474602
-0.419589
-0.147184
0.423584
0.144168
0.209683
-0.0249492
0.56709
-0.0983999
-0.286124
0.101487
-0.0476933
0.153127
-0.649824
-0.382294
-1.12938
-0.0626379
0.109297
-0.121994
-0.322435
0.147404
2.46395
-0.178861
0.0378543
-0.219166
-0.12297
0.236241
0.153609
-0.0474208
0.080773
0.0901854
-0.105764
0.107881
-0.198169
0.0876288
-0.144223
-0.0442281
-0.501715
0.269672
0.13049
-0.284239
0.0474427
0.268682
-0.365337
-0.202537
0.15065
-0.110824
2.84088
0.0109006
-0.333959
-0.175422
-0.0934876
-0.164679
-0.208219
-0.138777
1.37258
-0.313659
0.289026
-0.319678
0.473955
-0.171366
-0.0313253
0.196375
-0.29356
0.405522
0.0507459
-0.484983
0.159689
0.151158
0.3399
-0.238636
0.132148
-0.293991
-0.378291
0.189624
0.366119
-0.321342
-0.126452
0.0486958
0.153154
-0.0926707
0.480543
0.276757
-0.342896
-0.167032
0.454329
-0.152934
0.067048
-0.0458028
0.712356
0.278622
-0.29701
0.148528
0.0134457
-0.331971
0.206816
0.288129
-0.173755
0.391847
-0.357433
0.315906
-0.00847277
-0.0851279
0.48783
-0.272526
-0.282492
0.308407
0.584397
0.40591
-0.309536
-0.308772
0.204218
0.437601
-0.0290572
-0.299387
0.102098
0.234501
0.213794
0.178509
0.201016
0.0378545
0.213498
0.293525
0.978653
-0.25856
-0.0421835
0.0717289
-0.222623
-0.0612518
-0.160359
0.0948694
-0.317862
-0.348828
-0.0230312
-0.0660545
-0.135397
0.272401
0.169561
0.525966
0.104527
-0.141745
-0.224455
0.206853
0.407204
-0.212762
-0.281774
-0.225014
-0.243699
0.019932
0.257394
0.346023
0.374369
-0.414689
0.133478
-0.345841
-0.311024
0.497834
-1.96463
-0.200861
-0.147903
-0.0121739
0.249196
0.155604
0.0698843
0.0733049
-0.177735
-0.143477
0.210145
0.00104842
0.0212289
-0.0731155
-0.180827
0.33935
-0.0878517
0.224508
0.318765
0.0291164
-0.129922
0.0101081
0.379595
0.208845
0.0835706
-0.375167
-0.0663684
-0.0327985
0.43893
-0.139675
-0.587266
0.763179
-0.427519
-0.459251
-0.0358647
1.50451
-0.64212
-0.40731
-0.264466
0.393953
-0.460816
0.718222
-0.258854
0.349195
-0.59389
0.21856
0.296048
-0.627254
-0.0172272
1.51798
-0.293587
0.104088
0.194782
0.0718652
-0.534155
0.878083
-0.807217
-0.296356
1.66849
0.563497
-0.0379758
-0.0599341
-0.432542
0.186614
-0.390742
0.412828
-0.323788
0.283658
-0.434044
0.245705
-0.213286
0.170262
-0.368598
0.00766319
-0.497165
-0.335243
-0.0541283
-0.373273
-0.132129
-0.0442508
-0.380299
-0.234573
-0.215705
-0.0992607
-0.422304
0.372486
-0.210368
-0.133444
-0.0492651
-0.130031
0.324155
0.272152
-0.412969
0.360631
0.0615203
0.442696
0.0563479
0.328438
-0.41167
-0.0416325
-0.405436
-0.479305
-0.19387
-0.437592
-0.391776
-0.223252
-0.148411
0.531309
-0.0663232
0.115397
-0.551086
0.287346
0.15204
0.382815
0.000994446
0.386315
-0.457209
0.204076
-0.00174396
-0.450213
-0.321829
0.112973
0.325787
0.0737806
-0.0502873
-0.281988
-0.442227
0.285825
0.428704
-0.243701
0.0992646
-0.0541489
-0.075098
0.232847
-0.0580149
0.0763343
-0.868647
0.0941961
-0.272703
0.468159
-0.394556
-0.137689
0.246963
-0.0357384
-0.302856
0.0471697
-0.509596
-0.47192
-0.737422
-0.117173
-0.633683
-0.390801
-0.199709
0.385792
-0.706024
0.18719
-0.173712
0.144715
-0.213875
0.586144
-0.586947
-0.0780795
-0.328351
-0.00882085
-0.688433
-0.33885
-0.2587
0.00553334
-0.262999
0.509153
0.00561896
-0.287449
0.279992
-0.251833
-0.436934
0.4162
0.0573008
-0.0229846
-0.412447
0.46362
0.461473
0.363013
-0.188259
-0.278702
0.509076
0.390515
-0.15088
-0.0733204
-0.347527
0.296851
0.34761
-0.0599413
-0.17332
0.14864
0.0206679
0.0464902
0.363222
0.503896
0.508829
0.491552
-0.0721006
-0.342433
0.37337
-0.504472
0.17751
-0.026201
-0.513699
0.276716
0.184807
-0.0402428
0.0266955
0.429044
0.206754
0.450096
-0.656678
0.16284
-0.728144
-0.182771
-0.53367
-0.200111
-0.631787
-0.201961
-0.143735
-0.347971
-0.50454
-0.281028
0.12649
-0.0578759
0.107359
0.473036
-0.447679
-0.065312
0.10267
-0.874648
-0.378451
-0.490306
-0.130449
-0.264504
0.498356
0.11313
0.0461516
0.452322
-0.176497
0.183567
0.0936075
-0.24911
-0.137702
-0.0136881
0.313216
-0.341868
-0.306304
0.161865
-0.0684029
-0.385019
-0.249844
-0.362649
0.352225
-0.217061
-0.185938
-0.353231
0.372478
0.392437
-0.208023
-0.276824
0.206652
0.408536
-0.371468
-0.050515
-0.0506664
0.43886
0.44945
0.271242
0.113161
0.438251
0.459359
0.0597718
-0.291902
-0.378075
-0.0099555
-0.145293
-0.0482421
0.495847
-0.206261
0.0761538
0.265394
0.358537
0.450641
-0.173864
-0.379239
-0.14697
-0.382146
0.216321
-0.0902359
-0.0105951
0.271774
0.374561
0.0389774
-0.296601
0.226527
-0.0157083
0.258473
0.0903374
0.10541
0.597215
0.0099975
-0.15155
0.083939
-0.214407
-0.174833
0.171989
0.00711816
0.0255892
0.306848
-0.475051
-0.299579
0.535511
-0.27909
-0.32551
0.110817
-0.0142884
0.370988
0.548236
-0.019115
-0.0564772
-0.190671
0.354063
0.227342
-0.375882
0.296893
0.690874
-0.231644
-0.400541
0.0876603
0.685395
0.265475
-0.0657456
-0.805185
-0.274469
0.642416
0.0852884
-0.534529
0.314392
-0.0619452
0.157771
-0.0600596
-0.0208309
-0.0230062
0.367017
0.393584
0.40082
0.519165
0.231852
0.270428
0.179338
-0.0910482
0.290518
-0.0517512
-0.355419
0.493281
-0.0787887
0.165155
-0.373951
0.255268
0.209971
-0.118199
-0.384018
0.449065
0.0232368
-0.133776
0.191807
0.482324
-0.174625
-0.360575
0.384237
-0.0266718
-0.0153698
0.303379
-0.413233
-0.197272
-0.0305951
0.321477
-0.451004
0.56013
-0.309949
-0.307843
0.00227534
0.0236243
0.327785
0.430898
0.219034
-0.348297
-0.223669
-0.0273019
0.191327
0.300923
-0.230326
0.0147853
0.138448
0.324146
0.178471
0.21739
-0.0481314
0.260794
-0.201626
0.447881
-0.510451
0.195245
0.180071
0.290627
0.00023391
0.178883
0.508439
-0.0309346
-0.184484
0.572809
-0.222112
-1.3771
0.746112
0.10559
0.429319
-1.37663
0.539704
0.707098
-0.0434781
-1.19602
0.367753
-0.349605
-0.122344
-0.830686
0.929709
-0.645376
-0.139227
0.426575
0.220889
-1.89739
0.0959883
-0.366648
-0.657498
-0.421002
1.27234
-0.996088
0.871064
0.387107
-1.99942
-0.408897
-0.345764
-0.314251
1.14517
0.534824
0.14413
-0.199458
-0.449578
0.269513
-0.392862
0.00163727
-0.15882
-0.245324
-0.336781
-0.177246
0.117877
-0.450933
-0.0166601
-0.13092
-0.223727
0.346129
-0.110237
-0.311834
0.504689
0.112497
-0.114714
-0.329566
-0.282898
-0.072062
0.212753
0.274508
0.0632945
0.298377
-0.415285
0.132776
0.219588
0.203016
-0.119846
-0.0924213
0.157778
-0.265933
-0.246054
0.488976
0.248589
-0.444521
-0.463164
-0.494587
-0.33564
-0.339918
0.112281
0.429073
-0.101961
-0.291801
-0.0892264
-0.19513
-0.409434
-0.458308
-0.726757
0.0697666
-0.317949
-0.213717
-0.0953457
0.213377
0.0822123
-0.0558058
-0.231823
-0.419966
0.232547
-0.0446417
-0.495364
-0.436314
-0.172544
0.350196
0.189557
0.284385
-0.00584704
0.0164409
0.45884
-0.0640346
0.181174
0.0487177
0.33396
0.359574
0.287802
0.319135
0.239068
0.529868
0.306787
0.36073
-0.174895
-0.511253
-0.23625
-0.0471296
-0.0779088
-0.302677
0.350449
0.117945
0.330271
-0.198094
0.599062
-0.485742
-0.303818
0.127675
-0.0753538
0.393175
0.373385
0.43572
0.0968738
-0.658302
0.466819
0.220857
-0.145817
0.227567
-0.081478
-0.0860507
-0.0317598
0.60958
0.10262
-0.472715
0.0777167
0.336991
-0.0729036
0.685387
-0.139149
0.664215
-0.310238
0.312627
0.107264
0.00595281
-0.13995
-0.138503
-0.486052
0.385871
0.104349
0.246428
0.125924
0.113981
-0.48183
-0.51465
0.124101
0.0891514
-0.10956
-0.0754423
-0.204795
-0.352999
-0.398065
-0.427989
0.34916
-0.439295
0.480021
-0.0950371
-0.224723
-0.392755
-0.423148
-0.0302969
-0.272494
0.34565
0.216935
0.137739
-0.276087
0.0956474
-0.276141
-0.305106
0.424179
-0.333363
-0.322957
0.210206
0.161328
-0.292409
0.118339
-0.465409
0.272182
-0.280769
-0.262222
-0.285004
0.0365393
-0.11427
0.0360709
-0.166698
0.3442
0.45214
-0.0189481
0.086921
0.102489
-0.161972
-0.516567
-0.367362
0.310446
0.425583
-0.391203
-0.133389
-0.447108
-0.410069
-0.294227
-0.389514
0.474832
0.0142275
-0.104127
0.130835
0.187401
-0.581233
0.0268199
0.449131
0.333748
-0.6924
-0.256531
0.187968
0.255865
-0.021592
-0.280157
-0.457032
-0.332955
-0.539184
-0.226126
-0.0752643
0.192112
-0.26029
0.275977
0.563605
-0.313557
0.283766
0.408776
0.0651116
0.4567
0.405749
-0.00188914
-0.157602
-0.216583
0.525818
-0.20465
0.165108
-0.439276
-0.0278453
0.503071
0.312583
0.695097
-0.0665331
-0.200076
-0.00637268
0.472156
-0.161444
0.409172
0.52105
0.658598
0.75308
0.486343
0.0646653
0.362866
-0.452188
-0.421292
-0.589627
-0.423048
-0.213734
-0.330576
-0.524387
0.0201916
0.30321
0.126203
0.306126
0.0168751
0.0645059
-0.0877013
0.023607
-0.517586
-0.183626
-0.0230541
0.00744055
-0.33073
0.245681
0.580446
0.0837037
0.225039
0.279354
0.487016
-0.592894
0.102958
-0.019137
-0.3212
0.289186
-0.188976
0.409935
-0.271349
-0.167988
0.166662
0.0973623
0.38492
0.277562
0.22759
-0.139366
0.246253
0.0884014
-0.400017
0.137214
0.0368814
0.0365533
-0.176927
0.0325156
-0.171476
-0.0221243
-0.262907
0.0136965
-0.306233
0.247187
0.418431
0.392643
0.317207
0.242686
-0.141751
0.220372
0.122261
0.242246
0.385371
0.590482
0.0726007
0.165945
-0.235776
0.151473
0.539076
0.0816465
-0.242782
-0.219667
0.0628976
0.342561
0.0435254
0.332482
-0.144197
0.311715
-0.12059
0.338463
0.490758
-0.10793
0.114609
0.374093
0.404648
0.519744
0.220403
0.385713
0.669483
0.0856073
0.387915
0.233219
0.0211178
-0.342038
-0.0119024
0.0980798
-0.38161
0.184956
0.520168
0.0465153
-0.166865
-0.000246696
0.604275
0.652948
0.0304556
-0.0428445
-0.106107
-0.134814
0.173152
-0.38303
-0.274181
-0.254072
-0.4592
0.027647
0.0234081
0.530522
0.115129
-0.00688091
-0.00728388
0.0497452
0.238688
0.0463794
0.214135
0.55575
0.362546
0.239415
-0.262993
-0.221398
-0.117353
0.139366
0.10284
0.376687
0.0800872
-0.198223
0.362482
0.324754
0.680753
0.652741
0.441245
0.0916501
-0.351854
-0.400186
-0.0157209
0.10864
0.432505
-0.289729
-0.15618
0.204866
-0.238091
-0.0185699
-0.187705
-0.234268
-0.0640951
-0.194233
-0.196145
0.229409
0.308302
-0.357623
0.289437
0.40483
0.165287
-0.443383
0.0868059
0.162767
-0.507125
-0.152221
0.0490362
-0.236999
0.278434
-0.122653
-0.609571
-0.229168
-0.294918
-0.320868
-0.304152
-0.131307
-0.203893
0.0805883
-0.0488532
-0.0695331
-0.417371
0.236783
0.350516
0.221489
-0.219401
-0.151152
0.46899
0.270639
0.461663
-0.129632
0.421001
-0.0646095
0.111188
-0.116921
0.436538
0.258079
-0.0801113
0.0672302
0.0510819
0.243196
-0.325381
0.0990515
-0.299298
0.103436
0.403692
0.561216
-0.238563
-0.39392
0.46747
-0.348735
0.130184
-0.319563
0.0233286
-0.670672
-0.312846
-0.528838
-0.551923
-0.43292
-0.419195
-0.354192
0.0857391
-0.498821
-0.360294
-0.445487
-0.491826
0.0278043
0.00898695
0.328061
-0.206654
-0.506292
-0.487355
-1.00502
-0.0794616
0.0304934
-0.607664
-0.661213
-0.595709
-0.760165
0.374933
0.227239
-0.677863
-0.149133
-0.420044
-0.811679
-0.373733
-0.0239285
-0.0935065
-0.136244
0.117314
0.0337929
0.495212
-0.180855
-0.00968369
0.131081
0.262678
0.263095
0.508733
-0.379628
-0.277246
0.129432
0.0539395
-0.25863
0.219805
-0.0990463
-0.232139
0.459163
0.0115379
-0.229236
-0.0508707
0.115539
0.0769859
0.0204944
0.639083
-0.610751
0.253026
0.798519
0.308753
-0.192624
-0.136889
0.0851048
-0.102135
-0.294046
-0.501958
0.21805
-0.485025
-0.250518
0.0975711
0.0956777
0.31281
-0.113841
0.056412
0.139507
-0.396566
-0.248052
-0.136886
0.0534838
-0.446198
-0.151529
0.152673
-0.425775
0.441484
-0.250063
-0.463469
0.293245
-0.264341
-0.38653
-0.00520553
0.305181
0.328007
-0.0681165
-0.241856
0.0686459
-0.300269
-0.492955
0.094065
-0.194838
-0.182761
-0.424786
0.404082
-0.0212902
0.398882
0.342651
-0.33939
-0.201369
0.00360909
-0.242233
-0.350324
0.293248
-0.279134
0.232341
-0.313707
-0.223737
-0.212139
0.470691
-0.430862
0.0696387
-0.29069
0.0173422
-0.1903
-0.18181
-0.364928
0.47348
0.364948
-0.344805
0.210528
0.16369
0.116805
-0.127381
0.417729
0.326192
0.260915
0.533079
-0.38784
0.198768
0.0394017
-0.150415
0.0251526
-0.374535
0.251699
0.0350048
0.222549
-0.293038
-0.359313
-0.216793
0.517254
0.269024
-0.00847594
-0.237078
-0.191801
-0.257675
-0.25964
0.0603041
0.180063
0.398483
-0.0171363
0.288625
0.258179
0.211254
0.440079
-0.346932
-0.169595
0.396953
0.329696
0.527723
0.433425
0.157582
-0.191081
0.0928443
0.345033
0.0795256
-0.408689
0.224578
0.299206
-0.127597
0.0516359
-0.195548
0.104581
-0.181784
-0.257278
-0.158305
0.132564
-0.11247
0.287831
-0.0881799
0.190678
-0.354563
0.272019
-0.0664745
0.3566
0.146238
0.0640199
-0.0344587
-0.0951921
0.0325326
0.253264
0.147572
0.321515
0.404215
0.297188
0.245669
-0.121347
-0.199735
-0.338993
0.25906
0.0535952
-0.226226
-0.559914
-0.647485
-0.269055
-0.00779962
0.0656703
-0.463632
-0.0321848
-0.648673
-0.174331
-0.233736
0.212464
0.323619
-0.0279414
0.17567
0.121738
0.0552344
0.00167866
-0.346034
-0.109939
-0.158496
0.223089
-0.513168
-0.168107
0.242531
-0.434839
-0.434375
0.129887
-0.447321
0.217836
-0.2988
-0.258904
0.36305
0.29352
-0.232506
-0.179378
0.0905058
-0.281285
0.384854
-0.281277
-0.0772156
0.0318907
-0.153961
-0.563343
-0.43064
-0.145402
-0.142547
0.395674
0.0194652
-0.0550579
-0.158327
-0.37537
-0.400992
-0.692018
0.0255191
0.277908
-0.23162
-0.118535
0.147142
-0.455162
-0.25745
-0.00412431
0.117962
-0.320679
-0.329863
0.244199
0.0905519
-0.394525
-0.169976
-0.365314
-0.206234
-0.444898
-0.0860276
-0.0862557
0.31673
0.24864
-0.412169
-0.438902
-0.449417
-0.479542
-0.189539
-0.259485
-0.162093
-0.447113
0.164823
-0.244608
-0.179799
0.135448
-0.164761
-0.232504
-0.0656228
-0.215692
0.383019
-0.435555
-0.125912
0.0143755
0.275328
-0.551289
-0.125573
-0.485044
-0.467041
-0.0452882
-0.205846
-0.668049
-0.395624
-0.803498
-0.259599
-0.184578
0.109916
-0.134886
0.190843
1.30996
0.0680645
0.45918
0.568508
0.177489
-0.200462
-0.23959
-0.204952
0.22545
0.187896
0.0852618
0.258137
-0.22233
-0.0208326
0.257017
0.190685
-0.101907
-0.0506675
-0.150491
0.226961
-0.159966
-0.129078
-0.108095
