#input normalization
0.161149 0.275394
20.2244 30.8071
10.0551 29.6687
8.57497 28.2748
0.0112822 0.0368075
0.00917959 0.0320434
0.564818 1.48093
0.795869 1.50863
1.10038 1.73119
1.41277 1.97868
1.75552 2.22052
2.08751 2.45795
2.40622 2.68133
2.72523 2.88225
3.03084 3.05648
3.31412 3.186
3.58543 3.27738
3.84972 3.33931
37.2451 49.5352
1 -1
#output normalization
1 0
#neurons weights
-0.496185
0.106987
-0.27109
0.205343
-0.176036
-0.401182
-0.0498748
-0.0757172
0.282051
0.17802
0.0314779
0.0231115
-0.33109
0.493358
0.24364
0.371947
0.0333633
-0.279133
-0.30978
0.13453
0.412276
0.150351
0.399592
0.520681
-0.29911
-0.371814
3.78639
0.214976
0.659129
-0.331806
-3.50769
0.224424
-0.611501
-0.323614
0.887855
-0.376288
0.658477
-0.449031
0.399568
0.414581
-0.150787
-0.499561
0.317581
0.130772
0.322176
-0.406009
0.545173
-0.154083
-0.1294
-0.462695
-0.291111
-0.511296
-0.561982
0.308379
0.520395
-0.455537
0.311659
0.211235
-0.0988686
-0.556673
0.193089
-0.547989
#synapses weights
-0.311471
-0.451694
-0.159027
-0.147346
-0.0297217
-0.15811
2.79871
0.131924
0.0715779
0.120752
0.109505
-0.0383485
-0.235885
0.0262096
0.214846
-0.131664
-0.102873
0.050847
1.47284
0.250834
0.395445
-0.302728
-0.110105
0.106726
0.388284
0.169036
0.0547273
0.0376939
0.246576
0.311175
-0.0495715
-0.515097
-0.440635
0.183061
-0.0255281
0.237551
0.343233
0.22504
-0.0851858
0.092295
0.143384
-0.092912
0.274482
-0.277138
-0.297658
0.102263
-1.10925
-0.00261259
-0.125428
0.156501
-0.283608
-0.112782
-0.207504
-0.203364
0.113812
0.0828141
0.528504
-0.0233173
0.841462
0.185711
-0.0155777
-0.462246
0.0611541
-0.121618
-0.273063
-0.191647
-0.0322232
-0.599565
0.46734
-0.443906
0.243174
-0.0227862
-0.0829487
-0.391004
0.0249601
0.0658221
-0.0508732
0.289301
0.378432
-0.392149
-1.00401
-0.00771703
-0.144973
0.16637
-0.074534
-0.156026
-0.209845
0.0669645
-0.151486
-0.134135
0.146022
0.0108162
0.20204
-0.332215
0.0874563
0.248128
0.212256
0.435674
1.12751
-0.490791
0.441505
-0.155227
-0.0770525
-0.328026
0.223911
0.258071
0.359216
0.589176
0.112965
0.619567
-0.101582
0.305574
-0.00807945
0.0891591
0.209848
0.257299
0.259192
0.527471
-0.139625
0.0148959
-2.51814
-0.00593855
-0.106718
0.168506
0.0695312
0.262664
3.32612
-0.0187566
-0.00629257
-0.0875339
0.0875641
-0.0541426
0.0951124
-0.349137
0.183884
-0.205133
0.0528265
-0.115734
3.53809
-0.24079
0.296474
-0.345991
0.0631826
0.226329
0.34371
0.286663
0.631592
-0.395008
-0.292573
0.413471
0.241058
-0.391813
-0.0992203
-0.111989
-0.474071
-0.334637
0.323592
0.172849
-0.314916
0.326012
-0.197471
-0.299854
0.29407
0.534569
0.397408
0.695613
0.081791
-0.0185619
-0.607554
0.294232
-0.269249
-0.0506919
-0.214739
0.00692563
0.422722
-0.211881
-0.142865
0.10059
0.171789
0.169107
-0.20741
0.0996308
-0.0105064
-0.124978
0.0642813
0.0745915
-1.09094
-0.319777
-0.497738
0.295941
-0.167358
0.125916
0.118636
0.215292
0.265314
0.00642849
0.0274557
0.323016
-0.466546
-0.254949
1.62963
0.0214727
0.0583995
-0.0874077
0.216267
-0.127096
-3.45912
0.172601
-0.0112304
0.0922337
0.0621992
-0.25051
0.0203421
0.0304944
-0.0502433
0.114794
0.10727
-0.135712
-3.40729
-0.280796
0.315063
-0.250943
-0.308447
-0.133876
0.758691
0.277051
-0.404173
0.172843
-0.0822823
0.407198
-0.278423
-0.209404
-0.353582
0.247165
-0.436517
-0.112571
0.221584
-0.175863
-0.191782
-0.107233
0.51784
0.17749
-0.13216
0.160827
0.111993
0.278013
-2.76894
-0.148756
-0.221841
-0.0797033
-0.0941377
-0.0494112
0.266554
-0.237715
-0.00437287
-0.141333
0.239602
-0.291767
-0.933052
0.26073
0.00162259
-0.660781
-0.17873
-0.171824
-0.24068
-0.41322
-0.220791
-0.888083
-0.0341367
-0.190908
-0.517227
-0.217982
-0.227984
-0.547556
-0.193284
0.117757
0.200555
0.0251381
-0.00954266
0.286396
-0.570204
0.400811
0.47711
-0.0132446
-0.0492245
0.218054
1.40936
0.0689831
0.404023
0.128324
-0.0857195
-0.0111332
0.23175
-0.026147
0.126482
0.226435
-0.556696
-0.146728
1.16578
0.489803
-0.326846
0.00732496
-0.68075
0.239553
0.134949
0.11869
0.278533
-0.397914
0.171284
0.184523
-0.169746
0.012477
-0.376453
0.468816
0.0195616
0.174308
-0.167816
-0.0721683
0.55388
0.453641
0.189532
0.355312
-0.0454486
0.28808
-0.0483932
0.163557
-1.09765
1.01036
0.478027
-0.107882
0.0508522
0.37105
0.0758094
-0.0522528
0.207545
-0.143823
-0.183208
-0.0733341
-0.00750371
0.236994
0.374738
0.321694
0.223691
0.0746336
0.143847
-0.0584333
-1.6315
-0.262786
-0.113384
-0.00798876
-0.0510886
-0.119011
0.209859
-0.0606003
-0.119917
-0.0679641
0.320702
-0.0671801
-0.926112
0.217235
0.319447
-0.26837
-0.166549
0.347951
-0.254257
-0.117262
-0.909051
-0.209104
-0.113542
-0.155982
0.329305
0.406135
-0.338524
0.246169
0.235461
-0.404574
-0.544002
0.101158
-0.0382986
-0.226083
0.0269659
0.343425
0.0654459
-0.484855
-0.276086
-0.434781
1.04309
0.0905761
0.368808
-0.268067
-0.0439954
0.442112
-0.0368411
0.221539
-0.0827373
-0.375407
-0.0954061
0.532717
0.609002
0.240764
0.459737
0.172985
0.0817911
0.437568
-0.214744
0.0406075
-0.940742
-0.101508
0.344293
0.0531868
0.188323
-0.201006
0.252682
0.00403333
-0.278328
-0.318203
-0.152821
0.268445
-0.823888
0.164117
-0.381277
-0.0316168
-0.375155
-0.298882
-0.606225
0.499191
0.627517
-0.21271
0.150828
-0.203189
-0.301039
-0.394603
0.408064
0.332174
0.189203
0.355182
-0.467012
-0.205639
-0.452805
-0.119878
-0.255608
0.281544
0.664442
-0.0436673
-0.449694
0.0615257
-0.375702
-0.460028
-0.315015
0.134571
-0.122814
-0.0313355
-0.185023
-0.427134
0.387945
0.224288
-0.156256
0.370566
0.092359
0.184812
0.365532
0.137176
-0.262866
-0.145786
0.0504698
-0.0951184
-0.54883
0.0374285
-0.522473
0.491173
-0.128965
-0.399532
0.889559
-0.146207
-0.0301372
0.225753
0.159887
-0.464524
-0.439775
-0.297004
0.326119
0.177249
0.13312
-0.235774
-0.191815
0.0206787
0.151001
-0.441694
0.000951809
0.297444
0.317273
0.0537829
-0.0437303
0.105531
0.379571
-0.149209
-0.131394
0.0893024
-0.641662
-0.0441947
-0.141332
0.212733
0.178418
-0.264359
-1.22773
-0.00690968
0.405208
0.105697
-0.337455
-0.338773
-3.85916
-0.225489
-0.231969
0.230645
3.7483
0.473547
0.882373
-0.102134
-0.305179
-0.0834532
0.189507
0.828798
0.540904
-0.607188
0.736285
0.0118441
-0.500701
0.078038
0.756644
1.02527
-0.238766
-0.509904
-0.537935
0.240441
0.301361
1.23788
0.427787
-0.436198
-0.113329
0.849893
0.241591
0.306921
0.0925697
0.150499
-0.148717
-0.282776
0.56903
0.00833635
-0.205459
0.321718
0.307777
0.339637
1.14671
-0.168145
-0.0306036
-0.368018
-1.28479
0.469969
-0.172931
-0.29371
0.376332
0.144564
0.0689644
-0.23572
0.0860827
0.256669
0.370882
0.373845
-0.783283
0.0625487
0.0332073
0.887187
0.171973
1.0698
0.288408
0.424444
0.110133
-0.49812
0.0508663
0.500826
-0.0288156
0.745067
0.5043
-0.39185
-0.0116855
-0.44782
0.240062
0.00361125
0.113409
0.119715
0.4779
-0.218286
0.0402225
0.519608
-0.12839
-0.286017
-0.0604342
0.380056
-0.488133
0.184924
-0.35154
-0.267918
0.160477
0.598478
0.0386203
0.236076
-0.223871
-0.314167
-0.341948
-0.237955
0.359448
0.477823
0.142325
-0.236771
-0.392552
-0.678227
0.321477
0.169559
0.0160077
0.0731457
0.0164918
0.41644
0.235606
0.262085
-0.710949
0.0988851
0.269525
0.452359
0.36576
-0.413374
-0.716158
-0.0335623
-0.507683
-0.625787
-0.345968
0.311464
-0.793353
-0.151654
-0.124388
0.237671
0.902392
0.11777
-0.0578086
0.0636398
-0.18875
-0.401608
-0.155492
0.476539
-0.0764743
-0.177742
0.380133
-0.181916
-0.12919
-0.52453
-0.238843
-0.166505
-0.170061
-0.83616
-0.240632
-0.363679
-0.329302
0.621283
-0.677066
-0.192722
-0.336044
0.258764
-0.0332335
-0.672076
-0.586194
-0.602078
0.194566
-0.608348
0.106389
-0.0996758
0.168295
0.271055
-0.541626
0.136683
-0.439273
-0.0233984
0.539081
-0.422952
0.153612
0.00629397
0.276258
0.126824
-0.367112
0.0248628
-0.364789
-0.308198
-0.275777
0.122013
0.325465
-0.259619
0.234345
-0.274234
-0.128325
-0.0244378
-0.0389819
0.435054
0.416747
-0.0156706
0.118238
-0.213312
-0.254343
-0.0504582
0.452131
0.365251
0.384683
0.499737
-0.108321
0.0970415
-0.230088
0.348119
-0.251785
-0.0449366
-0.246702
-0.580168
-0.147816
-0.321098
-0.0427884
-0.148019
-0.326292
0.260652
-0.384888
0.422381
-0.290131
0.300111
-0.206616
0.234017
0.202335
-0.183347
-0.301246
-0.395464
-0.0092151
0.39131
0.638031
0.350485
-0.37877
-0.12837
0.334847
-0.441783
0.393446
0.380263
0.452607
-0.0251819
-0.449313
-0.129803
0.243203
-0.164931
0.182889
0.4196
0.335822
0.425215
0.222134
-0.0896376
0.0556209
0.550466
-0.0124534
0.118413
-0.553031
-0.058819
-0.465127
0.379408
0.337368
0.0376761
0.0554469
-0.0684958
0.134777
0.28356
-0.107996
0.196524
-0.132412
0.328171
-0.332322
0.501641
-0.157715
0.489578
-0.22415
0.195
0.4385
0.557419
-0.223931
0.661383
0.223965
-0.415787
0.287823
-1.0175
0.364726
-0.00829434
-0.158817
0.317827
0.369137
0.333665
0.0590907
0.157756
-0.481592
0.378324
-0.226345
0.0738447
-0.0589341
-0.0463102
-0.363107
-0.276372
-0.532099
-0.509149
-0.371088
-0.409067
0.659112
-0.0338215
-0.0667495
-0.031634
-0.0393832
-0.698711
-0.12957
0.319448
0.230767
-0.508745
0.171892
1.03083
-0.0963032
0.0911244
0.156743
1.02313
0.145634
1.02676
-0.082729
0.0988923
0.0531104
-0.480985
0.0684968
0.114919
0.700333
0.673393
0.589606
-0.194979
-0.378318
-0.278892
0.400039
-0.29881
0.910222
0.231553
-0.274741
0.399758
2.05729
-0.929774
0.361473
0.533419
-0.214323
0.355587
-1.06503
0.0974244
-0.595143
-0.232449
-0.1582
-0.0290971
-0.440315
0.158066
-0.547942
0.62348
