#input normalization
0.161105 0.275353
76.513 78.8357
8.63927 36.1009
7.42198 30.9787
0.0104291 0.0445799
0.00822675 0.0347488
0.564818 1.48093
0.795869 1.50863
1.10038 1.73119
1.41277 1.97868
1.75552 2.22052
2.08751 2.45795
2.40622 2.68133
2.72523 2.88225
3.03084 3.05648
3.31412 3.186
3.58281 3.27987
3.83858 3.35045
4.07283 3.38738
4.2536 3.37307
4.41487 3.3303
4.55369 3.25422
4.6588 3.16101
4.72377 3.04432
4.77386 2.90532
4.76856 2.74
4.73577 2.55593
4.68896 2.35847
4.5651 2.12719
4.43679 1.89423
4.29803 1.66325
4.14893 1.44562
3.97396 1.23507
3.79558 1.03065
3.60493 0.827961
37.2451 49.5352
1 -1
#output normalization
1 0
#neurons weights
-0.407742
-0.156015
0.250529
0.041223
-0.0483841
0.253528
-0.396005
-0.487703
-0.262535
-0.205531
-0.0365461
0.270175
0.0847759
-0.286903
0.0426695
-0.145201
0.281867
-0.380883
0.277379
-0.406319
0.00973427
0.140599
0.185255
-0.0344063
-0.441294
-0.418059
-0.204492
-0.447045
-0.435189
-0.302388
0.494118
-0.149822
-0.488309
0.319174
0.0472748
0.240488
-0.46997
-0.446868
-0.359717
-0.209148
0.280532
-0.167955
2.35914
0.88756
0.464734
0.283778
0.550199
0.0671197
0.21613
0.3968
0.45081
-0.0314014
-0.0573596
0.22321
0.0603097
0.183131
0.226949
-0.490735
-0.271956
-0.318504
0.228738
0.673886
-0.105922
-0.473154
0.230112
-0.0560045
0.47138
0.19336
-0.448515
0.365624
-2.01903
0.285707
0.42553
-0.228611
-0.772884
0.125322
-0.355142
0.0866743
0.45769
-0.140941
0.154337
-0.0808133
-0.11501
-0.345301
-0.414002
-0.0138776
-0.0461837
0.334856
-0.31628
0.182318
-0.167081
0.012418
-0.483994
-0.220865
0.161851
-0.0454189
-0.150823
-0.187133
0.345807
-0.748134
0.307437
0.456166
-0.190303
0.466882
-0.297567
-0.180775
0.0852455
-0.321174
0.316044
-0.523068
-0.260398
-0.420216
0.142605
#synapses weights
0.233979
0.35026
-0.0589687
-0.138874
-0.0283745
0.246277
1.12779
0.242712
-0.135806
-0.0177983
0.283324
-0.405531
-0.10813
-0.431562
0.400754
0.0430964
-0.231087
-0.0930939
0.35542
0.0298546
-0.280941
-0.321374
-0.0625085
0.287288
0.0487737
-0.381597
0.310674
0.231777
0.0638471
-0.320094
0.280085
0.108276
0.306494
-0.412744
0.348969
0.0791181
-0.252333
-0.210919
0.315793
-0.29288
-0.234641
-0.0383983
-0.389612
-0.185359
0.0763136
-0.125253
0.0441138
-0.180496
0.268052
0.378357
0.327302
0.455731
0.382734
-0.257182
0.0434357
0.408181
0.47258
0.0695687
0.262268
0.333154
-0.408094
0.145214
0.180701
-0.0344396
0.259801
0.161495
0.159035
-0.0894299
-0.283869
0.415198
-0.35977
-0.253174
-0.502364
-0.228184
0.336563
-0.235293
0.0420771
0.00451546
0.0148873
-0.185557
-1.0469
-0.0136252
-0.102053
-0.191338
0.480139
-0.288691
0.0904046
0.219294
0.220252
-0.44835
0.170833
0.385381
-0.191127
0.286935
-0.00852738
0.309108
0.15325
-0.178446
-0.163273
-0.443013
0.38702
-0.163893
-0.102013
-0.432543
0.0320117
0.440187
-0.189296
0.13199
0.460137
-1.02866
0.0730279
-0.485146
0.214508
-0.27489
0.0381828
0.00256759
-0.216464
0.283989
0.119573
0.147013
0.06048
0.465407
0.0325998
0.468505
-0.315973
0.5288
0.0224894
-0.336917
-0.175023
-0.241386
-0.128315
0.421053
-0.174058
0.517479
0.321651
-0.293056
-0.303701
0.350885
-0.40204
0.031645
0.0067236
-0.0934084
0.387356
0.290035
0.157951
0.126584
0.0856045
-0.151762
0.324452
-0.227707
0.380897
-0.0709939
-0.116336
-0.477556
0.147481
-0.331111
-0.112474
-0.0668196
0.243726
-0.299228
-0.297645
0.00264953
-0.261119
0.0243204
0.26795
0.130683
0.3523
-0.188653
0.245035
-0.409827
-0.357589
0.241296
-0.0311588
-0.353409
0.0804693
0.451448
-0.103813
-0.453838
0.0805882
0.399179
-0.148377
-0.0558517
-0.410306
-0.256731
-0.377807
-1.44563
0.159965
-0.206981
0.02029
-0.295515
0.0592436
2.69117
-0.133332
-0.0960557
-0.0185406
-0.224201
0.0672305
0.282227
-0.211138
0.178117
-0.0716234
-0.0763072
-0.0719928
0.271798
-0.168756
-0.100053
0.112584
0.077543
-0.0755967
0.0493857
-0.206479
0.157301
-0.025615
-0.442414
0.245865
0.0362977
-0.165194
-0.220893
-0.40117
0.264111
2.8501
0.0424783
-0.135334
0.365444
0.0886004
-0.18299
-0.0501542
-0.187511
-1.62696
-0.0515667
-0.0287795
-0.212617
-0.147446
-0.173876
0.120708
0.4692
-0.268977
-0.344031
0.128079
-0.468582
0.229496
-0.181065
0.214666
0.243261
-0.254985
-0.00615058
0.114831
-0.27695
-0.441078
-0.391041
0.228574
-0.0223926
-0.342716
0.106449
-0.346776
-0.410425
0.246561
0.950215
0.351886
-0.908488
-0.0243448
0.2398
-0.21198
-0.0268568
-0.216192
1.31219
0.0942913
-0.0129764
-0.235885
0.0818344
-0.0486271
-0.233653
0.0288876
0.367595
0.0439703
-0.387151
0.386984
-0.484574
-0.118968
0.204592
-0.0962419
-0.201391
-0.156499
0.260797
-0.0314644
-0.269561
-0.0428373
0.202595
-0.368033
0.0706166
-0.329981
-0.493739
-0.29512
0.380126
1.50966
0.0935784
-0.505608
0.0404776
0.239582
-0.214291
-0.310275
0.148075
0.572946
-0.257983
0.13384
0.152809
-0.23608
0.35929
0.376233
-0.043115
-0.329789
0.0866584
0.117123
0.368576
0.0542206
0.364523
0.424938
0.530521
-0.0481923
0.493352
-0.442993
0.0228412
0.105895
0.0607504
0.320276
0.276253
-0.305245
0.452613
0.11041
-0.291033
0.159639
-0.0516134
0.438224
-0.242066
-0.225025
0.000147174
0.437825
-0.258216
0.183773
0.394894
-0.19506
-0.0334419
-0.0445935
0.429922
-0.15256
-0.257168
-0.379835
-0.39502
0.0627031
-0.0883105
0.552933
-0.237595
0.237913
-0.353376
0.00320153
-0.169352
0.491722
-0.159592
-0.163441
-0.314804
-0.0963236
0.212976
-0.351597
0.250564
0.136785
-0.266183
0.264229
0.0220788
0.577228
0.416322
0.344847
0.303467
-0.106558
0.302354
-0.206427
-0.501456
-0.0640966
0.148927
-0.572933
0.259141
-0.31338
0.0404409
-0.255871
0.132515
-0.259036
-0.140329
-0.290788
0.346205
0.181006
-0.391917
0.178525
-0.469583
-0.219806
-0.223549
0.12482
-0.421018
-0.217431
0.414662
-0.433166
-0.330978
0.477798
-0.477703
-0.401455
-0.242727
-0.0725231
0.0702161
-0.308455
-0.337384
0.313324
-0.0634423
0.125385
-0.393837
0.199428
-1.08393
0.23495
-0.10356
0.268618
-0.0439391
-0.400549
-0.232953
-0.247649
0.350877
0.318982
0.208118
-0.332243
-0.0920622
-0.0242957
0.212723
-0.155732
-0.219473
0.0272473
0.287653
0.333926
-0.332495
-0.0750265
0.111158
0.0134032
0.0631743
0.0823448
-0.0255142
-0.13569
-0.209137
-0.215593
-0.436504
-0.593955
-0.090466
-0.0840351
-0.231055
-0.141279
0.281298
1.81537
-0.0230824
-0.18374
0.0266712
0.225674
0.0091206
-0.355609
0.337947
-0.144567
0.0775905
-0.00142903
-0.178731
0.252187
-0.230829
0.0796263
0.444696
-0.399434
0.124999
-0.157822
-0.166627
-0.0649451
-0.171008
0.185769
0.439662
0.287663
-0.406367
-0.0069147
-0.46948
-0.0143518
1.4429
0.0509044
0.139044
0.197668
0.0478728
-0.0444456
-0.388321
-0.0302356
1.38695
0.4896
0.125734
0.30256
0.36658
-0.167125
-0.252525
-0.261419
-0.443538
0.383826
-0.459835
0.273507
0.237576
0.243188
0.338142
-0.166121
0.34674
0.0656063
-0.247308
-0.0103759
-0.367468
-0.398517
-0.13456
-0.14899
0.241742
0.343193
-0.0729261
0.0524887
-0.191202
0.2175
-0.102746
0.111643
-0.502138
-0.0658203
-0.0147705
0.225263
-0.548923
0.101193
0.228495
-0.203177
0.0744505
0.29751
-0.131984
-0.123195
-0.368184
-0.333797
0.422989
-0.318134
0.321207
-0.296654
0.324494
-0.120832
-0.0584045
-0.239974
-0.288766
-0.504321
0.299004
-0.0261588
-0.0213342
0.418631
-0.159269
-0.217893
0.325066
0.0120927
0.45948
-0.145692
0.270133
-0.495832
-0.0340554
0.50893
-0.402631
-0.301721
0.193355
-0.177305
-0.335714
0.0747179
0.614915
0.0658819
-0.0345541
-0.177452
-0.435761
0.0102602
-0.113728
0.366974
-0.173081
-0.284146
0.447268
0.381425
0.323538
0.280695
-0.451484
-0.341385
-0.139537
0.406208
-0.0127452
-0.470152
0.330508
-0.142538
-0.0272157
0.380838
0.347343
0.291299
-0.0812356
-0.289015
0.454562
-0.0656144
0.304115
0.039349
-0.0358285
0.419908
0.330875
2.74408
0.24905
0.29094
-0.280017
0.20154
-0.0782982
-0.110419
0.330687
-0.230007
-0.238925
0.348777
0.117558
0.150913
0.0936538
0.199893
0.0253651
0.506717
-0.234127
0.264766
0.283338
-0.0657497
-0.0472989
0.0246501
0.477848
0.351124
-0.163797
0.159903
0.483412
-0.0272016
0.195107
0.300051
-0.592996
-0.520133
-0.0643716
-0.152639
0.340357
0.256067
0.144209
-0.0339982
0.37611
0.342357
-0.146181
0.39672
0.357442
-0.320131
-0.0437377
0.0978346
-0.341171
0.219595
-0.151193
0.263381
-0.349969
0.0351385
-0.469
0.230527
-0.11172
-0.38659
-0.168567
0.135598
-0.386961
0.0126658
0.269011
-0.026674
-0.157125
0.213636
0.401248
0.521519
-0.0702732
0.0553195
0.0484364
-0.20563
0.0831952
0.125962
-0.328178
0.0707088
-0.213311
-0.0771845
0.211937
0.540992
-0.0277785
-0.362399
-0.0603196
0.392953
0.230542
0.0348627
-0.349994
-0.148722
0.352868
0.246308
0.0905416
0.492036
0.0105325
0.295149
-0.039972
-0.284434
0.406733
0.444617
0.293618
0.204405
-0.347646
0.511224
0.357051
-0.0194416
-0.0314616
0.275925
-0.378344
-0.21612
-0.0850021
-0.346482
-0.458299
0.413627
0.0788953
-0.162498
0.0631732
0.35025
0.155817
-0.222412
-0.252187
-0.101945
-0.295576
-0.136405
-0.0194115
-0.212395
-0.373336
0.103885
-0.116232
-0.1474
-0.37719
-0.2433
0.00415172
-0.0726534
0.103877
-0.0265432
0.0532964
0.23574
-0.49177
0.240666
-0.12187
0.0117882
-0.0246721
0.190078
-0.206313
-0.265097
-0.413488
0.228891
0.322005
0.381998
-0.236416
-0.736604
0.278394
-0.348484
-0.29795
-0.122992
-0.024389
0.260318
-0.198371
0.489295
0.398241
-0.37082
-0.135417
0.35751
-0.300215
-0.229874
0.00844877
0.476296
-0.365087
-0.351762
0.168202
0.0617455
-0.236322
-0.459229
0.359317
0.102536
-0.244871
-0.253372
-0.0289042
0.170309
-0.585064
0.0585901
0.217794
0.37015
0.216088
-0.201496
-0.154063
-0.080204
-0.755503
0.330073
-0.236784
-0.0816355
-0.317651
0.35804
-0.384016
0.0398665
-0.214634
0.0947649
0.044479
0.117128
-0.141425
-0.366191
-0.0388701
0.0495973
-0.331699
-0.330207
-0.266495
-0.227322
-0.290903
0.466578
0.0752825
-0.260868
0.311439
-0.280541
0.248816
-0.292799
-0.149262
0.509185
0.031634
0.412682
-0.191674
0.414922
-0.0547212
-0.0509637
-0.15375
0.629858
-0.138368
-0.190879
0.352535
-0.137836
-0.478969
0.297741
0.187504
0.00864855
-0.337165
-0.4308
-0.384616
-0.377704
-0.396665
0.367599
0.370128
0.343889
-0.401736
-0.424442
-0.488605
-0.118836
-0.0568297
0.245293
0.0907254
-0.439276
-0.117296
0.221075
-0.18949
-0.188658
0.295804
-0.319691
0.423965
0.0382264
0.450833
-0.360137
0.134892
-0.343591
-0.49566
-0.070804
0.354887
-0.272906
-0.151527
0.333795
-0.33825
-0.440433
-0.187426
0.0364206
-0.118849
0.0865995
0.189971
-0.0996174
0.117876
-0.392929
0.241472
-0.422828
0.0476511
-0.46199
-0.160328
-0.560489
0.0805068
0.129431
0.0977158
0.220793
-0.420539
0.135604
0.0707692
0.234508
0.387185
-0.825347
-0.219618
-0.151655
0.0591014
-0.0596999
-0.00985946
0.827587
-0.0897753
-0.0443965
-0.14909
-0.363483
-0.0764154
0.293142
0.177808
0.195205
0.302416
0.0314388
0.22603
0.0503328
-0.31487
0.341393
0.451214
-0.275325
-0.0984717
0.215638
0.143532
0.0691236
-0.349359
-0.2466
-0.301504
0.0283975
0.0137578
0.481081
0.274234
-0.275763
1.11966
0.0663214
0.318575
0.366812
0.31056
-0.056979
-0.292136
0.0631886
-0.0634023
0.180106
0.212633
-0.137846
0.000147096
0.172045
0.0611241
0.180243
0.104794
0.00358417
-0.384265
0.228337
-0.514488
-0.0901228
-0.323657
0.352055
0.387867
-0.0551957
0.0968023
-0.350536
-0.448516
-0.477438
-0.174764
-0.380566
-0.144635
-0.476409
-0.35021
-0.423369
-0.155571
-0.437348
0.314752
-0.378536
-0.43969
0.272603
0.452244
-0.41492
-0.292603
1.30366
0.543798
0.704927
0.151663
0.0458122
0.305712
0.461695
-0.416052
-0.380778
0.440184
0.371709
0.369509
-0.424394
0.391148
0.251377
0.267631
0.274762
-0.17937
-0.353498
0.365073
-0.279286
0.00207639
0.10418
0.489022
-0.410505
-0.437899
0.11881
0.291927
-0.0935154
-0.221047
0.418995
-0.00932158
0.0932253
0.129395
-0.0351977
-0.395433
0.0790906
-1.42824
0.0142679
-0.0512336
-0.154202
-0.126048
0.326561
0.00244858
-0.155378
-0.196956
0.117917
-0.0711644
0.153256
0.124887
0.348425
-0.244877
0.467118
0.199171
0.442016
0.204606
-0.173366
0.0970316
-0.0691243
-0.368488
0.408223
-0.211511
-0.140315
-0.145198
-0.127663
-0.0981801
-0.918472
0.195357
-0.0159231
-0.035323
-0.115506
0.113296
0.266724
0.119744
0.371132
-0.0489545
-0.35495
-0.371535
-0.337441
0.45589
0.0848132
-0.265389
0.161845
0.0125937
0.0856983
-0.0552137
0.390003
0.000876608
-0.118096
0.35648
-0.0235911
0.0598619
0.54379
0.427825
0.0880412
0.529807
-0.1114
-0.0894591
0.11832
-0.00921213
-0.243662
0.418457
-0.138426
0.362882
0.0886633
0.39932
0.206677
0.262463
-0.0317657
0.471268
0.0625125
-0.300923
-0.0741296
-0.187532
0.6156
0.107681
-0.0254744
0.202058
0.37185
-0.0350194
-0.268852
0.289103
-0.162256
0.00258178
0.0997823
0.477251
0.179392
0.275376
-0.438924
0.306069
0.342841
-0.158745
0.0457444
-0.497386
-0.110031
-0.0490122
0.0140579
-0.0589406
0.183661
0.429848
-0.11466
0.206119
0.0696746
-0.511534
-0.362127
-0.269374
0.070898
-0.38017
-0.300474
0.409384
-0.171899
-0.362853
-0.0309719
0.418871
-0.26426
-0.215157
0.216222
0.170107
-0.147996
-0.445241
0.352774
-0.0159436
0.20287
0.409437
-0.151637
-0.242876
-0.249857
-0.463337
-0.199795
-0.474899
0.0607716
0.33487
-0.133215
0.0617503
-0.056738
-0.10044
0.384342
0.270844
0.31585
-0.593298
-0.496148
0.147242
0.175471
-0.377832
-0.27268
-0.008074
-0.204059
0.0299876
-0.60508
0.167178
0.0189922
0.324576
-0.252487
-0.100072
0.381123
0.399556
-0.418029
0.350756
0.273844
0.0178513
-0.160632
-0.119405
0.443485
-0.154354
-0.110726
0.325035
-0.332402
0.348733
-0.118175
0.462419
0.415575
-0.00179983
0.230341
-0.309708
0.280963
-0.249403
0.172348
0.146141
0.0597283
-0.498951
0.314698
-0.279793
-0.288019
-0.430911
-0.159431
0.0737271
0.0529101
-0.144173
-0.395631
-0.069021
0.299689
-0.179806
0.239879
-0.057146
0.382552
-0.149336
-0.251683
-0.216556
0.147806
0.0449541
-0.235555
0.307001
-0.347146
0.182993
0.355492
-0.200902
0.335149
0.1833
0.131635
-0.385881
-0.439576
0.719942
-0.175794
2.24726
0.154659
0.117968
-0.178012
-0.0174729
-0.0142259
-2.65728
0.0389341
0.0858086
0.21418
0.0537045
-0.149216
0.130459
-0.0777007
0.0983525
0.0360573
-0.00916838
0.0449734
0.183993
-0.235956
-0.0545675
0.0251757
0.0233814
-0.0685267
0.287818
0.0457583
-0.0302374
-0.106286
-0.101197
0.257993
0.165793
-0.221751
-0.0684869
0.064479
0.0690873
-3.39568
-0.372746
-0.727272
0.0250602
0.361738
0.245864
-0.0178772
-0.0229575
0.679677
0.445895
0.206011
0.112983
0.202093
-0.37713
-0.0102285
-0.282671
-0.249302
0.438775
-0.0085719
-0.382655
-0.302729
0.433564
-0.311768
-0.0510405
0.0381922
0.211261
0.351713
0.424827
-0.45551
0.232412
0.247137
-0.0369373
-0.232415
-0.100118
-0.0192945
0.35469
0.0891867
0.920348
-0.498723
-0.660163
0.0729752
0.0823318
0.167983
0.418802
0.380882
0.384672
0.571964
0.264627
-0.500976
0.364308
0.274924
-0.190835
0.525462
-0.147269
0.242553
-0.225121
-0.327924
-0.298052
-0.275526
0.0128653
-0.119331
-0.352747
0.367435
0.483491
-0.0631926
-0.0356657
-0.287504
-0.429287
-0.275881
-0.366139
0.247312
-0.137751
-0.0194617
-0.127202
0.5643
-0.0425393
0.160109
0.456528
-0.299734
0.185129
-0.0680395
-0.0320369
-0.462991
-0.163688
0.333882
0.176008
-0.019848
-0.384218
0.514344
0.213622
-0.314831
0.0786175
0.343688
0.00982691
0.00560297
-0.124241
-0.0962158
0.372678
-0.345427
-0.0563542
0.479632
0.146744
0.183652
-0.0627025
0.140362
0.523255
0.344778
-0.389197
-0.121459
-0.0589627
-0.135211
0.00974171
-0.283314
0.926578
-0.142505
-0.0358954
0.0721092
-0.147849
-0.111735
-2.09582
-0.00301638
-0.00728408
0.0312516
-0.0263479
-0.211973
0.148285
0.0884392
0.0650196
0.221133
-0.391477
0.211707
0.229046
0.128641
0.0568675
0.0266687
-0.360036
0.0987108
-0.0289236
-0.195563
0.116919
0.345505
-0.0157454
0.040077
0.0813657
0.142103
0.0199496
-0.0442332
0.34187
-1.55003
0.0382454
-0.0559196
0.302013
0.117433
-0.288317
0.533639
0.0779794
0.366086
-0.118894
0.283907
0.248917
-0.123398
0.283332
-0.221578
0.380614
-0.40372
-0.443232
0.307403
0.153298
0.381123
0.440314
-0.316716
-0.315304
-0.425431
-0.445071
0.180911
0.264571
-0.0554782
-0.16812
0.0759647
0.516162
-0.309403
0.349939
0.334885
0.248659
0.233216
0.00504165
0.433927
-0.44078
0.434837
-0.00596565
-0.327772
-0.377538
-0.0819379
-0.162476
-0.135926
0.212917
0.351548
-0.101985
0.080583
-0.0199517
-0.182663
0.245001
-0.105775
0.0749499
0.199433
-0.578039
-0.10051
0.107878
0.193812
-0.129349
-0.0250181
-0.311083
-0.203907
0.197555
-0.17585
-0.0960244
-0.247675
0.118828
-0.00488474
-0.0632258
-0.3137
-0.729047
-0.484265
-0.433543
-0.110255
-0.186787
0.00639996
-0.208199
-0.336607
-0.438905
0.457683
-0.417668
-0.314551
0.227846
0.142434
0.493246
0.172283
0.244567
0.275451
-0.0536914
0.517987
-0.314889
0.353353
-0.321151
0.340321
-0.101692
-0.291117
0.27168
-0.426396
0.43235
0.408622
0.29311
0.205195
-0.0946096
-0.104866
0.453427
-0.129644
-0.378613
0.105216
0.120626
-0.248218
0.468201
0.286845
0.228788
-0.378353
-0.281269
0.493962
-0.369451
-0.0767917
-0.229809
0.362001
-0.249947
-0.118697
0.442651
-0.143881
-0.333665
-0.103673
-0.235073
-0.455205
-0.174094
-0.312014
0.50233
-0.387663
0.482045
-0.160865
0.441725
-0.131875
-0.39273
0.43441
0.272079
0.404792
0.428089
0.320071
0.250401
0.300962
-0.30231
0.48683
-0.0674386
0.0863391
0.247228
0.177271
-0.0952993
0.333762
-0.103024
0.259267
0.183983
-0.361017
0.738088
-0.335374
0.495039
0.361868
0.662076
0.308267
-0.330983
-0.33774
-0.351111
0.240523
-0.00713677
-0.0403476
0.186443
-0.378572
0.348164
0.223977
0.205994
0.0948706
0.209417
-0.285957
0.365036
-0.178361
-0.155641
0.176176
-0.4779
-0.31463
0.0837022
-0.205762
0.0712731
-0.0500399
0.581932
-0.442705
0.254472
-0.49447
0.478074
0.244273
-0.403109
0.0265152
0.105231
0.111599
-0.0303645
-0.411938
-0.554214
0.315739
-0.103102
-0.607551
0.128359
0.393905
-0.288846
-0.652179
-0.482122
0.0221837
-0.512021
0.146746
-0.331562
-0.42492
-0.352021
0.0990774
-0.440847
0.235837
-0.113313
-0.337054
-0.396797
-0.433044
-0.361181
-0.212806
-0.25515
0.26119
-0.347589
-0.159253
0.051762
0.129793
-0.0395811
0.111619
-0.0622058
0.103181
-0.38447
0.0196641
-0.529444
0.146988
-0.236204
-0.455565
0.272442
-0.217694
-0.342014
0.267634
-0.497204
-0.391127
-0.396574
-0.279142
0.197974
-0.170345
-0.302467
0.164503
0.183338
-0.49769
-0.0369219
0.476191
-0.414969
0.0830977
-0.206443
0.177424
0.0385933
-0.0383028
0.643524
-0.23383
-0.0338917
-0.316949
0.0764599
-0.136148
0.157999
-0.179485
-0.208169
0.226428
-0.0485588
0.258608
0.201342
0.260279
0.396703
-0.311725
0.304169
0.472075
-0.010416
0.246373
-0.0968546
0.254835
0.397044
-0.273751
0.0258345
-0.192796
0.00910443
0.145007
0.555384
0.290609
0.00836352
0.306509
0.0130963
0.0156696
-0.0562429
0.278332
0.225265
0.0491091
-0.282823
-0.293118
-0.425194
0.163321
-0.571852
0.075664
0.44474
-0.0453664
0.428346
-0.232695
-0.31458
0.46109
0.281496
0.337923
-0.0506248
0.0749283
0.442162
-0.101457
0.565536
-0.176821
0.224482
0.209388
0.0975907
-0.113385
-0.121329
0.0772332
0.0934256
0.0470114
0.0556937
0.0494851
-0.19633
0.104866
0.205915
0.435636
0.424447
0.0495188
0.0162893
-0.234682
0.365884
-0.11625
0.0535829
-0.294841
-0.501563
-0.0968477
-0.410081
-0.400708
-0.0519597
0.130938
-0.188287
-0.390514
-0.154705
0.0393714
-0.473173
-0.407185
-0.247012
0.135955
0.387408
-0.193246
0.0577714
-0.627953
-0.233719
0.182753
-0.177369
-0.208929
-0.100727
0.215179
0.367509
-0.288703
0.33703
0.0377935
0.250147
-0.042802
0.0413669
-0.198401
-0.00371257
0.109999
-0.625082
0.215602
-0.510606
-0.0581175
-0.14727
0.33835
-0.0353461
0.160008
-0.403694
-0.0576447
0.104188
-0.442454
-0.0137345
-0.22451
-0.307853
0.0556382
0.255137
0.331716
0.0976599
0.456513
0.500291
0.358064
-0.363385
-0.155469
0.44021
0.526668
-0.366553
-0.0330898
-0.146178
0.49368
-0.242101
0.383507
0.336898
0.00400833
0.384501
-0.325356
-0.362875
0.39331
-0.424829
0.0717745
0.304392
0.335471
0.0227632
0.316713
-0.062233
0.204353
-0.114556
0.51506
-0.227213
-0.100888
0.357029
0.381786
0.255375
0.409962
0.0620224
0.402841
0.475532
-0.481737
-0.0115634
-0.0348234
0.12456
0.473247
0.0559701
0.530091
0.394989
-0.303984
-0.137555
0.426349
-0.246362
0.0525992
0.350061
0.0295015
0.239615
-0.117808
-0.276359
-0.0544888
-0.211453
0.353149
0.371565
-0.183638
0.48809
-0.445884
-0.0527889
-0.055885
-0.0762691
-0.478735
-0.404069
-0.215863
-0.211648
-0.388807
-0.388219
-0.487867
0.108918
0.0557041
-0.58267
-0.253189
-0.181481
0.187759
-0.323768
-0.0433485
0.331246
-0.231537
0.31225
-0.491931
-0.441217
0.478107
-0.0113532
-0.457042
-0.130862
0.439401
0.401112
0.294289
-0.47269
0.296404
0.278809
-0.0480146
0.224457
-0.474982
0.359717
-0.209291
-0.441039
-0.190258
0.387098
-0.449188
-0.471997
-0.472836
-0.228446
0.324303
-0.399431
0.330589
-0.447091
-0.441181
-0.299024
0.383654
-0.32017
0.0636596
-0.21784
-0.0727044
-0.216667
-0.135991
-0.41586
0.201505
-0.148893
-0.512102
-0.0681501
0.314842
0.341574
0.303187
-0.253607
-0.33841
0.366103
0.140727
-0.399264
0.338879
-0.284712
0.433787
0.328266
-0.474001
0.413285
0.40562
-0.227787
-0.464809
0.561949
-0.431628
0.234587
-0.42051
-0.100058
-0.201619
0.0941271
-0.229428
0.425694
-0.240824
0.432206
0.0242633
0.0786819
-0.126343
-0.410222
0.458292
0.399612
0.32985
0.177586
-0.294289
0.367247
-0.289271
0.0595932
-0.283469
0.375378
0.272264
0.11656
-0.2644
-0.507491
-0.148014
-0.314696
0.347419
-0.0275662
-0.367928
-0.290225
-0.35455
0.0342269
0.0148396
0.0664612
0.228635
0.39629
0.0304901
0.0985975
0.342434
0.259986
0.114754
-0.270579
0.301973
0.0763739
-0.312707
0.243739
-0.194416
0.348328
0.553665
0.38034
-0.127463
-0.14503
0.355711
-0.132623
-0.0233317
0.0897769
-0.115776
-0.22852
-0.137095
0.00779978
0.472094
-0.0948803
0.322597
0.00700043
-0.180873
0.456102
-0.241654
0.396025
0.479054
-0.463402
0.143205
0.365098
-0.256069
0.549049
-0.152461
0.237394
0.0429567
0.271098
-0.285241
0.0103218
0.394234
-0.318518
-0.276749
0.412076
0.0726191
0.167782
-0.502628
0.470216
0.0211529
-0.45164
0.245416
0.118892
0.248396
-0.0758658
-0.0992281
0.227255
0.0161404
-0.0498716
0.0213256
0.114906
0.235222
-0.309922
0.120424
-0.166721
-0.414326
0.0847193
0.163051
0.486148
0.319943
-0.252031
-0.5059
-0.279383
-0.454551
-0.351748
0.101952
-0.477379
-0.312315
-0.252133
-0.207528
-0.135286
-0.371386
-0.0982731
-0.506559
-0.470559
0.17759
-0.19689
-0.0979037
0.326822
0.184014
-0.18269
-0.470121
0.340809
-0.198376
-0.0823099
0.00362238
-0.0845574
-0.327375
-0.262956
-0.320471
0.250676
-0.167969
0.114847
0.0997512
-0.0803522
0.410631
-0.0331948
0.10834
0.387251
-0.0915386
-0.172565
0.383766
-0.105563
-0.0551434
0.376046
0.132486
0.292035
-0.00697449
-0.404069
0.18555
0.248061
-0.171551
-0.27606
-0.160727
-0.374153
0.385982
0.554302
0.0402204
-0.0457695
0.454389
0.432983
-0.119248
0.304313
-0.404731
-0.205674
-0.477577
-0.397036
-0.0155314
0.21475
0.156729
-0.0737484
-0.27027
0.520821
-0.0842957
-0.116378
-0.435406
0.294334
0.329683
-0.379736
-0.477748
0.368519
-0.234763
-0.280558
-0.34401
0.499095
0.17495
-0.542365
0.156348
-0.0172327
0.1536
0.322863
0.0626066
0.329738
-0.424535
0.497154
-0.142578
-0.479144
0.0673256
-0.120463
0.252587
-0.0278536
0.0166029
-0.0922648
-0.231636
-0.421196
0.172227
0.21295
-0.452811
0.0670264
-0.6185
0.212413
0.85834
-0.302341
0.0859913
-2.94522
0.725574
-1.43387
-0.449105
-0.29724
0.106407
0.348584
-1.53441
-0.559392
0.159168
0.22153
-0.741528
-0.117358
-0.0817145
-0.00299301
0.360794
0.341122
0.0533754
0.213346
-1.04919
0.292971
-0.480174
0.668125
-0.432259
-0.0244084
-0.078376
-0.358903
0.0543765
3.05615
-0.73907
-0.452738
-0.0837116
1.76028
-0.261773
-0.213052
-0.130636
0.160521
0.0525635
-0.134712
0.179255
0.0147376
0.42583
0.149561
0.116899
0.0456973
-0.223386
-0.0941953
-0.209253
0.0778216
-0.0463483
0.103397
0.408074
-0.249242
-0.0346837
-0.130476
-0.331001
-0.25782
-0.0513579
-0.36079
-0.0110285
-0.494274
-0.264796
0.0310783
-0.186893
-0.0206678
-0.250061
-0.378925
-0.317242
-0.26364
-0.388725
-0.0829165
0.180393
-0.111903
0.425734
-0.483787
-0.337135
-0.496709
0.338823
-0.121931
-0.236666
-0.461226
0.148195
-0.24916
-0.792486
0.26008
0.125973
0.118102
0.391398
-0.235756
-0.0801273
-0.192182
0.213257
0.145471
0.26077
-0.410515
-0.728671
0.361006
-0.345245
0.0586953
-0.11575
-0.0816866
-0.475297
-0.251092
-0.125113
0.290351
-0.550391
-0.29829
-0.352196
0.437549
-0.369946
0.130455
-0.34937
-0.221388
0.290352
0.139078
0.342653
0.350606
-0.564066
0.411508
0.397309
-0.35851
0.38919
-0.118307
-0.191688
-0.364017
-0.0366762
-0.444763
-0.318924
0.192876
0.272887
-0.164257
-0.0943796
-0.388609
0.17407
0.200583
-0.029649
0.0261533
-0.192658
-0.156376
-0.00697876
-0.442826
0.0107354
0.215592
-0.289265
-0.326616
-0.309476
0.37969
0.403936
0.0941531
-0.510047
0.190012
-0.549582
-0.790635
0.342782
0.108024
-0.482579
-0.57033
0.0821723
0.0337092
-0.526114
-0.535376
-0.283059
-0.263108
-0.451654
0.11447
0.00483517
-0.538809
0.231009
-0.021726
0.0291056
-0.52255
0.267062
-0.217161
0.0684367
-0.356665
-0.230451
-0.736208
-0.214679
0.349557
0.18841
0.284931
-0.199248
-0.349372
-0.548268
0.0432108
-0.364202
-0.46262
0.112434
-0.14172
0.388738
0.101274
-0.311268
-0.400207
-0.269345
0.0959368
0.355061
-0.156894
-0.427232
-0.346637
-0.247644
-0.0301374
-0.146319
-0.0988565
-0.376121
-0.226718
-0.163208
-0.214516
-0.410325
-0.155917
0.0661847
-0.544861
-0.08789
-0.341353
0.400356
0.289048
-0.00172828
-0.219077
0.42163
-0.333337
0.257529
-0.267639
-0.137098
0.0353192
0.214951
-0.183052
0.495685
-0.0948399
0.179343
0.391161
0.0323664
0.262415
-0.329012
0.171686
0.0866961
0.345617
0.315813
-0.0987064
-0.147296
0.464129
0.320337
0.0403532
0.0842915
-0.106317
0.34545
-0.165785
-0.0467118
-0.201215
-0.0171281
-0.00196618
-0.0963487
0.208832
-0.0426686
0.233831
-0.373581
0.552482
0.267703
0.0556809
0.0812948
0.410606
0.46571
-0.446931
-0.496897
-0.15192
-0.358411
-0.494469
-0.275902
-0.202983
-0.324586
-0.355931
-0.385705
-0.491284
-0.328041
-0.264852
0.0900231
0.292594
-0.0694292
0.31105
-0.223171
0.479708
-0.0163279
-0.21569
0.114671
-0.202267
0.115887
-0.0154818
-0.260052
-0.272594
0.178816
-0.148735
0.0938425
0.273546
-0.224587
-0.158246
-0.289204
0.0831599
0.230532
0.280619
-0.359746
-0.208409
0.00720369
0.478414
0.00625224
0.210968
0.188396
0.680885
-0.069174
0.209531
0.157853
0.425218
-0.356324
-0.235929
0.032426
0.0188332
0.0458291
0.0906759
-0.254407
0.133446
-0.22597
0.0743523
-0.342923
0.266706
0.338358
0.0576765
-0.259533
-0.346498
0.0768844
-0.407505
-0.142752
0.2415
0.0520547
-0.0191891
0.531904
-0.146277
-0.0224904
0.198661
-0.247999
0.230506
-0.108783
-0.0881538
-0.216494
-0.222652
-0.104498
0.143934
-0.356207
0.369237
-0.051436
0.136803
-0.34858
0.242863
-0.410353
0.0725346
-0.122563
0.420105
-0.202652
-0.185313
0.186123
-0.303125
0.426868
-0.420575
0.356837
0.0272652
0.134509
0.0801516
-0.227277
0.0398283
-0.381628
-0.304146
-0.192285
-0.521381
-0.1674
-0.115434
0.265333
-0.206749
-0.367943
-0.210375
0.142649
-0.0360777
0.253148
0.025401
0.39877
-0.389296
0.328061
0.210754
0.211002
-0.292934
0.14762
-0.0370697
0.106832
-0.281934
-0.0408645
0.212071
0.440539
0.37091
0.504649
0.176277
-0.111686
-0.0209301
-0.300989
-0.357159
0.276421
-0.482645
-0.0671216
0.248071
0.533075
0.133756
-0.427221
0.398751
-0.136607
-0.318001
-0.110432
0.0846186
-0.303029
0.0266026
0.443921
-0.116308
0.309798
0.351506
-0.241348
-0.12579
-0.247731
0.420788
0.0401766
0.440633
-0.228928
0.42308
0.618332
-0.423832
0.0182654
0.0247664
-0.13648
-0.0523249
0.204391
0.0582224
0.225593
-0.115921
0.385092
0.011979
0.423143
-0.0400742
0.313238
-0.157956
-0.504382
0.332886
-0.259371
-0.285559
-0.0970941
0.292507
0.303724
-0.201599
0.268865
0.395707
-0.0961327
0.147234
0.249094
0.304902
-0.0423808
-0.897081
0.029018
-0.405902
-0.393474
0.106521
0.0379568
0.0377079
-0.556694
-0.358006
-0.231692
0.0257307
0.18977
-0.369222
-0.164096
-0.183004
0.259778
0.406495
-0.274704
0.298562
-0.526955
0.306522
-0.0889783
-0.266631
-0.0818574
-0.193324
-0.199753
-0.59693
-0.260642
0.373983
0.0835809
-0.629642
-0.259847
0.738392
-0.156291
0.513332
0.0311381
0.436667
0.0001341
-0.0268371
-0.0634801
-0.454111
0.0429442
-0.423527
-0.210112
-0.188496
-0.139447
0.260916
0.261814
0.0248699
-0.210699
-0.325357
0.168166
0.363593
-0.230707
0.0555238
0.435707
0.160614
0.019063
0.090389
0.34486
-0.30043
0.317106
-0.280576
0.374998
0.158685
0.332295
0.615345
0.488298
0.0040551
-0.105394
0.0867888
-0.455232
-0.0527779
0.32175
-0.515887
0.150955
-0.700695
-0.0982739
-0.94203
-0.422941
-0.473427
-0.0415279
0.348566
-0.90735
-0.161733
0.00495163
0.187648
-0.422768
0.0476455
0.164156
-0.141431
-0.00443391
-0.0855485
0.0497055
-0.0145842
-0.677637
0.16136
-0.295767
0.559097
-0.758625
0.182228
0.283182
-0.0328749
0.0669572
0.352297
-0.760364
-0.230693
0.466987
0.0459588
-0.0282703
-0.259932
-0.0348731
-0.243974
0.40859
-1.07087
0.866169
-0.100469
-0.0469768
-0.0384612
0.353922
0.152108
-0.471508
0.0239995
-0.214327
0.052794
-0.374316
0.0963064
0.130805
-0.10016
-0.0339414
0.0805655
-0.186717
0.0038132
0.146907
-0.304747
-0.205845
0.629774
-0.47623
0.434125
-0.254044
0.178295
0.251646
1.1015
-0.349016
0.337291
0.571597
0.701639
0.313245
0.202872
0.438298
-0.125342
0.036368
-0.108755
0.188402
-0.201401
0.374133
0.255238
-0.452928
-0.281387
0.131976
-0.387078
-0.102275
-0.333927
-0.34379
-0.030165
-0.283913
0.0219256
-0.0468557
0.0322738
0.169741
0.343809
0.0761052
-0.177136
0.353628
0.131282
-0.195559
0.400094
0.289389
-0.144544
-0.362162
0.296547
-0.420188
-0.503675
-0.0194862
-0.00638535
-0.198382
0.330852
0.0199099
-0.331099
-0.0246376
-0.127118
-0.435902
0.102504
-0.322563
0.231786
-0.000469213
-0.0744637
0.147355
0.114461
0.150446
-0.088738
0.106942
-0.207844
0.220468
0.065948
1.94937
0.0409513
-0.749358
0.061898
0.293214
0.286392
0.234182
0.113229
0.260137
0.259934
-0.0508482
-0.157645
-0.957459
-0.195647
-1.00799
-0.111559
-0.0270018
