#input normalization
0.161104 0.275352
87.654 84.9728
8.59828 36.4963
7.41664 31.1355
0.0105153 0.044889
0.00821018 0.0347554
0.564818 1.48093
0.795869 1.50863
1.10038 1.73119
1.41277 1.97868
1.75552 2.22052
2.08751 2.45795
2.40622 2.68133
2.72523 2.88225
3.03084 3.05648
3.31412 3.186
3.58281 3.27987
3.83858 3.35045
4.07283 3.38738
4.2536 3.37307
4.41487 3.3303
4.55369 3.25422
4.6588 3.16101
4.72377 3.04432
4.77386 2.90532
4.76856 2.74
4.73577 2.55593
4.68896 2.35847
4.5651 2.12719
4.43679 1.89423
4.29803 1.66325
4.14893 1.44562
3.97396 1.23507
3.79515 1.0317
3.60256 0.83438
3.40957 0.648641
3.21628 0.475609
3.03973 0.321037
2.84491 0.174571
2.66519 0.0388936
2.48901 -0.0890387
37.2451 49.5352
1 -1
#output normalization
1 0
#neurons weights
0.43451
-0.284511
-0.334116
-0.485688
-0.477869
0.442957
-0.245009
-0.282331
-0.24759
0.00701472
-0.0200287
-0.284137
-0.188736
0.287825
0.296687
0.260007
-0.399297
0.0701507
0.486912
0.28102
-0.204876
-0.115844
0.203477
-0.252848
0.0532788
0.48599
0.0322078
-0.295019
0.24362
0.387843
0.308131
0.342216
0.198158
-0.313013
0.0397309
-0.357348
-0.105609
0.235785
0.204119
-0.0251649
-0.494738
0.496908
0.262962
-0.335185
-0.307122
0.330934
0.45455
0.472048
0.363248
-0.150022
0.365703
0.457936
0.557696
0.527539
0.429516
-0.412781
0.241211
-0.126017
0.574914
-0.187094
0.374059
0.0268289
0.43298
-0.0291941
-0.49474
-0.100489
-0.444098
-0.178983
-0.315547
0.140382
0.123708
-0.336322
0.175562
0.310876
-0.480152
-0.302916
0.531067
0.109331
-0.140836
-0.489383
0.265998
-0.120987
-0.154719
0.221198
2.92965
0.441757
0.437368
0.569597
-0.315041
-0.324443
0.19456
-0.0180679
0.215936
-0.371962
0.0367752
-0.0436943
-0.296371
0.0487407
0.147552
0.256501
0.315618
0.347272
-0.0185162
-0.593147
-0.374751
-0.131902
-0.2794
0.0851106
0.0411037
0.0453643
-0.311305
-0.524628
0.565291
0.151062
0.386425
-0.524372
-0.214638
0.0389012
-0.308954
0.663142
-0.302758
-0.377322
-0.589689
-0.02653
0.48095
-0.424762
-0.0301739
-0.219666
-0.200788
-0.292094
0.325737
#synapses weights
0.249305
0.372006
-0.321555
-0.239612
-0.243062
-0.121477
-0.0382531
0.250578
0.232664
-0.00718871
-0.0550234
0.127212
0.327401
-0.469705
0.167142
0.105101
0.198067
0.463604
0.141995
-0.147959
0.234945
0.0232678
0.39112
-0.456955
0.230402
0.335155
0.275079
0.34596
-0.213078
-0.247712
0.438884
0.481574
-0.378544
0.131188
-0.421054
-0.0870917
0.312873
0.294973
-0.330929
0.471729
0.193552
0.175595
0.129248
0.370215
-0.0507062
0.0912022
0.0718654
-0.321651
-0.229857
-1.09575
0.228388
-0.255136
0.194973
-0.0403218
-0.143653
0.0633705
0.255263
-0.10402
-0.413265
-0.16015
0.372424
0.342381
0.179393
0.301394
0.351464
-0.430576
0.188449
0.156026
0.0929186
-0.224692
0.0587302
0.190058
0.161483
-0.0964281
-0.21994
-0.190525
-0.3979
-0.138116
0.372663
0.194047
0.196677
-0.273437
-0.416525
0.221329
-0.269106
-0.0728065
-0.142545
-0.161682
-0.207413
-0.128397
-0.166186
-0.0552947
0.601257
0.171006
0.083659
0.307136
-0.321877
0.146567
-0.181944
-0.133079
0.0548776
0.148519
0.156003
0.368469
-0.000782418
0.428272
0.030508
-0.408893
0.098456
-0.405993
-0.0143115
0.310699
-0.0715756
0.396707
-0.134553
0.45868
-0.462161
0.258927
-0.325719
0.258211
-0.221546
-0.0297611
0.208319
-0.0262598
-0.0284955
-0.326963
-0.0496326
-0.566316
-0.338111
0.120402
0.296285
-0.360869
-0.0463462
-0.248132
-0.0603936
-0.300433
-0.121284
-0.21927
0.523693
-0.0349687
-0.105879
-0.341821
-0.327325
-0.0774192
0.244569
-0.165269
-0.394494
-0.428926
-0.0349959
-0.0816878
-0.455411
0.330051
-0.371175
-0.297168
0.184747
-0.449324
0.310225
0.452087
0.224585
-0.333138
-0.317423
0.278143
-0.168874
0.203261
0.0483871
0.456632
0.16185
0.0634956
0.503753
0.0766123
-0.0199233
-0.0675244
0.0428064
-0.100645
-0.413837
0.114535
-0.182474
-0.187027
0.375745
-0.399789
0.00419092
-0.0726252
-0.378073
-0.00654829
-0.517519
-0.135811
-0.388982
0.320648
0.215183
-0.0622755
0.150016
0.354985
0.349641
-0.287095
0.359526
0.136776
0.298642
-0.36908
-0.23875
0.281101
-0.279826
-0.119247
0.343409
-0.448146
-0.216897
0.412548
0.512205
-0.0115789
-0.280348
0.0124511
0.020807
-0.409489
0.287776
-0.0921095
0.20063
-0.110322
-0.203175
0.466578
0.385966
-0.250937
-0.291918
-0.452812
-0.103723
-0.278841
-0.438564
0.27735
-0.436058
-0.239285
-0.00591258
0.353284
0.107939
0.079488
-0.162012
0.0905421
-0.0505745
0.25022
0.384084
-0.0455277
0.177015
-0.46522
0.430553
0.126969
-0.222951
0.174811
0.0418163
-0.456857
0.38651
0.0126954
-0.365998
-0.27418
-0.512563
0.249685
-0.289807
0.0690835
-0.269675
0.30849
0.0544506
0.00446573
0.0887529
0.331008
-0.113345
0.018169
0.337801
-0.0457559
0.868851
-0.192103
-0.278255
0.358554
-0.304038
0.25766
0.0630836
-0.497955
-0.348594
0.200468
-0.301605
0.0687542
0.204945
0.215331
-0.434212
0.0629157
-0.401335
-0.0259985
0.41318
-0.373508
-0.240279
-0.10703
-0.190226
0.119086
0.363126
0.133254
0.372129
0.203897
-0.401048
0.181792
0.190954
0.159112
0.267532
-0.0417361
-0.0576471
0.327811
-0.430576
0.452271
-0.0938446
-0.404261
-0.197734
0.376912
0.378795
-0.209082
-0.338803
-0.156067
0.193026
-0.246123
0.068105
0.00664754
-0.580722
0.0704173
0.152645
-0.0652068
0.16454
0.442419
0.177171
0.0713108
-0.361183
0.275037
-0.405868
-0.00423325
-0.313442
0.366648
-0.14608
-0.167246
0.126179
0.325768
-0.0903721
0.044367
-0.0798553
0.405049
-0.224867
0.449704
0.0224573
-0.429892
-0.152666
-0.40948
0.0106832
-0.33751
0.357375
-0.142679
0.325101
0.401082
-0.148725
-0.0491412
-0.466001
-0.335577
0.182173
0.382272
0.246204
0.0596182
-0.316411
-0.428598
-0.0923403
0.057361
0.362682
-0.243244
-0.258041
-0.056178
0.468013
-0.431326
-0.479373
0.115044
-0.0233345
-0.384247
-0.0205531
0.480715
0.42978
0.435954
-0.421433
0.387161
-0.506501
0.27682
0.0914473
-0.196756
-0.132795
-0.257047
0.275967
0.133982
-0.154397
0.116678
-0.283805
0.20505
-0.470692
0.455982
0.371068
0.0365004
0.434409
0.214334
-0.160919
0.41286
0.307139
0.364794
0.0521687
-0.0676262
-0.378398
0.119176
-0.430272
-0.406251
-0.149488
-0.249785
-0.0785761
0.278928
-0.217134
-0.502244
-0.0856775
0.337275
-0.0821313
0.487402
0.409743
0.251001
-0.176701
-0.0108467
-0.370556
-0.0109978
0.311998
0.223284
-0.175549
-0.391986
0.431815
0.313669
0.240571
-0.00832127
-0.227402
0.141107
0.0541797
0.276353
-0.426356
-0.227203
0.425844
-0.426069
0.461738
-0.067518
-0.0175659
0.394406
-0.547899
0.0766054
-0.0849788
0.0273879
0.287243
-0.426287
-0.298767
0.0391753
0.185722
0.416683
0.00272204
0.257009
-0.15793
-0.355075
0.187872
0.380241
-0.162941
-0.484422
-0.128565
0.0484549
0.490369
0.0230822
-0.366857
-0.276302
-0.238954
0.115596
0.173716
0.434104
0.377225
-0.0613726
-0.13923
-0.277705
0.39372
0.475763
0.0874191
0.462179
-0.0443553
-0.293878
0.268814
0.149908
-0.384903
-0.398682
-0.123176
0.437898
-0.302066
0.181707
-0.403122
-0.196959
-0.482995
0.404939
0.298519
0.490756
0.144263
0.407799
0.346807
-0.237556
-0.179496
0.144445
0.282389
0.219785
0.023728
0.0101889
-0.331099
0.449571
-0.412625
-0.0229945
0.283033
-0.227609
0.43583
0.185825
0.156319
0.0669447
-0.0337753
0.283202
0.0174939
0.215049
-0.00619283
0.223898
0.152812
-0.208126
-0.132939
0.0734206
-0.427808
0.117053
0.222128
0.319868
0.452737
-0.10103
0.434113
0.0112897
0.0766006
0.295531
-0.42198
-0.270681
-0.370659
0.210977
0.314155
-0.151849
0.406786
-0.0549639
-0.274051
-0.439274
-0.408567
0.00800469
-0.115689
-0.164399
-0.193618
-0.218357
0.250503
-0.119576
-0.476954
-0.334703
-0.00747189
-0.353521
-0.157105
-0.0642247
0.0594535
0.00736551
-0.291758
-0.0176679
0.00482702
0.0184014
0.254892
-0.180894
-0.344413
-0.464941
0.137937
0.648717
0.419305
0.00293689
0.322522
-0.398721
-0.298699
-0.274184
0.126189
0.401887
-0.205095
0.013246
0.190966
-0.0792005
0.37234
-0.16902
0.467604
-0.346666
0.247537
-0.375269
0.470648
0.156119
0.262297
0.469352
0.447204
-0.219089
-0.124279
-0.286999
0.0644438
-0.20909
-0.158696
-0.331912
-0.182312
0.269977
0.391381
0.151968
0.276699
-0.364931
0.183194
-0.0749156
0.454308
0.344447
-1.46678
-0.075205
0.253824
0.0321966
-0.369166
-0.126379
0.214861
-0.304161
0.608685
-0.265949
0.0732164
-0.339837
0.0852283
-0.183418
0.413327
0.0685869
0.187576
0.246338
0.430856
0.0261574
-0.14062
-0.361905
0.104866
-0.0330322
0.170117
0.432632
0.21275
-0.110812
0.0684841
-0.0976735
0.0685676
-0.358638
-0.475446
0.069028
-0.0319849
-0.302053
0.107516
-0.703071
0.00248569
0.0871474
-0.182076
0.204509
0.122656
1.45587
0.0498255
0.230532
-0.172082
0.0666255
0.129323
-0.241974
-0.155512
0.247252
-0.208008
0.0327803
-0.0283091
-0.165735
0.0698746
0.207672
-0.221608
-0.0508411
0.0409126
-0.261829
0.309826
-0.252377
0.176718
0.0280271
-0.0729612
0.209433
-0.0620972
0.228576
-0.292762
0.321129
-0.151306
-0.355221
-0.14855
0.124302
0.232171
0.328509
1.0429
0.0275315
-0.00416009
-0.0821432
-0.0466178
-0.0513016
0.123043
-0.216773
-1.21912
-0.271014
-0.0232519
0.111862
0.131171
-0.308881
-0.165424
0.28266
0.216949
-0.27584
0.291384
0.051969
-0.171637
0.0206167
0.338443
-0.353717
0.189837
-0.509864
0.0779205
-0.2754
0.255432
0.0629095
0.353748
0.00872906
-0.396216
0.467946
-0.437975
-0.513535
0.179104
-0.316115
0.306112
0.39893
0.0486013
0.115887
-0.238641
-0.634771
-0.0699567
0.237895
-0.171091
0.414134
-0.416938
-0.256659
-0.350025
0.223476
0.150662
-0.355535
0.0455201
0.14865
-0.581962
0.066295
0.262375
0.312714
-0.347911
0.0153513
0.0604761
0.268377
-0.29789
-0.422854
-0.241525
0.301804
0.110111
-0.24525
0.258272
0.470588
0.147892
-0.173408
-0.163707
-0.152529
0.107364
0.453389
-0.249182
0.0919554
-0.237693
-0.358993
0.290999
-0.293839
-0.182481
-0.360929
-0.05324
-0.387253
0.380614
0.0191308
0.268203
0.301565
0.00568829
0.406756
-0.443094
0.1453
0.273953
-0.464356
0.066727
-0.0212467
-0.196451
-0.211292
0.122305
0.312628
0.0812726
0.00175241
-0.241027
0.264726
-0.291524
-0.147826
-0.227227
-0.0438081
-0.199214
0.164081
0.145969
-0.0317778
-0.169948
-0.48529
-0.428178
0.406919
-0.0604137
0.510167
-0.33602
-0.281883
-0.0152086
-0.205644
0.429422
0.108724
0.284786
0.268293
0.306137
0.217113
0.509001
0.0293007
-0.0355116
-0.183193
-0.358802
0.216893
-0.168972
-0.206988
0.276475
-0.396651
0.269813
0.43383
-0.267492
-0.244535
0.395513
-0.0752936
0.0288052
0.455542
0.430449
0.0371203
-0.236993
0.472729
-0.10248
-0.299322
-0.151714
-0.179851
-0.159517
0.33365
-0.0227155
-0.352881
0.401979
-0.073261
0.0601148
0.0581389
-0.434083
0.0838087
-0.244367
-0.0216644
0.0859435
0.429291
0.566326
-0.047825
0.0363017
-0.367363
0.233871
-0.22231
0.361516
0.108941
0.866749
0.471359
0.224548
-0.226195
0.41248
-0.206659
-0.325783
-0.261419
0.375452
0.397547
-0.142443
-0.15092
0.0646654
-0.503174
-0.396619
-0.363954
-0.138217
-0.210935
-0.182525
0.12917
-0.402631
-0.417215
0.294734
-0.153538
-0.267106
-0.140594
0.399679
0.184956
-0.234688
-0.336304
0.351013
0.119802
-0.181623
0.286083
-0.0445989
0.0379815
-0.0875946
0.749365
-0.135225
-0.28703
0.197839
0.114236
-0.265871
-4.14956
-0.021893
0.150196
0.107898
-0.0207306
-0.17603
-0.140365
0.0899946
-0.117949
0.104877
-0.224901
-0.154337
0.307748
-0.244204
-0.0727848
-0.142436
0.291493
-0.121875
0.00251852
-0.206386
0.268486
0.312548
0.126601
-0.270947
0.155854
-0.308452
0.402467
0.296745
-0.0260478
0.140993
-0.276105
0.00776713
0.273132
-0.216854
0.37248
-0.33508
0.0364492
0.0759267
-0.454314
0.00639289
-0.263272
-0.377271
-0.0681596
0.155049
-0.376976
-0.107832
-0.40187
-0.185762
0.298122
0.221594
-0.453221
-0.0300493
-0.491052
-0.0235692
0.0595047
0.538136
-0.423828
0.412104
-0.13715
0.330611
0.323729
0.385992
0.226338
0.190224
0.453403
-0.351857
0.111448
-0.359343
0.387483
-0.354358
0.0158946
0.424319
0.338362
0.313386
0.0903593
-0.298374
0.190384
0.0747841
0.182822
-0.312556
-0.476448
-0.263646
0.149035
-0.419151
0.221453
0.270347
-0.620889
-0.288224
-0.300694
0.353368
0.227521
-0.0591101
-0.0293203
0.0334486
-0.271564
0.275343
-0.251103
0.173807
-0.179624
0.211573
-0.384242
-0.473888
0.193944
0.332098
-0.057962
0.13744
0.0852882
-0.152521
0.0209684
0.325104
-0.346004
0.0343636
-0.0245318
0.342736
-0.494462
0.436124
0.322385
0.0307142
0.192579
-0.0338552
0.274615
0.0542517
-0.491223
-0.0451402
-0.127235
0.00331358
0.0451021
-0.104245
-0.0164968
-1.25495
0.0447936
0.174353
0.0400752
0.346572
0.374995
-0.341915
-0.27312
-0.378734
0.422043
-0.454061
0.372693
-0.0524668
-0.0730156
0.129868
-0.122895
0.302061
0.243892
0.115593
-0.435257
0.356202
-0.105038
0.112062
-0.383896
-0.0723015
-0.45945
0.384566
0.371092
-0.304834
0.138571
-0.378345
0.414805
-0.428061
0.199621
0.121474
-0.440594
0.158975
-0.0924559
-0.480458
0.156102
-0.463173
-0.45318
0.328255
0.647715
0.26962
0.0772433
-0.00527918
0.341659
-0.271189
-0.362173
0.0105786
0.293255
-0.30006
0.450615
0.213051
-0.05995
0.19075
0.289609
0.174397
0.127364
0.0166998
-0.105009
-0.0843146
0.092959
-0.248972
-0.230186
-0.0833451
-0.114724
0.340619
0.347202
-0.0521042
-0.0601415
-0.12379
0.258725
-0.0616041
-0.133098
-0.30051
0.234575
0.178903
-0.159739
-0.361406
0.264192
0.256961
-0.151164
0.084076
-0.251219
2.41333
-0.0350426
0.0195371
0.0369586
0.0604022
-0.139131
-0.120305
-0.196414
-0.00765533
-0.090866
0.166839
-0.1809
0.344752
-0.14923
-0.153833
0.0915153
0.391199
-0.360155
0.289268
0.138832
-0.475903
0.0789285
0.201919
0.270795
-0.179153
-0.345026
-0.105092
-0.387591
0.0423887
0.214378
-0.0848008
0.112223
0.0301123
-0.485352
0.250015
1.00691
-0.243382
-0.0288976
-0.28398
0.0666922
0.238449
-0.403367
-0.00525119
-0.687702
0.0201571
-0.215908
0.213072
0.212549
-0.393615
-0.516732
0.171181
0.0411665
0.24738
0.109758
0.323948
0.30801
-0.305029
-0.340282
0.240957
0.199964
-0.0944712
0.000771215
0.377753
-0.49655
0.201745
-0.0548158
0.338982
0.408156
-0.155726
-0.451328
0.401057
-0.0312065
-0.0288393
-0.487557
-0.529167
0.317538
0.0236502
0.016082
0.0293807
-0.259562
0.877166
-0.437073
0.192324
-0.275926
0.167739
-0.389953
-0.951002
-0.342668
0.265274
-0.106239
0.0451608
0.0306305
-0.358797
0.015369
0.0200456
0.120319
-0.147257
0.494103
-0.37774
-0.288209
0.380016
-0.570821
0.179825
0.342986
0.328209
-0.0229657
-0.0576395
-0.407231
0.130443
0.286345
0.11813
0.240985
-0.584192
0.0257838
-0.276731
-0.0877435
-0.028771
-0.184673
0.268516
-0.369355
0.190363
-0.229053
-0.112997
0.323788
0.24855
0.417102
0.477635
-0.164222
-0.406258
0.248453
-0.357231
0.18748
-0.368788
-0.38818
0.114496
-0.254491
0.390155
0.0346455
-0.365372
0.142225
-0.0839221
-0.413827
0.200734
-0.342192
0.26607
-0.313385
-0.217848
-0.0168293
0.255606
-0.338326
0.0783003
-0.109789
-0.0390406
0.0697294
-0.0276112
-0.193085
-0.0927626
0.420665
0.349978
-0.470382
-0.195998
0.214733
-0.329494
-0.199198
-0.288792
-0.202161
-0.381207
-0.351368
0.23769
0.228729
0.216418
-0.483808
0.382254
-0.246872
-0.268078
-0.315987
0.0908685
0.0107927
-0.279418
0.421273
-0.177376
-0.155161
0.463761
0.0506183
0.242948
0.193752
0.225963
-0.093422
-0.196941
-0.100411
0.237029
-0.286288
0.162965
-0.11451
-0.251252
-0.419483
-0.193503
-0.266448
0.345777
0.253013
-0.141602
0.124987
0.0388119
-0.299046
-0.170145
-0.337544
-0.404523
0.0596908
-0.126982
0.691487
0.0563474
-0.24804
-0.0618841
0.192749
0.0956618
-1.72077
-0.284374
0.167759
-0.227108
-0.0887525
0.201625
0.0207163
-0.124604
-0.169021
-0.149876
0.341375
0.0270626
-0.228886
-0.04146
0.169587
-0.452273
0.497865
-0.0949566
-0.220726
-0.306425
-0.290171
0.303199
0.0495873
-0.0747445
-0.35181
0.273553
0.0348447
0.0821194
-0.105798
0.052677
-0.42074
0.134881
0.254068
0.228107
0.101277
-1.03469
0.421721
-0.0365512
-0.32332
-0.132835
0.240852
0.328462
-0.356219
0.644246
-0.497829
0.044208
0.256473
-0.384822
-0.0640025
-0.0465422
0.0153877
-0.168952
0.351537
-0.49525
0.0780082
-0.194353
0.00497327
0.109869
0.173483
0.16241
0.356819
0.242397
-0.435845
0.21851
-0.250727
0.322556
0.294614
-0.273403
-0.0643588
-0.0476414
0.296667
-0.174482
0.0860645
-0.349989
0.29163
0.086347
-0.107746
-0.168309
-0.856092
0.365662
-0.137059
0.181434
0.303911
-0.398033
-0.166286
0.0503216
1.56063
-0.183422
0.0105283
0.200302
0.156872
0.155307
0.261445
0.185133
-0.391887
-0.115981
0.223891
-0.0410864
-0.354125
-0.030288
0.0217031
-0.294007
0.0210521
-0.035728
0.457731
0.245329
-0.363935
-0.289008
0.45339
-0.154196
-0.14268
-0.0716766
-0.153134
0.175014
-0.300235
0.419028
-0.303215
0.267788
0.207733
-0.058786
-0.211836
0.679985
0.0137315
0.0413294
0.237046
-0.0398467
-0.0748836
-0.294281
0.227514
-0.046166
0.252462
-0.109613
-0.0740556
0.164981
0.0427205
0.255486
0.171991
-0.40098
0.0934525
-0.0411739
-0.00706244
0.166806
0.291607
0.225936
-0.240606
-0.0809479
0.447804
0.509543
-0.346243
-0.160365
0.249892
-0.150211
0.0517848
-0.240129
-0.251532
0.212889
-0.403013
-0.348619
0.0992037
0.0576953
0.201449
-0.0688237
0.16406
-0.129016
0.337728
-0.298072
-0.339355
-0.141261
-0.0654479
0.234962
0.0535343
-0.333538
1.37388
0.0414822
0.370318
-0.20521
-0.204883
0.196246
-0.412343
0.103258
0.0872009
0.0043424
0.248784
-0.0963126
-0.274148
0.157028
0.429623
-0.0733955
-0.078665
0.0813952
5.0176e-05
-0.154236
0.391394
-0.469623
-0.180799
0.254275
-0.110666
0.255394
-0.12591
0.192021
0.12638
-0.375717
0.0193333
0.206986
0.161904
-0.157949
-0.00673576
0.964562
-0.0320982
-0.0320393
0.104539
-0.202666
0.294334
-0.122359
0.361176
-0.032783
-0.0499746
0.0641721
-0.0708088
-0.339105
-0.0832913
0.165835
-0.452568
0.254371
0.424092
-0.250953
-0.156996
-0.281747
-0.00533893
-0.125332
0.201065
0.0165846
0.328626
-0.136603
-0.303806
0.049373
-0.138662
-0.250425
0.288856
0.0976189
-0.316742
0.317532
-0.282173
-0.295803
-0.453422
-0.252325
-0.213762
0.137159
0.187127
0.0456911
0.559519
-0.351114
0.237352
-0.40136
-0.327182
-0.0698547
-0.180796
0.12501
1.07789
0.259476
0.148091
0.465325
-0.362198
0.187063
-0.182619
0.0828627
0.233915
0.0195795
-0.230855
-0.132958
-0.0539303
0.29898
0.306864
-0.316194
0.550822
-0.116676
0.115877
0.0925427
0.143261
0.473008
0.242587
-0.105174
-0.0178095
0.0228296
-0.247088
0.0596325
-0.00497917
-0.357935
-0.176754
0.139402
0.505602
0.399845
0.266086
-0.552085
-0.0155085
0.210326
0.125604
0.399073
-0.0150765
-0.183806
-0.533853
-0.422893
0.511943
0.537591
-0.212137
-0.533421
0.415112
0.329049
-0.0582103
-0.18326
-0.103337
-0.137253
0.131076
-0.332611
0.162973
-0.0206495
-0.307022
0.10794
-0.381379
-0.286139
0.23259
0.324176
0.0624673
0.280779
0.098716
-0.254718
-0.324407
-0.21248
0.134019
0.308555
-0.105578
-0.267145
0.396978
0.118655
-0.333434
0.420819
0.573077
-0.220216
-0.333748
-0.446309
0.316875
0.0118718
-0.395333
0.422389
0.115408
0.412297
0.404771
-0.0821157
-0.123435
-0.3745
0.249292
0.128613
0.38593
-0.215881
-0.101361
0.489857
0.0453297
0.310703
0.31996
0.232584
0.068738
-0.408592
0.481666
0.111421
-0.0701267
-0.350117
-0.399001
0.319678
0.206985
0.517454
0.223513
-0.0223623
0.21622
-0.0446003
0.392553
-0.394108
0.402694
-0.257674
-0.0399049
-0.230944
0.174106
-0.0829777
-0.293195
0.0480684
-0.280321
-0.00576755
0.000548974
-1.20833
-0.0424271
0.301113
-0.0989966
-0.0702591
-0.00174181
0.104302
0.485131
-0.142208
-0.165515
0.0316278
-0.169418
-0.328607
-0.22437
-0.159849
0.33173
0.275353
-0.399128
0.344504
0.366417
0.402385
-0.197718
-0.332207
0.131517
-0.0289586
-0.0422555
0.290942
0.448102
0.429195
0.104264
-0.314758
-0.005958
-0.26742
-0.209012
-0.297721
0.00931879
-0.156705
-2.50915
0.0620529
0.0289597
-0.0276724
-0.165997
0.114449
4.44077
0.024087
0.0796225
-0.0126052
0.117466
0.150528
-0.0227974
0.00539546
-0.0195805
0.120727
0.0414559
-0.0424507
-0.0886687
0.0626414
-0.0233601
-0.155282
-0.0452009
-0.0376963
0.0402834
0.0948334
0.0474266
0.0184729
0.129502
-0.242091
-0.0797539
0.0858031
-0.0423648
0.128842
-0.0922502
0.121973
-0.10382
-0.0766014
0.0670975
0.038512
-0.0516692
4.19817
-0.412981
-0.448569
-0.30777
-0.296397
0.425449
-0.28475
0.2114
1.11074
0.496882
0.0771647
0.078253
-0.192695
-0.264459
0.184918
0.244163
0.0354817
0.14548
0.0132928
-0.155406
-0.303441
0.203699
-0.365009
-0.313995
0.283372
-0.177332
-0.271785
-0.304884
0.419462
0.0365054
0.299083
-0.0400744
-0.2095
0.265178
0.238282
-0.117846
-0.141747
-0.537026
-0.108924
-0.0140102
-0.266326
0.322215
0.254824
0.220689
-0.340692
0.271437
0.318366
0.237693
-0.158875
-0.10418
-0.144346
-0.639976
0.505952
-0.211399
0.349279
-0.289893
-0.0847158
0.398838
0.329946
0.209712
0.0479336
0.342874
0.448173
0.0388764
0.540601
0.435753
0.0859263
-0.346126
-0.0869341
-0.432125
-0.170121
0.135821
-0.0487584
-0.295156
-0.369957
0.199422
-0.355893
-0.455326
0.020027
-0.268843
-0.430746
-0.506279
-0.57958
0.086288
0.14155
-0.15901
-0.141258
0.0232605
0.612838
-0.137242
0.32328
0.282517
0.172241
0.13399
0.0804594
0.0964245
0.427351
0.604572
0.226744
0.292038
0.187153
-0.323603
0.425582
-0.010181
0.0926836
0.0139805
-0.21389
0.185543
0.445488
-0.730086
0.581559
0.272129
-0.294172
0.338172
0.285048
-0.225147
-0.185675
0.438531
0.427714
-0.299571
0.249104
0.608509
-0.00897161
0.288597
0.21213
-0.171317
-0.12621
-0.0191187
0.0277958
0.837978
0.20369
0.179525
-0.197598
-0.0253206
0.256321
-0.167882
0.069141
-0.0234223
-0.0982198
-0.0294403
-0.410884
-0.218102
-0.338851
0.157707
-0.16567
-0.268934
0.372423
0.178994
-0.176164
-0.20716
0.185389
-0.308112
-0.572866
0.026519
0.220643
-0.173791
0.406945
-0.408694
0.229698
-0.224679
-0.35696
-0.449019
0.274863
-0.197581
0.246549
-0.360398
0.0946838
-0.404197
-0.254008
-0.590757
-0.266253
0.193868
-0.0745066
-0.127414
-0.548222
0.201956
-0.169861
0.184084
-0.0626338
0.0699494
-0.301968
0.341681
-0.226849
0.314887
0.0536423
0.229435
0.0619607
-0.324927
0.425811
0.24301
0.105872
-0.098728
0.326141
-0.212053
0.0699093
0.334637
-0.26363
0.971766
-0.275899
0.371477
0.239796
-0.246858
-0.764245
0.518185
0.249562
-0.0484212
-0.153888
0.250201
-0.638996
0.154765
0.232914
-0.372516
0.48514
-0.179856
0.470667
-0.29213
0.368176
-1.74865
0.128646
0.317108
0.174297
0.375639
-0.376067
0.437387
0.362997
-0.314592
0.0804057
-0.0637112
0.31938
-0.287847
-0.184971
-0.369995
-0.22391
-0.176499
-0.158063
0.261744
0.455974
-0.10111
0.230748
0.192795
0.12574
-0.379344
0.138519
0.173271
0.185599
0.00514554
-0.604047
-0.182922
0.141058
-0.0781868
-0.358198
-0.165642
-0.299623
-0.258903
-0.023887
-0.480939
-0.567486
-0.420015
0.33466
0.113046
0.0432478
0.487983
-0.0789544
0.226075
-0.178333
0.28712
0.181456
-0.15665
0.0595307
0.0158159
0.182833
-0.244223
-0.0306519
-0.0406902
-0.39136
-0.409449
0.407553
-0.0490546
-0.23829
0.30444
-0.0249761
0.130777
0.188443
-0.459973
-0.434814
-0.493089
0.0496077
-0.496701
0.0771589
-0.237428
0.38329
0.291608
-0.25008
0.20257
0.343424
0.05993
-0.254975
0.135863
0.20025
-0.168066
0.128922
0.24179
0.13987
0.156449
0.100016
0.265975
0.447025
-0.109964
0.187563
0.245873
-0.275728
-0.336129
0.0851942
-0.0533189
0.335853
0.244737
-0.481942
0.111219
0.103927
-0.103922
0.258722
-0.181531
-0.28682
-0.110998
0.267697
0.324241
-0.186537
0.27382
0.459684
0.182952
-0.0710091
-0.18771
-0.32939
0.142128
0.615355
-0.234052
-0.490581
-0.30347
0.183945
-0.376886
0.208976
0.238448
0.443153
0.329083
-0.279297
-0.327836
0.0110044
-0.0060958
-0.176713
-0.764156
0.25882
0.110297
-0.427335
-0.0209185
0.0992723
-0.126916
0.156887
-0.118804
0.303783
0.0827804
-0.48751
0.439059
0.107081
0.466058
0.429175
-0.306335
0.0845109
0.145781
0.0892773
0.234738
-0.480125
0.0974795
0.204469
-0.33051
0.177142
0.0735464
-0.0675851
0.448019
0.0564482
0.126562
-0.501349
0.370278
-0.364156
-0.418136
-0.304454
0.283906
-0.350136
-0.213708
-0.217886
0.410436
0.164256
-0.356062
0.0705773
0.196927
0.323414
-0.161697
0.109665
0.385334
0.511078
0.420836
-0.442974
-0.308925
0.343802
-0.314945
0.0307938
-0.302219
0.510632
0.277934
0.448196
-0.245178
0.142593
0.244119
-0.136986
0.254371
0.249434
-0.142504
-0.314105
-0.198315
0.392398
-0.178987
0.255075
-0.348445
0.0450977
-0.143206
0.509595
0.422565
0.232078
0.0085351
0.516432
0.137868
0.347227
-0.409866
0.0166703
-0.186497
0.153973
-0.420609
-0.325707
-0.816028
-0.368321
-0.0175958
0.19837
0.287235
0.142176
0.313563
-0.219277
-0.418012
-0.296377
0.0452566
0.425695
0.291574
-0.140716
0.0249125
-0.465388
-0.099775
-0.262934
0.104953
-0.273302
-0.480145
-0.429791
-0.351187
-0.403425
-0.447656
0.176503
0.00193281
-0.265028
0.0811874
-0.291783
0.220462
-0.244102
-0.482249
-0.409672
-0.223138
0.388474
-0.484256
0.446605
-0.316141
-0.216738
0.118837
0.0993732
0.0377606
-0.448798
-0.530922
-0.452653
0.0534503
-0.470929
-0.547353
-0.0514909
0.0488625
0.36473
-0.136129
0.125461
0.275305
0.013616
0.0330225
-0.528499
-0.440971
-0.537139
-0.132863
-0.436148
0.111327
-0.334346
0.0111316
-0.197454
-0.150725
0.0486027
-0.0758008
-0.405125
-0.247038
-0.201984
-0.416459
0.372048
-0.501072
0.192747
0.308506
0.0749224
0.209169
0.162612
-0.144353
0.177062
-0.305045
-0.289796
-0.235776
-0.0549071
0.299127
-0.132998
0.418416
-0.0481744
0.424767
0.530345
0.146518
0.258722
0.174953
-0.47385
0.177578
-0.536595
-0.45303
0.165367
-0.143781
-0.481515
0.0461191
0.435566
0.212307
0.427425
-0.074629
-0.131539
0.471509
-0.404016
0.124132
0.0730087
-0.335515
-0.339499
0.370678
-0.227797
-0.382407
0.456848
0.0388451
-0.28818
-0.286475
-0.424907
0.0692282
-0.00290668
0.172393
0.44152
0.211412
-0.198878
0.0938387
0.171778
0.249567
-0.480038
0.501218
0.0621363
-0.337847
0.179417
-0.115272
-0.352513
-0.21172
-0.223095
-0.460738
-0.309752
-0.356653
-0.065441
-0.0626338
0.230184
-0.19894
-0.102936
-0.127848
0.197728
-0.158766
-0.202849
0.372372
-0.0589919
-0.462202
-0.380577
0.260097
0.398073
0.366107
0.353988
-0.318418
0.0622264
-0.107284
-0.346562
0.0465662
0.134823
-0.0447636
-0.361752
-0.0925788
0.361924
-0.227363
-0.14984
-0.486318
0.00778043
-0.0864935
-0.207611
-0.848217
0.0809257
0.158138
0.111162
-0.312036
-0.00131235
0.266601
-0.125929
0.279624
-0.494481
0.0729975
-0.125823
-0.271413
-0.0171757
-0.285506
0.10579
0.307185
-0.519311
-0.139391
-0.352419
-0.447598
0.252572
-0.292
-0.406628
0.19537
-0.350979
0.202314
0.116065
0.0477225
0.100425
-0.402111
0.30076
0.290528
-0.497478
-0.366952
-0.0561363
0.406911
-0.335848
0.424123
-0.0962455
0.290166
0.338029
0.248881
-0.323225
-0.559125
0.168835
0.0257311
-0.111605
-0.417579
-0.285769
0.336078
0.179673
0.283609
-0.171546
-0.40738
-0.216834
-0.491578
-0.178713
0.289665
-0.310561
-0.103239
0.159803
-0.13722
-0.0445212
-0.446043
0.449767
-0.472198
0.165396
-0.328605
-0.266021
0.31916
0.320228
0.38701
-0.140706
0.349614
0.073976
-0.312419
0.23314
0.0796692
-0.103003
-0.227972
-0.384202
0.161805
-0.158026
-0.530665
-0.435488
-0.494436
-0.513153
-0.535105
0.231484
-0.341116
0.539513
0.159955
-0.408133
0.218295
-0.323093
-0.129934
0.171487
0.19729
-0.39829
0.383322
0.244557
0.185437
0.00252741
0.0517413
-0.327539
0.0547466
0.482669
0.074278
-0.0789276
0.416687
0.311554
-0.480193
0.342526
-0.26405
0.365636
-0.1741
-0.325291
-0.34262
-0.438183
-0.141403
0.384004
-0.329264
0.479392
-0.450353
0.0628457
-0.139907
-0.0807917
0.15866
-0.206494
0.171956
-0.047508
0.60878
-0.445169
-0.271883
-0.100881
0.359534
0.311335
-0.22678
-0.479791
0.0765792
-0.00345272
-0.354534
-0.362664
-0.0780873
0.162345
-0.0221344
0.168155
-0.360975
0.583338
0.456599
0.202731
0.2297
-0.336151
-0.197564
-0.143838
-0.0966162
-0.056002
0.100227
-0.259385
0.151502
-0.0224158
0.164437
0.338146
-0.572629
-0.318508
-0.401828
-0.170732
0.265744
0.474124
0.126132
0.195749
-0.212866
0.144827
-0.0477068
0.304351
0.812572
0.224388
0.113866
-0.322097
-0.165596
0.192763
-0.370142
-0.376445
-0.210245
-0.316578
-0.209219
-0.153945
0.0189486
-0.50841
-0.367798
0.189133
-0.0309378
-0.494964
-0.061132
-0.425249
-0.387167
-0.170796
-0.292898
-0.345536
0.365328
-0.461031
-0.313901
0.172939
0.237709
-0.12531
-0.466825
-0.420447
-0.0684942
-0.379923
-0.295742
-0.0462229
0.119636
0.344977
0.218081
-0.147345
-0.228471
0.363551
0.197748
-0.382072
-0.0369554
0.0942896
-0.32318
-0.291429
0.01313
-0.0777421
0.232103
-0.221959
-0.104099
-0.379319
-0.325576
-0.351229
0.130927
-0.4472
-0.0905882
0.417212
-0.144754
0.252129
-0.0786246
-0.2389
-0.446728
-0.313533
-0.20419
0.32345
0.2718
-0.197656
0.520555
0.0964051
0.0468096
-0.657027
0.407491
0.393454
-0.426102
-0.503116
-0.0673514
-0.281496
-0.338476
0.404186
-0.482201
0.280179
0.122809
0.177166
0.309701
-0.133149
-0.575919
0.0879884
0.0418269
0.209775
-0.283361
-0.0153533
-0.159403
0.197517
0.0691588
0.4893
0.4762
0.397796
0.504695
0.21301
-0.384782
0.154075
0.00578342
0.321895
-0.294604
0.432192
0.0958779
0.262352
0.25244
0.475719
-0.268096
-0.105475
0.279639
0.0634479
0.510548
-0.117215
0.313112
-0.278489
0.272813
0.193663
0.404965
0.406305
0.074069
0.157826
0.456797
-0.526899
0.0204645
0.328462
0.276006
-0.227414
0.129201
0.0916776
0.134785
0.0287237
-0.326306
-0.430518
-0.142633
-0.0238652
-0.282185
-0.420139
-0.457438
-0.0364864
-0.0599859
-0.397616
0.16204
-0.307747
0.269691
0.345128
-0.492265
0.367747
-0.44321
0.071119
-0.233379
-0.398601
-0.276718
0.400506
0.00467389
-0.503286
-0.306137
-0.263416
0.418087
-0.363179
0.328401
0.367889
0.168054
0.0188624
-0.268604
-0.398639
-0.0854001
-0.41322
-0.355395
-0.138891
-0.163879
0.308899
-0.178305
-0.284794
-0.508527
-0.00390296
-0.244545
0.0992741
0.408308
0.329557
-0.195123
0.460443
-0.405728
-0.453423
0.302758
-0.215102
-0.0977536
0.344702
-0.0942998
0.127088
-0.223372
0.310612
-0.128349
-0.497301
-0.408369
0.330493
0.311953
-0.423261
-0.201219
-0.0232784
-0.139147
0.0948852
0.097027
-0.0506787
0.350916
-0.112632
0.194757
0.132748
-0.115014
-0.0915053
0.165028
-0.410792
-0.144867
0.0455359
-0.484783
0.149797
-0.336752
-0.248585
-0.583339
-0.10719
-0.121719
-0.219314
0.332507
0.361025
0.325123
0.140516
0.34892
-0.276609
0.263266
-0.161658
-0.190861
-0.065286
0.434936
0.538515
0.230087
0.393881
-0.155099
-0.227749
0.27079
-0.40121
-0.492981
-0.356068
0.245591
0.197179
0.275679
0.0632475
0.00191483
-0.144185
0.142417
-0.0574719
-0.358409
0.126508
0.18849
0.0788218
0.505315
-0.0770008
0.321354
0.291054
0.114845
0.47138
0.390045
-0.0992673
-0.473865
0.625629
-0.0504383
0.248992
0.418166
0.376355
0.0157411
-0.4324
-0.17014
0.197214
0.451601
-0.234486
-0.107927
0.435518
0.113143
-0.098648
-0.3375
0.453973
-0.383729
-0.331726
0.131741
0.137849
-0.436421
-0.0287305
-0.140457
-0.0705887
0.493077
0.329878
-0.10853
0.0770549
0.25854
-0.289572
-0.338531
-0.307564
-0.140559
0.121801
0.328392
0.397617
0.157328
0.28609
-0.158001
-0.129819
0.743977
0.253144
-0.136941
0.447049
0.258978
0.395482
0.352688
-0.491904
-0.3971
-0.399072
0.0998174
0.065396
0.212539
0.357766
-0.00942169
-0.124183
0.024437
-0.104317
-0.0926891
0.0396219
0.083656
0.350229
-0.530735
-0.536654
-0.0216505
-0.174076
0.152664
0.506255
-0.542027
-0.0873123
0.454507
-0.00720568
-0.100698
0.338997
-0.362986
-0.434705
-0.0486116
0.0312976
-0.449704
0.347377
-0.171182
-0.469456
-0.476608
-0.0919505
0.228129
-0.539432
0.11945
-0.29661
-0.326096
-0.123926
0.166225
-0.356945
-0.369639
-0.424917
0.170863
0.236495
0.28308
-0.389807
0.327386
0.293808
-0.337534
0.118182
-0.0810023
0.224538
-0.0816115
-0.179901
0.217699
0.372785
-0.403588
0.320881
0.402963
0.355122
-0.330173
0.0138765
0.387777
-0.224928
0.060447
-0.031462
-0.446314
-0.0367411
0.0888292
-0.260607
-0.0181714
0.12552
-0.200028
-0.285925
0.288441
0.442182
0.143087
-0.346227
-0.135862
0.455871
0.0154367
0.146634
0.0258585
-0.510423
-0.308955
-0.36094
0.352004
-0.26817
-0.380154
-0.330518
-0.0312686
0.0493238
0.00835868
-0.174203
-0.401718
-0.0938179
-0.00735859
0.2725
0.0161948
-0.0297034
0.214842
-0.413505
0.214979
0.421558
0.22615
0.372206
-0.33381
-0.421427
0.469812
0.456695
0.550966
-0.250439
0.0385812
-0.141092
-0.275997
0.246109
0.365498
0.15081
0.028267
0.449609
0.337047
0.180418
0.0518013
-0.297214
-0.086153
-0.538364
-0.0571336
0.205612
0.3128
-0.235308
-0.141392
-0.313798
0.11117
0.0417301
0.195861
0.20954
0.42647
0.349625
-0.298286
-0.275112
0.225738
0.0409091
-0.0679506
0.540917
0.268266
0.415539
0.236622
-0.267117
-0.0982182
-0.372074
-0.32584
0.43222
0.370224
0.312064
-0.157982
-0.472448
-0.32009
0.210373
0.219474
-0.320305
-0.118801
-0.0023098
0.317239
0.222622
-0.0513208
0.446312
0.152357
-0.465597
0.344565
0.345467
0.149041
-0.315133
-0.271861
-0.322076
0.16384
-0.429072
0.148225
0.390933
0.283352
0.458134
-0.558159
-0.274367
-0.161102
-0.274588
-0.333208
0.039282
0.00443262
-0.0713517
-0.295853
-0.0668552
-0.269157
-0.235145
-0.362607
-0.193437
0.366135
0.101082
-0.435125
0.47108
0.229787
0.0724645
0.399102
0.138447
0.0493502
0.220414
-0.0596267
0.260605
-0.128789
0.363422
0.0903999
-0.442547
-0.444962
0.0541552
0.294051
0.235847
0.158328
0.134823
-0.158601
0.235034
-0.222775
0.222194
-0.38321
-0.573817
-0.607779
-0.301183
0.371282
-0.0233991
-0.561785
0.152974
-0.257472
0.124098
0.116955
-0.190152
0.350237
0.0391497
-0.105944
0.276691
-0.0323047
-0.180183
-0.400011
-0.27264
0.0029707
-0.0431658
0.0123505
-0.256864
-0.494127
0.0109403
-0.472498
0.324356
-0.668936
0.312509
-0.319214
-0.627522
-0.758826
0.0421256
-0.256942
-0.169018
0.172745
0.0568636
-0.254269
0.302834
-0.153903
0.311189
-0.00857026
0.12467
0.385601
0.48084
0.189129
-0.0595084
0.368793
0.201999
-0.391699
0.0367681
0.443918
0.478964
0.392742
-0.276998
0.415402
-0.418536
0.194913
0.0603787
-0.191013
-0.370987
0.537038
-0.218971
0.0671911
0.271733
-0.324558
0.119404
-0.0440887
-0.238361
0.484949
-0.131431
-0.134079
-0.0202981
0.136282
-0.347033
0.0470708
0.48385
0.384915
0.429165
-0.105821
0.0998036
0.23267
0.136507
-0.190412
0.20782
0.083854
-0.566773
0.39662
-0.404548
-0.151931
-0.304493
-0.223498
-0.0264984
0.536884
-0.566521
-0.380617
-0.0974375
0.175632
0.377939
0.00884381
0.446591
0.072034
0.0158385
0.0512984
0.172391
-0.287882
0.227731
0.104152
0.374421
0.191649
0.428716
-0.13072
0.086319
0.548526
-0.0420133
-0.270803
-0.509637
0.210263
0.372398
-0.556968
0.347957
0.113508
-0.330545
-0.232058
-0.232444
0.137991
0.149881
0.502922
-0.063144
0.0261125
0.120981
0.188209
-0.0225727
0.180402
-0.204522
-0.0219353
0.283336
-0.513429
0.523636
-0.266587
-0.404767
0.181428
0.472487
0.323029
-0.472916
-0.0545156
0.250248
-0.172168
0.481396
0.235039
-0.325989
-0.215537
0.0567118
-0.0660986
-0.369032
0.228055
0.174465
-0.177697
0.334488
-0.224683
0.0332948
-0.394738
0.439644
0.620761
-0.312738
-0.363934
0.0865937
0.227906
-0.0243564
0.478748
0.503743
0.20083
0.406738
-0.0247445
0.0353145
0.151837
-0.0768662
0.637769
-0.262012
0.214139
0.095193
0.248916
0.52227
0.766864
0.549586
-0.285058
-0.148639
-0.418528
0.334173
0.235884
-0.146668
0.436106
0.340813
-0.0370204
0.000592935
-0.12046
0.263985
0.20525
0.40449
0.0644387
-0.28218
-0.138774
0.186458
-0.0504731
-0.293565
-0.329796
0.262005
0.955394
0.105681
0.28652
-0.330176
0.159529
-0.267376
-0.366944
-0.250551
-0.301952
0.234963
0.00528793
0.364771
0.297277
-0.434658
-0.45143
-0.36462
-0.145405
-0.329898
-0.276253
-0.443922
0.0107147
-0.326861
-0.322423
-0.230811
-0.0680134
-0.27429
-0.276409
0.117237
-0.171654
0.256706
0.453066
-0.365962
0.0301486
-0.279746
0.297247
0.472046
-0.157068
-0.204462
-0.504229
-0.179091
0.0892085
-0.110403
-0.218402
0.0538494
0.124275
-0.206128
0.000455583
0.249139
-0.270309
-0.00879159
0.339444
0.496276
0.376059
0.0102711
0.354557
0.424959
-0.467171
-0.0865895
0.160396
0.372389
-0.0942731
-0.200106
0.477074
-0.120305
0.172553
-0.313817
-0.0878569
-0.102119
0.402422
-0.251516
0.270515
0.432745
-0.24608
0.253262
-0.451816
-0.498482
0.391431
-0.0585822
0.0493069
-0.150801
-0.153064
-0.305849
0.0664958
0.155456
0.0390579
0.506609
-0.0456412
0.101928
0.300785
0.467476
-0.210645
-0.324758
-0.506547
-0.0818871
-0.328093
-0.309795
0.181808
-0.328795
-0.486451
0.286199
-0.409873
0.136127
-0.403413
-0.438597
-0.0962313
0.270321
-0.341526
0.155981
0.228879
0.072845
0.358061
0.231809
0.0181172
-0.350083
-0.45572
-0.439515
-0.41246
0.544465
0.212189
0.262349
-0.187176
0.318278
-0.421731
-0.22541
-0.140774
-0.300767
0.272685
-0.213596
0.373445
-0.0173724
-0.162665
0.183688
-0.305478
0.0667021
0.228205
0.310727
0.679598
0.106313
0.391502
-0.320733
-0.149259
-0.341464
-0.286064
0.32188
-0.00324657
-0.441266
-0.0676544
-0.0859054
0.0346531
0.158671
-0.698001
0.720449
-0.24554
0.230865
0.33976
-0.00856395
0.792399
-0.15763
0.01902
0.539599
0.203919
-1.03589
-0.159946
0.0431734
0.0223654
0.185
0.874435
-0.25065
-0.370128
-0.0960077
-0.803612
0.135034
-0.259447
-0.103632
0.0084535
0.695408
-2.74219
-0.3543
-0.195436
0.15841
0.377435
0.343042
-0.149604
0.401749
-0.622891
0.594979
-0.0125358
0.202279
0.103404
-0.372833
0.409126
-0.437741
0.164389
-0.596554
-0.28082
-0.387608
0.307505
0.275234
-0.262939
-0.0116942
0.272775
-0.00948104
-0.345229
-0.0156285
-0.366764
-0.0815257
0.196124
-0.19097
0.420316
0.263494
-0.0977232
0.064972
0.263346
0.114542
-0.252651
0.309703
0.311407
0.284877
-0.237083
0.172716
-0.165855
-0.0205921
-0.475373
0.158766
-0.140128
0.0612966
-0.172293
0.130449
-0.0419436
0.137236
-0.0456188
0.313489
0.185907
-0.125383
-0.0830717
0.11086
-0.401113
-0.368142
-0.0473273
0.216576
-0.118312
-0.106089
0.238285
-0.292153
0.16973
0.0710018
0.180906
-0.367307
0.0967899
-0.51815
-0.280959
-0.225813
-0.41845
0.400321
-0.269865
-0.254537
-0.448491
-0.233784
-0.190967
0.321949
0.36037
-0.130338
0.187951
0.51677
-0.187478
-0.506996
-0.346805
-0.200663
-0.0638782
0.235165
-0.229363
-0.175155
0.392487
0.16056
0.35254
-0.228402
0.18346
0.181731
-0.482533
-0.270465
-0.061623
-0.283552
-0.488787
0.104833
-0.275469
-0.401284
0.220324
-0.308355
-0.394957
-0.500492
-0.283953
0.423401
0.191278
0.017136
-0.171356
0.208555
0.404877
-0.307097
0.514336
-0.0347345
-0.262047
-0.158163
0.0725052
0.134137
-0.185154
0.370855
-0.234518
0.0465578
0.363362
0.00930907
-0.331816
-0.31524
0.286971
-0.24299
0.432706
-0.509756
0.374726
0.0382929
0.315272
-0.289663
0.251679
0.170783
-0.405933
0.124853
-0.446825
-0.132113
-0.0897776
-0.375334
-0.439224
-0.157981
0.414828
-0.14769
-0.360817
-0.0359579
-0.461203
-0.0333755
-0.454264
-0.0617972
-0.415072
0.0845041
0.380089
-0.366067
0.393524
0.381202
-0.494634
-0.410426
-0.439002
0.250005
-0.467878
0.00769695
0.379887
0.305506
0.0794662
0.374675
0.306156
-0.177784
-0.355866
0.35228
-0.219952
-0.102647
0.255079
-0.511668
0.246351
0.131977
0.0190107
-0.366712
-0.458578
-0.298861
0.00430195
0.0357516
0.108646
-0.204038
0.0074932
0.477767
0.0127738
-0.25043
0.0662228
0.337286
-0.23034
-0.443911
-0.38907
-0.438528
0.44876
-0.337646
0.243314
-0.00337849
-0.335456
-0.483696
-0.253303
0.058416
-0.246105
0.137085
0.405485
-0.258927
0.445201
-0.319732
0.121802
-0.50284
-0.483269
-0.450324
-0.0637747
-0.30295
0.0426796
-0.209297
0.267529
-0.151857
0.20077
0.0957591
-0.101721
0.483591
0.458695
-0.044003
-0.0891208
-0.0182034
0.218201
0.0631776
0.45232
-0.069715
-0.206991
0.0751806
0.529601
0.114206
0.403179
-0.409568
-0.281815
0.448552
0.0856936
0.460383
0.133809
-0.323039
0.141911
0.0773475
0.410615
-0.449183
-0.326476
-0.402677
0.266402
-0.209498
-0.148505
-0.525675
-0.351124
0.309398
0.482754
-0.0391553
0.0183301
0.397378
-0.335398
0.0155007
0.289867
0.224861
0.268831
-0.0539849
0.297232
-0.122663
0.080606
0.373733
0.100014
-0.141212
-0.00731454
0.221582
-0.0542057
-0.154062
-0.0126603
-0.139312
0.121377
-0.0200525
-0.136603
0.274616
-0.254528
-0.268979
-0.216002
0.127755
-0.10927
0.359313
-0.384318
-0.284993
-0.154662
0.115368
0.0302272
1.10734
-0.0944154
-0.0328813
-0.361778
-0.193384
0.0904438
0.216516
