#input normalization
0.161167 0.275409
14.5132 23.78
10.6379 27.6241
9.54945 26.9559
0.012005 0.0338601
0.0100962 0.0302014
0.564818 1.48093
0.795869 1.50863
1.10038 1.73119
1.41277 1.97868
1.75552 2.22052
2.08751 2.45795
2.40622 2.68133
2.72523 2.88225
3.03411 3.0537
3.3281 3.17337
37.2451 49.5352
1 -1
#output normalization
1 0
#neurons weights
0.229397
-0.366828
-0.25693
-0.0853196
0.0602612
0.40944
-0.32949
0.419084
-0.349925
0.417311
0.148844
0.402625
0.339092
0.364766
-0.141305
-0.0746694
0.263622
-0.404373
0.169974
-0.480187
0.777346
-0.163718
0.250581
-0.0334885
0.745901
-0.560311
-0.0418109
-0.0133586
-0.173865
-0.414781
0.0637653
-0.675849
0.771627
-4.62973
-0.0690608
0.0393654
1.96626
-0.316518
-0.591144
0.00087723
-0.391301
-0.107794
0.00324791
-1.16166
-0.0779036
-0.573731
0.394122
0.33047
0.775057
0.220365
0.0709704
0.393092
0.207719
-0.637354
-0.114436
0.113986
#synapses weights
-0.252297
0.556237
0.23466
0.0462836
0.12515
0.256791
0.0182629
0.403298
0.254434
-0.0691542
0.324712
0.266873
0.303746
-0.347176
0.0286833
0.277911
0.0530063
0.418251
0.290409
0.521994
-0.153878
-0.121745
0.27858
0.265848
-1.90774
-0.0443315
-0.3086
-0.126746
-0.22631
-0.0516351
0.0844976
-0.0658676
0.0850863
-0.338288
-1.59416
-0.280513
-0.683805
0.0154433
-0.0494644
-0.310591
-0.154404
-0.562207
-0.545258
0.311729
0.113733
-0.173462
-0.269695
0.556269
-0.187919
-0.277877
0.221346
-0.0224013
0.783815
0.362413
0.3629
0.435718
0.0198458
0.339771
0.225394
-0.283657
-0.665829
-0.470392
-0.532249
0.0111593
-0.079268
0.420047
-0.225265
0.535334
0.134992
-0.244176
-0.617298
-0.284361
-0.884921
-0.386541
-0.0677679
-0.0572735
-0.146173
0.253669
0.200745
-0.0116128
-0.0624847
0.224784
-0.00323879
0.204584
0.0467726
0.522585
0.350165
-0.37565
0.369626
-0.383242
0.0293535
0.398141
-0.42775
-0.226699
-0.0511225
-0.0800458
-0.658865
0.462884
0.111536
-0.123964
0.31956
0.267537
0.212992
0.34501
-0.211089
-0.417342
-0.342895
0.120891
-0.402205
-0.214361
0.113246
0.0317714
-0.0983948
0.0176686
1.93379
0.173952
0.257686
-0.532633
-0.00615832
-0.103746
-0.15053
-0.118697
0.0850489
0.431366
1.2498
0.150257
-0.147934
-0.13534
-0.213745
-0.258776
-0.339266
0.367743
-0.438437
-0.475537
-0.56959
-0.244407
0.129297
0.124251
0.479297
-0.150591
0.150604
0.431248
-0.211903
-0.216553
0.104761
-0.539216
0.306734
0.0832656
-0.391834
-0.016407
-1.15314
-0.224793
-0.134507
0.192624
0.27273
-0.164073
0.211587
-0.164268
0.170399
-0.0224297
-1.3812
0.212142
-0.143548
0.37739
-0.188307
-0.195816
-0.137422
0.194948
-2.24317
0.0125246
0.265596
0.203071
-0.0797326
0.142041
-0.255462
-0.114681
0.191027
-0.64821
0.14521
0.205742
0.172493
0.201031
0.0225296
-0.288116
0.16415
0.373299
0.948254
1.11526
0.489118
0.631569
-0.0556161
-0.30785
0.310458
0.179288
-0.280874
-0.170671
0.46075
-0.462968
-0.455089
0.225505
-0.104123
0.223229
-0.125635
0.0934324
0.984559
-0.424171
-0.472067
0.240723
0.231536
0.310753
-0.0750668
0.0737207
0.423529
-0.00932433
0.935658
0.258099
-0.0797205
-0.308665
0.287512
-0.269738
0.253544
0.0599571
-0.545034
0.0251916
-0.0389856
-0.0286138
-0.0719233
-0.0702326
-0.33421
0.0528102
0.162101
-0.223402
0.943027
0.195915
0.0927523
-0.254997
-0.284541
0.295591
0.00300184
0.347902
-3.40684
-0.360519
-0.191629
0.3113
0.163352
0.210047
-0.132202
-0.0960702
0.171964
0.499315
-2.00117
-0.421763
-0.829131
-0.221188
0.108613
-0.321988
-0.203597
0.278485
1.17766
-0.0632735
0.0249977
-0.0516265
-0.056377
0.0418257
-0.0602402
0.151238
0.307508
-0.346627
1.1407
0.0911946
2.94631
-0.173906
0.080161
0.110142
0.33444
-0.279306
-5.44748
-0.330636
-0.0469968
-0.00973683
0.0757506
-0.279835
0.128521
-0.131707
0.201409
0.180099
-4.66048
0.1995
0.0596409
-0.567513
-0.386808
-0.148526
-0.163034
0.142546
-1.91911
-0.481401
-0.827354
-0.211262
0.205023
-0.355463
0.194416
-0.255733
0.383426
0.363593
-0.517681
0.248365
-0.664221
-0.0525488
-0.189993
0.13294
0.183509
0.139844
0.788337
-0.563773
0.0901014
-0.120261
-0.106456
0.203747
-0.26901
0.00393162
-0.392842
-0.0388546
0.874285
-0.324237
-0.961124
-0.269728
0.134519
0.0915381
-0.284203
-0.052471
1.98551
-0.110539
-0.426844
-0.0372582
0.0667223
0.0835301
0.0225491
0.0815512
-0.0912389
0.23984
2.10709
0.455989
-0.233616
0.298063
0.321221
-0.161783
-0.00907784
0.21203
-0.160901
-0.0985151
0.391156
0.0581694
0.323139
0.454124
-0.129401
0.014601
-0.276578
0.271413
0.160975
-0.0393158
-0.27627
-0.46813
0.216391
-0.138996
-0.295078
-1.15115
-0.169611
-0.644041
0.309504
-0.0891088
0.180083
0.0390757
-0.56267
-0.277364
0.445215
-1.04644
0.0919242
0.0789056
-1.08452
-1.03999
-0.0344161
-0.623138
-0.0974617
0.166514
0.0481734
-0.518015
0.298042
0.591673
-0.113214
0.0090516
-0.231965
-0.449625
-0.248003
0.381783
0.0661088
-0.913786
0.563433
-0.0278259
0.0775196
0.454161
0.622542
0.522536
-0.164249
-0.0130291
0.513992
-0.125832
-0.0899565
0.0169523
-0.00930416
-0.197605
0.280913
0.153491
0.148434
-0.0287969
1.13862
-0.124077
0.0116097
-0.137317
0.479398
0.0989573
0.466129
-0.542745
0.634742
0.389591
0.227666
0.0730878
0.0218504
0.0352359
0.502913
-0.124504
0.758757
0.590308
0.453085
0.505284
0.169437
0.121239
-0.846917
-0.552484
-0.0588008
0.307644
0.255493
0.198308
-0.210051
0.407904
0.396858
-0.402794
-0.286525
0.206682
-0.434487
0.261195
-0.478034
-0.284256
-0.624576
-0.166119
0.312916
0.529522
0.0146929
0.829677
0.672241
0.0267643
-0.351469
0.224739
-1.21276
-0.397412
0.0105812
0.714634
-0.136258
-1.09384
0.021797
0.763129
-0.999721
4.23006
-0.215123
-0.288013
-1.96699
-0.151413
0.584455
0.191305
-0.548425
-0.14752
0.100125
-0.332667
-0.0822234
-0.168512
0.0606857
-0.0624087
-0.231269
0.358217
-0.251671
0.0409696
0.721676
-0.707899
0.0796187
0.0279702
-0.15364
-0.0211892
-0.220726
0.53394
-0.208905
-0.379609
0.217899
-0.360887
-0.332195
0.60343
-0.0159639
-0.039494
-0.30373
-0.338202
0.740204
0.241554
0.471675
-0.216072
0.571638
-0.10623
0.504927
0.402803
-0.406197
-0.326635
0.483264
0.655008
-0.337247
-0.172223
0.942379
0.652209
-0.139799
-0.10322
0.235961
0.51841
0.618721
-0.0715319
-0.468857
-0.458132
-0.350395
-0.125987
0.353715
0.388337
0.100467
-0.741997
0.00386294
0.148966
-0.0870299
0.367469
0.218027
-0.0581789
0.539986
-0.251537
-0.503287
-0.614506
0.39967
0.449569
0.183175
-0.356265
0.0187661
-0.17406
0.209668
0.154325
-0.142284
0.215747
0.408386
0.565927
-0.2665
-0.283014
0.0347214
0.104628
-0.0199081
-0.418176
-0.898042
-0.34365
0.0927072
-0.984285
0.0583487
-0.436292
0.297822
0.709008
-0.161188
-0.522133
0.538726
-0.126518
0.234277
-0.152722
0.247867
0.203645
0.0999194
-0.349674
-0.226421
-0.830996
0.194675
-0.0149419
0.308389
0.223216
-0.320083
-0.272265
-0.0771603
-0.0133391
-0.194033
0.398692
0.383501
-0.20271
0.233168
-0.594645
0.334984
0.151038
-0.625139
0.288861
-0.306243
0.200394
0.496947
0.473847
0.239054
-0.440825
0.332968
-0.39845
1.15078
-0.204951
0.871265
0.0769033
-0.588976
-0.119462
0.0237566
0.246301
-0.233614
0.0384175
0.876581
-0.292394
-0.521904
0.659792
1.62391
-0.489703
-0.0860162
0.308196
0.34438
0.210132
-0.435711
0.270893
0.349273
-0.0905744
-0.228533
0.152695
-0.352798
-0.239378
-0.400437
-0.0261986
-0.829422
-0.168082
-0.121822
0.0552369
0.0793478
0.0401083
-0.253031
-0.363039
-0.204908
0.319114
-0.0283747
0.0541018
0.144913
0.678711
0.287399
-0.382408
0.435467
0.369354
-0.345112
0.753897
-0.898107
-1.07141
-0.509262
0.168572
0.387758
0.186328
-0.0255004
0.171687
-0.34246
0.33394
-0.128348
0.0260209
-0.125372
-0.164978
0.24096
0.164476
-0.364876
0.298376
-0.341371
0.092345
0.238322
0.146679
0.0502276
-1.47889
-0.0576201
-0.449897
-0.835805
-0.202316
1.723
0.106987
0.209085
-0.0272794
-0.221005
-0.77111
-0.188622
-0.0345829
1.29833
-0.0959278
-0.101805
0.326075
