#input normalization
0.161158 0.27277
12.1791 20.0645
11.7087 29.4484
10.0285 27.5433
0.0124533 0.0336322
0.0105797 0.0291842
0.542988 1.36901
0.823511 1.27769
1.05267 1.47112
1.29982 1.67897
1.57855 1.87949
1.86027 2.06281
2.12999 2.22636
2.39629 2.3791
2.64966 2.49472
2.91756 2.54995
1 -1
1 -1
#output normalization
1 0
#neurons weights
-0.105746
-0.18058
-0.376705
-0.190219
0.0672626
-0.00489432
-0.206981
0.163469
-0.189512
0.313304
0.322892
0.393177
-0.0787075
0.222068
0.10227
0.424008
0.177582
0.10401
0.25804
-0.340154
-0.656351
-0.702141
0.123516
-0.187369
0.341803
0.168985
1.99033
0.00250583
-0.822488
-0.0931968
-0.221886
0.0766567
-0.135632
-0.20291
0.413535
0.379872
-0.404435
-0.325937
-0.0169642
0.363683
-0.764814
0.37371
0.784328
0.0425968
-0.251234
-0.597983
0.469081
0.404605
-0.123026
-0.536254
0.119961
0.388537
0.277524
0.159919
0.257394
0.578625
#synapses weights
0.169484
0.724465
0.369305
-0.287614
0.561164
-0.047947
2.00448
0.110394
0.370041
-0.0678541
-0.0946502
-0.0565297
-0.431705
-0.131422
0.00371908
-0.0115069
-0.271508
0.358682
-0.184601
-0.163871
0.456151
-0.145742
-0.132421
0.00354489
0.715824
-0.77238
0.0505412
0.168741
0.100475
-0.351505
0.0980387
0.178315
0.0340146
0.117319
-0.491222
0.00624654
0.102671
-0.0367631
-0.387157
0.165538
-0.338297
0.36631
0.727693
0.916469
0.365427
0.0753422
0.829564
0.430963
0.435634
0.555039
0.148378
-0.0824202
-0.494419
-0.291922
-0.234302
-0.0747357
-0.410791
0.285583
0.269102
0.378579
-2.2788
-0.156589
-0.428707
-0.28624
0.0235444
-0.312382
-0.235901
-0.0663979
-0.12547
0.153055
-0.447081
-0.476829
0.363367
-0.0565212
-0.393061
0.362925
-0.28353
0.274641
-0.658864
-0.800245
-0.18023
0.46742
-0.37188
-0.422283
-0.115678
0.472285
0.460534
-0.340941
0.322339
-0.207697
0.326518
0.162904
0.275214
-0.148947
0.203854
-0.308492
1.19765
1.08247
0.263891
0.139599
-0.285034
0.0641
-0.0283442
-0.132844
0.0847713
-0.00579874
0.47896
0.289146
-0.172041
0.410353
0.4734
0.190099
-0.00913477
0.248154
-0.548566
-0.337498
0.319826
-0.0297478
-0.0433324
-0.194026
-0.0614281
-0.334652
-0.237991
-0.164443
0.112305
0.497009
0.144071
-0.461269
0.193351
-0.0105833
-0.38427
0.323978
0.440249
0.173081
0.166955
-0.158862
-0.188851
-0.0616855
-0.347077
-0.337465
0.0751017
-0.150626
-0.37348
0.381902
0.0609021
0.860873
0.486825
-0.378913
-0.132692
0.0251714
3.70891
4.09374
0.0684621
0.0624377
-0.220049
-0.123731
-0.124193
0.0025052
-0.164026
-0.149501
-0.450743
0.455555
-0.0463509
0.318459
0.257336
-0.100035
-0.149892
0.000338636
1.73801
1.60852
-0.0569531
-0.0356144
-0.104481
-0.010806
-0.062753
0.267824
-0.241746
0.069603
-0.40357
-0.193058
-0.273022
-0.268203
0.310865
-0.00951621
0.389805
0.233184
0.991647
1.06067
0.735069
0.244735
0.265256
0.0111488
-0.234543
-0.0844181
0.0888484
0.00810056
0.217644
0.37957
-0.218008
0.0354971
-0.287385
0.00431573
0.466408
-0.185099
-3.16119
0.472809
-0.16427
-0.142047
-0.200334
0.0700237
-0.0914883
0.0488527
0.0322974
0.141222
0.304995
-0.0670783
0.132951
0.131254
-0.325114
0.342203
-0.12016
-0.387512
0.513429
0.503887
-0.165899
0.453141
0.232475
-0.0826124
0.355261
-0.292286
0.291249
-0.0127515
0.237257
-0.118534
0.0571554
0.478604
-0.102754
0.143757
-0.0650982
-0.0844606
3.40551
0.271312
0.0121953
-0.00176571
0.145857
0.0117247
0.061487
-0.0111761
-0.212187
-0.220693
-0.22458
0.402133
0.00625184
0.240091
-0.305451
0.171605
0.159387
0.0951024
1.05292
0.623693
-0.235982
-0.323724
-0.00702529
0.0297964
0.148953
-0.240401
0.184867
-0.496692
0.178777
0.140168
-0.170728
-0.432698
0.00570343
-0.0373073
-0.215689
-0.256439
-1.08495
0.226524
-0.221484
0.451906
-0.168801
-0.01622
0.309897
0.235354
0.436211
0.470233
-0.254182
0.0440267
-0.274725
0.219777
0.294802
-0.113729
0.203523
0.0403179
-1.01698
0.398719
-0.47336
-0.296705
-0.275156
-0.153969
-0.216073
0.130481
-0.209344
0.0396444
-0.170402
0.45816
-0.0875392
0.378432
-0.122556
0.102743
0.000199865
-0.19742
-0.938949
0.366589
0.533515
0.0419023
0.413979
-0.16525
0.0129789
-0.296875
0.139679
-0.490859
0.0920382
-0.144787
-0.388494
0.254346
0.15599
-0.2916
-0.0812733
0.201695
0.564154
0.0702141
0.546095
-0.0786214
0.319092
0.448412
0.0704973
0.140737
-0.179643
0.333509
0.209734
-0.0880238
-0.618113
0.0744639
-0.0828398
-0.428946
-0.109223
-0.747743
0.0193383
0.150898
-0.28168
0.150213
-0.460826
0.340654
-0.313301
-0.620865
-0.382376
0.0727062
-0.306574
0.0604607
0.145156
-0.0890256
0.237975
-0.0928023
0.0527064
0.103412
0.326363
0.0864995
-0.459318
-0.441401
0.40759
-0.0467296
0.0633187
0.0153584
-0.278913
-0.118439
0.162595
-0.262348
0.167025
0.419258
0.102936
-0.178188
0.00136512
-0.0117356
0.101971
-0.477604
0.0838542
-0.0505952
-0.251368
0.602242
0.0246463
-0.179247
0.20473
-0.286925
-0.348112
-0.108539
-0.627279
-0.161547
0.631909
-0.885884
0.0357089
0.170435
0.359141
0.202494
-0.333186
-0.831982
-0.0668596
-0.996545
-0.413603
-0.229798
0.258509
0.0588677
0.133958
-0.0714155
0.20642
-0.0536774
0.349655
-0.430269
0.355512
0.15345
0.0181722
-0.339353
0.299557
-0.0820885
-0.167518
-0.358831
0.0107638
0.201445
-0.296865
0.232623
0.22737
0.165014
0.21801
-0.456369
0.174492
0.027348
0.384517
0.12075
-0.472989
0.509783
-0.597836
0.2983
-0.573796
0.0316917
-0.0901821
-0.457905
-0.211575
0.186034
-0.441389
0.189746
0.752072
-0.498205
0.744492
0.542013
0.335125
0.170264
0.251521
-0.429709
0.102887
0.0345252
-0.310421
0.402693
-0.447011
0.21845
-0.146634
-0.185364
-0.529891
-0.427609
0.264481
-0.623563
-0.195631
-0.152965
0.0506222
-0.389952
-0.339689
0.561083
0.525266
-0.280539
-0.602793
0.438864
0.671585
-0.0599993
0.000414184
1.54671
0.335676
-0.31372
-0.224167
-0.054888
0.607935
0.995197
-0.613707
-0.0671959
-0.143987
0.170125
-0.69828
-0.618845
0.172173
0.142092
-0.0931561
0.0997966
0.062154
-0.1551
-1.27824
0.0793086
0.593924
0.810783
0.115896
-0.576014
-0.206947
0.16791
0.193373
0.236212
-0.0558836
0.788839
0.293607
-0.239224
-0.492672
-0.118172
0.829187
0.39681
0.711812
-0.384779
1.03694
0.403521
-0.65292
-0.462385
0.154769
0.340231
0.276718
0.225722
-0.60241
-0.0509725
0.309144
-0.545887
0.0303689
0.0782742
0.0636097
-0.195376
0.171013
0.333002
0.0218008
-0.396466
0.438132
-0.153346
-0.139406
0.154973
-0.066492
-0.00383376
-0.307564
0.522103
0.243425
0.0527177
-0.180531
-0.0379692
0.297417
0.324161
-0.0299411
-0.195238
0.0784008
-0.502009
0.65944
0.0927922
0.623379
-0.17306
-0.973661
0.207306
-0.160309
-0.540139
-0.46672
-0.0520375
-0.600413
0.081209
0.40291
-0.0536801
-0.00968225
-0.624217
-0.271113
-0.462372
-1.48772
-0.29278
0.0755367
0.411903
0.354497
-0.751767
-0.133017
-0.125055
-0.208575
0.272481
0.134447
-0.550922
0.289564
-0.0728111
0.276359
-0.271061
-0.527708
-0.428746
-0.638794
-1.31172
-0.398203
-0.0570197
0.296707
0.245166
-0.396186
-0.0952251
0.091425
-0.239059
-0.235613
-0.179274
0.192564
0.312325
0.0816983
-0.135826
-0.321303
-0.131362
0.383968
0.0332602
-0.101419
0.216791
-0.402774
-0.25689
-0.194957
0.105966
-0.0716183
0.0341643
-0.000152824
0.112907
0.0794978
0.736016
0.064506
-0.0506117
-0.278085
0.297609
0.0508346
0.351806
0.255955
1.07044
-0.793437
-0.0734437
-0.383924
0.032499
0.593302
0.138886
-0.427863
0.45762
-0.416374
0.10651
0.404308
-0.0604582
0.268807
-0.073857
0.161002
-0.0194458
0.195958
0.273366
0.032553
0.631279
-0.262017
0.170327
0.0889784
0.218991
0.397706
-0.000166666
-0.502403
-0.00725573
0.386408
-0.280716
-0.611244
-0.465801
-0.221102
-0.34985
-0.412111
0.269181
-0.252061
0.149577
-0.0479505
-0.0527553
-0.241882
0.00201967
0.458685
-0.187984
0.493149
0.0113964
0.12956
0.0987557
-0.498105
0.177037
0.353958
0.763702
0.0588124
-1.00313
-0.210372
-0.450073
0.715119
1.24818
-0.329542
0.64599
0.545428
0.209528
-0.0322434
-1.15121
0.58818
-0.593918
