#input normalization
0.155766 0.234767
21.5685 28.511
11.4198 31.0953
9.09715 28.4008
0.0117594 0.0365326
0.00988062 0.0309243
0.555052 1.38232
0.847163 1.31263
1.10496 1.52261
1.40191 1.75455
1.7399 1.9761
2.09752 2.19773
2.46098 2.41616
2.82848 2.62552
3.19578 2.81517
3.56031 2.97425
3.92601 3.11841
4.28996 3.21501
1 -1
1 -1
#output normalization
1 0
#neurons weights
0.0405559
-0.44288
0.0519709
0.474994
0.259953
-0.277645
0.0775733
0.175908
0.00614608
0.234991
-0.319797
0.467002
-0.422905
0.439909
-0.0714619
-0.164663
-0.351458
-0.0434588
0.263586
-0.346452
-0.142814
0.659359
-0.0547326
0.7394
0.314049
0.591717
-0.368176
0.126546
-0.274813
0.11204
-0.21488
0.817065
0.654446
0.657958
0.65638
0.168811
0.27241
-0.175934
0.221788
-0.461516
-0.558031
0.249918
0.451708
-0.587388
-0.0134553
0.309842
0.329029
-0.451751
0.183661
0.277118
0.433612
0.012199
-0.144424
0.091735
-0.180132
0.0443705
0.527793
0.0937405
0.552118
-0.0754269
-0.541832
0.669729
#synapses weights
0.161214
-0.119211
0.464196
0.0801534
-0.122497
-0.254342
0.753137
0.948882
0.408907
0.22685
-0.0589674
-0.0289552
0.161328
0.123531
-0.312911
0.439149
0.522865
-0.207981
0.392008
0.0504533
0.178921
0.614073
0.186206
-0.161822
-0.223479
0.287585
3.06193
-0.0615415
0.0383864
0.0338025
-0.0261771
-0.0541903
-0.0140958
-0.125249
-0.0349853
-0.00454386
-0.209103
-0.133012
0.000459634
0.288767
0.175594
0.0572364
-0.425239
-0.336284
0.179161
-0.480047
0.657141
0.136476
0.0739299
-0.160256
-0.180288
0.369159
-0.191399
-0.356037
-0.0306566
0.151924
0.0747253
0.177597
-0.313248
0.486359
0.408779
-0.0401559
-0.308888
0.0644759
0.0200335
0.199373
1.42102
0.0157728
0.829234
0.316051
0.334689
0.102035
-0.0357897
0.231866
0.176313
-0.135912
0.123213
0.0335648
-0.176926
0.130845
-0.108935
-0.160821
-0.305028
0.0214953
0.0625178
0.125681
-0.355824
0.770578
0.211142
0.148192
0.25821
-0.118063
0.165047
0.0825158
-0.500921
0.176182
-0.114859
-0.269469
-0.152336
0.0783191
0.200625
0.390538
-0.0600868
-0.0748004
0.527503
-0.15127
1.04507
1.47953
0.165166
-0.00948988
0.122954
-0.123429
0.126571
0.255109
-0.430482
-0.251315
0.019292
-0.207681
0.265332
0.330791
-0.0526774
0.0734959
0.205758
-0.0202139
-0.0383286
-0.323126
-0.641227
-0.939114
-0.329682
0.101348
-0.0700392
-0.396443
0.0519167
0.221657
0.175131
-0.437823
0.166711
-0.122721
0.27794
0.408554
-0.101964
-0.188525
0.0551578
0.0429736
-0.0764842
0.121891
0.831427
0.706055
-0.359807
0.0729797
0.33917
-0.0829977
0.24952
0.0878938
0.39968
-0.339282
-0.448718
0.0658165
0.131964
-0.232685
-0.0722383
-0.0341143
0.502754
0.105277
-0.068452
-0.229541
-0.0630579
0.0810634
0.508647
0.3337
0.169831
0.0901317
0.300995
-0.383463
-0.442009
-0.313605
0.427035
-0.252542
0.407389
-0.308109
0.208427
-0.0210417
-0.0802492
-0.228671
0.104712
0.218149
-0.765396
-0.163918
0.174652
0.265545
0.239694
-0.117569
-0.203855
0.141749
0.0591174
-0.135143
-0.220118
-0.469314
-0.466913
-0.455187
-0.103777
0.392022
0.521102
-0.283516
-0.0719142
0.0216585
0.440595
-0.274899
-0.119353
-0.399915
0.498729
0.0436665
0.0169813
-0.183585
-0.500053
0.0431852
0.212539
-0.244658
0.473861
0.380791
-0.0311927
0.0780544
-0.151971
0.0213152
0.0681143
0.0485147
1.3357
2.76994
0.0837874
-0.0423096
0.154052
-0.237016
0.0804254
0.148318
-0.112901
-0.0093373
0.130273
-0.190549
-0.447281
0.432795
0.108647
-0.280592
0.542267
-0.432064
-0.183251
0.147954
-1.22437
0.540541
0.0344902
-0.0916845
0.160346
0.180705
-0.0728252
-0.0288286
0.388616
0.0158966
0.16239
0.354829
-0.131212
0.285229
-0.120941
-0.00819914
0.471565
-0.186847
0.0107945
-0.254944
2.06697
-0.435379
-0.101587
-0.103869
-0.0639881
-0.0587012
0.0239556
-0.061048
-0.259527
0.0617368
-0.112275
0.0906492
0.244255
0.0659076
-0.366913
0.341567
0.299184
-0.131631
-0.131512
0.0361582
-0.918669
0.127649
-0.349699
-0.114428
0.0336073
-0.246477
0.193599
-0.219558
0.20331
0.254017
-0.0376121
-0.0681734
0.338266
0.178859
-0.11874
0.0329541
0.331694
0.261776
0.0971268
0.299622
-0.939375
0.202091
-0.347924
-0.367206
-0.14568
0.295633
-0.112598
0.108395
-0.349346
-0.457403
0.126753
0.345933
-0.47826
0.0551799
-0.423435
-0.157318
0.038809
-0.232503
-0.21204
0.193585
0.815232
0.0946308
0.55914
0.168011
0.314642
0.522189
0.161281
0.570337
-0.076834
-0.286067
0.294425
0.217011
0.0188224
0.220437
0.0463604
0.039214
-0.247043
0.0147098
0.183733
-0.307716
-1.17711
-1.86203
-0.10927
-0.0597069
0.0998427
0.148154
0.166068
0.210777
-0.278306
0.240186
-0.019279
-0.247246
0.478693
-0.484824
0.271971
-0.327729
-0.369309
0.092841
-0.22197
-0.0962344
-0.713272
0.130852
0.0508764
-0.15092
-0.12695
0.127245
-0.192888
-0.161824
-0.134562
-0.17365
0.23191
0.361958
0.46014
0.0569718
0.0228259
0.30337
0.0739487
-0.00810371
-0.177936
-0.0531424
-0.141727
-4.31095
-0.151772
-0.0125645
0.125473
0.00761201
0.00453726
0.143253
-0.0994673
-0.0715469
0.176865
-0.199964
0.449557
0.385571
0.296532
0.102731
0.0661417
-0.251952
0.305472
-0.202679
-0.276285
-0.9112
-0.547108
-0.585317
-0.340719
-0.0227209
0.233329
-0.220594
-0.299856
-0.158721
-0.00579317
0.367987
0.101739
0.117509
-0.303483
0.594433
0.3949
0.488451
-0.589266
0.486888
0.328746
-0.387802
-0.157239
-0.108942
-0.361099
0.0699471
0.0537951
0.438781
-0.223018
-0.121857
-0.247258
0.428771
0.50315
0.0484138
0.123083
-0.456515
0.649907
-0.199347
0.520855
-0.298466
0.202009
-0.0648558
0.475405
-0.272561
-0.089349
0.0563442
0.318177
0.168522
0.499754
0.29455
-0.375382
0.282649
-0.549105
0.227006
0.203575
0.048544
-0.74934
-0.793378
-0.433044
-0.489525
0.0810496
-0.945186
0.501498
-0.430867
0.146912
0.493473
-0.243248
-1.26081
0.870671
-0.363508
0.0021673
-0.371046
-0.00320381
1.16197
-0.225769
1.16414
0.692255
0.0841408
-1.20271
0.0834106
-0.511597
0.472206
0.512393
-0.447695
-0.368502
-0.060297
-0.268116
-0.203585
-0.2705
0.762064
-1.09199
-0.0463988
0.207794
-0.642865
-0.344602
0.275805
0.941159
-0.260847
0.395961
0.0249528
0.473277
-0.228827
-0.0319777
-0.285261
-0.405273
-0.0981844
0.338042
-0.147599
-0.245571
0.599067
-0.563921
0.03759
-0.327837
-0.505154
-0.565482
-0.0999906
-0.416771
-0.347497
-0.324301
-0.245676
-0.431841
-0.0443569
0.298998
0.254861
-0.189031
-0.201937
0.100078
-0.412008
0.249543
0.293136
0.29709
0.0796924
0.441864
-0.224082
0.0326281
-0.337793
0.124955
-0.226513
-0.29431
0.010878
-0.145104
-0.360657
0.262133
0.439575
-0.289065
0.101867
0.255274
-0.134771
0.133644
0.45286
0.212435
-0.393165
-0.211027
-0.435219
-0.0698379
-0.162503
0.191016
-0.281178
-0.496132
0.493905
-0.35817
-0.133396
0.273396
0.369579
0.0533031
0.0228806
0.0110001
0.271973
-0.234028
0.226485
0.430494
-0.0952542
-0.364435
0.407148
0.294321
-0.0418407
0.0737683
-0.452757
0.0365042
-0.143196
0.19903
0.284582
0.00852604
-0.0913261
0.0224211
-0.565619
0.331682
0.287858
0.049629
0.346281
0.202666
0.488764
0.143681
0.148572
0.46228
-0.799357
0.195027
0.51701
-0.101105
0.282625
0.304093
-0.321565
0.012093
-0.492266
0.0466102
-0.413464
-0.190593
-0.169324
-0.186817
0.182203
-0.036544
-0.230281
-0.0698294
0.165492
-0.528366
0.101474
-0.364241
0.338277
0.304925
-0.324817
0.470946
-0.292996
-0.414544
-0.0894248
-0.0597746
0.351028
0.128691
0.191965
-0.657062
-0.341014
-0.225966
0.25811
0.212142
-0.300342
-0.365642
-0.162573
-0.312432
-0.0369792
0.430254
-0.33556
-0.0582372
0.220004
0.0841099
-0.402802
0.140228
-0.370005
-0.589296
-0.786091
-0.157121
0.668708
-0.705113
-0.127325
0.15557
0.480703
-0.171925
-0.555612
-0.752425
0.420406
-0.11921
-0.420933
0.344252
0.208368
0.189619
0.0148982
0.719332
0.296381
0.494828
-0.322714
0.0834119
-0.186367
-0.559485
-0.0588499
0.0923581
-0.312549
-0.247474
-0.00397365
-0.282758
0.0544919
-0.652956
0.233377
-0.427389
-0.467379
0.321236
-0.773846
-0.0443104
0.0948249
0.0449202
0.094312
-0.682177
-0.77088
-0.442606
0.131003
-0.00819539
0.476605
-0.22052
-0.0465724
0.324294
-0.648986
0.116578
0.047263
-0.353911
0.251002
-0.488412
-0.308793
0.242849
0.0480658
-0.169926
0.0309273
-0.627844
-0.276676
-0.133022
-0.337771
0.162556
-0.355968
0.303989
0.236164
-0.553355
-0.288209
-0.364406
-0.528334
-0.0786349
-0.432927
-0.164916
-0.257723
0.413819
0.0742652
0.0623066
0.787959
0.0907803
0.464856
-0.108354
-0.706113
-0.252156
0.881203
-0.324377
0.108655
-0.545388
0.164543
0.767984
-0.228085
-0.207953
0.148129
-0.254938
-0.011948
-0.0830438
0.568549
0.331642
0.529928
0.0288382
-0.526639
0.0360486
0.505663
0.447018
0.136273
-0.527356
-0.403658
0.376491
-0.0914027
-0.486963
0.27776
0.346825
-0.283915
-0.383535
0.477596
0.30942
0.440348
0.0564377
0.308478
-0.0789347
-0.566416
-0.512419
-0.338964
0.616965
-0.42439
0.0710681
0.898721
0.0793467
0.0886128
-0.300555
0.245165
-0.0409168
-0.766273
-0.398232
0.151801
-0.85046
0.384147
0.387724
-0.0261064
0.683072
-0.188036
0.305602
0.0674517
0.279012
0.686581
0.684174
-0.173691
-0.388404
0.869239
0.229669
0.6832
0.0152911
-0.350085
-0.0371836
0.51653
-0.012898
1.1389
-0.00506991
-0.122484
-0.0578133
-0.740313
0.358135
-0.885263
0.151758
0.192664
-0.388984
0.0798177
0.0270605
-0.42182
0.643362
-0.409794
0.669217
-0.0557647
-0.147453
-0.174099
0.578623
-0.619895
0.342421
0.128085
0.352478
0.116772
-0.697089
-0.328655
-0.18142
0.246924
-0.468693
0.239546
0.858242
1.62209
0.120286
0.355774
0.351809
-0.0299562
-0.415619
-0.365408
-0.321337
0.407377
0.517629
-0.0131317
0.525377
-0.246888
-0.627366
-0.789565
-0.274438
0.776726
