#input normalization
0.155748 0.23475
38.3881 43.2757
10.6773 33.7648
8.36344 29.6897
0.0110631 0.040356
0.00933266 0.0327638
0.555052 1.38232
0.847163 1.31263
1.10496 1.52261
1.40191 1.75455
1.7399 1.9761
2.09752 2.19773
2.46098 2.41616
2.82848 2.62552
3.19578 2.81517
3.56031 2.97425
3.9226 3.12211
4.26851 3.23964
4.61459 3.32982
4.92757 3.38581
5.23174 3.41642
5.50643 3.39575
1 -1
1 -1
#output normalization
1 0
#neurons weights
0.296414
-0.0127317
-0.209594
-0.370979
-0.332941
0.246399
0.0427894
0.359806
0.42262
-0.0915248
0.35383
0.101872
-0.213025
0.417692
0.0909432
0.150755
0.112659
0.383192
-0.170123
-0.199708
0.173469
-0.419106
0.371918
0.165011
0.424684
-0.298643
0.184428
1.66111
0.633719
0.428698
0.38764
-0.467219
0.389741
0.484
-0.712427
-0.860859
-0.582384
0.447173
0.292546
0.305922
-0.0280728
0.0694178
-0.16676
-0.61563
0.26528
0.282337
0.600208
0.267967
0.0337399
-0.0706784
0.337687
0.252996
0.278816
0.230026
0.296365
0.0680497
0.233956
-0.458611
0.435419
0.21195
-0.39954
-0.0156779
-0.0865891
-0.653918
-0.25976
-0.248117
0.355811
0.208539
-0.374324
0.321957
0.322847
0.399083
-0.584609
0.237316
#synapses weights
-0.322731
-0.0224777
-0.475225
0.426454
0.0567804
-0.240294
0.087152
-0.414068
-0.12976
-0.313934
0.415785
0.240841
-0.409688
0.0533881
-0.334334
-0.361931
0.22941
-0.106309
-0.0652205
-0.138927
0.141815
-0.213502
-0.017652
0.4201
0.00454633
-0.235748
-0.137965
-0.309417
-0.114214
-0.0949378
-0.32252
-0.556662
-0.133141
0.251283
-0.17566
0.197165
-0.627905
0.34453
-0.133534
0.048888
0.098195
-0.291289
0.0876429
0.248549
0.257948
-0.300182
-0.108642
0.304874
-0.0913
-0.251949
-0.291016
0.189828
0.23662
-0.317427
0.476406
0.770362
0.263408
-0.0646869
-0.382152
0.243408
-0.13822
-0.228215
-0.343792
-0.356571
0.00231186
0.17597
-0.588047
-0.0989464
0.0770548
0.100649
-0.307829
-0.18597
0.00917898
0.471031
0.189115
-0.0580222
-0.0717389
0.0224307
2.46964
3.67741
0.0324103
0.0679189
0.014404
-0.0909707
-0.0410702
-0.0181639
-0.0248965
-0.0233765
-0.0946401
0.0420104
-0.0323842
0.025609
-0.285436
0.0192799
-0.342566
-0.0170514
-0.010607
-0.478965
0.0959065
0.0249601
0.327749
-0.0675308
-0.72629
0.230375
-0.316878
-0.421375
0.0699547
0.112558
0.077558
0.188685
0.0366042
0.115418
-0.306331
0.0460177
0.212551
0.466626
0.183276
-0.186434
-0.201195
0.299912
0.0886644
-0.0724428
-0.3417
0.0803813
-0.279002
0.11598
-0.8989
0.51896
-0.59027
0.122677
-0.148519
0.156445
0.100704
0.292439
0.44902
-0.357679
0.314989
0.344269
-0.0611932
-0.41704
-0.326493
-0.235625
0.426138
0.241529
0.144434
0.180963
0.21941
-0.308908
0.218518
0.452316
-0.054124
0.462999
-0.125321
-0.346685
-0.426137
0.429953
-0.270581
0.384243
-0.353493
-0.0466376
0.48823
-0.256062
-0.101884
-0.405407
0.201727
-0.00192323
-0.226502
0.0553334
-0.274137
-0.368859
0.297732
-0.145565
0.123371
-0.144611
0.601593
-0.83601
-0.00900068
0.230913
-0.388024
0.431942
-0.0138404
-0.38626
0.126393
0.0240164
-0.330513
-0.299294
-0.143659
0.150961
-0.080048
0.164395
0.206926
0.455951
-0.502386
0.0433547
0.532258
-0.088746
-0.360186
0.136518
-0.848974
0.114578
0.514236
0.0860663
-0.0744887
-0.235545
0.137214
-0.372838
-0.16935
-0.0856148
0.391659
0.117324
-0.345996
0.263918
-0.0890597
-0.152766
0.381619
-0.289942
0.126997
0.172416
-0.0326577
0.0303648
-0.153853
0.375293
1.14689
0.115549
-0.224675
-0.18239
0.117116
-0.0231639
-0.104864
-0.32398
0.372191
0.105506
0.353317
0.114861
-0.0850227
-0.303984
-0.0244073
-0.363528
0.150408
-0.149484
-0.441797
-0.413541
-0.0235172
-0.446389
-0.0136886
0.120251
-2.41505
0.0960989
-0.150554
-0.0673142
-0.103044
-0.00394774
-0.443571
-0.200414
0.0776731
0.22644
-0.436953
0.19461
-0.0988724
0.0369768
0.0690393
-0.0436928
-0.345219
-0.00640817
-0.0064805
-0.144116
-0.140649
0.045179
0.00941742
0.115558
-3.82612
0.285611
-0.073309
-0.107879
0.00290914
0.1081
-0.0282907
-0.0666348
-0.093117
0.197497
0.198331
-0.11076
-0.0780774
0.0930285
0.0195991
0.0118471
0.368746
0.268057
-0.28505
-0.262054
-0.0636841
-0.439185
-0.159521
0.149833
0.636395
-0.135541
-0.266537
-0.408344
-0.295152
-0.410914
0.247085
0.0874375
-0.0118313
-0.172942
0.236704
0.0556296
-0.218964
-0.150458
0.105972
0.134883
0.314907
-0.157288
-0.199537
0.495098
-0.208672
-0.0138294
0.289675
0.0616193
0.201813
0.534679
0.56091
0.217932
0.200722
0.32473
0.170163
-0.219945
0.153698
-0.122243
-0.361453
0.0716149
-0.0324385
0.0310377
-0.250108
0.184148
0.341326
-0.433208
0.38199
0.291221
-0.303726
0.201145
0.145501
0.227976
0.534694
-0.478229
-0.0487638
-0.229441
-0.454372
0.257351
-0.150924
-0.372201
-0.20132
0.115633
0.24597
0.0766763
-0.319841
-0.473469
0.210409
0.246037
0.392288
-0.392197
-0.0527925
-0.0310244
-0.23631
-0.123495
-0.0729752
0.467871
0.976027
0.150247
0.4693
0.165545
-0.069161
0.43184
0.326809
0.0134832
-0.231454
0.261269
0.321695
0.349353
0.354995
-0.15559
-0.425627
-0.0221957
0.375089
0.0655432
0.190872
-0.16735
0.0733842
0.428468
0.0731687
0.12203
0.0263797
0.542207
0.190871
-0.28481
0.402524
-0.496693
-0.393928
-0.260864
-0.451464
-0.289264
0.397217
-0.344465
-0.0781376
-0.488412
-0.00099857
0.379871
0.0935758
-0.187988
-0.365194
-0.182731
-0.0536313
0.187752
0.184799
-0.120299
-0.573272
-0.946465
-0.815992
-0.507006
-0.319406
0.171247
-0.325966
-0.312999
0.0119783
-0.267921
0.132741
-0.320877
0.184878
-0.284329
0.376702
0.304821
0.052494
-0.308075
0.0869387
-0.0287084
-0.351886
0.277582
0.0421954
0.241206
-0.0891008
-0.281891
0.417569
-0.461408
0.342803
0.0709401
-0.390971
-0.498189
0.106531
0.390196
0.259017
-0.424434
0.259726
-0.37369
0.224626
0.296007
0.31679
0.073141
0.0770332
0.208153
-0.0988792
-0.167889
0.291606
-0.118058
-1.21405
-0.742503
-0.080604
0.0301522
0.118876
0.16668
0.00992786
-0.356821
0.185899
0.105458
0.0616183
-0.356197
-0.110941
-0.543572
0.369881
0.367367
-0.00295844
0.00125643
-0.217999
-0.183579
-0.115659
0.0578962
0.198153
0.452653
0.259473
0.205465
-0.0996048
-0.155332
-0.181388
0.292258
0.317857
-0.479278
0.12915
-0.412425
0.419469
0.00457456
0.158745
0.337118
-0.047106
0.285141
0.101035
0.2687
0.368544
0.431552
-0.136479
0.166729
0.40348
-0.507368
0.874614
0.298882
0.314665
-0.217348
0.245572
-0.191204
0.00770863
0.0463001
-0.121452
0.245945
-0.348336
-0.270638
-0.319241
0.116755
0.350169
-0.194085
-0.0541462
-0.205988
0.0376654
0.206169
-0.19885
-0.0633148
0.134109
0.0290648
1.81162
1.8097
0.0533104
0.0639273
-0.0462339
-0.0281881
0.00689725
-0.33057
-0.0274789
0.140015
-0.150488
0.0474105
0.104639
-0.203281
-0.00691783
0.00951838
0.280385
0.00559682
0.0526647
-0.0133757
-0.469512
0.299692
0.164753
0.34104
-0.863608
0.3879
0.0736978
0.221556
-0.513672
-0.0773569
0.126672
-0.447065
-0.0398828
0.0321852
0.0920618
-0.230746
-0.168442
-0.275855
0.458734
0.0390723
0.326953
0.133298
0.0711963
-0.131555
-0.0209759
-0.324662
-0.168263
0.282759
-1.1703
-1.05551
-0.130775
-0.214337
-0.0444534
0.110102
-0.0620049
0.00243028
-0.290314
0.277526
0.394991
-0.165104
-0.272913
-0.134461
0.0703535
-0.129169
-0.0429913
-0.229254
0.342879
-0.0531236
-0.23747
-0.353244
-0.494085
-0.229646
0.262278
-0.236347
-0.124379
-0.361744
-0.410415
-0.148516
-0.404118
0.0986642
0.428431
0.0873364
-0.0992297
-0.300121
0.0885623
-0.588648
-0.233018
-0.214695
0.64845
0.60071
0.390631
-0.0126932
-0.511891
-0.049722
0.290218
0.0543048
-0.47456
-0.409349
0.263599
0.349255
-0.445184
-0.13338
-0.207428
0.483184
-0.176535
0.128305
-0.256358
-0.344031
-0.0477327
-0.450273
0.369228
-0.478542
0.205928
0.035154
-0.00683766
0.349841
-0.169969
0.0560647
-0.0454711
-1.48426
-0.344776
0.632365
-0.52594
-0.563585
-0.368449
-0.0648236
0.117672
1.01984
0.0335333
-0.30487
-0.477973
-0.219516
-0.397699
0.0591001
-0.211567
-0.00375246
0.294805
-0.294103
-0.978173
-0.263166
0.283908
-0.128933
-0.0623501
0.163243
-0.617098
0.579683
0.448095
0.546404
-0.414589
0.510663
-0.583113
0.273066
-0.447602
-0.312845
0.663633
-0.0358742
-0.393466
-0.118692
0.340834
-0.0174479
0.654639
0.163786
-0.213266
-0.516191
0.492095
0.543256
0.324661
0.281673
-0.117136
0.056735
0.239067
-0.0858116
-0.34108
-0.547301
0.0239977
0.398406
0.0528892
-0.990384
-0.260632
-0.294726
0.118754
0.282971
-0.00764196
-0.0485473
-0.159594
0.336509
0.252169
-0.158115
0.155226
0.0534277
0.588141
-0.369414
-0.147718
0.102967
-0.21841
0.419722
-0.170039
0.398322
0.216462
0.25585
-0.10876
-0.274975
0.471994
0.272607
0.165895
0.227789
0.261249
-0.434562
0.43286
0.169392
0.433182
0.0558436
0.320649
0.547381
-0.141345
-0.230256
-0.211596
-0.375534
-0.0514718
-0.483671
-0.215207
0.167548
0.206697
-0.00260259
-0.150911
-0.505171
-0.10783
-0.204942
-0.185546
0.247118
0.298807
-0.666068
-0.0162422
-0.268053
-0.476564
0.0655578
-0.425529
-0.253805
-0.297909
-0.161794
0.344202
0.035899
-0.464284
0.277444
0.28561
-0.0258485
0.411567
0.347804
0.260843
-0.302487
0.245977
-0.00759504
-0.362392
-0.133208
0.433541
0.514886
-0.573749
0.325932
-0.359716
0.254539
0.209689
0.282707
0.246924
-0.0122701
-0.304895
0.287458
0.196956
-0.40002
0.3017
-0.317885
-0.284032
0.501443
0.489622
-0.387825
0.408469
-0.269744
0.20106
0.417377
-0.219022
-0.00937179
-0.409076
-0.377487
0.189663
0.302809
0.423133
0.0720252
-0.155379
-0.113387
-0.19753
-0.417475
-0.502491
-0.14964
-0.311296
-0.236961
0.769232
0.555158
0.525191
0.449862
0.554929
0.105034
0.632347
0.121108
-0.733201
0.0276095
-0.193385
-0.0793375
-0.53852
0.259235
0.584774
-0.118942
-0.32037
-0.135687
0.272542
0.155442
-0.141732
-0.171143
0.00945712
0.0627576
-0.118952
-0.903331
0.0719275
0.184792
-0.45146
0.287966
0.310129
-0.147777
0.337142
0.647282
-0.529639
-0.424236
0.148005
-0.150344
-0.248935
0.117764
-0.446493
0.25703
-0.44604
0.0992774
-0.554981
-0.766719
0.0530772
0.398737
-0.248651
-0.187376
-0.06855
-0.150551
-0.187251
-0.409544
-0.18792
0.344379
-0.0205405
0.219083
-0.541536
0.112317
0.220401
0.443124
0.0086808
-0.351839
0.115142
-0.174026
-0.338737
0.58742
-0.410264
0.633221
-0.266495
-0.313743
-0.36923
-0.145873
0.0763043
-0.48349
-0.375989
-0.0863753
0.195086
-0.366456
-0.149313
-0.177992
0.536718
0.321588
-0.320153
-0.288405
-0.028271
-0.0975173
0.166411
0.172197
0.144887
0.0904562
-0.230784
-0.411306
-0.0490338
-0.2662
0.499439
-0.297031
0.0774128
-0.041902
-0.49831
-0.2773
0.0491083
-0.232743
-0.160992
-0.441492
0.272003
0.25361
0.668467
-0.0562631
0.145618
0.0666785
0.123099
0.273817
0.352331
-0.0413469
-0.640924
0.401364
0.315598
0.724262
-0.403577
0.0325163
-0.0980219
-0.444578
0.0509893
-1.37823
-0.165216
0.00493547
0.361394
-0.522885
0.242682
-0.686603
0.407169
1.17812
-0.295824
0.147446
-0.241627
-0.437269
0.415341
0.0550745
-0.000834952
0.321814
-0.0894186
-0.243555
-0.0805224
0.543304
-0.26261
0.25144
0.0751176
0.0169785
0.418429
-0.243881
0.136341
0.214163
0.221389
-0.0122599
0.28878
-0.0705343
-0.193867
0.327772
-0.158886
0.312174
0.524642
0.185892
0.0542049
0.329929
-0.139986
0.390099
0.113461
-0.127626
0.325275
0.124024
-0.232346
-0.363024
0.223631
0.455277
-0.320634
0.318523
-0.365356
-0.212632
0.421117
0.573695
-0.351721
-0.360865
-0.0376217
-0.353281
-0.396686
0.178568
-0.268107
-0.304579
-0.136138
-0.307955
0.407234
-0.0125339
0.485394
0.321302
-0.303322
-0.0396041
-0.0184306
0.523473
-0.102214
-0.0715425
0.155576
-0.565193
-0.318771
0.00173685
-0.390635
-0.213604
-0.708619
-0.339248
0.453718
0.0446465
-0.251517
0.424578
0.332856
-0.0315212
-0.283498
-0.282057
-0.272795
-0.2718
-0.257935
-0.176167
-0.245847
-0.226786
0.587804
-0.212716
0.0949854
-0.473155
-0.386536
-0.408501
-0.275739
0.0292629
0.29152
0.607924
-0.0484609
-0.39636
-0.178488
-0.186956
-0.383412
0.551968
-0.242811
-0.183588
0.269767
-0.200366
-0.665783
0.190234
0.276866
0.132345
-0.25086
-0.0798852
-0.550153
-0.143381
-0.364434
-0.0362857
0.0578545
0.0868518
-0.179195
-0.0820236
0.424696
0.251762
0.0361679
0.285948
-0.0752165
0.349545
0.125868
0.0669965
0.566055
-0.0414607
0.568606
-0.00236342
-0.345054
0.53344
-0.626035
0.259199
-0.251168
0.169159
-0.120232
0.169499
-0.407704
-0.298809
0.126142
-0.00153466
-0.282887
-0.56902
0.481358
0.455346
-0.00409263
0.276156
0.1237
-0.511803
0.396975
-0.109784
0.0338653
-0.244105
-0.259021
-0.279111
0.186428
0.425038
-0.139286
0.467787
0.257189
0.537531
0.101493
0.322567
0.202217
-0.00321336
-0.205349
0.410335
0.0415218
0.253918
0.507282
0.0483389
0.621778
-0.00703781
-0.225865
-0.253073
0.595809
-0.179872
-0.0137519
-0.0791621
0.333945
-0.157123
0.42556
-0.453913
-0.613928
0.62947
-0.288064
0.107716
0.174501
-0.148593
-0.0773883
-0.446015
-0.576198
-0.162573
-0.53986
-0.087913
-0.308247
-0.502878
-0.235291
0.0835916
0.434204
0.251992
0.39737
-0.253658
-0.2365
-0.25503
-0.0577106
0.218946
-0.29142
-0.438338
0.0688078
0.234602
-0.501362
-0.0443604
0.538761
-0.530658
0.438914
-0.579887
-0.495107
0.366469
0.082084
0.547529
-0.369655
-0.392218
-0.303119
-0.268875
0.176745
-0.176695
-0.0734751
-0.0287868
-0.387165
-0.198985
0.281614
-0.394188
1.00445
-0.979186
-0.420242
0.810046
0.0666685
-0.156105
0.347853
-0.382235
0.270112
0.340866
0.176753
0.951189
1.40295
-0.166333
0.228508
-0.654693
-0.097263
0.144912
-0.740801
0.0116505
-0.292509
0.27197
