#input normalization
0.155756 0.234757
29.4302 35.7859
10.9901 32.5911
8.61744 29.1796
0.0113103 0.0387116
0.00950497 0.032059
0.555052 1.38232
0.847163 1.31263
1.10496 1.52261
1.40191 1.75455
1.7399 1.9761
2.09752 2.19773
2.46098 2.41616
2.82848 2.62552
3.19578 2.81517
3.56031 2.97425
3.9226 3.12211
4.26851 3.23964
4.61704 3.32685
4.94343 3.36561
1 -1
1 -1
#output normalization
1 0
#neurons weights
0.307957
-0.358848
0.212914
-0.0809073
-0.447698
-0.140212
0.25422
0.414506
-0.0910577
-0.419747
0.23056
0.0761743
0.0866531
0.228046
0.3182
-0.489393
-0.468076
-0.0805458
-0.306854
-0.12074
-0.0618715
0.428168
-0.708889
0.114215
-1.5297
0.781505
0.474401
0.52905
0.553174
-0.00305039
0.64764
0.0217123
0.211584
0.351693
-0.33626
-0.126533
-0.624252
0.298608
0.578927
-0.0497869
2.72645
0.461001
0.736348
0.26267
-0.247042
0.365195
-0.207412
-0.0781489
0.186735
0.207465
0.174205
0.623828
0.358427
-0.322543
-0.409376
0.147795
-0.00186187
0.331461
-0.00784817
0.314713
0.48856
-0.394697
-0.269587
-0.159477
-0.175143
0.34567
-0.124901
0.43264
#synapses weights
-0.0296635
-0.267447
-0.397942
0.2255
0.266527
-0.245801
-4.76821
0.403572
-0.153393
0.0424667
0.138338
-0.00266027
0.117845
-0.0909661
-0.0816123
0.129881
0.253057
-0.119033
-0.20045
0.318665
-0.266949
0.0877154
0.0799356
-0.203266
-0.23892
-0.12412
0.327954
0.204486
0.236606
0.700512
0.253365
0.204275
-0.197034
-0.302869
-0.150937
-0.560172
0.300163
0.428224
0.0337944
0.290704
0.306753
-0.409624
0.136747
0.130557
-0.405241
-0.120358
0.16011
-0.0652422
0.166939
0.0646022
-3.41739
-2.70115
-0.341962
-0.160502
-0.148263
-0.2329
0.0339104
-0.0194942
0.109684
-0.0145066
-0.080129
0.398299
-0.404821
0.340922
-0.361607
-0.368911
0.0482362
0.260425
0.202363
0.0231624
0.10994
0.0979052
-1.32047
0.146208
0.0454746
0.174657
-0.282223
-0.111409
0.0174227
-0.205454
-0.387731
0.456077
-0.128459
-0.0718956
-0.0608871
-0.147034
-0.498037
0.354506
-0.436092
0.140906
-0.201856
0.13053
0.266617
-0.349747
-1.00596
-0.0191974
0.187027
0.243877
0.353762
-0.113774
-0.0688401
0.127342
0.306504
-0.137362
-0.170225
-0.287951
-0.134749
-0.0248905
-0.284034
0.112292
0.399795
-0.46155
0.466067
0.128023
-0.502798
-0.0273329
0.193109
0.600179
0.592609
-0.299867
0.0431719
0.0313487
-0.41369
0.309599
0.0128696
-0.0935818
0.311137
0.136848
0.23533
-0.0251992
-0.494041
-0.105715
-0.167324
-0.0392355
0.402056
-0.406801
-0.00301813
0.188058
0.533585
-0.766279
-0.12065
-0.487921
0.102419
-0.308176
0.290041
0.161713
-0.108096
0.169527
0.249282
0.331038
-0.287033
-0.0617629
-0.201234
-0.273113
0.256811
-0.0562505
-0.174626
0.0646155
0.170658
-0.322808
0.445179
-0.681199
-0.0326625
-0.0765279
-0.0175383
-0.257292
0.285467
0.175695
-0.209192
0.35345
-0.314118
-0.522167
0.143247
0.169974
0.0550075
0.355062
0.0166188
-0.428052
-0.0779741
-0.0773512
-0.048594
-0.00651712
-1.19306
0.111407
0.258563
-0.00725275
0.119334
-0.0565833
-0.443262
-0.024753
0.296148
-0.00654287
0.2043
0.314633
-0.0421476
-0.0748597
-0.332129
-0.156862
0.244237
0.0289834
-0.0691151
-0.181433
-0.308795
0.0640196
-1.22083
-1.56585
-0.238238
0.151243
-0.221935
0.0733396
0.240882
0.0219211
-0.170282
-0.167315
0.315666
-0.240872
0.176727
-0.135045
0.242019
-0.407118
-0.0266678
-0.332469
0.282088
-0.226747
-0.244922
0.0859119
-1.27169
0.424437
-0.0625862
-0.235332
0.141705
0.111647
-0.135678
0.411484
0.360894
-0.166143
0.204312
-0.511656
0.300654
0.157332
-0.253293
-0.107752
-0.194366
0.443577
0.00422938
0.317917
-0.0017479
-0.29773
0.391325
0.107942
-0.184854
-0.472016
-0.56843
-0.113818
-0.173438
0.213688
-0.545188
0.0156919
-0.18385
-0.384757
-0.295755
0.0102543
-0.0530546
-0.128726
-0.0282822
0.191566
-0.20781
0.0136843
0.200028
0.0171641
-0.770354
-0.55243
-0.363168
-0.143537
-0.0793123
0.0141165
0.297178
0.109708
-0.417415
0.258409
-0.102175
-0.310102
-0.0314599
0.0388738
0.463276
0.14075
-0.0448831
-0.208127
0.457232
-0.393949
-0.0528982
0.303809
0.220841
-0.518676
0.206818
0.25024
-0.303568
-0.434452
-0.294656
-0.48884
0.0450638
-0.173008
0.545477
0.0326347
-0.104468
-0.0848498
-0.431112
0.100981
-0.0846477
-0.425185
-0.333183
-0.12782
-0.0773473
0.528754
-1.97773
0.429023
0.0223273
-0.0697497
0.1172
-0.0476056
0.24554
0.12837
-0.430765
0.0347311
-0.0119958
0.18527
-0.157648
0.0931895
-0.216432
-0.237101
0.426782
0.528376
-0.320886
-0.136706
0.537442
0.024835
-0.164675
0.43053
0.12608
0.152307
-0.424975
0.0834639
0.0398541
-0.0161529
-0.216174
0.342651
0.291024
-0.336444
-0.249471
0.155078
0.195388
0.212307
0.194129
-0.269283
-0.175318
0.361245
-0.278431
-0.0601316
1.23625
0.0593487
0.755887
0.330127
0.302773
0.254284
0.228807
0.255149
0.302813
-0.247499
-0.233929
0.224782
-0.13819
0.389208
-0.427692
0.111233
0.209888
0.26337
-0.270576
0.0834946
0.00132694
0.453332
1.65022
0.0247323
0.056531
-0.123318
0.328802
-0.0403528
0.356065
-0.109495
0.0412666
-0.124495
-0.353885
0.248227
0.11634
0.040477
0.163487
-0.0566629
0.0313762
0.63865
-0.000713826
0.0571144
0.162285
-0.0423822
3.44788
3.81128
0.0892929
0.0283468
-0.0167799
0.00342035
-0.1972
-0.201113
-0.0137184
-0.0761162
-0.0615035
-0.0777392
-0.0746626
-0.123743
0.461134
0.0390013
0.157061
0.320727
0.141859
0.161912
0.0604089
0.117412
-0.0917796
0.845247
0.146726
-0.0553276
-0.272947
-0.0962343
-0.160338
0.105829
0.169702
-0.41627
0.255401
0.345946
0.0892715
-0.0576617
-0.444899
-0.0266304
0.11553
-0.180133
0.14854
-0.238299
-0.0578712
0.0316427
1.45929
-0.151969
0.780277
0.137348
0.0525835
-0.0115421
-0.347538
0.340176
-0.014208
0.284018
0.525785
0.0986344
-0.000558204
-0.0930245
-0.18153
0.3331
0.319381
0.0478708
0.375906
0.136585
-0.272325
-0.339438
-0.710364
-0.0966926
-0.179061
-0.0106693
-0.413844
-0.502691
-0.0819667
0.106878
0.527431
-0.245705
0.272874
-0.235367
-0.00373941
0.200266
-0.233684
-0.402954
-0.0304189
0.14864
0.229305
-0.13227
0.18138
-0.36325
0.888006
-0.28231
0.109478
0.0968486
0.234151
0.297503
0.213855
0.265238
-0.0633532
-0.328218
0.289484
-0.224797
-0.0694125
-0.324289
0.347173
-0.193618
-0.616946
-0.202851
-0.42281
-0.434511
0.0178869
0.128521
0.175962
0.125443
-0.276241
-0.46411
-0.441082
-0.428443
-0.0180802
-0.243365
-0.342013
0.238406
0.72068
0.449638
1.25407
-0.254063
0.970136
-0.0716529
0.522682
0.520125
-0.148607
0.24115
0.325818
0.130561
-0.0261378
-0.131433
0.398339
0.033118
0.111202
-0.0801859
-0.108788
0.294069
0.159958
0.325768
-0.112067
0.237183
0.036753
-0.581857
-0.0349905
-0.461278
-0.304433
0.311664
1.0497
-0.0493148
0.462354
-0.141755
0.0166998
0.0384884
-0.157555
-0.686469
-0.228383
-0.237786
0.254086
0.193467
-0.0178662
-0.48611
0.502634
0.13539
-0.403541
-0.397783
-1.3551
0.289025
-0.274513
-0.147182
-0.135692
-0.466994
-0.180442
0.116962
-0.513032
-0.235676
0.0213802
0.392171
-0.280484
0.226701
0.117691
-0.499311
-0.0712424
-0.163708
-0.347174
0.173083
-0.46127
-0.022927
0.0553928
-0.290646
-0.314178
0.722467
0.365243
0.138845
0.427729
0.265372
-0.100626
0.162727
-0.0987252
-0.224172
0.115276
0.427258
-0.217937
-0.30382
0.0844926
0.161999
-0.383277
0.265283
-0.38373
0.146288
0.397651
0.476406
-0.313507
-0.121726
-0.0307889
0.0143187
-0.0541854
0.534622
-0.194041
-0.526577
-0.353571
0.222565
0.192612
0.132863
0.419753
0.00111311
0.371567
0.00905571
0.0963614
-0.178813
0.33546
0.236007
0.130321
-0.292906
0.329086
-0.232203
-0.166684
0.0723657
0.165949
0.494231
0.354819
0.0897204
0.261719
0.117372
-0.182009
0.0785249
-0.070399
-0.179232
0.323968
0.296433
0.435326
0.531623
0.1279
0.403332
-0.0013223
0.120942
0.253707
-0.252263
-0.505345
0.279122
0.36206
0.361367
0.223237
-0.105577
-0.184231
-0.292939
-0.297726
0.279285
0.325241
0.125429
-0.22093
0.316631
0.264639
0.185019
0.124884
0.16555
-0.164668
0.447464
0.416764
0.371885
-0.266298
-0.214666
-0.0531397
-0.380444
-0.344222
0.147146
0.271329
0.0600101
0.174281
-0.221909
-0.370527
-0.167081
0.0349511
0.187629
-0.354279
-0.440962
-0.445395
-0.377159
-0.127943
0.454372
-0.418449
-0.205733
0.105673
0.0207266
2.24216e-05
0.113716
0.661234
-0.334268
0.336149
0.605675
0.385881
0.28034
0.0739009
0.263439
0.0167102
-0.403676
-0.261087
0.550565
-0.800647
0.417335
-0.612448
0.276261
-0.298294
0.369353
0.111465
-0.00243917
-0.420923
-1.42272
0.335257
-0.372922
-0.10424
0.323722
-0.10891
-0.447138
-0.397078
-0.0079633
-0.485318
-0.297961
-0.494009
-0.0338668
-0.366473
-0.396386
0.190858
-0.218785
-0.318926
0.191688
0.420423
0.126963
-0.247816
-0.499097
-0.509297
-0.307678
0.338469
0.254922
0.239301
-0.312742
-0.732517
0.189164
0.197532
-0.298251
0.25441
0.333039
-0.369567
-0.439513
-0.309467
0.25432
-0.306221
-0.0548213
-0.0199658
-0.238665
-0.100851
-0.468668
-0.0912071
-0.473293
0.23697
-0.136914
-0.125254
-0.340032
0.252151
0.13704
0.58604
-0.323228
0.101681
-0.346377
0.250536
0.0369179
0.398806
-0.174585
0.330765
-0.270947
-0.00792506
-0.526934
0.414415
-0.304879
-0.310661
-0.473459
-0.0251215
0.0907581
-0.285997
-0.0259109
0.342532
-0.764898
-0.190244
0.0726997
-0.201033
-0.0500236
0.0158221
0.418232
0.547918
0.364855
0.693476
0.495819
-0.194113
-0.144409
0.585977
-0.511472
-0.321478
0.0308926
-0.236558
0.651221
-0.323038
0.217208
-0.0266455
0.0400308
-0.0977635
-0.231655
0.652638
0.532913
-0.366777
-0.384531
-0.553237
0.380547
-0.21214
0.0712816
0.255172
-0.0808375
0.0307537
-0.107659
0.356835
-0.347819
0.198883
0.134858
-0.178052
0.481233
0.00023893
0.103772
-0.0988721
-0.839597
-0.205172
-0.661975
-0.21847
-0.0691199
-0.00637032
0.367528
-0.0479054
0.382179
0.307863
-0.440126
0.347348
0.171195
0.320903
0.218994
0.0334197
-0.180876
0.446344
0.852821
0.396279
-0.119308
0.501674
0.402993
-0.631558
-0.260894
0.0342857
-0.435082
-0.402598
-0.550707
0.236582
-0.00739122
-0.558155
-0.419512
0.196832
0.124134
0.445473
0.0926797
-0.0821708
-0.493918
0.255288
0.148238
0.226749
-0.528368
0.0791266
-0.166305
0.384082
0.283225
-0.185379
0.818519
0.49102
0.0665336
0.230462
0.116682
-0.423396
-0.062415
0.373496
0.169616
-0.420918
0.167443
0.000617673
0.260619
-0.315357
0.00110104
0.255347
0.209919
-0.186425
0.301261
-0.517004
0.323398
0.245425
0.0852761
-0.490406
-0.306501
-0.510222
0.24386
-0.188055
0.526449
-0.236647
-0.0398468
-0.323491
0.251911
-0.000479436
0.012579
0.221954
0.00595536
0.259395
0.518385
-0.204586
0.191833
0.530458
-0.1013
0.187551
0.544945
0.381113
0.31145
-0.0112219
0.0598156
-0.151039
0.131422
-0.272949
0.188485
0.370428
-0.51751
0.063217
-0.0763621
0.109634
-0.268098
-0.31279
-0.0492709
0.307305
-0.426576
0.218322
0.0896027
-0.0488907
-0.267523
-0.719391
0.0261963
0.115264
-0.4188
-0.314765
-0.360214
0.587584
0.291188
-0.205596
-0.0319122
-0.384255
0.444242
-0.345265
0.192502
-0.626922
0.267562
0.439339
0.309497
0.274852
0.0222108
0.459277
-0.392324
0.342009
-0.603243
-0.216201
-0.20504
0.0581951
0.0662082
0.465013
-0.126909
-0.118385
-0.0349673
0.174689
0.509188
0.476053
0.530129
0.495579
-0.610333
-0.0801363
0.69422
0.202557
0.124725
0.21452
0.802606
0.275575
0.422466
-0.838811
-0.229393
0.995291
0.361962
0.508867
0.853356
-0.238366
-0.26817
0.738324
1.31476
0.13236
0.358316
-0.424869
-0.328708
-0.304801
-0.52668
0.802292
-0.678991
0.916905
-0.00679498
-0.518522
0.0688313
