#input normalization
0.160821 0.275743
65.6399 71.8536
8.51754 35.397
7.42445 30.9039
0.0105509 0.0436222
0.00830079 0.0348389
0.21457 1.02665
0.533212 1.14066
0.852666 1.36931
1.13865 1.63835
1.46435 1.89174
1.78915 2.15166
2.10761 2.39957
2.41202 2.62478
2.72319 2.83431
3.01545 2.99877
3.29373 3.13162
3.57158 3.24822
3.84437 3.32862
4.04871 3.35529
4.2502 3.35481
4.41494 3.30785
4.54863 3.24347
4.66562 3.16514
4.75954 3.06024
4.79268 2.91925
4.80181 2.75208
4.77902 2.56706
4.69426 2.34623
4.59805 2.12746
4.47599 1.89354
4.35232 1.66989
#output normalization
1 0
#neurons weights
-0.340904
0.0135321
-0.491123
0.0432033
0.392307
0.181551
-0.173241
-0.39688
0.400235
0.0704279
-0.208533
0.490885
0.0327711
0.494843
-0.208581
-0.234393
-0.137195
0.376927
0.0223348
-0.352969
0.389598
-0.106066
0.362496
0.0732921
-0.0384069
-0.472587
-0.397185
0.348454
-0.0603275
0.0259277
0.495132
-0.0177421
0.687414
0.863324
1.63522
1.3246
-1.76089
-1.39945
1.77053
-1.32967
2.15951
-1.9032
2.1486
-0.658497
0.632323
-0.00513545
-4.70876
1.69633
1.35678
-1.36668
-1.71024
-1.23274
4.05055
-2.83031
0.331953
3.87703
-0.854701
-0.383261
0.0451043
-0.23561
-0.71938
-0.26297
2.17902
0.876963
-2.18904
0.102606
-0.487972
0.589364
-0.800954
-0.795306
0.336809
0.509134
0.745906
0.612524
-0.754194
0.183504
0.460764
-0.047382
-0.192745
-0.277227
-0.509148
-0.59603
0.0249103
-0.142936
-1.06719
-0.464134
-0.413182
0.0251592
-0.0818864
0.414237
-0.427292
0.102024
-0.176919
0.584269
-0.88232
0.392095
-1.13955
1.71263
#synapses weights
-0.00155503
-0.138837
0.811903
0.14824
0.245985
-0.156973
-0.382464
0.151975
0.676348
0.399167
-0.22204
0.0457127
-0.206194
-0.373071
-0.610915
0.753621
0.376568
0.270342
0.00184379
0.577678
-0.138766
0.288044
0.271538
-0.00224395
0.100084
0.439416
-0.90597
-0.990027
-0.520301
-0.126543
-0.120143
-0.869901
0.30336
0.422892
0.459644
0.371405
-0.299309
-0.180137
-0.0092728
0.220135
0.0832987
-0.201915
-0.429268
-0.306263
0.0213256
-0.388501
-0.593729
0.188388
-0.139803
0.0971471
0.848887
0.954219
0.60286
0.910019
0.718192
0.705859
0.218153
0.999649
0.286039
0.129317
0.756116
0.147116
0.33146
0.280378
0.0418754
-0.638739
-0.446085
-0.11211
0.356107
0.0692128
-0.740395
0.392911
-0.0787236
-0.414062
0.403823
-0.0371876
-0.470033
-0.0172714
0.557173
0.131364
0.0855359
-0.334084
0.206584
0.191432
-0.126417
-0.0607406
0.0556169
-0.0917092
-0.216777
0.147119
-0.485114
-0.377561
-0.263627
-0.368904
-0.649844
-1.09511
-0.144517
-0.734038
0.389331
-0.659321
-0.337594
-0.204245
-0.0543596
-0.213492
0.372631
0.148426
-0.627729
0.275365
0.00878649
-0.248848
0.247298
0.335629
0.0652242
-0.086971
0.0674108
-0.481473
-0.239811
-0.77013
0.204587
-0.0469647
-0.638847
-0.072591
-0.0251032
0.422814
0.536165
-0.474933
0.224495
-0.524439
0.508877
0.112651
0.468913
-0.222054
-0.468504
-0.129053
0.133832
-0.425269
0.116537
-0.816633
0.439851
-0.0495168
-0.0717854
0.0798703
0.60701
0.0952742
-0.528613
0.202595
-0.152374
-0.565026
0.37257
0.101659
0.787295
0.731128
-0.427349
0.368226
0.11639
-0.0512613
-0.0715594
0.249014
0.689688
1.36883
0.0439593
1.0084
-0.145913
0.216072
-0.133496
0.375436
-0.0405797
-0.389067
0.680416
0.141052
-0.319617
0.611827
-0.208783
-0.512311
0.432319
0.0214076
0.0215048
-0.296069
0.273592
-0.331302
0.413641
0.17391
-0.673322
-0.433438
-0.613423
-0.542091
0.771023
0.69182
0.468239
-0.331647
-0.249816
-0.0773431
0.0215373
-0.736301
-0.155071
-0.541166
0.300039
-0.198412
-0.285996
0.858817
0.113457
-0.824781
0.428941
0.157561
0.2805
-0.450779
-0.127969
0.470487
0.225257
0.657755
-0.143461
-0.375557
-0.41058
-0.145891
0.233648
-0.0544536
0.398574
-0.0722334
-0.167818
0.0890719
-0.103503
-0.169435
0.858652
-1.0312
1.07405
0.608196
-0.30701
0.461455
-0.578357
-0.808198
0.0874159
-0.310265
0.103392
0.159587
-0.497861
0.205349
0.261017
0.464516
0.364479
0.0322468
-0.197991
-0.0720608
0.188606
0.246201
-0.054819
-0.490712
-0.152561
0.314172
0.0693164
-0.986064
-0.668009
-0.549778
0.0551351
0.286742
0.243002
0.330926
0.0633082
0.384895
1.79426
-2.29444
0.868758
-1.05838
0.139653
-0.157879
0.173981
0.0536014
-0.23223
0.18894
0.076791
0.135514
-0.554882
-0.0692509
-0.168869
0.106264
0.258464
-0.282363
0.512097
-0.497201
-0.469644
0.358131
0.130075
0.000374836
-0.79239
0.0968733
0.346073
-0.00376925
-0.147703
-0.225209
-0.31323
-0.0737488
-0.919447
0.609484
0.439308
0.760326
-0.169495
0.0966632
0.884211
-0.136211
0.107894
0.323058
0.0353982
-0.995264
0.307272
0.220433
0.460334
0.563248
0.0153978
-0.6595
0.148527
0.358818
0.58401
-0.0384647
-0.200281
-0.633586
-0.0199453
-0.106636
-0.360053
-0.355115
-0.586557
0.394748
0.0488294
-0.269717
1.28214
-0.119048
0.477
-0.275363
-0.15554
0.661359
0.256523
0.411342
0.125684
-0.609616
-0.294159
-0.168481
-0.225934
-0.107048
-0.35957
-0.186606
-0.368427
0.0702508
0.333189
-0.18529
0.234823
-0.624987
0.203747
0.395451
-0.230592
0.21299
0.176642
0.0467298
-0.209919
-0.662235
0.691146
0.847744
-0.36716
-0.276849
0.220871
0.365844
-0.14557
0.00345334
0.199088
0.17256
0.604357
0.251904
0.275099
0.889637
0.463669
0.575931
0.758225
0.804503
0.737347
0.308643
0.160875
0.349612
0.321773
0.589973
0.443363
1.01831
1.02012
1.06516
0.360373
1.32127
1.12922
0.904818
-1.15512
-0.626579
0.86328
0.0200594
0.371054
0.263478
-0.102305
-0.217059
0.293535
-0.00444299
-0.511182
0.175704
-0.223496
-0.138631
-0.409981
0.243059
-0.5786
-0.426552
-0.52413
0.023488
0.176545
0.0686092
-0.339103
0.149547
-0.308042
-0.0448547
-0.228593
-0.842913
-0.737759
-0.963696
-0.885444
-0.546727
0.179434
-0.0736187
0.358981
0.202689
0.03343
0.385066
-0.242399
-0.139436
-0.422139
-0.0691793
0.193857
0.0425323
0.124322
0.104743
0.268686
0.184339
0.202169
-0.44615
-0.614004
0.136806
-0.58909
-0.57203
-0.624989
-0.700306
-0.366244
-0.939947
-0.56793
-0.363327
-0.163366
-0.302512
-0.361038
-0.633907
3.06659
0.521529
1.41306
-0.383096
-1.63423
-0.00796474
0.07419
-0.0442043
-0.133942
0.103565
0.150754
0.097713
0.036958
-0.168521
-0.0176342
0.00133134
-0.0452611
0.262236
-0.088879
0.0778129
-0.247779
-0.202333
0.244742
0.127824
-0.115082
0.33533
-0.157511
0.507229
-0.291593
0.249055
-0.00519658
-0.301892
0.0286147
-0.0206697
0.240864
-0.242699
0.79437
0.337339
-0.305386
0.190339
-0.269536
0.411724
-0.00938813
0.246559
0.388983
0.0102911
0.648156
0.813912
0.632537
0.886175
0.53525
0.494487
0.539032
0.619761
0.42064
0.0393513
-0.0894366
0.121189
-0.0643041
0.189978
0.186159
0.255412
0.418101
-0.414471
0.14201
0.382397
0.369708
-0.21533
-0.713829
0.177856
-0.247869
-0.0977389
-0.0582677
-0.415337
-0.137818
-0.118509
0.608017
0.843976
0.690482
0.468824
0.684214
1.18067
0.588222
0.0845213
0.179342
-0.0267306
0.230059
-0.200312
0.0592307
0.00832893
0.0710311
-0.142473
0.155628
0.195606
0.145527
0.155772
0.922263
0.533865
-0.0359132
0.293974
-0.656073
-0.46691
-0.50063
0.249017
0.860416
0.253618
0.515131
0.183964
-0.437573
0.235842
-0.343788
-0.435815
-0.533213
-0.476718
0.433555
0.437171
-0.24461
-0.470482
-0.185695
-0.308775
-0.0477777
0.209317
-0.0533184
-0.106044
0.413256
0.23171
0.101484
0.654252
-0.0636602
0.745385
0.171545
0.087857
-0.267358
-0.209612
0.306099
0.627521
-0.0545376
-0.248366
-0.941897
-0.413698
0.363382
0.186653
-0.507106
-0.224356
-0.184706
-0.42201
-0.0287846
-0.28907
-0.0488212
-0.183474
-0.00920576
0.398389
0.297606
-0.161719
-0.0204189
0.335607
0.323662
0.595622
0.613157
0.580164
-0.31115
0.97988
-0.924469
0.745787
-1.04346
0.806735
-0.245733
1.81388
0.00521989
0.389381
0.252078
0.102974
-0.45476
0.20352
-0.28229
-0.0296852
-0.368408
0.114013
-0.345021
-0.421711
-0.326968
-0.536974
0.341549
0.387854
-0.251568
0.453683
-0.912978
0.751958
-0.135887
-0.354142
-0.154314
0.173524
-1.09888
-0.201611
-0.332524
-0.430404
0.367508
-0.497553
-0.0729966
0.382148
-0.351762
0.404473
0.134881
-0.692767
0.279719
-0.250996
0.146815
0.824702
-0.987423
0.138701
-0.0652336
-0.163217
0.381942
-0.261164
-0.438513
-0.103001
0.339345
-0.378645
-0.480325
-0.0677417
-0.0786435
-0.0190416
-0.463315
-0.0132584
0.432623
1.02225
-1.86019
0.346769
0.170824
0.328554
-0.00620178
0.0774869
0.176837
-0.196435
-0.000663938
-0.438008
0.103246
0.314649
-0.490303
0.270342
0.173792
-0.340006
0.159816
0.268657
-0.00971903
0.182009
-0.862042
0.353166
0.368752
0.238086
-0.809614
-0.35002
0.799042
-0.547875
0.101507
-0.213827
0.374236
0.965888
-0.326637
0.198665
-0.238632
0.384879
0.0115246
-0.141551
-0.184167
-0.302911
0.77188
0.569282
0.986109
0.665828
0.528376
-0.120203
0.0898497
-0.338375
-0.297497
0.217073
-0.327362
0.324927
-0.291549
0.695192
0.0552464
0.0968814
-0.204534
0.0200744
0.085918
-0.464758
0.274109
0.281359
0.121133
-0.0206159
1.73826
-0.918581
0.404684
0.207745
0.289202
-0.647601
-0.0207239
0.244281
-0.464827
-0.0678469
-0.470941
0.788094
0.172421
-0.337945
0.0818409
-0.217613
0.336563
0.278103
-0.610378
0.5134
-0.142711
-0.220643
-0.329705
0.630098
-0.233856
0.146142
-0.337801
-0.517666
0.190878
-0.437863
0.202361
0.630956
-0.52415
-0.396479
-0.868015
0.122876
-0.0729362
-0.0612566
-0.360758
0.0283627
-0.570817
-0.297792
0.128638
-0.439842
-0.118762
0.356299
0.0974698
0.393311
0.48978
0.295317
0.517866
0.80505
0.0575971
0.0158762
0.78495
0.635682
0.154106
0.573924
0.171988
0.364525
0.961173
0.588796
0.628551
0.60352
0.122484
-0.0576809
-0.326185
0.836376
-0.0550358
-0.480543
0.109914
-0.0564928
0.0825578
0.105443
0.0661975
0.754195
0.179178
0.211695
0.559766
-0.220701
0.0202797
0.261548
-0.252855
-0.586082
0.266137
0.149626
0.105749
0.537588
-0.00749198
0.456656
-0.00013077
0.297386
0.32233
1.14501
-0.623029
-1.00499
-0.0958814
-0.0727153
0.0836409
0.0484958
0.179075
0.567218
0.16761
0.469738
0.143156
-0.0715785
0.321844
0.243591
-0.756482
-0.668624
-0.889873
-0.116341
-0.476413
-0.694928
0.0540362
-0.554055
0.0901198
-0.108074
-0.396705
-0.353656
0.0744373
-0.0452529
-0.211776
-0.554587
-0.728219
-0.873361
0.760523
0.632754
-0.57083
0.0747679
-0.00451515
-0.140907
0.55983
0.505689
0.450901
-0.210746
0.478766
0.130187
0.486426
0.483875
0.0697902
0.995808
0.726794
1.04903
0.163391
0.855688
1.14394
0.495072
0.48929
0.369281
1.0053
0.899476
0.353084
0.0633007
0.703142
0.365671
0.216586
0.52974
-0.0687871
0.763097
0.00812838
-0.141173
-0.145427
0.156304
0.0969542
-0.373078
-0.503194
0.773637
0.205749
-0.168297
-0.490135
-0.127501
-0.219106
-0.29542
0.117919
0.137826
0.185211
0.318717
0.30384
0.141271
0.17211
0.0186254
0.160137
-0.320071
-0.173173
0.156838
-0.3952
-0.0183408
-0.674939
-0.770779
-0.641913
0.236367
0.544251
-0.347753
0.683305
0.148655
0.0355737
-0.754621
-0.137519
-0.80666
0.288456
-0.504678
0.142595
0.321879
0.257398
0.114024
0.208671
0.0485028
-0.615043
-0.000161167
0.316056
-0.252091
0.28095
-0.06978
-0.2711
0.0800048
0.0975237
0.259994
-0.084254
-0.36467
0.108546
-0.158769
-0.0748234
-0.344335
2.39402
-0.475133
0.292844
-0.453293
-0.0524346
-0.315045
0.596704
-0.396338
-0.107099
0.536223
-0.195902
-0.232815
0.0554854
-0.208515
1.21059
-0.994974
-0.815781
-0.188308
0.350631
0.415954
0.325714
0.548296
-0.449174
-0.0890082
0.231043
0.00836718
1.0669
-0.206518
-1.10598
0.00353949
-0.252333
-0.172265
-0.305275
-0.0332306
0.259269
-0.214344
0.471202
-0.240108
-0.17466
0.87071
0.46108
-0.775909
-0.787233
0.22763
0.0612858
-0.00527047
-0.576538
-0.356136
-0.0560686
-0.36804
0.251216
-0.576174
0.278902
0.209044
0.0868674
0.235729
-0.427975
-0.163441
-0.0245905
-0.0611258
-0.406993
-0.873144
0.258904
0.848482
-0.943931
0.646899
0.630881
-0.00141127
0.0136469
0.282802
-0.477681
0.527805
-0.0818954
0.135552
0.132359
-0.486938
0.127934
0.8767
-0.199974
-0.131431
-0.388919
-0.130944
-0.372897
-0.373584
0.710859
-0.704394
0.563967
0.57943
0.106521
-0.564241
-0.0792715
0.0415118
0.892696
0.226592
0.447789
-0.466442
0.286504
0.593433
-0.546173
-0.44779
0.315162
-0.406842
-0.0719166
0.328458
-0.0743643
0.0198136
0.317603
0.160889
0.568121
0.440682
-0.542743
-0.0961234
-0.1314
-0.368746
0.113078
-0.341502
-0.655207
-0.272068
0.137918
-0.521382
-0.549288
-0.115587
-0.130087
0.472806
-0.0973667
-0.150832
-0.480174
0.157337
0.134083
-0.378137
-0.89524
0.0359182
0.0398576
-0.193855
0.395887
0.0953543
0.549758
-0.134987
0.56925
0.184642
-0.219878
0.299909
-0.367313
-0.0701813
0.629329
0.339006
0.305179
-0.674427
0.877123
-0.248923
-0.917626
0.451301
0.402381
-0.253542
0.134524
0.69488
0.0153163
-0.309503
0.564774
0.553949
0.645998
0.436785
-0.294838
-0.0299064
0.649325
0.665377
0.337921
-0.03993
0.255844
0.178957
0.0574826
0.518227
0.134714
0.553723
-0.936161
0.698341
0.819521
-0.0352912
0.53787
-0.347391
-0.445623
0.311732
0.380023
-0.6884
0.705521
0.619162
-0.214041
0.15526
0.0637748
0.387205
0.520799
-0.0688993
-0.189037
-0.145682
-0.282439
-0.297041
-0.805741
0.852412
-0.034303
-0.458093
0.232228
-0.438214
0.112122
-0.864886
0.324737
-0.66943
-0.188277
0.391713
-0.0424919
-0.0953613
-0.188578
0.252368
-0.197006
-0.515112
0.0916923
-0.498321
-0.666129
0.161868
-0.167991
-0.459054
-0.186063
0.367761
0.667349
-0.505763
0.12261
0.609599
-0.375625
-0.723432
-1.54631
-1.53877
1.1174
0.420819
-1.04119
0.608473
-2.13855
0.464924
-1.15993
-0.0569784
-1.03291
-0.843278
0.909319
-0.344184
-0.532187
0.486712
-0.34073
0.61792
-1.98278
1.24964
-0.0272161
-2.03881
0.539342
0.310552
-0.960775
-0.650725
-0.398015
-0.219645
-1.64864
-1.00416
0.284478
0.570967
0.0054018
-0.0865179
-0.328273
0.372318
0.0608187
0.0362034
-0.450877
0.328512
-0.00287612
0.47356
-0.16788
0.264613
0.0120083
-0.375075
1.03685
0.471065
-0.511709
-0.0129539
1.13659
-0.247002
0.444988
0.68372
0.506922
0.455551
0.0902016
-0.291988
0.0949393
0.220063
0.857244
0.738017
0.253293
0.749757
0.297638
0.188096
0.594569
-0.4128
0.297123
0.425775
0.119513
0.471359
-0.0684722
0.498427
0.0480085
0.0231465
0.062954
-0.453217
0.244133
0.336734
-0.0826448
0.470611
0.576057
0.192842
0.595521
-0.112235
0.112686
0.552643
0.211815
-0.120604
-0.314855
0.294189
0.0472584
0.357318
0.654637
-0.284048
0.485271
1.41225
0.184228
1.44699
0.832791
-0.448966
-0.475868
0.933401
0.0296054
0.811715
-0.0744859
0.790564
0.348765
0.839182
0.920865
-0.648612
0.54218
0.254622
0.242235
0.0386694
-0.562232
1.68608
-0.437915
-0.168715
1.40471
0.447143
0.423782
0.440427
0.455448
0.353374
-0.0851015
1.27849
1.26831
-0.737555
0.216937
0.560398
0.14835
-0.0962945
0.116544
0.578483
-0.0842968
0.0808672
0.0146623
-0.0526343
0.0818474
0.712554
0.0580988
0.250229
-0.0246544
0.477952
0.0859565
0.237705
0.829483
0.323195
-0.524412
-0.193372
0.365927
0.0652873
0.0106955
0.0167214
-0.676444
0.0571263
0.609902
0.28512
-0.393165
-0.0812456
0.609218
-1.50976
-0.700245
-1.52622
-0.896677
0.790981
0.697597
-0.926558
0.529125
-1.45584
0.556002
-1.16294
-0.261211
-0.800085
-0.626824
1.79558
0.138069
-0.286825
0.0984143
0.136911
-0.040446
-1.63166
0.951632
0.430685
-0.814547
-0.189752
0.605372
-0.71881
-0.304965
0.242154
-0.131595
-1.24751
-1.40729
0.983495
0.290996
-0.241233
0.230104
0.374699
0.454865
0.558842
0.267915
0.346681
-0.419629
-0.0131082
0.10297
0.0209058
0.446279
0.46733
0.0534129
0.363642
0.174178
0.00184094
-0.44575
0.609091
-0.355282
0.404922
-0.081482
0.471879
0.16725
-0.263864
0.516631
-0.145455
0.446297
0.552843
0.292262
0.376452
0.542638
-0.264294
-0.284639
0.121282
0.301685
-0.386295
-0.223783
0.726901
-0.851303
-0.000643222
-0.188078
-0.239154
0.198979
0.168951
0.477274
-1.40831
0.208079
-0.447847
0.640212
0.0608074
-0.484794
0.0805773
-0.541612
-0.0166537
0.773507
-0.178121
0.149816
0.508837
0.511554
-0.371049
-0.0681879
-0.0559428
0.151717
-0.601475
0.0240238
-0.140691
-0.466322
-0.116223
0.787914
0.138738
-0.459042
0.186876
0.20392
0.8851
-0.237116
0.108282
0.634084
0.133449
1.81558
-0.298792
0.13064
-0.0132698
0.377619
0.379432
-0.931735
0.48282
-0.139349
-0.941231
-0.0569614
0.325397
-1.04356
-0.675821
0.17884
1.02096
-0.687082
-0.837573
0.299801
-0.896017
-0.165334
-1.03629
-0.447196
0.279813
0.418177
-0.934233
0.275439
-1.10346
1.00631
-0.659108
0.0861744
-0.187819
-0.645862
0.541037
-0.415376
-0.530051
-0.718588
-0.187194
1.01208
-0.22625
0.953093
-0.237415
-1.02002
0.299203
1.01448
-0.298198
-0.796582
0.304817
0.429051
-0.435278
-0.760467
0.485698
0.0706444
0.489156
0.768503
0.0816975
-0.460516
0.209835
-0.1671
0.163539
0.162748
0.0637387
0.391076
0.164483
-0.26254
0.0254035
-0.647255
0.0492202
0.0914286
-0.252741
-0.122082
0.189406
0.623067
-0.0253232
0.704367
0.101791
0.281176
-0.166262
0.153215
-0.0831962
-0.432441
0.17822
-0.24982
0.441891
-0.305767
0.417364
-0.211901
-0.433082
0.457789
0.270836
-0.403241
-0.454465
-0.254376
0.0539929
-0.280883
0.45609
-0.31471
0.0476783
0.0300591
-0.380916
-0.382301
-0.110313
-0.35319
-0.369234
-0.246521
-0.42854
0.13135
0.564867
0.203396
-0.176018
0.204975
-0.235946
0.173901
-0.512051
0.0663918
-0.362913
-0.468807
0.0692763
-0.766352
0.013575
-1.11313
-1.0911
0.407351
0.105467
-1.04063
0.864685
-1.87422
0.318839
-0.774617
-0.107096
-0.487317
-0.682282
1.94853
-0.456299
-0.142373
0.112148
0.222873
0.541809
-1.5147
1.09559
0.348036
-1.2841
0.172764
0.382453
-0.804277
-0.825243
0.197435
-0.302549
-1.28259
-0.464876
0.909941
0.418071
-0.359599
0.529243
0.521993
-0.620252
-0.556297
0.047673
0.154285
-0.7633
-0.246151
0.184489
0.206039
-0.762918
0.0387837
0.940477
-0.59125
-0.683276
-0.255045
-0.251695
-0.613801
-0.457049
-0.342216
-1.31161
0.177567
0.016186
-0.143459
0.199228
0.341281
-0.503263
-0.21019
-0.745743
0.189434
-0.653501
0.256259
0.114607
-0.711373
0.167532
-0.137485
-0.319153
-0.332729
0.349536
-0.422793
0.400405
0.0329011
-0.214611
-0.127426
-0.264392
0.560078
-0.232443
-0.359179
0.0318896
0.0417201
0.297922
0.0446828
0.382788
0.157178
-0.461895
-0.0562851
0.444581
0.0455196
-0.292278
-0.0101226
-0.0825329
-0.0324781
-0.189909
-0.313429
-1.0026
-0.532417
-2.22205
-1.68946
0.474574
0.801219
-1.71572
-0.31199
-1.5684
0.567852
-1.43865
-0.191726
-1.0463
-0.673027
1.78772
-0.927047
0.137664
0.592074
0.177441
0.720916
-2.10659
1.68494
0.068816
-1.98407
-0.166868
-0.0780834
-1.21131
-0.344367
-0.291966
-0.154955
-1.56267
-0.794711
0.707862
0.486344
0.336867
-0.371105
-0.0773929
-0.0235822
0.404451
0.247048
-0.00761712
0.0778686
-0.14975
0.285161
0.274521
-0.159454
-0.408286
-0.700855
0.20649
0.3059
0.552186
-0.197392
-0.373586
-0.454201
-0.271434
0.0296081
0.174597
0.0885241
-0.328416
0.0211514
-0.103208
-0.18722
-0.307366
0.2092
-0.508985
-0.15402
0.454393
-0.166287
-0.203993
-0.358915
0.166445
-0.0450215
-0.316694
0.352293
0.302708
-0.475497
0.420992
-0.365901
0.479642
0.339373
0.299439
0.606894
-0.339044
0.467077
0.277857
-0.274661
-0.156579
-0.558919
-0.146057
0.00946584
-0.139125
-0.22617
0.125607
-0.0268651
-0.0498421
-0.179005
0.564383
-0.453198
-0.0333201
0.131999
-0.49103
-0.0548193
0.560382
-0.274727
-0.140789
-0.290548
0.0378462
-0.19523
-0.418064
-0.334496
-0.337347
-0.225995
0.0835678
0.096731
0.102091
-0.0584318
-0.060673
-0.132816
-0.13481
0.391838
-0.184348
-0.159369
0.539866
-0.578001
-0.320906
-0.284246
0.159757
0.0498023
-0.420646
0.112525
0.254099
0.357026
-0.232029
-0.122069
-0.330193
-0.206147
0.481601
0.526192
-0.50883
0.218513
0.145342
0.597047
-0.520848
-0.20708
-0.184231
0.285258
0.977498
0.263123
0.339407
-0.0563309
0.197034
0.315652
-0.327435
1.01544
-0.462283
-0.206034
-0.472489
0.758578
-0.567137
0.389543
0.214101
0.260293
-0.498855
-0.400429
0.119337
0.463961
-0.200942
0.0617558
-0.0132764
0.309834
-0.125561
-0.107207
0.142419
0.203981
-0.392309
-0.209854
0.0324245
-0.18122
0.195255
-0.546911
0.0162775
0.188775
-0.165349
-0.215617
0.531192
0.0265206
0.00821757
0.620213
0.465068
-0.221213
0.318206
0.0979151
-0.0695667
0.068327
0.10266
0.387392
0.54054
-0.251684
-0.255461
-0.159226
-0.273559
-0.835541
-0.285701
0.777555
-0.0428162
0.233958
0.0530158
-0.154453
-0.487555
0.573939
-0.110311
-0.209234
0.824127
0.138413
-0.121084
0.719748
0.233581
0.659071
-0.796659
1.17931
-0.474035
-0.426032
0.120604
0.600354
0.12641
-0.392993
0.46505
0.633756
-0.525118
-0.548219
0.626549
-0.0759099
0.0322351
0.133326
-0.407409
-0.314437
-0.484397
-0.286967
0.280329
-0.575996
-0.0689749
-0.530161
-0.21842
-0.180093
0.312152
0.401345
0.0906202
-0.502209
-0.0958185
-0.376606
-0.41943
0.166464
0.622102
-0.279582
-0.0531066
0.570073
0.433878
-0.0259277
-0.467619
0.160794
-0.024805
-0.111117
0.109408
-0.104893
0.298465
-0.415609
-0.0466204
0.465495
0.181147
-0.884609
-0.0790465
0.128671
0.265693
-0.382248
0.371768
0.464304
0.139255
0.732367
-1.4237
-0.0673477
-0.639204
0.197136
0.268148
-0.454197
0.443241
-0.208899
-0.609536
0.422111
-0.103902
-0.395202
-0.105106
-0.345419
-0.480523
0.261005
-0.152376
0.0406798
-0.718508
0.88775
-0.2213
0.591331
0.599072
-0.323985
-0.565911
0.737282
-0.747135
0.652719
-0.226175
-0.00920429
0.453543
0.0421278
0.607684
-0.926961
0.266563
0.366246
0.207659
-0.125274
0.0609024
0.272377
-0.73323
-0.311291
-0.000303952
-0.127997
-0.482505
0.428266
0.202194
0.36221
0.00849515
0.214319
0.62686
-0.57709
-0.82981
0.28943
-0.784227
-0.703022
-0.347638
0.329556
-0.534581
0.483218
-1.08156
0.55577
-0.749213
0.28985
-0.183238
0.267964
1.60934
-0.378412
0.278282
-0.154528
-0.0514018
0.070212
-0.675793
0.546797
-0.330545
-0.909145
0.263214
-0.0638778
-0.608388
0.165098
-0.212241
0.188273
-0.984826
-0.574266
1.10165
0.43669
0.238657
0.344206
0.521876
-0.239616
-0.101317
0.371464
0.448377
-0.232252
0.589456
0.117336
0.209172
0.473698
0.751834
0.634347
-0.500545
0.259898
0.136204
-0.159274
0.333233
0.355092
0.284862
0.305106
-0.275523
0.310251
-0.247733
0.561491
-0.139935
0.527673
0.371275
0.0882023
0.40455
0.454452
-0.274839
-0.301055
-1.39204
-0.877298
0.339334
0.179733
-1.5084
0.455679
-1.09447
0.141312
-0.859046
-0.687625
-0.944209
-0.491475
0.899266
-0.443177
-0.0350309
-0.12583
0.0904467
-0.0392129
-1.36904
1.12169
-0.112573
-1.72368
0.531243
0.608511
-1.05526
-0.155512
0.338799
-0.0190932
-1.57933
-0.850033
0.801406
-1.20454
1.51374
1.21007
0.502577
2.55316
2.42002
1.21416
-1.23289
0.416715
2.7677
1.50252
-1.67585
2.61514
2.91387
-0.0618486
-0.189688
3.18285
-2.52885
0.374969
3.58854
-0.469329
-0.18648
-0.278853
1.91141
0.0305906
2.62085
-0.138
-1.84285
-1.97321
2.89686
1.41648
1.89477
