#input normalization
0.160819 0.275741
74.2477 77.4783
8.47532 35.822
7.41067 31.053
0.0106317 0.0440168
0.00828764 0.0348816
0.21457 1.02665
0.533212 1.14066
0.852666 1.36931
1.13865 1.63835
1.46435 1.89174
1.78915 2.15166
2.10761 2.39957
2.41202 2.62478
2.72319 2.83431
3.01545 2.99877
3.29373 3.13162
3.57158 3.24822
3.84437 3.32862
4.04871 3.35529
4.2502 3.35481
4.41494 3.30785
4.54863 3.24347
4.66562 3.16514
4.75954 3.06024
4.79268 2.91925
4.80181 2.75208
4.77902 2.56706
4.69426 2.34623
4.59805 2.12746
4.47533 1.89477
4.34894 1.67667
4.19875 1.46403
4.01958 1.25035
3.83421 1.03663
#output normalization
1 0
#neurons weights
0.309916
0.152302
-0.447381
0.202269
0.199395
-0.0219756
-0.0970019
0.00309787
-0.272531
0.330599
0.203619
0.100018
0.0708815
0.0955841
0.0365134
0.140458
-0.340925
-0.454729
-0.024831
-0.339654
-0.340706
0.177365
-0.0804458
-0.241413
-0.443405
-0.360165
-0.229571
-0.328569
0.161716
-0.478179
0.382649
0.228875
0.247942
0.159599
0.498928
0.423539
-0.51371
0.308468
-1.96471
0.47391
0.152351
1.50662
0.364977
-1.68311
-0.831778
0.00807829
-0.116299
2.06364
-0.834489
-1.94709
-0.838004
0.23356
2.3539
1.43155
0.39719
0.0567388
0.232985
0.951283
0.0986924
-0.487779
-2.62682
0.860546
4.14088
2.09635
0.326319
0.245768
0.0777743
0.974315
2.38221
0.801915
-0.0323215
0.329663
-0.168711
-0.335309
-0.294065
-0.435548
0.270394
-0.111099
0.466904
0.416526
-0.210465
-0.14726
-0.172865
-0.672869
0.501623
-0.0824857
0.0487637
-0.409282
-0.45106
0.228921
0.343069
-0.606872
0.344227
0.198338
-0.561666
-0.370469
-1.4815
0.317523
0.13989
0.0945536
-0.414299
0.202184
0.133291
-0.194451
-0.0115041
-0.000586003
1.9125
#synapses weights
-0.522628
-0.504544
0.0929638
0.191689
0.28991
0.211652
-0.158618
0.335245
-0.0145247
-0.286996
0.304349
0.0161813
0.138569
0.15066
-0.36436
-0.510559
-0.388444
-0.0669106
0.149867
-0.169216
0.304552
0.172937
-0.353599
0.136143
0.372126
-0.235935
0.166259
0.0129682
0.127989
0.186152
0.128824
0.0637461
-0.188868
-0.668593
-0.452031
-0.386485
0.919391
-0.707886
-0.116672
0.296887
0.540538
0.198166
-0.10122
0.0858215
-0.0664988
0.364565
0.564002
0.0154077
0.0340323
0.817914
0.219813
0.387
0.899487
0.386941
0.561799
0.686792
0.680969
0.957614
0.904085
0.840558
0.824158
0.901786
0.95793
0.558152
0.986822
1.11844
0.889461
1.36844
0.629217
1.46897
0.511276
-0.806522
0.117263
-0.426281
-0.572009
0.0213722
-0.212982
0.493831
0.122419
-0.442145
-0.378129
-0.217315
-0.391503
-0.684938
-0.420378
-0.253639
-0.217597
-0.474632
0.0739417
-0.0493185
-0.120637
-1.02059
-0.462764
-0.632469
-0.545521
-0.458157
-0.984906
-0.268357
-0.213125
-0.433367
-1.20092
-0.30423
-1.17906
-0.522791
-0.602348
0.108824
0.256407
0.238774
0.181709
-0.111885
-0.170313
-0.0380902
-0.597537
-0.354836
0.14029
0.0327652
0.598383
-0.508354
-0.170908
0.813379
-0.164668
-0.204827
-0.0907183
0.130488
0.0290396
0.225216
0.196053
0.409243
-0.0208263
-0.0824528
0.58284
0.0849292
-0.485182
-0.0209176
0.380004
0.210675
0.00796106
0.0126979
-0.0323795
0.526608
-0.132269
0.848415
-0.250192
0.160293
-0.131915
0.385306
-0.300072
0.241579
-0.180745
-0.225788
-0.209648
0.733817
-0.276669
0.510412
0.750377
0.839987
0.529929
0.329651
0.813592
0.64656
-0.270612
-0.385135
0.0551435
-0.197774
0.104191
-0.0800821
0.378085
-0.135308
-0.0534624
0.479096
-0.423411
0.127821
0.260359
-0.0850553
0.475732
-0.534015
-0.265811
0.483531
0.499096
0.051115
0.321253
0.0615711
0.161093
-0.121424
0.359115
-0.329753
0.375915
-0.241397
0.11464
0.110602
0.534251
-0.361778
-0.0768894
-0.572677
0.1551
0.235806
-0.163141
-0.262612
-0.299284
-0.311144
-0.724614
0.0717084
-0.123576
0.0885921
0.00819526
-0.769899
-0.465213
0.177739
-0.193453
-0.543648
-1.00013
-0.157688
0.978139
-1.0037
1.05422
0.196746
-0.581194
0.125007
0.0301988
-0.261386
-0.672614
0.804815
-0.27697
0.236387
0.472759
0.0885386
-0.112341
0.118448
-0.159976
-0.221086
0.110079
0.0152106
-0.184497
-0.0925812
0.324652
0.387996
-0.175748
-0.454054
0.257456
-0.737138
0.162034
-0.0687206
0.746875
-0.518742
-0.428151
-0.0529428
-0.715998
0.502592
0.0100736
-0.0389097
-0.0319076
0.288404
-0.662515
-0.193679
-0.345983
-0.0756482
0.162263
-0.125934
-0.0709767
0.231262
0.124262
-0.351197
-0.578674
-0.571627
-0.370058
-0.523319
0.030707
-0.684921
-0.659328
-0.212176
-0.927689
-0.880105
-0.839585
-0.152507
0.0296514
0.0144036
-0.517829
-0.138608
-0.731182
-0.542017
-0.334666
0.766888
-1.57226
0.91576
-0.718541
0.536648
0.00840393
0.234168
-0.0231348
-0.0451677
-0.273193
-0.416601
0.278873
0.0846838
-0.689149
0.573066
0.107112
-0.6873
-0.00971639
0.90082
-0.189566
0.145029
-0.378742
-0.0112281
-0.224672
0.419801
-0.163537
-0.0926217
0.312599
-0.775216
0.115583
0.070388
0.326342
-0.772476
0.414534
0.539182
0.611237
-0.749403
-0.226783
0.103209
0.302853
-0.0524129
-0.274058
0.110719
0.397121
-0.0818368
0.360851
0.394584
0.0656129
-0.0609352
0.429484
0.131393
0.186221
0.275702
0.535198
0.0550827
0.154824
0.810737
0.399033
0.4263
0.271711
0.222794
0.240255
0.411952
0.665917
0.323962
-0.146438
0.311585
0.245627
0.306235
0.00720825
0.411864
-0.322386
0.42883
0.65225
0.109051
-0.343624
0.337306
-0.194847
0.721044
-0.203402
-0.00569753
0.764175
0.815318
1.07822
0.594472
0.415848
0.475222
1.16329
1.16275
0.651583
1.20572
0.855346
0.402593
1.12566
1.21929
0.344036
0.579447
0.363226
1.0987
0.592481
0.327783
0.565768
0.454731
1.24117
0.554074
0.834421
0.452251
-0.171915
-0.502437
0.308682
-0.195725
-0.296695
-0.0308441
-0.150291
-0.0163635
-0.0880735
0.231709
0.794983
0.035685
0.0917233
0.477397
0.235152
0.036376
0.125635
0.0269406
0.040961
0.143757
0.271421
0.409402
-0.102356
0.250741
0.498973
-0.350356
0.0321685
0.486266
-0.0987544
-0.0340307
0.601841
0.342689
-0.0969178
-0.969126
0.567261
-0.44696
-0.37055
-0.544426
-0.0388623
-0.352642
0.281522
0.122396
-0.42524
-0.521597
0.476214
0.678731
-0.551863
0.0649984
0.0644553
-0.582536
0.127546
0.155602
0.496096
0.376261
-0.201495
0.183355
0.405754
0.573218
-1.21679
0.0254465
0.265322
-0.0239971
0.0761404
-0.0512234
-0.233566
-0.336224
0.550987
-0.370072
1.05057
-0.581667
0.159421
-0.0505619
0.424046
0.151608
0.367239
0.580848
0.0597324
0.182258
0.0874457
-0.343195
-0.557631
-0.024206
-0.321478
0.501162
0.283737
0.254583
-0.379326
0.0509048
-0.139775
-0.607127
-0.0857935
0.0693564
0.0425126
0.16874
0.109446
-0.278748
-0.364168
-0.813821
0.101969
-0.277611
-0.559425
0.78919
0.337339
1.057
0.0209953
0.15258
0.630237
-0.00101717
0.16892
0.0444309
0.0774997
-0.226522
0.0761218
-0.612305
0.495216
0.338382
-0.233421
0.0443893
0.26245
-0.113127
-0.324968
-0.223997
0.0502162
-0.40693
0.415941
-0.0650139
-0.403113
-0.366368
0.596829
0.34645
0.058595
-0.127447
0.442498
-0.0394424
-0.445319
0.0980767
0.791202
0.220378
-0.221203
-0.0370243
0.131659
-0.000636884
0.134342
0.698622
-0.516902
0.012944
0.4088
-0.353675
0.362736
0.644271
-0.32974
-0.550285
-0.0863422
0.186436
0.31365
0.182992
-0.154527
0.322765
-0.158332
-0.198434
-0.0371176
-0.223434
0.0400544
0.292014
0.515936
-0.277579
0.287353
0.0631868
0.0108321
0.332993
0.529511
0.32175
-0.563559
0.448059
-0.520279
0.0440503
0.25489
0.287542
-0.547718
0.0346352
-0.334129
-0.500717
0.114169
0.0857275
-0.378683
-0.141498
0.11065
0.00856961
0.892406
0.740316
0.769775
0.0246692
0.863424
0.642809
0.139484
1.05547
0.15148
1.04295
0.0325125
0.360753
0.467878
0.475621
0.19992
0.406012
-0.0698912
-0.224264
0.667824
0.0457861
-0.661222
-0.583545
-0.844983
0.485888
-0.330562
-0.358143
0.700498
0.30454
-0.613566
0.363099
-0.011903
0.0252121
-0.170377
-0.0716384
0.339134
-0.0158573
0.280451
-0.220542
0.198973
-0.270248
-0.245225
0.00498035
0.594158
0.143393
-0.286226
-0.442341
-0.0170849
0.499093
-0.0858483
-0.115724
-0.270568
0.538183
0.025791
-0.642407
-0.103039
-0.823211
1.7634
-0.706962
0.694629
-0.762407
0.202815
0.00878096
-0.500026
0.366409
0.10639
0.134975
-0.383294
0.251961
-0.305072
-0.752091
0.0499117
0.323544
-0.0581713
-0.00468274
0.123218
-0.537763
0.558867
-0.0724978
0.0696992
-0.136397
0.0686034
0.463915
0.186902
-0.026665
-0.494291
0.704277
-0.257652
0.291691
0.062643
-0.397486
-0.929758
-0.0986853
-0.206517
0.0154902
-0.0869031
0.440676
-0.115573
0.304129
-0.752854
0.11565
-0.123709
-0.486931
-0.438879
-0.713289
-0.0785504
-0.205543
-0.58151
-0.0643184
-0.567691
-0.715342
-0.402772
-0.231824
-0.539351
-0.941551
-0.302801
-0.532136
-0.403872
-0.129356
-0.913454
-0.991367
-0.0471336
-0.678748
-0.198723
-0.656313
0.277538
0.684337
-0.573011
0.305591
0.395906
0.515569
0.438628
-0.191333
-0.276734
0.0587494
0.546944
0.505827
-0.134119
-0.286153
-0.122838
0.426388
0.222569
0.585841
0.460712
0.610898
0.596014
-0.274079
-0.427029
0.297729
-0.263242
0.534686
0.480264
-0.0458417
0.026316
0.538405
0.6202
-0.170027
0.0563362
0.135936
0.51184
-0.592402
-0.262495
-0.0735673
0.479654
0.525857
-0.0259343
-0.704306
-0.0051666
0.253291
0.105361
-0.258818
-0.0780868
0.248396
-0.197701
0.292422
0.0639558
0.364352
-0.123655
-0.16586
-0.128034
-0.637912
-0.715802
-0.129792
-0.403757
-0.650233
0.0624773
-0.387292
0.265722
0.332803
-0.460951
0.452868
-0.00950123
-0.382475
-0.581613
-0.0828298
0.0738236
-0.67107
-0.555771
-0.175907
0.938515
0.573337
0.193824
-0.333158
-0.104139
-0.0325984
0.436491
-0.237675
-0.206523
0.0278474
1.06081
-0.257158
-0.498022
-0.272928
0.0156065
-0.620221
0.361705
-0.653115
0.174514
0.214373
-0.344081
0.0479154
-0.208415
0.254234
0.0299828
0.283643
0.0592095
-0.309382
-0.531485
0.440285
-0.280276
-0.0291412
0.714809
-0.321282
-0.322641
0.947279
0.239096
0.377021
0.0663008
0.03176
-0.00578726
0.455795
0.72526
0.637801
0.428447
0.219361
0.632067
0.159114
0.737376
0.124639
0.914618
0.295269
1.07457
1.20443
0.337516
1.00887
1.08035
0.404747
0.341574
0.589685
0.564687
0.853529
0.770175
0.97649
1.02517
0.697211
0.279411
0.197048
-0.144051
0.023925
0.27347
0.336471
-0.304652
-0.50702
-0.306452
0.264435
0.165112
-0.251712
0.122371
0.685419
0.607742
0.116864
0.68326
-0.0643599
-0.0115467
0.480523
0.299635
0.360355
-0.388123
0.388988
-0.404674
0.327816
-0.0409766
-0.293191
0.0697293
-0.300736
-0.17649
-0.0450748
0.605647
-0.0881442
0.531191
1.72084
0.749223
0.52154
-0.578324
-0.386598
-0.15854
0.0651942
-0.038054
-0.213441
-0.0746494
0.264501
-0.0169611
-0.426507
-0.014042
0.168805
-0.0251938
-0.11437
-0.248983
0.0807376
0.5608
-0.0680032
0.318518
-0.297307
0.266882
0.140445
-0.163831
0.161648
0.101893
-0.0731874
0.132718
-0.12291
-0.17249
-0.178003
-0.151865
-0.506054
0.606319
0.0409682
0.0424546
0.190436
-0.252589
0.242054
-0.360605
-0.226131
0.355341
-0.0380372
0.8268
0.983546
0.759299
0.676708
0.397027
-0.117606
-0.120618
0.515678
-0.00710774
-0.110596
0.406237
0.338851
0.287601
0.302262
0.310412
-0.122314
0.0234124
0.354312
-0.65484
-0.389768
-0.235276
-0.0157126
0.270671
-0.430408
-0.113277
-2.78228
-0.452438
-1.02174
-0.160396
1.78086
-0.0565296
-0.0777889
0.204195
-0.0497047
-0.193226
0.121312
-0.0513622
-0.365051
0.0303519
-0.0290889
0.0730091
0.0735976
-0.399782
0.147614
-0.0183716
0.559585
0.192407
0.0897727
-0.0899749
-0.0932392
-0.128915
0.741799
-0.426132
0.171668
-0.23719
0.160947
-0.492233
0.49213
-0.393412
-0.0630567
-0.169537
-0.904011
1.54664
-0.190806
0.103093
-0.118369
0.228072
0.0304203
0.32179
0.270988
0.00439836
-0.388333
0.370877
-0.621732
-0.411961
0.714879
-0.323499
0.135746
0.302205
0.577136
-0.487946
0.0150327
0.0109164
0.0449582
-0.0519588
0.003953
0.288459
0.0731668
0.135439
-0.032935
0.405455
-0.110153
-0.325529
-0.0935263
-0.191421
-0.131023
0.396697
-0.0825311
-0.353933
0.247871
0.385262
-0.598021
-0.0745603
0.124737
0.391727
-0.29172
0.0528246
0.644967
0.463051
0.355026
-0.0457753
0.597078
0.535386
0.225242
0.430345
0.570904
0.417816
0.288872
0.802259
0.928813
0.588075
1.05048
0.513036
1.12034
1.2178
0.473451
1.09264
0.992519
0.275121
0.576947
-0.165645
-0.184732
0.122982
-0.226521
0.0699484
-0.592221
0.280276
0.594139
-0.226456
-0.0513467
-0.54352
-0.996907
-0.202526
-0.00312638
-0.566921
-0.00471483
-0.219123
0.39012
-0.0965712
0.368338
0.171423
0.0762134
-0.0553182
0.229379
0.182727
-0.217963
-0.435016
-0.693465
-0.39316
-0.683233
-0.173655
-0.419312
-0.346905
-0.393166
-0.581637
0.12388
0.0739423
0.537501
0.148208
-0.169925
0.163288
-0.128174
-0.640208
0.131253
0.209927
-0.122771
0.507687
0.196377
0.491253
-0.371452
0.206128
0.364201
-0.244268
0.233747
0.51931
0.377219
0.171598
0.247218
0.0104041
-0.0236793
-0.0250647
-0.0205147
0.557315
-0.252195
0.474082
0.495271
0.0617275
-0.119669
0.355784
0.419884
0.55421
-1.34347
1.43042
-0.311555
-0.447414
-0.302703
0.279523
-0.629163
-0.0542995
-0.132948
-0.183237
0.0692588
-0.0500307
0.0267609
0.223454
-0.192935
0.66454
-0.224707
0.0986055
0.280085
0.00950656
0.473672
-0.155895
-0.227926
-0.607383
0.369554
1.19895
0.170746
-0.389891
-0.342327
0.202773
0.238146
0.027436
-0.0919235
0.27996
-0.863432
0.120827
-0.18782
-0.625848
-0.186455
-0.49301
0.313951
0.337747
-0.405819
0.332956
0.137638
0.0226565
0.0845911
-0.211745
-0.293557
0.605661
0.00948542
-0.0711689
-0.363203
-0.0369299
-0.283477
0.201553
0.0941036
-0.418664
-0.298096
-0.137192
0.339882
-0.132706
-0.714784
0.546475
-0.179893
0.00340219
-0.156223
-0.313907
0.347495
0.614159
0.335131
0.562161
-0.249667
-0.504299
0.379582
0.294309
-0.213809
-0.218713
0.341134
-0.0200601
-0.601941
0.242065
0.320004
0.401405
-0.115964
-0.178742
0.0866969
-0.0447261
0.610143
0.646906
0.727902
0.416429
0.486865
-0.272903
0.655566
-0.229053
0.325394
0.693257
-0.27724
0.50575
0.3232
-0.100267
0.272496
0.609437
-0.179745
0.541312
0.00711062
-0.246914
0.114774
0.079731
-0.671604
-0.562799
0.0947554
0.374178
0.272907
-0.312204
0.525051
0.737451
-0.109267
0.588441
0.00344976
0.714386
0.271277
1.07528
0.132249
0.987629
0.783729
0.546844
0.0626468
0.46646
0.637188
0.00709579
0.64664
0.0446497
0.577962
0.426172
-0.273965
-0.713815
-0.458157
0.240793
-0.0706119
0.112564
-0.0271615
-0.0558679
-0.388728
-0.499857
-0.272396
-0.150386
-0.102152
-0.263478
0.364213
-0.431326
0.103394
0.521726
0.119255
0.14996
0.129311
-0.204155
-0.10518
0.24641
-0.360136
-0.3168
-0.398203
-0.119201
-0.23521
0.286401
-0.0584103
0.148473
0.393487
0.505126
0.452614
-0.286428
-0.513558
-0.0971117
0.191236
-0.315867
0.0972783
-0.408154
0.0619443
-0.411555
-0.380063
-0.0984715
0.55522
-0.21612
-0.126713
-0.473351
-0.0149968
0.560661
0.339003
-0.348416
-0.0647998
0.215578
0.444343
-0.23316
0.0645123
0.0417264
-0.11644
0.556368
-0.478362
-0.38126
0.32542
-0.453862
0.0132031
0.278379
0.359665
-0.012607
-0.105139
0.380623
-0.0156377
-0.378718
-0.0606727
-0.431484
0.27311
-0.0376241
0.728686
0.234481
-0.436244
-0.119597
0.118405
0.793188
-0.233579
0.222277
0.358472
-0.0540523
0.419693
0.0517937
0.0757607
-0.544888
-0.74443
-0.830438
-0.41008
0.265474
-0.0377176
0.154978
0.111578
0.336948
-0.172574
0.524087
-1.0574
-0.306051
-0.525564
0.0252687
0.44603
-0.028444
-0.00229473
-0.161367
-0.184841
-0.0717304
0.398414
-0.093771
0.282377
0.258544
-0.883823
0.0221086
-0.639454
0.969283
0.0607585
-0.490833
0.056416
-0.370358
0.468675
0.781889
0.904014
0.135507
-0.966343
-0.719424
-0.585068
0.150374
-0.419778
-0.16286
0.535041
-0.433439
0.319895
-0.565035
-1.51926
-0.569173
-0.1545
-0.358516
0.269032
-0.157657
0.143827
-0.050608
-0.908701
-0.11794
0.471386
0.190498
0.134325
0.166311
0.410088
0.428416
-0.0568373
-0.417809
-0.45239
-0.448927
-0.275606
-0.304924
0.131634
0.0258168
0.345508
0.356165
0.477072
-0.419238
-0.238946
-0.524454
0.311989
0.15326
0.149557
-0.123655
-0.161153
0.272322
-0.107672
0.107169
0.338082
0.219861
0.0376488
0.364803
-0.13574
0.00807403
0.367672
0.42221
0.393172
-0.0655533
0.264351
0.334235
0.428464
0.0823767
-0.379044
0.218937
0.505922
0.478542
0.7416
-0.354397
0.61431
0.696275
0.758885
0.263941
0.319474
0.10784
0.403374
0.20669
0.354852
-0.350237
0.354024
-0.0218849
0.083946
0.219745
-0.551238
-0.366321
0.19085
0.130743
-0.169509
-0.121722
0.0265739
-0.191476
0.110014
0.211376
0.385179
-0.386669
0.193004
0.35254
0.0643738
-0.0412511
0.0878923
-0.313491
-0.262495
0.2932
-0.399251
-0.186523
0.409699
0.253944
-0.317456
-0.075678
-0.157877
0.327466
0.137434
-0.262346
0.0746649
0.545439
0.405105
-0.548421
-0.226009
-0.432983
0.221312
0.338068
0.0648271
-0.658951
-0.420121
0.185278
-0.0711867
0.00332791
-0.237937
-0.248683
-0.0332794
-0.0209333
0.435707
0.403636
-0.0435376
-0.110913
-0.130911
0.275735
0.507381
0.332519
0.35035
-0.0688507
0.682823
-0.0902643
0.018373
0.282544
-0.685725
-0.801174
-0.326507
0.511696
-0.456812
0.00141499
0.552298
-0.044551
-0.148127
-0.0698949
-0.895021
-0.708787
0.00561245
-0.236016
-0.00115609
-0.362838
-0.543476
-0.519897
0.214339
0.498165
0.489709
0.190055
-4.59239e-05
0.375752
-0.277851
-0.378539
0.386726
-0.280287
0.259826
-0.140728
0.412128
-0.130136
0.364392
0.0137332
0.56655
-0.126985
-0.0658852
0.353677
0.0981725
-0.0527105
0.128391
0.0646156
0.480481
-0.221207
-0.0607408
0.456903
-4.93502e-05
0.309665
0.434292
0.143534
-0.291943
0.00163886
-0.0947563
0.444371
0.306893
-0.0382978
-0.333226
-0.410022
-0.536904
-0.23057
-0.498457
-0.248325
-0.993848
-0.191269
0.0612398
0.166029
0.460058
-0.0132413
0.0356508
-0.686813
-0.400902
-0.78899
-0.0319238
-0.384511
-0.476255
-0.172573
-0.495645
-0.613912
-0.0558691
-0.609111
-0.346316
-0.265042
-0.964086
-0.618651
-0.0503223
-0.169368
-0.366552
0.0108731
-0.562004
-1.15559
-0.0333786
-0.0261635
0.0746249
0.0779591
0.726237
0.057955
-0.947037
-1.24872
-0.393665
0.757473
0.207553
-0.644956
0.139608
-0.919949
0.0661093
0.1484
0.670743
-0.797346
-0.231397
-0.979813
-0.00855897
0.0165181
-0.169023
-0.0472489
-0.437569
-0.112383
0.56107
0.715585
-0.891439
-0.961333
-0.184871
0.561751
0.120574
-0.622763
-1.47965
-0.34741
0.081812
-0.357926
-0.0328391
-0.240216
0.861104
0.527282
-0.35292
-0.7861
-0.0334526
0.647896
0.427427
-0.274051
0.223698
-0.637901
0.179759
0.779278
0.460151
-0.503597
-0.975313
-1.0837
-0.401812
0.0287318
-0.129506
-0.431492
0.00463951
0.112549
0.310423
-0.362213
-1.57351
-1.27139
0.0996989
-0.1922
0.394915
-1.05479
-0.82455
0.210091
-0.0111486
-0.577428
0.0144127
-0.285794
0.42651
0.225886
-0.0126163
-0.178773
0.155334
0.896384
-0.293598
-0.007301
-0.42585
-1.01872
0.318656
0.31486
-0.0822231
-0.204594
-0.418827
-0.78758
-0.605546
0.237052
0.101502
-0.849001
-0.256747
0.341095
0.258001
-0.0583618
-0.523789
-0.225005
0.0754638
-0.513645
0.273866
-0.785408
-0.759283
-0.612476
-0.352294
0.381177
0.446748
0.131514
0.0990189
-0.173891
-0.185186
0.560868
-0.337606
-0.106793
-0.252592
0.00646691
0.020853
0.434543
0.119962
-0.519847
0.0776768
-0.280754
0.44919
-0.0819768
0.0703215
-0.448815
0.236682
0.145188
-0.0858151
0.104914
-0.231403
-0.492567
0.113662
0.408017
0.441792
-0.341039
-0.151322
0.309465
0.12305
0.385365
-0.183241
-0.296402
-0.439766
0.130693
0.537148
0.00843574
-0.81192
-1.31685
-0.470859
1.24015
0.765047
-0.281077
0.590027
-1.55041
0.220083
1.18815
0.388908
0.364041
-1.08688
-0.535114
-0.76042
0.614717
-0.154934
-0.494737
-0.45158
0.0801522
0.973053
-0.5082
-2.00147
-0.704221
0.279846
-0.906834
-0.296834
-0.595575
-0.417658
0.0966317
0.00289513
-0.296873
-0.514207
0.321749
0.417822
-0.363482
-0.0837265
-0.178207
-0.325503
0.584658
0.310618
-0.030901
0.58673
-0.817575
-0.119166
0.348775
0.26277
-0.516839
-0.686726
0.0203346
-0.325627
0.677697
-0.609865
-0.871938
-0.420262
0.106532
0.807343
0.404943
-0.551694
-0.0364868
-0.120828
-0.436348
0.496458
-0.318477
-0.760173
-0.3086
-0.0629213
-0.129144
0.0681712
-0.247567
0.525165
-0.00234987
-0.343969
-0.538196
0.263552
-0.00224875
0.379713
-0.0654552
0.420104
-0.942287
0.148322
0.652615
0.453275
-0.172348
-0.770602
-0.211121
0.075408
-0.463118
-0.318478
-0.555977
-0.244954
-0.390925
0.441068
0.0828819
-0.551058
-0.476927
-0.220694
-0.586233
0.411362
-0.736595
-0.346144
0.510167
-0.22703
-0.442574
-0.227411
-0.0831891
-0.251957
0.247954
0.23065
0.0708635
-0.429715
0.427393
-0.206904
0.34264
0.0235277
-0.405026
-0.512402
0.250034
-0.559286
0.682032
0.089618
-0.167164
-0.114515
-0.342553
-0.0477271
-0.253331
-0.132601
-0.0969452
0.0164339
-0.200315
0.0415214
-0.12025
-0.26155
0.285409
0.0812648
-0.605953
-0.303124
0.107042
0.413454
-0.250835
-0.179315
0.227636
0.505311
0.0813282
-0.194032
-0.190061
-0.48692
0.482901
0.748046
-0.0572789
0.644357
-0.822436
0.233621
0.978058
1.13162
-0.702194
-0.387431
-0.7424
-0.871493
0.243007
-0.382402
-0.457818
0.101963
-0.393126
0.00401528
0.365061
-0.755672
-0.311017
0.265971
0.0130653
0.126818
-0.0484263
-0.390175
-0.793487
-0.66375
-0.0182025
0.32615
0.70619
0.0623232
-0.330533
-0.45004
-0.222364
0.110447
0.362002
0.383634
0.324567
0.651799
-0.857051
-0.0984941
0.577749
-0.0574296
0.124982
-0.216042
-0.282688
-0.195567
-0.185241
-0.838505
-0.344944
0.0810346
0.196542
0.346451
-0.387577
-1.11186
-0.239918
0.214544
0.598326
-0.229564
-0.714327
-0.890366
0.349855
-0.335214
-0.411473
-0.495008
-0.310548
0.658901
0.0432416
-0.417031
-1.43762
-0.104815
1.26202
-0.0230434
0.260191
0.750817
-0.830299
0.149126
1.28067
0.8338
-0.15057
-0.56484
-1.27778
-0.840458
0.357212
-0.766505
-1.03623
-0.203065
-0.0168677
0.0362158
-0.205033
-1.12275
-1.46924
-0.107472
0.268623
-0.284953
-1.19774
-0.404332
0.34853
-0.216901
-0.449681
-0.623071
0.697846
0.622262
-0.263584
-0.322617
0.32597
-0.478721
-0.158264
-0.0424681
-0.268962
0.456319
-0.432315
0.664392
1.21565
0.31667
-0.0129615
-0.515626
-0.624953
0.557974
0.257332
-0.67023
-0.404371
0.268924
0.270996
0.867529
1.14111
-1.08606
-0.463334
-0.34867
0.125592
0.288232
-0.752634
-0.631657
0.239865
-0.287889
0.0197788
0.0881557
-0.25453
0.26781
0.487857
0.328277
-0.514419
-0.571102
0.727991
0.553401
0.257545
-0.095833
-0.103099
0.453128
-0.0798531
-0.0743935
-0.087124
0.0788928
-0.308053
-0.630876
0.153778
-0.335724
-0.461632
0.27682
0.370635
-0.0246892
-0.187453
0.0719962
0.146543
-0.234526
-0.0211597
0.173814
-0.203744
-0.178619
-0.259454
-0.454617
-0.196602
-0.00756323
0.124985
1.21421
0.167809
-0.269369
-0.819663
0.0469271
0.916524
0.437565
-0.438142
-0.249625
-1.11385
0.164663
0.82782
0.749356
-0.258833
-0.830198
-0.836369
-0.535907
0.707997
-1.04083
-0.986576
0.211864
0.51826
0.419059
0.0827025
-1.75434
-1.68671
-0.415943
-0.872554
0.527014
-1.10223
-1.11731
-0.012684
-0.550134
-0.180115
0.00408942
-0.488033
-0.269096
-0.318942
-0.0218105
-0.0299662
0.214966
-0.960099
-0.256959
0.56125
-0.529949
-0.276917
-0.655481
-0.0301306
-0.205061
0.201708
0.250885
0.280344
-0.381858
-0.464372
0.171126
-0.2894
0.277703
-0.16305
0.290984
-0.157845
-0.331094
0.406261
0.208738
-0.0384595
0.368287
0.157816
0.113652
-0.499431
0.360548
-0.942252
-0.192777
-0.638432
1.07275
-0.256629
-0.914397
-1.67836
-1.10909
1.16828
0.147144
-0.607843
-0.10525
-1.57666
-0.255377
0.582926
0.568005
-0.608867
-1.87922
-1.92293
-0.971144
0.45997
-1.01141
-1.25703
-0.597415
0.41059
0.75512
0.1885
-1.79151
-2.1611
-0.559164
-0.627442
0.0959828
-1.51721
-1.75329
-0.367021
-0.742289
0.285214
0.225009
-0.413926
-0.0696132
0.0258977
0.393072
0.648432
0.182828
-0.325829
0.0149134
-0.449551
-0.060138
0.40222
-0.105828
-0.216781
-0.266258
-0.386471
0.273284
0.514235
0.339702
-0.277741
-0.0117903
-0.299253
-0.226789
0.236872
-0.630967
0.411288
0.358725
0.160568
-0.0504908
0.45525
0.30156
0.706299
0.318718
-0.389651
-0.145336
0.158888
-0.648951
0.183863
-0.551705
-0.738476
-0.356322
0.0843552
-0.182995
0.367315
0.547867
0.18117
-0.647912
0.103158
-0.0121074
-0.0538809
-0.146111
-0.866226
-0.141569
0.0966707
-0.197541
0.580173
-0.178768
0.317695
-0.0207333
-0.621068
0.306088
-0.436447
-0.273885
-0.239745
-0.668499
0.536425
-0.0258857
-0.0701169
-0.218848
-1.25926
-0.608262
-0.86494
0.157598
-0.212738
0.610613
0.143691
-0.75492
-1.63824
-0.551266
1.43864
-0.186015
0.0452599
0.0776176
-1.64216
0.114888
1.17332
0.913902
-0.197657
-0.862484
-1.00575
-0.743254
0.427385
-1.00708
-0.607
0.0327114
0.402196
0.468188
-0.0802592
-1.17809
-1.03076
-0.478865
-0.47675
-0.247605
-1.56663
-1.12373
0.12079
0.0281904
0.201589
0.0991584
0.303956
-0.248857
-0.451545
0.185558
-0.133059
0.0728106
-0.302738
-0.016041
-0.0192665
-0.312992
-0.557564
-0.274535
0.405557
-0.298366
-0.197139
-0.552935
-0.365954
-0.0310639
-0.339113
-0.234063
-0.026885
0.124451
-0.374034
-0.0622846
0.0507505
-0.307765
-0.120078
-0.00766181
0.427659
-0.382608
-0.108474
-0.680226
-0.753616
-0.15712
-0.139664
-0.34524
0.167096
-0.164158
-0.448659
-0.199183
-0.397525
0.484276
-0.306539
0.0791746
-0.126514
-0.152546
0.0596312
0.339482
-0.245472
0.251291
-0.0609301
0.0783704
0.101857
-0.090846
-0.335357
-0.0743575
-0.39277
0.0873006
-0.0718631
0.269101
-0.577071
-0.159879
-0.622983
-0.292466
0.354167
-0.283183
-0.124825
-0.374239
-0.391329
0.119727
0.0728087
-0.0191766
0.104682
0.366498
0.569382
0.391383
-0.501111
-0.254565
0.251714
-0.074514
-0.271592
0.722507
-0.356415
0.729327
0.699473
0.253536
0.729912
-0.228124
-0.211953
-0.29224
-0.245472
0.390843
-0.434841
-0.114
-0.00702987
0.128329
0.510158
0.208965
0.0811267
0.26995
-0.210511
-0.264372
-0.268708
0.439695
0.0139037
-0.308364
0.339784
-0.0803265
0.111096
-0.175638
-0.293644
0.053275
-0.345851
-0.396758
-0.224645
-0.383896
-0.1239
-0.187174
-0.120803
0.210845
-0.628978
-0.672687
-0.310075
-0.187203
0.0969954
-0.165185
0.077865
-0.241213
0.422426
0.165989
-0.385332
0.0869273
0.0325074
0.334505
-0.197374
0.0874357
-0.414265
-0.471353
0.311816
0.241232
0.109464
0.0990497
-0.192493
-0.257091
-0.558724
0.748954
-0.155445
0.207478
0.070036
0.188912
0.58608
0.404483
0.0449477
0.40734
-0.384636
0.158741
0.620341
0.294469
0.176971
-0.34277
0.0330941
0.455706
-0.512705
-0.203309
-0.325174
0.209112
-0.0477814
1.07451
-0.369857
-0.358246
-0.530657
0.135869
-0.557932
0.422469
-1.18004
-0.251605
0.784322
-0.0701457
-0.412615
-0.00958121
0.447997
0.961039
-0.342697
-1.23185
-1.26359
-0.435424
0.776973
0.388657
-0.469215
-0.0858828
-1.41495
0.0971734
1.19585
1.21962
-0.353903
-0.726029
-1.2143
-0.696355
0.279035
-0.859276
-1.28697
-0.563952
0.125734
0.450458
0.619229
-1.1536
-1.1257
-0.360684
-0.597037
0.394701
-1.17766
-1.33315
0.148799
-0.252403
0.18732
-0.0883915
0.831817
3.18166
0.0308792
0.162995
0.347348
1.18229
0.45084
-2.5056
-0.360596
1.68704
0.534658
0.0872528
3.41068
1.23837
1.64169
1.10718
0.803342
1.25179
3.02035
3.40542
0.295198
3.35095
-0.687221
3.25807
-1.01678
-2.54318
2.86216
-0.967931
-0.592575
1.29225
0.352261
4.06539
2.58758
