#input normalization
0.160818 0.27574
96.4031 88.8912
8.42485 36.5036
7.39878 31.3191
0.0108101 0.0445461
0.00825648 0.0348833
0.21457 1.02665
0.533212 1.14066
0.852666 1.36931
1.13865 1.63835
1.46435 1.89174
1.78915 2.15166
2.10761 2.39957
2.41202 2.62478
2.72319 2.83431
3.01545 2.99877
3.29373 3.13162
3.57158 3.24822
3.84437 3.32862
4.04871 3.35529
4.2502 3.35481
4.41494 3.30785
4.54863 3.24347
4.66562 3.16514
4.75954 3.06024
4.79268 2.91925
4.80181 2.75208
4.77902 2.56706
4.69426 2.34623
4.59805 2.12746
4.47533 1.89477
4.34894 1.67667
4.19875 1.46403
4.01899 1.2517
3.83136 1.04371
3.65785 0.854503
3.45292 0.669562
3.29022 0.507556
3.08972 0.349892
2.91009 0.2018
2.72991 0.0655243
2.56276 -0.0539103
2.39031 -0.165044
2.23132 -0.26541
2.04901 -0.363513
1.89441 -0.443817
1.7472 -0.519777
1.63366 -0.579301
1.5127 -0.638457
1.39689 -0.687526
1.26536 -0.738823
#output normalization
1 0
#neurons weights
0.463101
0.298214
-0.0100172
-0.0251114
0.135025
0.340463
0.163969
0.291891
-0.137291
0.402825
0.272518
0.373284
0.194518
0.276645
0.0849849
-0.245607
-0.0897176
-0.237681
0.0138224
-0.144322
-0.438304
-0.145807
-0.293371
-0.30644
-0.11017
-0.466699
0.0435423
-0.455291
0.394813
0.279208
-0.0729584
0.413759
0.0782393
-0.386322
0.139709
-0.122974
-0.203809
0.175965
0.0167741
-0.382267
-0.176042
0.0548712
0.065119
-0.124249
-0.272353
-0.175032
-0.254999
0.130248
0.441438
-0.442845
0.34877
0.275585
-0.83672
0.504263
2.62889
-0.922115
1.92679
-0.665833
-0.505775
-0.294907
2.04006
-0.342611
-1.70493
-0.138671
-1.41656
-0.266395
1.36583
1.6024
-0.921344
2.75088
0.983681
0.200359
0.138751
1.19507
0.510658
2.48377
0.963597
0.476907
-2.82958
1.43056
1.05604
0.821453
-0.982635
1.85244
0.181043
1.13621
1.50941
-1.02526
0.0982761
1.54406
-0.100293
0.380974
-1.41774
1.10888
-1.32621
0.113268
0.677471
0.461981
-1.02951
-1.78752
0.346385
0.412842
-0.0892714
0.541303
-0.372073
0.425606
-0.305979
0.470644
0.199771
-0.487054
-0.637968
-0.253622
0.585399
0.247527
-0.0391633
-0.229226
0.323353
-0.271346
0.507716
0.236108
0.112684
-0.6786
-0.325458
-0.547301
0.0248105
-0.460096
-0.258507
-0.321542
0.369415
0.0169911
-0.258741
-0.257163
0.247416
-0.0262442
-0.635536
0.597171
0.0382851
-0.494056
0.034533
-0.489508
-0.358315
-0.477176
-0.0433367
-0.294392
-0.153442
-0.294909
0.19319
-0.355992
-0.63237
-0.542152
-0.362008
-0.132556
-0.399715
-0.619754
0.78519
#synapses weights
-0.9359
-0.302429
-0.209907
0.324136
0.260111
0.195863
-0.00134742
0.0389732
0.0553535
-0.0327208
-0.280345
0.0552807
-0.314151
-0.25052
-0.0603771
0.133378
0.458077
0.124377
0.216235
0.0335487
0.0555113
-0.193761
-0.196514
0.190366
0.0591957
0.315241
0.0587835
0.214043
-0.478283
-0.436108
-0.48796
0.0744318
0.0547455
-0.00166009
-0.109328
0.183549
0.368956
-0.236368
0.458398
-0.274431
0.23388
-0.160783
-0.153043
0.212309
0.394089
0.323951
0.403114
-0.286589
0.499389
0.51943
-0.297545
-0.263262
0.742213
-0.785084
0.411719
0.0440136
0.174182
0.102278
-0.201324
-0.430804
0.600089
-0.396896
0.23814
0.0207129
0.107242
0.335512
-0.0602751
-0.105542
-0.236797
0.0295451
0.0375315
-0.262647
-0.00807598
-0.439458
-0.290173
0.0596598
-0.460302
0.520997
0.157107
-0.231874
-0.0898118
0.180319
0.177937
-0.0824677
-0.133053
0.0260312
-0.453745
0.135083
0.207848
0.48702
-0.135314
-0.433916
-0.451012
-0.437419
0.0502724
-0.295207
0.387462
-0.0802932
0.16706
-0.0203191
-0.361339
0.385197
-0.271882
0.15308
-0.510349
0.0755667
0.00180844
-0.0325832
-0.333609
-0.459057
-0.135458
0.110613
0.223369
0.446038
-0.203414
-0.0919811
-0.227052
0.519045
0.361487
0.457926
0.19044
-0.0278975
0.2387
-0.231132
0.428764
-0.34347
0.657291
-0.26141
-0.010839
-0.644597
-0.0493812
-0.0506547
-0.595368
-0.409065
-0.414641
-0.15904
0.164942
-0.0460399
0.199601
-0.382149
-0.239444
-0.267739
0.0950064
-0.360023
-0.0240783
-0.200865
-0.443621
0.0483769
-0.448004
0.35314
-0.0907662
0.012644
-0.26075
-2.42428
-1.05634
0.828989
-0.54335
1.38941
0.312326
-0.24706
-0.165106
0.15983
-0.239185
-0.155825
0.258207
-0.0992958
-0.0604899
-0.150256
0.186319
0.174425
-0.107564
-0.2445
0.0531033
0.293683
0.193389
-0.0546327
-0.0184859
0.453274
-0.20498
-0.030699
-0.361048
0.643756
0.161917
0.268879
-0.312708
-0.309209
-0.151852
0.194156
-0.222228
-0.104412
0.166513
0.0580512
-0.166522
0.451546
-0.277566
0.313816
-0.178891
0.132253
0.12081
0.11541
-0.086456
-0.317336
-0.0333708
-0.0400484
0.594893
0.416364
0.133147
-0.206532
-0.417296
0.22212
-0.0169607
-0.242115
0.0981812
-0.0301456
-0.0679338
0.451328
0.178868
-0.26478
0.828956
0.637387
0.284701
0.15367
0.251219
0.288806
0.357896
-0.538223
-0.420512
-0.198034
-0.281611
-0.0700208
-0.337523
0.590772
-0.12289
-0.00530738
-0.040064
0.495882
0.0115572
0.380598
-0.0237191
-0.136954
0.293201
-0.179935
0.305238
0.145149
0.499261
-0.192857
0.17705
-0.213189
0.0177946
0.0625253
0.203345
0.0960638
-0.11541
-0.0143447
0.291424
-0.146852
-0.91549
-1.10758
-1.38117
0.288157
0.160688
-0.418828
0.351821
-0.165908
-0.383167
0.258123
0.0703819
0.0740019
-0.0474925
-0.137424
0.08955
-0.0119331
-0.253742
0.0421929
0.059292
-0.4097
0.140585
-0.187337
0.218021
0.0862863
0.0657303
-0.258456
0.243108
-0.183345
-0.200206
0.0570048
-0.0776007
-0.193156
0.810708
-0.0181311
-0.187145
0.321742
-0.199895
0.0239528
-0.21436
-0.226632
0.262854
-0.0901308
0.643064
-0.100027
-0.208722
0.0387217
-0.218106
0.20692
-0.259062
0.145536
0.0380819
0.191563
-0.292468
0.255928
0.238392
-0.113989
-0.404169
0.604625
0.5624
0.63403
-0.611422
-0.187973
0.419271
-0.12707
-0.750387
0.557776
0.42297
-0.0149378
-0.138009
0.339395
-0.393006
0.0564649
0.233393
-0.0729907
-0.583339
0.394049
-0.15935
-0.063907
-0.0852383
-0.033068
0.0338873
0.515856
0.154408
-0.231933
0.495934
0.0281287
0.106134
0.228136
0.356333
0.0260202
-0.131575
-0.12908
0.234403
0.0988281
0.0216376
0.0693016
-0.154041
0.383082
-0.253131
-0.355012
0.413531
0.466428
0.357302
0.0736113
0.325892
-0.325739
-0.495188
0.445546
-0.391337
0.215136
-0.486596
0.296415
-0.23139
-0.526324
-0.360929
-0.0972872
0.0419192
-0.215849
-0.338998
-0.0968433
0.341088
0.0101371
-0.314295
-0.09253
0.0293425
-0.488376
0.240595
0.430247
0.506346
0.218003
-0.487266
-0.34087
-0.489291
-0.0991193
-0.0498049
0.435514
0.398538
-0.576457
0.27355
0.0748143
-0.153206
0.397322
0.287727
0.451514
0.470568
-0.481142
-0.0976366
-0.147627
-0.216824
-0.28127
0.31207
-0.288076
-0.662953
-0.73772
-0.478438
0.366329
0.562925
-0.334043
0.221498
0.180771
-0.073685
-0.242656
0.0392362
0.129355
0.425352
-0.0666485
0.186453
-0.235214
-0.517955
-0.100566
-0.0596085
-0.383498
0.144388
-0.452161
-0.856143
-0.27755
-0.36386
-0.200204
0.198846
-0.272311
-0.00426137
-0.213622
-0.141431
-0.382796
-0.114187
-0.351476
-0.135746
-0.317825
-0.0850365
0.347352
-0.362087
0.160357
0.0700163
-0.22318
-0.439752
-0.148943
0.284544
0.151879
-0.149063
0.132128
0.0207839
-0.311502
0.0533837
-0.386938
-1.033
0.389029
-0.0450455
0.269077
0.0180193
0.196568
-0.448766
0.412914
-0.0894274
0.241001
0.269992
-0.165218
-0.469462
0.00434102
-0.0579095
-0.133035
0.000579002
0.214988
-0.114729
-0.434353
0.181177
-0.0132904
-0.119543
-0.276073
-0.118117
0.376662
0.0848591
0.0388198
0.439251
-0.143104
-0.582531
0.415179
-0.0297527
-0.0605078
0.0972417
0.463126
-0.217995
-0.00700816
-0.038319
-0.0214776
-0.335736
0.141634
0.0569561
-0.201207
-0.227333
0.273199
0.447088
-0.521624
-0.0870504
0.391285
1.52464
-0.392972
0.93821
0.474452
-0.405
0.0336408
-0.372253
-0.247178
0.539573
0.424252
0.198592
-0.121186
0.411844
-0.68974
0.138641
-0.157393
-0.181284
-0.0476909
-0.117712
-0.0708774
0.0942916
0.144072
-0.0577252
-0.237518
-0.0304685
-0.0371067
-0.0896291
-0.580446
0.273611
0.0866575
-0.0940329
-0.583988
0.0451309
0.0631723
-0.492311
-0.496845
-0.248989
0.275499
0.485835
-0.0760775
0.409098
-0.207681
-0.00884724
0.0785908
0.189173
0.356439
0.674249
-0.201865
0.206413
-0.456335
-0.449756
-0.528274
0.30175
-0.0464531
-0.19971
-0.422557
0.259282
-0.329715
-0.834797
-0.98118
-0.562494
-0.513108
0.273653
-0.435248
0.608364
0.0635397
-0.316562
0.0975701
-0.424749
0.155788
-0.506002
0.542094
0.0749724
0.120747
-0.269307
0.309971
0.413122
-0.384847
0.410795
-0.120442
-0.210502
-0.221256
-0.275619
0.0634448
-0.191374
0.0651539
0.415236
-0.180781
0.322855
-0.20283
-0.780404
-0.217652
0.0493135
-0.220757
0.0123312
-0.035059
-0.248296
0.199078
-0.0788211
0.439387
0.459426
-0.110914
-0.523756
-0.444051
-0.0716782
0.104869
0.109876
-0.00524068
0.0749918
0.431331
0.303497
0.177571
0.060026
-0.654894
-0.715411
-0.583839
0.11409
-0.182718
-0.417681
0.107549
-0.281257
-0.20246
0.404496
-0.476645
-0.248487
0.0501684
0.248481
-0.525022
-0.176243
0.0113592
-0.496071
0.0294006
-0.316394
-0.294919
0.392704
0.452449
0.0903311
-0.551638
0.205771
-0.178797
0.145749
-0.368841
-0.325858
0.217036
-0.0659399
0.0743851
-0.12785
-0.312852
-0.218621
-0.272732
-0.301289
0.143152
0.0128567
-1.10092
0.946324
-1.81907
0.229616
0.366955
0.475752
0.0530876
-0.0748806
0.00317525
-0.162033
0.182256
0.181949
-0.134975
0.0948281
-0.398863
0.141479
0.238443
-0.226327
0.26985
-0.169253
-0.171276
0.0835345
0.164076
-0.241106
-0.145804
0.0309169
0.219991
-0.435415
-0.302195
0.0177442
-0.418427
-0.171632
0.224094
0.0180256
-0.103882
0.127051
-0.0302977
-0.0602851
0.0538663
0.0204899
-0.0651814
-0.458201
-0.0614097
0.513286
0.201375
-0.341324
-0.17539
-0.213146
-0.00740359
0.0556804
0.210136
-0.763592
-0.0857113
0.0567291
-0.0718322
-0.163038
-0.0434008
-0.262125
-0.444153
0.255086
0.235159
0.399034
-0.273295
0.181654
-0.271162
0.323492
-0.51768
-0.424957
-0.441144
-0.252614
-0.403335
-0.387432
-0.200083
0.384839
0.146593
-0.360799
0.284626
0.273366
0.281503
0.235292
0.222165
0.356792
-0.287689
0.121276
0.231553
-0.0874087
0.443185
0.559694
0.181222
0.364985
0.0421578
0.246131
-0.211874
-0.273954
0.243481
-0.16834
0.161147
0.643889
-0.332083
0.46729
-0.362607
-0.570725
-1.07145
-0.661965
-0.0333963
-0.0777291
0.0647812
0.0851126
-0.220956
-0.188383
0.0575151
0.328455
-0.548587
-0.111316
0.146992
0.15892
-0.160964
-0.0488734
0.25571
0.0792371
-0.0845882
-0.618068
-0.706091
-0.165134
-0.374846
-0.619186
-0.511841
0.228278
-0.436285
0.0772686
0.499188
0.0778326
-0.0553004
0.424975
-0.149979
-0.489374
0.240841
-0.140833
0.206268
-0.235637
-0.116033
-0.305393
-0.300167
-0.261641
-0.115717
0.346096
0.0571356
-0.0495621
-0.326417
0.324953
-0.122148
-0.27937
-0.202319
0.118274
-0.32428
0.271097
-0.330267
0.132194
-0.299878
-0.794653
0.0973083
-0.0688593
-0.357729
-0.208087
-0.238769
0.209559
0.116455
0.427522
-0.210264
0.636466
0.300993
0.0601922
-0.276092
-0.585436
0.184008
-0.0292456
-0.25585
-0.133293
0.191553
0.175586
-0.126123
0.0934861
0.19282
0.399539
0.061454
-0.0204424
0.022588
-0.218025
-0.437178
-0.00256939
0.0992543
-0.100667
0.0746194
-0.0441239
-0.150031
0.0774935
-0.197746
0.519742
-0.0633512
-0.584018
0.278996
-0.195147
0.13344
-0.242783
-0.352542
-0.0837881
-0.207878
0.0661173
0.513202
0.0804101
-0.0273403
-0.208596
-0.125199
-0.259951
0.165693
0.106548
-0.623846
-0.306488
0.144777
0.0501075
0.497776
-0.132238
0.187125
-0.565832
0.50036
0.223806
-0.0953113
0.523308
0.42536
0.176517
-0.087485
-0.323964
0.203337
0.469572
0.121894
-0.195373
-0.0496992
0.000674907
-0.17409
-0.124819
0.145451
0.303629
0.0332696
-0.486439
-0.342276
0.200959
0.190601
-0.295339
0.196124
-0.161408
-0.0644912
0.323342
-0.275316
-0.347362
-0.567757
-0.961876
-0.943318
-1.13199
0.0448103
0.426584
0.00242192
0.104271
-0.1632
-0.14309
0.388793
0.237718
-0.302854
-0.288014
-0.453189
-0.0687044
0.355716
-0.430766
0.213031
-0.164325
-0.178919
0.416617
0.0172449
0.32254
0.250746
0.411731
0.10139
-0.392685
-0.0249813
-0.099423
0.0146378
0.328729
6.58588e-05
0.0584074
-0.69203
0.0506264
0.66645
-0.0327122
-0.331127
-0.32746
-0.209503
-0.547357
0.471406
0.24156
0.400707
-0.459982
-0.0575607
-0.316887
-0.359512
0.229677
-0.29293
-0.0474944
0.296475
0.628132
-0.0300324
0.238322
0.136688
-0.0636961
-0.531683
-0.247835
-0.263111
-0.131429
0.570312
0.904188
0.953481
0.493747
1.20006
0.83676
0.450703
0.149293
0.56956
-0.10101
-0.237956
0.28981
0.0537946
0.349712
0.080201
-0.159619
0.0323436
-0.304501
-0.368186
-0.389493
-0.297789
-0.265247
0.14996
-0.183237
0.026258
-0.163619
-0.459256
-0.155831
-0.366874
-0.326528
-0.303936
-0.36067
0.607461
0.149086
0.371162
0.312794
-0.19003
-0.266745
0.279082
-0.356745
0.124255
0.302947
-0.0414316
-0.209324
0.114397
-0.613769
0.115437
0.584789
0.126159
0.151121
-0.0819046
0.274147
-0.104679
-0.346317
0.251298
0.220001
0.377122
0.519688
0.455411
-0.246183
-0.010977
0.121987
0.0421441
-0.0457149
-0.303312
0.428066
0.132187
0.463239
-0.0833566
0.139119
-0.00187805
0.385317
-0.0830139
0.287699
-0.131262
0.646764
0.109411
-0.262158
0.0245631
0.00246431
0.25703
0.417992
-0.181338
0.152452
0.022699
0.391738
0.0885784
-0.235007
-0.0756517
0.449795
0.238473
-0.0760195
-0.237908
-0.124627
0.571757
0.235276
0.0941738
0.119907
0.360032
-0.420095
0.453527
0.383834
-0.0501777
-0.313399
-0.54096
0.233627
-0.407749
-0.477406
-0.10832
0.387949
-0.506544
-0.229917
-0.0627168
-0.294361
-0.0130391
-0.277972
-0.425425
0.34832
-0.228625
-0.101673
0.0653954
0.377344
0.378128
0.0218937
0.39104
-0.354192
0.292099
0.521323
-0.039852
-0.382916
-0.0357627
-0.56357
-0.402298
-0.210796
0.247018
-0.144226
-0.3983
0.110113
0.461279
0.107621
-0.22389
-0.449083
0.0552244
-0.137966
-0.92444
-0.128097
0.389251
0.726879
-0.194223
-0.513819
0.392442
-0.00212162
0.294203
-0.0838029
0.199843
0.0833564
0.381457
-0.00547745
0.324722
-0.238853
-0.132958
-0.190851
-0.0831686
-0.0410361
0.280702
-0.397916
0.100779
-0.195219
-0.0752231
0.301866
-0.507612
-0.40601
-0.352149
0.518554
-0.405859
-0.0688192
0.360618
0.419013
-0.195372
-0.10865
0.0582496
-0.131124
-0.428278
0.00237491
-7.66307e-05
0.134318
-0.293084
-0.0307652
0.105367
-0.0496277
0.142679
-0.125426
-0.268366
0.050197
0.0570626
0.427321
-0.00689991
0.29082
0.134329
0.451632
-0.131017
-0.368905
0.321727
-0.0306806
-0.177716
-0.183113
-0.41719
-0.0754599
0.491691
0.439219
-0.157478
0.686421
0.727403
0.8599
0.856122
0.0351334
-0.166365
0.0442194
0.299223
-0.102193
0.522524
0.235666
-0.331266
0.123653
0.332733
0.447279
-0.273397
0.342658
-0.108966
0.427998
-0.449158
0.0839228
-0.179395
0.0060329
-0.0353579
0.122867
-0.0103304
0.177777
0.104655
0.0351274
-0.24548
-0.0632831
-0.464889
0.0408651
0.136444
-0.350994
-0.858155
1.47558
-0.335152
-0.0852375
-0.238482
0.344341
-0.251069
-0.523035
0.331549
-0.0902073
0.284883
-0.0824969
0.29735
0.00259406
-0.347484
0.131669
0.124
0.11565
-0.643425
0.492043
-0.023188
0.200874
0.11516
-0.0744775
-0.284977
0.0406719
0.0319278
-0.322838
-0.0606135
-0.0688887
0.319383
0.234994
0.102411
0.15397
0.403277
-0.358338
0.261897
-0.42314
0.142617
-0.150935
0.2977
-0.364356
-0.0428973
0.00994283
-0.0837679
-0.0129275
0.00600931
0.17409
0.225381
-0.231882
-0.839373
-0.562519
0.850965
-0.361599
0.282024
0.0204241
0.269936
0.200744
-0.205646
-0.00925273
0.34654
0.183392
-0.115689
0.339484
0.415632
-0.400431
0.0695635
-0.561247
-0.230539
0.219433
-0.275731
0.0253696
0.149304
-0.319802
-0.142615
0.183516
0.458023
0.329749
0.346352
-0.0629866
-0.0466427
0.0241503
-0.00560582
-0.468546
-0.127175
-0.270957
-0.318703
-0.0741481
0.222426
-0.239511
0.0265485
0.173632
-0.198369
-0.43829
0.371966
0.190552
-0.12831
0.324247
0.135061
-0.47653
-0.1276
-0.0827532
0.518163
0.0389204
-0.06249
-0.0218461
0.192943
0.521845
0.166862
-0.267935
-0.193561
0.258642
-0.424004
-0.211227
-0.155201
-0.479912
0.0337304
0.0676941
-0.410811
0.225107
0.343031
-0.132439
-0.286726
-0.085287
0.573654
0.530167
0.0486573
0.119083
0.0926555
0.267171
0.561101
0.570584
0.499919
-0.28219
-0.128842
0.188032
-0.274459
0.353544
-0.259357
0.277364
-0.124028
-0.189244
-0.367299
-0.358773
-0.321923
0.335613
0.569328
0.360328
0.499593
-0.000602683
-0.408768
0.578146
2.87861
1.16475
0.0626255
0.697055
-1.66266
-0.183535
-0.103797
0.121869
-0.234038
-0.00876088
0.0967505
0.0283982
-0.237882
-0.0546069
-0.189068
0.310805
0.197578
-0.340365
-0.129341
0.0505383
-0.523327
0.167146
-0.00778211
0.387936
-0.227506
-0.0109159
0.0235033
0.52243
-0.921039
-0.128433
-0.14794
0.0281018
-0.500414
0.141328
0.128258
0.218997
0.119962
-0.05893
-0.189288
-0.169527
0.0924448
-0.176382
0.0895442
-0.065754
-0.156185
-0.624185
-0.00806647
-0.176491
0.0977262
0.206604
0.279489
-0.272487
-0.233909
0.187827
0.102144
0.769631
-0.333843
0.0983471
0.90731
0.699707
-0.726983
-0.14325
-0.58288
0.0652695
0.429152
0.15
0.659698
0.0273721
-0.442502
0.0676743
-0.577708
0.456435
-0.11878
0.0681846
-0.203571
-0.372946
0.10508
0.0190512
-0.0509233
-0.0458546
-0.26021
0.583872
-0.127493
-0.434591
-0.431736
-0.0837569
0.0670915
0.426795
0.0130349
-0.230256
-0.0759814
-0.162568
0.0483581
-0.0886069
-0.115228
0.0584693
-0.00174149
0.145289
0.0445625
0.313102
-0.273153
-0.0320383
-0.367328
-0.308927
0.00958006
0.0824602
0.114906
-0.127672
0.02679
0.139689
0.541619
-0.300112
-0.208039
0.208778
-0.386688
0.00116041
-0.541191
-0.345007
0.195428
-0.233261
-0.13477
0.0393125
-0.0972699
-0.233726
0.363258
0.298685
-0.41012
0.070688
-0.340373
-0.622314
-0.415923
0.263423
-0.0244061
-0.175368
0.422542
-0.108991
-0.389022
-0.601492
-0.334958
0.0470946
-0.325524
0.234913
-0.2947
0.37639
-0.354138
-0.275541
-0.0977666
-0.420801
0.06647
-0.438947
0.333174
-0.43684
-0.257162
-0.467902
-0.324048
1.13392
-0.334416
0.135418
0.174094
-0.114488
-0.117986
-0.16701
0.374683
0.507094
0.386392
0.240512
0.228873
-0.429516
0.515022
0.0249563
0.0804327
-0.307164
-0.434693
0.106705
0.395104
-0.056413
-0.143134
-0.392005
-0.0414947
0.00500511
-0.303551
-0.0459904
0.29444
0.214638
-0.210234
-0.361615
0.00226235
-0.125056
0.0612274
-0.712131
-0.3513
0.252757
0.173577
-0.17871
0.311575
-0.178646
0.475912
0.247171
-0.102548
-0.39148
-0.42441
0.0964872
-0.0694249
0.0451382
0.019395
0.45183
0.192275
0.0515281
0.0508024
0.320074
0.147786
-0.305556
0.249635
0.523527
0.321657
0.162765
-0.145843
0.0639494
-0.20567
-0.234124
-0.175353
0.166353
0.177001
0.345237
0.170949
0.305132
-0.233454
0.122194
-0.0187899
-0.197465
0.112015
0.0866094
-0.00912957
0.34788
-0.564636
-0.00328513
0.0613308
0.133543
0.346533
-0.0916118
-0.129757
-0.136554
0.267217
-0.268885
0.120358
0.445411
-0.0925036
0.237628
0.0142971
-0.225306
0.0633901
-0.0652062
-0.0759127
0.150026
-0.0974044
-0.808253
-0.298471
-0.292516
0.0125658
0.801986
0.00716309
-0.187818
0.199228
-0.0720503
-0.170995
0.126639
-0.116599
-0.128095
-0.0470301
-0.542344
0.136601
0.418132
-0.363545
-0.27741
-0.274098
-0.139706
-0.421958
-0.0291307
-0.0701774
0.408672
0.114561
0.162179
-0.25109
0.44444
-0.0501848
-0.430402
0.150097
-0.600495
-0.234717
-0.289626
-0.614914
0.504977
0.479931
-0.223017
0.336065
0.0127094
-0.0505076
0.0722325
-0.12083
0.0855795
0.137968
-0.281846
0.338939
0.109883
-0.223774
-0.465559
-0.263369
0.686234
0.313904
0.0844857
-0.123044
-0.0418284
-0.325569
0.551319
0.272821
-0.0241246
-0.259078
-0.139263
0.566947
0.319789
0.124695
0.0477511
0.0381952
0.595591
0.0522824
0.729457
0.787878
-0.128812
0.202493
-0.0849284
0.0666069
-0.171269
-0.117503
0.401062
0.430212
-0.0385423
-0.231973
0.552521
0.237379
0.537695
0.164204
0.157635
0.478335
0.396996
-0.394931
0.167522
-0.295726
0.133855
-0.0528498
0.191683
-0.295891
-0.379024
0.0224467
0.422578
-0.064412
0.403272
-0.243233
-0.275757
-0.792963
-0.397581
-0.371911
0.785224
0.418968
-0.307316
0.0632469
-0.0860608
-0.488446
0.157251
0.487192
-0.266356
-0.314876
-0.388951
0.493918
-0.420199
0.0185501
0.220119
0.392621
-0.199854
0.0719418
-0.12896
-0.619296
0.35434
-0.26449
0.272845
0.00629382
0.0641656
0.343233
-0.604342
0.400189
0.352356
-0.867589
-0.417248
-0.217636
-0.575722
0.633739
0.0375457
0.244574
0.0981078
0.0781908
-0.0648347
-0.125132
-0.46629
0.470194
-0.0303614
0.0190798
-0.223447
0.0721433
0.190901
-0.801118
-0.118094
0.172393
0.0322206
-0.123691
-0.0268666
-0.000448334
-0.384327
0.226672
0.232401
0.151817
-0.52179
0.0680892
0.0838231
0.115389
-0.0468851
-0.18159
0.464822
0.203343
-0.0676739
-0.0143834
0.249486
-0.0481293
0.227067
-0.112673
-0.0847287
-0.531968
-0.757881
0.426424
0.124931
-0.42139
-0.40186
0.577953
-0.201271
-0.349638
-0.0644675
0.202614
0.216686
0.0179795
-0.28316
0.268606
-0.283102
0.0157762
0.260063
-0.293212
0.309363
-0.330273
0.393809
0.311639
-0.231343
-0.0671758
-0.354695
0.852336
-0.352951
0.277027
0.581796
0.349436
-0.13735
-0.449124
-0.131053
0.24241
0.425224
0.238355
0.279425
-0.067768
-0.411053
0.0293672
-0.120288
-0.183937
0.135117
-0.201557
-0.0299214
0.283369
-0.239176
-0.110143
0.0152502
-0.190963
0.72753
0.102449
0.00517596
-0.159551
0.392877
-0.0342451
-0.233053
0.00224917
-0.392811
-0.374569
-0.190492
-0.402344
-0.158298
0.157277
0.17719
0.102615
-0.250703
-0.362009
0.158056
0.443004
8.61326e-05
0.0422534
-0.410065
0.169752
0.0667556
0.83677
-0.0987657
0.0455366
-0.316552
-0.327685
-0.413219
0.374362
-0.265778
-0.314057
0.184506
-0.109556
-0.618481
-0.356421
-0.000798574
-0.537435
-0.233591
-0.547847
-0.191184
-0.361333
0.204668
0.144156
0.312601
0.302919
-0.0213833
-0.497668
-0.220405
-0.0508328
-0.0215149
-0.581695
-0.0205741
-0.439836
0.268334
0.142109
-0.216666
0.0431759
0.203519
-0.165055
0.270326
0.0603856
0.0459369
-0.251268
-0.200139
-0.279144
-0.027125
-0.291249
0.216307
-0.417907
0.301036
0.211694
0.458594
-0.0712725
-0.20964
-1.40731
0.260527
-0.105745
-0.308033
-0.394787
0.0594779
0.0934646
0.0878038
0.284138
-0.382563
-0.165072
0.306032
0.102688
-0.478128
-0.249725
0.304911
-0.191883
0.110264
0.308067
0.318978
-0.243943
-0.332297
0.139105
0.236738
-0.157532
0.108206
0.178401
0.13802
0.184889
-0.0573281
-0.00601159
-0.0622436
0.134845
0.1496
0.0164559
0.0599872
-0.263587
0.268036
-0.345802
0.192524
0.0712939
0.260047
-0.159667
0.144719
-0.290265
0.100469
0.220934
-0.295982
0.393288
-0.232536
-0.325034
0.0707299
-0.132078
-0.051838
-0.131066
0.0577898
-0.070029
0.407378
-0.0954558
-0.389925
-0.390539
0.149032
0.119913
-0.758507
-0.349037
0.254346
-0.503473
0.350554
0.207115
-0.31905
-0.493426
-0.454091
-0.389492
0.512043
-0.00034684
0.212753
0.649143
-0.271606
-0.146131
0.0315503
0.0587073
0.146353
-0.435764
-0.256307
-0.413295
-0.222561
-0.427859
-0.15694
-0.0128636
-0.0858925
-0.137743
0.129262
0.197426
0.00125071
-0.45406
0.0323975
0.0747776
-0.506509
-0.176506
0.27028
-0.18231
0.0995967
0.0074468
-0.411477
0.447436
-0.756867
0.425384
-0.118665
-0.131027
0.584032
0.183467
0.480884
0.209312
-0.236539
0.412409
-0.278165
-0.223967
0.395841
0.450732
-0.263861
-0.049084
0.424898
-0.150696
0.344471
-0.170446
-0.066145
0.145226
0.151415
0.384575
0.298249
0.16482
-0.424252
-0.301081
-0.0714128
0.435202
-0.220179
-0.367102
-0.501026
0.240853
-0.43447
-0.654662
-0.314537
-0.309533
-0.278005
0.0764066
0.351668
0.533474
0.0945128
0.433989
-0.011367
-0.333778
0.419634
0.0172908
0.892801
0.382787
-0.222463
-0.664528
0.146084
-0.0416254
0.900771
-0.334237
0.133831
0.05237
-0.0431852
-0.44042
-0.630946
-0.300933
-0.370406
0.442935
0.237677
-0.121683
-0.145486
-0.15239
0.0324884
-0.198455
0.0788154
-0.112054
-0.205281
0.401436
0.041491
0.328256
0.164596
0.306315
-0.401883
0.141736
0.230578
-0.230658
-0.15372
-0.0306578
-0.0909367
-0.376162
0.146078
0.461892
-0.155414
-0.421322
0.020197
-0.0136793
-0.26535
-0.0972333
0.831713
-0.495152
0.353432
-0.127279
0.0276999
-0.181578
-0.516455
0.477036
0.587936
0.11654
0.0474531
0.377759
0.285598
0.376645
0.095843
0.0445076
-0.449816
0.169979
-0.0309793
-0.214265
-0.198233
-0.524192
0.336719
-0.17725
-0.409067
0.503376
0.0763784
-0.20954
0.0101675
-0.362611
0.0799872
-0.482723
-0.610049
-0.20405
-0.400504
-0.124537
-0.439222
-0.192751
-0.00940514
0.0513612
0.05643
-0.0341227
0.177825
-0.472413
0.126834
-0.422241
-0.205226
-0.211797
0.252899
-0.0761813
0.227446
-0.0970605
-0.319698
0.302713
-0.262658
-0.136534
1.15009
-1.24252
0.689533
-0.435336
0.245291
-0.243941
0.629558
-0.0962849
-0.136216
0.0480929
-0.0823431
0.570264
-0.177634
0.135129
0.158547
-0.38826
0.2673
0.202417
-0.326421
-0.205643
0.0766154
-0.37598
-0.0483402
0.362027
-0.591318
-0.752475
-0.265893
0.511672
0.47344
-0.113589
-0.180891
0.115792
0.161397
-0.0237165
-0.285744
0.146633
0.00674955
-0.11108
-0.42043
-0.311017
0.703448
-0.0678956
-0.202562
0.0664904
0.208317
-0.0411284
0.0706335
0.248836
-0.0723224
-0.464277
0.277956
0.233607
0.177682
0.0773933
0.131925
0.0485523
0.515966
-0.0389009
-0.377416
0.133432
-0.443556
-0.0319025
0.737767
0.882935
-0.230725
-0.251516
-0.142161
0.307551
-0.0116839
0.384952
-0.0507807
0.0908547
0.45701
0.39626
0.247158
0.603768
-0.269812
-0.0141332
-0.277988
0.0338959
-0.29605
0.246056
-0.26325
0.288509
0.521031
-0.210478
0.157966
-0.0191027
0.112896
0.443994
0.13333
0.101945
-0.350091
-0.480642
0.0843585
-0.395806
0.0760397
0.203879
0.203263
0.363774
-0.166698
-0.767671
-0.467834
0.130019
-0.64663
-0.276525
-0.0719192
0.187143
0.549397
-0.350317
-0.672948
0.390817
-0.162971
-0.23033
-0.268076
-0.573646
-0.118938
0.14805
-0.025522
-0.635831
0.416742
-0.0221132
-0.277059
0.0560651
-0.309316
-0.107733
-0.568588
0.142672
-0.329713
0.3114
-0.293823
0.196449
0.0909237
-0.224433
0.259642
0.340549
-0.423025
0.209954
-0.102504
-0.0982335
0.33812
0.223936
-0.228971
-0.0911042
-0.274789
-0.228802
0.228702
-0.0822994
0.00300136
-0.0696828
-0.268519
-0.0280825
-0.261137
-0.27647
0.384083
0.12432
0.151187
0.208342
0.049662
0.417969
-0.63008
-0.0936282
0.103239
0.139862
-0.311436
-0.152842
0.117569
-0.307267
-0.0519889
-0.552127
-0.444765
-0.366178
0.208579
0.122112
0.240588
0.303109
-0.155176
-0.517304
0.381096
0.135978
-0.0460283
-0.0725805
-0.413619
0.00234894
0.170563
-0.528315
0.113086
-0.439218
0.0677604
0.107134
0.305792
0.171669
-0.294398
0.325091
0.135039
-0.588116
0.0232298
0.170203
-0.110764
0.658809
0.576927
1.08841
0.937782
0.454153
0.668256
0.249456
-0.194431
-0.267359
0.22396
-0.0361013
-0.262904
0.438813
-0.0407313
0.103854
-0.105888
0.0760436
0.61278
-0.313509
0.0271008
0.0997106
0.291707
0.0303973
-0.305004
0.164671
-0.359447
0.0992405
-0.390593
0.166266
0.168647
0.309293
-0.251047
0.221556
-0.094017
-0.221062
0.046551
0.132871
-0.441778
-0.34068
-0.0178906
0.272939
0.344814
-0.150869
-0.0563942
0.149664
0.03844
0.0759098
0.3974
0.0837172
-0.0900436
-0.0630879
0.213743
-0.0426025
-0.136706
-0.032289
0.567065
1.18015
0.0263474
0.0531344
-0.148859
-0.0400865
0.170125
0.0514997
0.0379981
-0.0126188
-0.0206281
-0.388564
-0.0500755
0.149239
0.101765
-0.451985
0.471585
-0.128068
-0.489089
0.295866
0.0951932
-0.231883
-0.0605499
0.508508
0.302982
-0.35573
-0.194417
0.142586
0.110534
-0.350057
0.14928
-0.103556
-0.277238
0.0937206
0.121289
0.054835
0.136209
-0.0528801
-0.282722
-0.438521
-0.13917
-0.126521
0.486962
0.196353
-0.175135
-0.326313
-0.312496
0.850977
0.046995
-0.246522
0.176409
1.14121
0.0217703
0.511667
0.122864
-0.398378
-0.245255
0.146735
0.141993
-0.345804
-0.0535936
0.219482
0.26463
0.553902
-0.0147692
0.0468471
0.0864992
0.370531
0.336213
0.179813
-0.206922
-0.0978808
0.316897
0.266305
0.0292379
0.33318
-0.277554
-0.382308
-0.134036
0.226453
0.593831
-0.400882
0.289604
-0.110341
-0.161783
-0.184629
-0.440531
-0.0946367
0.337344
-0.236286
-0.125761
0.232066
-0.366567
-0.14752
0.193498
0.483084
-0.031486
0.487244
0.174488
-0.443553
-0.0951169
-0.0312395
0.0727491
0.304949
0.048844
-0.109377
-0.346543
-0.118393
0.0590447
-0.143144
0.20721
-0.44952
-0.435772
0.166811
-0.0212682
-0.264823
-0.317528
-0.189042
0.147848
-0.139948
0.542061
0.155378
0.790521
0.46544
0.425739
0.0180796
0.303951
0.553143
0.461618
0.349096
0.498328
-0.0485288
-0.362785
0.283421
0.294655
-0.455549
-0.392402
0.364531
0.200642
-0.161952
0.119752
0.0221999
0.192421
-0.299941
0.0737058
-0.0502469
0.151757
0.108956
0.00973693
0.134175
0.15182
0.227233
-0.322495
0.284745
0.459095
0.306248
0.150173
-0.228117
0.0797894
-0.0267187
-0.137669
-0.0489325
-0.451447
0.207812
-0.369557
-0.0213992
-0.213709
0.673431
0.0837445
-0.162961
0.404187
0.750731
-0.0614548
0.730659
0.679978
0.273986
0.0500911
-0.131279
-0.167117
-0.156941
-0.137784
0.117847
0.106107
0.305541
-0.412338
0.356591
0.268376
0.00712085
0.212095
0.299801
-0.0264658
-0.0706913
0.406246
-0.307392
-0.0984169
0.363062
-0.0342185
0.315695
-0.277404
0.205628
0.00975961
0.217821
-0.457956
-0.136662
0.481123
0.494221
0.166378
1.03343
-0.277002
0.464627
0.173397
-0.296337
0.415833
0.491863
-0.237773
-0.244225
0.639278
-0.451573
-0.195418
0.266127
0.300521
-0.211066
0.642766
0.270778
0.266299
0.124827
0.233498
0.414401
0.810984
0.508705
0.411
-0.988035
0.445668
0.448595
0.426511
-0.404678
0.585404
0.161529
0.626754
0.856039
0.0874394
-0.499108
0.137508
0.4729
0.1026
-0.372361
0.63281
-0.61069
-0.540263
0.411557
-0.22251
-0.367558
-0.686995
-0.354767
-0.373882
-0.142643
0.109593
-0.0369148
-0.0395103
-0.25137
0.0840269
-0.411315
-0.295873
0.0364593
-0.614364
-0.270401
0.263164
0.535764
-0.0650997
0.0823706
0.213002
-0.153151
-0.199327
0.105956
-0.537331
0.185875
-0.20712
-0.270014
-0.27214
-0.391285
-0.836969
-0.0857604
-0.52896
0.427619
-0.101414
0.358547
0.259503
0.176904
-0.771559
-0.536336
0.328421
0.209528
0.257207
0.279772
-0.664372
-0.330376
0.214929
-0.0392963
0.220246
0.699612
-0.0469399
0.352736
-0.354391
0.551379
0.176345
-0.003549
0.00399577
0.347788
-0.116384
0.427218
-0.343837
0.174962
-0.122157
0.361581
-0.193674
0.103795
0.195494
-0.143735
0.119206
-0.426535
0.198001
-0.153867
-0.10637
0.0499998
0.33648
-0.409387
0.27226
0.157581
-0.458526
0.202514
0.24318
0.122766
-0.263808
-0.228423
-0.435777
-0.422001
0.117733
-0.178383
-0.169794
-0.237028
-0.265617
0.25969
0.0855619
0.074055
0.230102
0.188008
0.0419485
-0.33025
-0.331231
-0.27062
0.614939
-0.0990227
-0.259652
-0.254264
0.182782
0.240894
0.386126
-0.415666
0.224358
-0.0837694
-0.642006
0.0044669
-0.437876
0.221222
-0.323194
-0.634546
-0.0606129
0.086854
0.223551
0.105069
-0.529664
0.406859
0.313538
-0.15498
0.160396
-0.223468
-0.313459
-0.0597688
-0.243678
-0.275066
-0.320735
0.0825688
-0.518176
0.270183
-0.327645
-0.139968
-0.4279
-0.607396
0.0372946
-0.635969
-0.122181
-0.355483
0.0927163
-0.0938045
-0.307391
0.12419
-0.502599
0.0882235
-0.193424
0.250565
-0.457042
0.20281
0.165932
-0.140943
-0.594547
-0.125853
-0.577919
-0.146671
0.122361
-0.588545
0.219224
-0.678561
0.201566
0.519721
-0.0374352
-0.0598445
-0.194096
0.430585
-0.0328285
0.235051
0.394144
-0.151005
-0.368196
0.315743
0.287191
0.0453167
-0.180477
0.304151
-0.348664
0.331257
0.548861
0.0778865
0.406188
0.258915
0.520198
0.552136
0.240723
-0.0730443
0.358154
-0.14714
-0.276377
-0.365164
0.486706
-0.28561
-0.0120815
0.0396345
0.0311057
-0.0812264
0.101658
0.432484
-0.400327
-0.176464
-0.245166
0.548392
-0.296807
0.11295
0.287499
0.019966
0.543427
-0.188986
0.22987
0.381497
0.332041
-0.313291
-0.377635
-0.0246601
0.0621947
-0.0302308
-0.0722994
0.0528909
-0.312809
-0.359445
-0.0763406
-0.101607
-0.169597
-0.14575
-0.32609
0.182851
-0.0688563
-0.0284668
-0.075227
0.0773449
-0.62056
0.0504268
0.141145
0.250861
-0.259616
0.05722
-0.664546
-0.496719
-0.1793
-0.165027
-0.546172
0.227589
-0.373984
-0.0410764
0.369034
-0.174374
-0.136169
-0.350765
-0.652665
-0.57478
-0.726546
0.231679
0.140249
-0.491612
-0.291994
0.551885
-0.0829529
-0.0611884
-0.373573
0.100858
-0.00468086
0.0134241
-0.142031
0.250486
-0.0378109
-0.382566
0.326624
-0.451171
0.0914573
-0.284097
-0.142969
0.117451
0.103526
-0.498876
-0.522939
0.337673
-0.658121
-0.044136
0.0923381
-0.401526
0.299616
-0.576525
-0.398618
-0.176262
-0.508894
0.0433343
0.127816
-0.35686
-0.266431
-0.356285
0.307685
-0.374367
-0.0384734
-0.519316
0.316233
-0.33324
-0.0456987
0.26423
-0.541903
-0.198886
-0.561936
-0.128017
-0.00310684
-0.677809
-0.243714
-0.144925
-0.459947
-0.208436
-0.505127
0.00555498
-0.55568
-0.35485
-0.325678
-0.312836
-0.222453
-0.51756
-0.529473
0.177905
0.462631
-0.182979
-0.406775
0.179742
0.210107
-0.497779
0.0981089
-0.0659032
0.285748
-0.290441
-0.0428847
-0.0254271
-0.149932
0.057942
0.51431
-0.260811
0.156652
-0.769296
-0.405966
0.0496231
0.102301
-0.41799
-0.383257
-0.010266
-0.134459
-0.188451
-0.314967
-0.337328
-0.553349
0.051565
-0.140909
-0.109964
0.194749
-0.294792
-0.132579
0.106263
0.4353
0.203364
-0.605931
-0.418568
0.00535765
-0.228269
-0.542584
-0.135851
-0.0540214
-0.275866
0.0139887
0.0356776
0.250643
0.0547422
0.221222
0.461443
0.235939
0.0706293
0.231721
0.170676
0.0700739
-0.215389
-0.292285
0.430407
-0.297967
-0.0626696
0.315502
0.0194196
-0.0624185
0.574763
0.122307
-0.114666
0.352865
-0.166428
0.373781
0.396318
-0.147783
-0.201248
0.182202
0.520276
-0.475801
0.160701
-0.163137
0.183255
-0.257699
0.148552
0.335054
0.144594
-0.127132
0.395584
0.012014
0.0738923
0.347057
-0.133845
-0.267522
-0.364769
0.566874
0.28583
0.271405
-0.219489
-0.0558725
-0.188935
-0.329763
0.457616
0.15273
0.41844
0.155773
0.403045
-0.0744485
-0.0166783
0.54623
0.455581
0.155291
0.176488
-0.245275
-0.326608
-0.248203
0.716145
-0.0918843
-0.316449
0.378241
-0.607482
0.108285
0.101231
-0.176633
0.810205
0.104337
-0.0620676
-0.363954
0.464278
-0.294004
-0.373588
0.366325
0.0445323
0.135194
-0.295903
0.470812
0.303552
-0.37233
0.599218
-0.330559
-0.0587154
-0.0461886
-0.188566
-0.504738
-0.240918
0.368028
0.591819
-0.478254
0.182914
0.803162
0.226102
0.0579543
0.368867
0.804231
-0.307656
0.689134
0.484957
0.372902
-0.084656
-0.0960252
0.162455
0.0884179
0.163531
0.491165
0.0476414
-0.116396
0.184856
-0.234495
0.151738
0.422578
0.395128
-0.248193
0.145548
-0.0149677
-0.155746
-0.302323
-0.393181
0.324079
0.455271
0.192749
0.410623
0.293201
0.303313
0.285995
-0.109115
0.480147
0.47441
0.0525688
-0.137471
0.436172
0.286083
-0.039325
0.242539
0.227573
-0.358819
0.112832
-0.33801
0.0646253
-0.253402
-0.278483
0.46039
0.413103
0.111343
0.41906
0.195592
0.288199
0.348914
-0.149654
0.444919
-0.241387
-0.358947
-0.306113
0.380618
-0.490331
0.252787
-0.281432
-0.126826
0.0590053
0.495817
-0.212898
0.0746515
0.0159402
-0.226092
0.0189831
-0.274255
0.102933
0.441896
0.244518
0.329171
0.252151
0.0697942
-0.25548
-0.397796
0.691474
-0.157729
0.0526539
0.0329833
-0.236015
-0.196044
-0.113072
-0.17229
0.301374
0.197119
-0.13508
-0.126775
0.0330698
0.0324617
0.360561
-0.104892
-0.0279434
-0.162546
0.418672
-0.548076
-0.179616
0.488855
-0.124568
-0.214618
0.000481319
0.718113
0.292551
0.165927
-0.28723
0.167176
-0.0251574
0.00473765
-0.00127578
-0.162918
0.289008
-0.110033
0.296807
-0.181574
0.0820507
-0.627553
0.128607
0.255038
0.0406972
-0.498363
0.0940303
0.268271
0.0648408
0.0112074
-0.0208324
-0.305033
-0.27103
0.316851
-0.33703
-0.401559
0.0393153
-0.330873
0.284831
0.285007
0.066963
0.204426
0.278348
-0.000239813
-0.193554
0.291928
0.531708
-0.285712
-0.570732
0.193845
0.552598
0.0404513
-0.00611791
0.604143
0.308582
-0.186962
-0.0478324
0.0123241
0.165646
-0.0888672
-0.0973146
-0.366683
-0.120907
0.506246
0.0649501
-0.00387462
0.561302
-0.270049
0.40912
0.489278
0.562398
-0.265642
0.158888
0.23347
0.364875
0.626635
-0.068267
0.579078
-0.0870666
-0.219423
0.348303
-0.218713
-0.139055
0.353327
-0.103663
0.172296
0.204641
0.426124
0.39409
0.253077
0.163565
0.616318
-0.125177
-0.0914639
-0.267895
-0.198142
0.386452
-0.0239141
0.349474
0.689626
0.397104
-0.212964
-0.224322
0.390571
0.385361
0.221497
-0.280129
-0.093426
0.585126
0.762351
0.253156
0.174637
0.576624
-0.10535
-0.0055246
0.0065869
0.0113798
0.57324
0.320073
0.00627963
0.353386
0.236949
-0.173056
0.569494
0.480516
-0.090847
0.0892735
-0.461323
0.010441
-0.0238167
0.124454
0.418618
0.0431714
0.276126
0.437991
0.378567
-0.0197103
0.172255
-0.243324
-0.0963006
-0.388738
0.114162
-0.102024
-0.256582
0.400013
0.0437969
-0.195615
-0.274619
-0.396655
-0.229765
-0.368062
-0.020113
0.347598
0.0600482
-0.305536
0.154035
0.425858
0.512612
-0.318478
-0.103234
0.367302
-0.0800218
0.400632
-0.23169
0.182248
-0.105727
0.296834
0.4187
-0.11859
0.53462
-0.0621712
0.116851
0.129342
0.282786
0.243701
-0.00849044
-0.123703
-0.233089
-0.255212
0.300341
0.0195236
0.337869
-0.0711258
-0.29396
-0.12304
0.411722
0.432424
0.475696
0.0777236
0.269579
0.163464
-0.434735
0.49814
0.437241
0.104436
0.0278068
-0.196997
-0.0844801
0.0263742
0.0971018
-0.0401739
-0.230927
0.174954
-0.277073
0.460472
-0.126572
0.368903
0.0956159
0.0811889
0.39262
0.29815
-0.298162
0.434817
0.0742821
-0.204347
0.383217
0.00358766
0.183676
0.163826
-0.371741
-0.251981
0.264669
0.556153
0.505509
0.515249
-0.120428
-0.236931
-0.465512
0.561579
-0.139273
-0.554658
0.0599422
-0.189586
0.419102
-0.464621
-0.069552
0.610222
1.00891
0.257127
0.150184
0.0799871
0.562019
0.323668
0.237512
-0.0672403
-0.631554
-0.350369
-0.094562
0.578668
0.565435
0.324828
0.55262
0.237718
-0.458185
-0.290312
0.0562504
-0.416246
-0.368581
0.364939
0.481554
-0.0666509
0.120294
0.314502
-0.226011
0.0131118
0.551429
0.139657
0.314201
0.125418
0.393443
-0.269199
0.416394
0.276321
-0.782575
0.19452
-0.292379
-0.326288
-0.215631
0.12127
-0.682786
0.233492
0.508956
-0.164003
-0.143539
-0.506192
-0.536493
-0.346132
0.379482
-0.685669
-0.360541
0.101106
0.165284
-0.126969
0.222642
-0.82502
-0.62877
-0.419491
0.673438
-0.566579
-0.192237
-0.0971347
0.308978
-0.614974
-0.0955134
-0.176646
-0.897128
0.290461
0.552911
-0.356885
-0.21332
0.0150605
0.508119
-0.833163
0.308299
-0.0149372
-0.0873699
-0.46641
0.00146371
0.436501
-0.48682
0.31211
0.683766
0.0746091
-0.202873
-0.506015
-1.12775
0.62932
-0.733902
-0.314657
0.00305083
-0.853444
-0.85816
-0.225408
-0.068978
-0.180059
-0.198153
-0.618471
-0.577902
-0.180029
-0.529642
-0.340351
0.0196144
0.115377
-0.0567912
-0.638229
0.216238
-0.814498
-0.463136
0.255665
0.754917
-0.362774
-0.109818
-0.583997
0.2027
-0.929701
-0.448112
-0.680821
-0.524211
0.0514306
0.270886
-1.01016
0.296701
-0.573745
0.276097
-0.373991
0.137392
0.346833
-0.306535
-0.631407
-0.257305
0.0875766
0.0998056
-0.0558032
0.303981
-0.462716
-0.476632
0.202652
-0.617393
-0.595559
0.0395177
-0.251303
-0.334766
0.580385
0.225444
-0.49858
-0.379512
-0.0344037
-0.38741
0.135296
0.487033
0.177331
0.211494
-0.259336
-0.557194
-0.120202
-0.25703
-0.0940995
-0.086266
-0.286275
0.524252
0.169665
0.259793
-0.0376071
0.22488
-0.295522
-0.238065
0.410675
-0.0522211
-0.045505
-0.313183
0.204776
0.123792
-0.172208
-0.385173
-0.14966
-0.0166848
-0.0311735
0.191593
-0.18304
-0.363327
0.335327
-0.378142
-0.101903
0.380783
0.285558
0.0955732
0.302236
-0.506983
-0.334655
0.117395
0.103316
-0.201376
0.140899
0.497079
0.43596
-0.138073
-0.317452
-0.476919
0.215455
-0.408919
0.278743
0.0767186
0.207208
-0.233216
-0.278588
-0.170432
-0.150768
0.422766
0.292863
-0.0331216
-0.214365
-0.412587
0.350055
-0.520032
-0.151571
-0.507164
0.128237
-0.210316
0.369918
-0.13582
-0.413905
-0.334013
-0.354675
-0.398678
0.447239
0.0796882
-0.182533
0.335191
-0.340109
-0.443701
-0.297525
0.0705831
-0.438722
0.256293
-0.145596
0.485602
-0.264481
0.0967633
-0.247338
-0.432526
0.450563
-0.150051
0.521116
-0.0432008
-0.0288092
-0.232281
-0.161386
0.263674
-0.260179
0.691042
-0.517095
0.0248088
-0.348834
-0.0014733
-0.0667765
0.232481
-0.804524
0.0394943
-0.370563
-0.295981
-0.278813
-0.233083
-0.848803
0.229107
-0.243063
0.685146
-0.342797
-0.18779
-0.298509
-0.0711944
-0.0484099
0.00646472
-0.0775576
0.097368
0.129173
0.387568
-0.387797
-0.45066
-0.538471
0.116832
-0.334713
0.511672
0.410612
-0.392137
0.282264
0.032361
0.49229
0.305233
-0.125317
-0.303919
0.130446
0.27439
-0.230514
0.357515
-0.0582594
-0.653707
-0.0432398
0.157405
-0.292786
0.173927
0.180428
-0.229366
0.271905
-0.0650454
-0.135616
-0.481971
-0.344654
-0.707395
-0.449593
0.0912694
-0.227247
-0.473483
-0.588623
0.159604
-0.0717843
-0.154109
-0.21567
0.385509
-0.030098
-0.314717
-0.455041
0.0452845
0.335231
0.142177
-0.586668
0.27113
-0.1908
-0.356815
-0.296966
0.161288
-0.441527
0.372795
-0.330215
0.24033
0.0148912
-0.486743
-0.308087
-0.116875
-0.267871
0.119271
0.258325
0.149801
-0.435576
0.58558
0.107867
-0.34511
0.143355
0.30008
-0.72593
-0.45279
0.160291
0.273256
0.143408
-0.0920789
-0.0415654
0.177238
0.292674
0.0199186
-0.553761
0.0714919
0.189738
0.352036
0.332448
0.22732
-0.420013
-0.432008
-0.373318
-0.489979
-0.543316
0.398687
-0.384067
0.230999
0.0622589
0.48955
-0.302881
-0.320971
0.132153
-0.12897
0.0970983
-0.564182
-0.343583
-0.175498
0.413219
0.334805
0.110936
0.268638
-0.226145
0.246823
-0.192227
0.102616
0.288459
-0.13747
-0.345589
0.261764
-0.242687
0.809086
-0.259997
0.0803265
0.72902
-0.778603
0.203664
0.149933
-0.759956
-0.620117
0.166633
0.673543
-0.0654512
0.526508
0.024371
-0.378481
-0.401298
0.254868
-0.844129
0.235759
-0.0710871
0.108076
-0.591703
-0.529323
0.015418
0.349966
0.0185935
0.838906
0.1722
-0.13644
0.156133
0.404679
-0.0968994
0.0163086
0.233302
-0.665447
0.377472
-0.386556
-0.770161
-0.0530796
0.0925065
0.717312
-0.340567
0.26233
-0.0320785
0.43477
0.270367
0.134736
0.678678
0.111702
-0.285941
-0.0622938
0.43504
-0.53237
0.136703
0.336176
-0.475156
0.24988
-0.20144
0.362694
0.418406
0.150685
-0.16818
0.0942392
-0.0105145
-0.260589
0.160242
-0.105408
0.256272
-0.159125
-0.034153
0.453512
0.200255
-0.345277
0.0762233
-0.257929
0.305154
0.567727
-0.366994
-0.315758
0.363997
0.0864931
0.128899
0.220982
0.31688
-0.26298
0.0118877
0.427822
-0.156251
-0.14949
0.737258
-0.0388738
-0.371138
0.0274757
0.0704326
-0.79558
-0.143613
0.36417
0.151921
-0.226892
0.227555
0.331505
-0.415488
0.195729
-0.605686
0.473689
0.316526
0.376786
0.385759
0.385387
-0.104227
0.196375
0.23466
0.0838754
-0.251548
-0.169391
-0.419261
0.33376
-0.330741
-0.1207
-0.233347
0.251308
-0.265572
0.143729
0.148817
-0.483845
-0.370514
0.0907573
-0.424785
-0.629326
-0.390566
0.277617
-0.584429
-0.0398234
-0.499636
0.0625374
0.140421
-0.529731
-0.499528
0.300543
-0.100047
-0.543208
-0.458727
0.289905
0.0743213
0.396893
0.204826
-0.170471
0.338929
-0.201357
0.040052
0.166186
0.292866
-0.266313
0.249558
-0.597185
-0.285867
-0.458651
-0.234638
-0.423648
-0.081946
0.290276
-0.581458
0.340749
-0.120468
0.356673
-0.297253
0.400398
0.0154831
0.0575883
0.410693
0.24109
-0.388754
0.386059
-0.285591
0.456869
0.446147
0.382338
0.381994
0.324258
0.0384348
0.471004
0.0394409
0.201848
0.47583
0.0168931
0.0826986
0.127784
-0.105831
0.145276
0.24457
0.363956
0.290185
0.0794977
0.0323165
0.177703
-0.363879
0.250973
-0.208674
-0.0388434
-0.254096
-0.378696
-0.278633
0.381138
0.457039
-0.19088
0.379869
0.281504
0.348999
0.570802
0.0741415
-0.0840924
-0.0445217
0.153632
0.184315
0.466554
0.266913
0.485967
0.183753
-0.185603
0.525417
0.518199
-0.190712
0.204467
0.444308
0.397208
-0.121817
0.393697
-0.238199
0.0349655
-0.221207
0.381591
0.444537
0.289347
-0.291176
0.497852
0.485948
-0.160289
-0.251365
-0.345854
-0.317232
0.517299
0.217187
-0.25401
0.441207
0.384146
0.490181
0.0628452
0.435952
-0.372287
0.323743
0.13241
0.040484
0.568845
0.317552
0.129875
0.193655
0.238987
0.0779218
0.22399
-0.219392
-0.508079
0.333632
0.20687
0.0788776
-0.0712114
-0.632312
-0.446764
-0.241207
0.530353
-0.499428
-0.339804
0.425118
0.0797827
-0.538896
0.489769
-0.333483
-0.459318
-0.0578202
0.0788252
0.10759
0.283445
0.263533
0.0701697
0.13229
-0.0373411
-0.126978
0.214859
-0.337633
0.147467
0.121406
-0.461045
0.31398
-0.105828
0.382787
0.492534
-0.146961
-0.477207
0.383408
-0.20883
0.233709
-0.549959
0.49871
0.0420775
0.0572582
-0.245729
-0.157355
-0.424981
0.212596
0.46918
-0.0977403
-0.103582
0.21485
0.232763
-0.464924
-0.227636
-0.387171
-0.0964709
-0.00569497
0.828514
-0.0191773
0.158828
-0.071001
-0.0139434
0.0954733
0.495483
0.533589
-0.265945
-0.20623
0.0886483
0.414124
0.361815
0.469342
0.497943
-0.401742
0.579096
-0.214827
-0.148833
0.0769909
-0.386766
0.134577
0.232532
-0.212254
0.344266
0.372477
-0.267476
-0.29599
0.445029
-0.0309514
-0.220547
-0.0430503
0.0341147
-0.26986
-0.001842
0.359416
-0.217435
-0.33656
0.0891302
-0.18373
0.0344068
-0.0797022
0.0642844
-0.0184273
-0.104177
-0.312675
-0.238262
-0.626919
-1.21161
0.854563
-1.41839
-0.215446
0.331668
-0.370645
-0.928158
-0.25693
-0.531027
-0.67569
0.180813
0.233023
-0.841301
-0.76988
-0.396077
-1.09704
-0.152566
0.20179
-0.977311
-0.72965
-0.771282
-1.52595
-1.38964
-0.226728
0.985865
-1.00003
-0.267521
-0.682696
0.309368
-1.21568
-0.149264
-1.06477
-0.82582
-0.237201
-0.013576
-1.12667
-0.300936
-0.159896
0.000181157
-1.02105
0.994331
0.243173
-0.724731
-0.308096
0.299766
0.396145
0.329554
-0.29917
0.0271069
0.264237
0.426458
0.284478
0.0491787
0.162623
0.0166506
-0.0777286
-0.232434
-0.311414
0.282958
0.217005
0.351713
-0.385452
0.209711
0.236585
0.555383
-0.0348142
-0.192469
0.129683
0.633883
-0.0270357
-0.219587
0.234864
0.648054
0.362061
-0.194887
0.484752
0.503592
0.0867595
0.666143
0.09641
0.138761
-0.0423455
0.615373
-0.190107
-0.300619
-0.093704
0.195409
-0.0654381
0.507721
-0.0506953
0.273105
0.35469
0.447728
0.481503
0.180649
0.542844
-0.175179
0.599919
-0.33865
-0.135147
0.507905
-0.461138
0.0696367
-0.136729
-0.371208
0.0813881
-0.94229
-0.071364
-0.120315
-0.499887
0.224325
0.157432
0.633371
-0.0473381
0.96484
0.399869
-0.180392
0.0972886
0.718009
-0.509537
-0.229041
-0.369676
0.252622
-0.122568
-0.130632
-0.667783
0.116399
-0.471155
0.669244
-0.599468
-0.0293848
0.228247
0.636936
-0.074235
-0.373331
-0.416594
-0.35733
0.422595
0.874059
-0.751953
-0.332842
-0.344145
0.274414
-0.852117
0.157936
-0.0159865
-0.430546
-0.0571618
0.0614154
0.684341
-0.192125
0.509281
0.158987
0.24092
-0.412804
-0.00940574
0.165394
-0.515754
0.213075
0.641943
-0.21854
-0.559465
-0.701248
-0.391089
-0.169922
-0.635022
0.426138
0.167557
-0.12264
-0.590324
0.213852
0.409439
0.36263
0.0322442
-0.330744
0.478138
-0.282725
-0.675859
-0.125173
0.467875
0.0380639
0.3507
0.0083706
-0.359827
-0.346288
-0.0311364
0.342859
0.112214
-0.00142752
0.496409
-0.500621
-0.347498
-0.0689975
-0.377453
0.145845
-0.499718
0.0351544
0.225594
-0.35425
0.450561
-0.561934
-0.000409334
-0.503009
-0.174869
0.346139
-0.191217
0.16606
-0.359383
0.415632
0.0252042
-0.164727
0.516214
-0.293471
-0.567853
-0.386075
-0.666775
0.237173
0.0208839
0.379383
-0.0909417
0.0774707
0.021367
0.370058
-0.283142
0.314881
0.1739
0.299264
0.0138926
0.166904
-0.568551
-0.282998
-0.0414314
0.162889
-0.0793694
-0.173047
-0.387139
0.395885
0.130081
0.197837
-0.341813
-0.632758
0.73995
-0.556766
-0.737344
-0.125467
-0.614433
0.658958
0.316666
0.759555
0.273742
-0.104472
-0.267678
0.748211
0.366265
0.12067
0.302449
-0.00133033
-0.13721
0.289768
-0.365642
-0.235019
0.410964
-0.764714
0.141689
0.306964
-0.706003
-0.313876
0.38067
0.0931864
-0.0348214
1.12515
-0.0328994
-0.425117
-0.453511
-0.0301064
0.308678
-0.439666
-0.430568
0.406228
-0.354582
0.280795
-0.228818
-0.450416
0.0839511
0.969167
-0.240385
0.803289
-0.0651351
0.313215
-0.229028
0.0292086
-0.41045
-0.0962226
0.20857
-0.0553897
-0.342282
-0.481779
-0.372738
-0.244788
-0.673859
0.905257
0.18877
-0.402505
0.0365633
1.05093
0.717933
-0.0997157
-0.280467
-0.228688
-0.312911
-0.0342681
0.103506
-1.20425
0.0971999
-0.799605
0.25294
-0.143584
-0.328867
-0.754713
0.512298
-0.0731792
-0.207714
0.733707
0.166173
-0.696909
-0.911356
-0.0253659
-0.859237
0.222844
0.641537
-1.11595
-0.520428
-0.805797
-1.35051
-1.33142
-0.135377
0.852096
-1.05313
-0.674032
-0.729958
0.030399
-0.837416
0.292325
-0.969305
-0.921085
0.435209
0.16967
-1.20732
-0.774314
-0.617959
-0.395498
-1.36542
1.04113
0.223061
-0.249724
-0.753157
0.213727
0.766432
-0.319092
0.0361742
0.785713
0.150691
0.104669
0.357035
0.120165
0.026421
-0.519469
0.137727
-0.023043
-0.695043
-0.0881089
0.117905
0.0841205
-0.409427
0.8783
-0.441606
-0.420027
-0.427094
0.452148
-0.467376
0.231546
-0.0307566
0.135464
-0.338019
0.131591
-0.578831
-0.616578
-0.0621218
0.0505328
-0.0877165
-0.125028
-0.473957
-0.182984
-0.20032
-0.272334
-0.302419
-0.588616
0.476077
0.155145
-0.143971
0.189712
0.177689
0.190937
-0.137918
0.43043
0.600852
0.0493252
-0.0322535
0.255565
-0.137732
0.0932457
0.393419
-0.144475
0.50245
-0.13237
-0.058128
-0.0588378
0.179756
0.213328
0.0649595
-0.140041
-0.0514785
0.0506937
0.078484
-0.348923
0.353455
-0.21652
0.321754
0.0151083
0.449555
-0.0910849
0.510927
0.300603
-0.225356
0.528862
-0.253116
0.50252
-0.0135027
0.142147
0.223781
0.434712
0.56524
0.60134
-0.0486382
-0.00844415
-0.245761
-0.0121554
0.194578
-0.225699
-0.249919
-0.217523
0.207325
0.0947354
0.247261
-0.059701
0.612959
0.235634
0.513507
0.198466
0.170571
0.188802
-0.08567
-0.0397593
0.298407
-0.242018
0.283853
-0.174918
-0.146596
0.194844
0.510912
-0.176981
0.459785
-0.30615
0.131073
-0.0479966
0.198
-0.0881171
-0.26688
-0.159177
0.357129
0.0296228
0.434352
0.439121
-0.0102222
0.215413
0.595874
0.471439
0.0632992
-0.184576
0.478458
-0.321176
0.0876143
-0.103613
0.428691
0.444721
0.542026
0.0632526
-0.118898
-0.279926
0.235316
0.196408
0.370379
0.0700463
0.182787
-0.374005
0.0488175
0.521618
-0.415962
0.614035
0.127242
0.0294531
0.274322
0.240784
0.365227
0.261092
0.422395
-0.0103814
0.195336
0.0657518
0.541862
0.0932373
-0.221241
0.0311295
0.341065
-0.416021
0.349439
0.421887
0.218473
-0.311765
0.0562128
-0.268783
-0.536983
0.362133
0.0239588
0.184896
-0.347708
-0.0636095
0.00900055
-0.0373088
-0.236957
-0.169359
0.587064
-0.253442
-0.5381
-0.0690736
-0.344011
0.286445
-0.0259311
-0.232343
0.234129
0.0185139
0.0768821
-0.0947638
0.288922
-0.0236918
0.565334
0.298512
-0.267184
-0.496927
-0.00709559
0.273197
0.0676763
0.126509
0.144306
-0.261018
-0.00812841
0.193054
-0.564967
-0.12637
0.280185
-0.4356
-0.0799768
0.634087
0.342492
-0.245178
0.267809
-0.34105
-0.170277
0.636091
-0.488162
0.116349
-0.366471
-0.243121
0.367784
-0.0757946
-0.00252026
-0.111246
0.514409
-0.510618
0.468379
0.355849
0.439864
-0.153773
0.0563237
-0.0432137
0.0757762
-0.184574
0.00062237
0.334395
0.392407
-0.0736029
-0.128504
0.355557
-0.0801484
0.460217
-0.452147
0.32738
-0.133105
-0.177572
-0.220479
0.170194
0.26889
0.370711
0.416683
0.463928
-0.183699
-0.294729
-0.455843
0.272565
0.262641
0.065162
-0.0710125
0.272585
-0.14214
-0.145358
0.463805
0.255521
0.0799325
0.225552
0.496338
-0.0399795
0.000907839
-0.162029
-0.159398
0.0972109
-0.130786
-0.245561
-0.27667
0.44105
0.375553
-0.27109
0.276695
0.41726
-0.236129
-0.482473
-0.311101
0.386211
0.485536
0.371675
0.145663
0.43179
0.135903
0.290374
0.390985
0.04503
0.501554
0.296315
0.26404
0.329913
-0.178628
0.0940272
0.387311
-0.0349662
-0.229472
0.0906541
0.407859
0.211051
0.33232
0.11067
0.3502
-0.0143367
-0.44179
0.446462
0.283099
0.597334
-0.478628
-0.645512
0.271589
-1.10234
0.280796
0.283896
0.023993
-0.762176
0.852865
0.64356
-0.182164
0.65564
-0.463137
-0.620616
-0.362406
0.235033
-0.0647027
-0.438712
0.694416
0.165512
0.0501669
0.366963
-0.908244
-0.198409
0.30569
1.04491
-0.36019
-0.452619
-0.10685
-0.138815
-0.81818
-0.14851
-0.646875
-0.712538
-0.122797
0.172842
-0.18591
0.179591
-0.517068
0.00747819
-0.952142
0.582625
0.209489
-0.166822
-0.751882
-0.0666837
0.0924611
-0.411474
-0.135684
0.179179
-0.541086
-0.35794
0.146817
-0.34809
0.146857
-1.12498
-0.696094
0.373536
-0.66034
-0.402351
1.15702
0.781224
-0.771532
0.332677
-0.398487
-0.380026
0.306215
-0.13764
-1.21054
0.414749
-0.0213579
0.487512
-0.808105
0.0970238
-0.930142
0.253887
0.0483384
1.34143
-0.935851
0.69047
0.0285325
0.332731
-0.710933
-1.03766
-0.31211
-0.240407
-0.37563
0.119827
-0.363585
0.490368
0.110777
-0.0750413
-0.768303
-0.134634
0.019348
-0.473893
0.0474681
0.893948
0.0949186
0.641072
0.824131
0.462362
0.0806858
0.232401
-0.0333567
-1.33053
0.264211
-1.25389
0.322918
-0.25249
-0.797073
-0.867405
0.380068
0.415362
-0.560396
0.514299
-0.125698
-0.799929
-0.965663
-0.257551
-0.352548
-0.32802
0.810949
-0.0372009
-0.523096
-0.6894
-0.595085
-1.10641
-0.0704246
0.962599
-0.787038
0.0292238
-0.818591
0.448807
-0.664351
0.0375003
-0.890657
-0.507414
0.520648
0.45725
-1.03435
-0.605585
-0.281078
0.518121
-0.730152
1.1539
0.067886
-0.255212
-0.712719
0.593761
0.371695
-0.606946
0.396683
0.345525
0.30207
-0.325696
-0.343078
-0.189533
0.105695
0.0129762
-0.279087
-0.333801
0.180167
-0.254831
0.433808
-0.462963
-0.472735
-0.135844
-0.129958
0.188215
-0.34139
0.356966
0.0049007
0.185507
-0.501962
0.295312
0.117453
-0.0869504
-0.340126
-0.606888
0.40709
-0.213493
-0.529128
0.223395
0.434073
-0.221125
0.189977
0.275534
-0.114979
0.252483
-0.479812
-0.524801
-0.367128
0.00253476
-0.135753
-0.292872
-0.545351
-0.404601
-0.323215
0.145966
-0.48474
0.271104
-0.293524
-0.270324
-0.158447
0.0137117
-0.375626
-0.143919
0.40447
0.0646677
-0.113734
0.0608912
-0.178734
-0.0764193
-0.309839
-0.544309
0.249196
-0.0740732
0.0223022
0.210028
0.0424319
-0.464987
-0.0616707
0.0798395
0.0270514
-0.169446
0.107719
-0.104929
0.282304
0.393314
0.0729366
0.138147
0.491846
-0.292327
-0.0355844
-0.455388
0.209055
0.0576538
-0.238932
0.497578
0.444438
0.00129386
-0.180403
0.157748
0.184041
0.00698286
0.306107
0.358092
0.356467
-0.272639
0.555247
-0.28671
0.0559893
0.375534
0.320103
0.0923125
0.31609
0.55487
0.0198515
-0.0881648
-0.368825
-0.346234
0.197968
-0.186731
0.127836
0.164569
0.443116
0.268349
0.0492454
0.24036
0.149811
-0.321107
0.384558
0.400117
0.287034
-0.210961
0.0240091
0.231236
-0.0340359
0.556459
0.244482
0.312924
0.238382
0.159917
-0.505503
0.272664
0.264808
0.040502
-0.320015
-0.294027
0.0732287
0.201274
0.270983
0.24868
0.142373
0.338168
0.304168
-0.501171
0.0624861
-0.159446
0.342615
-0.0251053
0.0729687
0.167677
-0.419984
0.0772142
-0.0446496
-0.422729
-0.502683
0.0127584
-0.657905
-0.065207
-0.60401
-1.64168
0.252584
-1.16996
-0.0557133
0.0218977
-0.536656
-1.11209
0.42069
0.359164
-0.251649
0.572966
-0.0970452
-1.23169
-0.548067
-0.475651
-1.0376
0.129119
-0.250827
-1.07562
-0.839405
-0.247655
-1.45066
-0.955289
-0.00718871
0.937811
-1.09423
-0.838507
-0.723731
0.58466
-0.992276
-0.499359
-0.832066
-0.97027
-0.0173096
-0.0591784
-0.777389
-0.317738
-0.193653
-0.101425
-1.08283
0.754235
0.468548
-0.691693
-0.332645
0.203468
0.277847
0.216103
-0.311669
-0.145877
-1.34433
1.6631
0.342918
-0.367734
0.201247
0.38932
-0.509256
-0.998286
-0.205676
1.71492
0.153078
-0.690043
0.953867
0.38804
0.448098
0.295638
1.47554
1.82107
2.45021
-0.554954
-0.052806
1.14486
0.398339
0.780081
2.52489
-1.37068
0.918794
0.0215665
0.404364
-0.99821
0.286756
4.17604
1.09469
2.24049
1.28253
2.22388
2.66575
3.44041
1.71123
-0.0383838
0.450915
-0.565208
-0.171342
0.619238
2.49622
2.87624
3.95694
0.23876
0.141576
-0.681034
2.95222
