#input normalization
0.160846 0.275767
29.9575 41.7091
9.14923 31.8616
7.84571 29.5982
0.0106059 0.0394819
0.00859809 0.0337144
0.21457 1.02665
0.533212 1.14066
0.852666 1.36931
1.13865 1.63835
1.46435 1.89174
1.78915 2.15166
2.10761 2.39957
2.41202 2.62478
2.72319 2.83431
3.01545 2.99877
3.29373 3.13162
3.57158 3.24822
3.84437 3.32862
4.04871 3.35529
4.25147 3.35341
4.42264 3.29891
#output normalization
1 0
#neurons weights
0.407983
0.171136
-0.237455
0.263542
0.0888094
-0.133805
0.429417
0.113747
0.0112801
0.103747
0.448915
0.344311
-0.277037
-0.234427
-0.258153
-0.325352
-0.260843
-0.456974
0.0451282
-0.112163
0.0246587
-0.258795
-0.0193449
-0.871452
0.329052
-0.38246
0.375047
1.86999
-1.84295
0.806556
3.42503
-1.30537
0.932239
2.39338
0.0651173
-0.186302
-1.86199
-2.06254
-1.56423
-0.837661
0.187586
2.66091
0.168873
0.295369
-0.218534
-0.129432
-0.492855
-0.66564
0.188643
0.438752
0.241462
0.0876398
-0.373278
-0.138565
0.0281569
0.369827
0.875281
0.210702
0.0945483
-0.528036
-0.348874
-0.397834
-0.214316
-0.707229
0.297187
0.310899
0.522266
0.973953
#synapses weights
0.480814
-0.919082
0.109293
0.110954
0.445558
-0.124089
-0.457832
0.154614
-0.851747
-0.556236
-0.561424
-0.914161
-0.118559
-0.381031
-0.393473
-0.681678
-0.234059
-0.170796
-0.712696
-0.7899
-0.26672
0.0875228
-0.570723
-0.925673
-0.129935
0.199589
0.282124
-0.48975
0.226919
0.325675
0.00424937
0.343361
0.330129
0.109634
-0.125133
-0.120254
0.152195
-0.275137
-0.165274
-0.233215
-0.0092349
-0.172341
-1.27417
-1.54406
-0.10785
0.549581
-0.46508
0.156221
0.558041
0.782151
-0.496467
0.381397
0.496285
0.363157
0.150759
0.145699
0.867076
0.761142
0.623245
1.0541
0.962901
0.751772
0.916132
0.59675
1.35197
0.715426
0.155171
1.63701
-0.697875
-0.196205
-0.443827
0.879729
-0.459731
0.580852
0.422589
0.93413
0.852715
1.43149
1.5598
1.12025
1.47111
1.2384
1.93903
1.72262
2.06019
2.14273
1.95661
1.91903
-0.146813
-0.785248
0.446136
-0.413398
-0.00105379
-0.302467
0.460647
-0.234189
-0.441815
-0.584365
-0.232504
-0.881218
-1.08548
-0.68854
-0.872393
-1.03969
-1.09912
-0.420515
-1.74499
-1.27036
-1.2803
-1.39475
0.439246
0.039136
1.28733
-2.26045
0.138277
-0.576343
-0.346544
0.297299
-0.13788
0.0102917
0.33827
0.242597
-0.0111079
-0.511456
-0.0356236
-0.0237268
0.335799
-0.563289
-1.09792
0.409652
0.693003
-0.232367
0.199382
1.07834
-0.737138
0.156488
-0.0412939
0.379835
0.250282
-0.0848499
-0.32679
0.496095
-0.139838
0.509086
0.127571
-0.468315
0.482098
-0.903145
0.0981086
0.50561
-0.473932
-0.316827
-1.18681
0.477669
0.344216
1.23889
0.3519
0.170291
-0.839843
0.0274197
-0.145395
-0.499424
-0.429212
-0.641387
-0.267853
0.314891
0.867915
1.101
0.618331
0.909829
0.788426
0.586294
0.366356
0.200405
0.0709733
0.183094
0.758621
-1.0765
1.59882
-0.284165
0.541543
-0.275198
0.106955
-0.167205
0.128458
0.104026
-0.10271
0.213446
0.0179926
0.410138
-0.0447865
-0.00878936
-0.103972
0.489181
-0.0953566
-0.134116
0.153754
0.0646236
0.781176
0.0878828
-0.930213
0.251727
-0.465446
0.236199
-0.864075
-0.662294
0.381842
-0.336982
0.0918701
0.21464
-0.0450447
0.0652387
-0.437268
0.815052
-0.761248
-0.623789
0.293223
0.399333
1.17482
-0.387196
-0.10736
0.789472
-0.721864
0.570135
-0.0378891
0.32004
-0.22064
-0.186332
0.67051
0.292972
0.0407605
0.819575
0.389321
0.0589894
0.738949
0.732109
0.132523
0.297618
0.863175
0.0497103
-0.793448
0.569202
-1.66916
-0.573542
1.62172
-0.693949
-0.0426907
0.0514967
0.167072
-0.461923
0.0344317
0.0519669
-0.0249592
0.331571
-0.0213936
0.137286
0.145524
-0.228776
-0.363252
0.557929
0.0947197
-0.42571
0.101012
0.180227
0.467146
1.96572
-1.79653
0.115152
-0.273134
0.342871
0.0106001
-0.111844
0.364165
0.538996
1.60274
0.183946
1.52839
0.59173
1.42607
1.75428
1.14028
1.57161
1.37583
2.02227
2.10315
1.97234
-0.0694974
-1.37372
0.578867
-0.0320362
0.104175
-0.919421
-0.570534
-0.17457
-0.219572
-0.354597
-0.414114
-0.728647
-0.917994
-1.40405
-1.58269
-1.31326
-1.19196
-1.06017
-2.00755
-1.33574
-2.43733
-1.72849
1.32526
0.669439
0.593048
-0.442428
-0.207927
0.149151
0.16968
-0.0227279
-0.751166
0.459534
0.0601769
-0.0261249
0.0533283
0.33405
-0.150073
0.0243324
-0.281496
-0.382452
0.828411
1.1388
0.578173
1.39385
0.675275
1.14665
0.622301
0.188375
-1.35173
0.319145
0.0448752
-0.296279
0.253674
-0.15892
-0.212443
0.286992
-0.214283
0.241097
-0.169341
-0.751515
-0.245403
0.398225
-0.485871
-0.246024
0.809895
0.220863
-0.651516
0.904884
-0.32146
0.770584
0.144904
0.750194
0.443641
0.425818
-0.100753
0.130847
0.619683
-0.169086
-0.166518
-0.292347
0.296041
-0.0795905
0.183285
-0.145063
-0.729988
-0.724685
0.192135
0.756336
-0.543165
-0.259886
-0.114618
0.218562
-1.29313
0.0287708
0.0972574
0.48036
-0.358976
-0.638906
-0.459133
-0.705449
-0.61084
-0.362045
-0.781898
-0.8105
-1.26687
-1.17806
-0.874696
-0.0680337
-0.41155
0.410631
0.145662
1.2171
-0.584246
-0.78916
0.423471
-0.162662
0.0189726
0.227891
0.179744
0.363165
0.497293
0.979939
1.03658
0.248187
0.922176
0.47577
1.47601
0.95722
1.34891
1.54314
1.4201
0.489583
0.042634
-0.982469
1.1909
-0.291396
0.447445
0.166949
-0.0143841
0.234534
0.0544806
0.202326
0.113037
-0.0375628
-0.750666
0.13855
0.365596
-0.339556
-0.661132
-0.45041
0.679098
-0.202992
-0.0808952
-0.353589
-0.496507
-0.298793
0.53036
0.146617
0.42369
-0.102891
0.402432
-0.292233
0.0644613
-0.126215
-0.54915
-0.116666
-0.1785
-0.692522
-0.720179
-0.503971
-1.09309
-0.404181
-0.906585
-0.871498
-0.657395
-1.79291
0.234209
-0.957422
-0.575345
-0.0459061
0.722631
-0.294722
0.576011
-0.220417
0.0624177
0.252686
-0.115948
0.00722977
0.165955
0.170135
0.0841386
0.197725
0.165753
0.345299
-0.617705
-0.367266
-0.227377
-1.66685
0.450535
1.27543
-1.25003
0.436487
-0.551048
0.723974
-0.0495548
0.434114
0.52272
-0.0732576
-0.0783523
-0.179347
-0.661563
0.396012
-0.162077
-0.215836
0.0476251
-0.117699
-0.045374
-0.601505
0.468363
0.903181
0.525077
-0.500734
-0.475968
-0.0647973
-0.19313
-0.390728
-0.458746
-0.742926
-0.350559
0.307535
-0.55531
-0.221555
-0.286502
-0.48398
-1.10486
-0.0903947
-0.454282
0.329514
-0.213832
0.404295
-0.4969
0.30083
-0.677358
-0.916166
-0.694955
0.115738
-0.644609
-0.0952524
-1.20422
1.00154
-0.600033
-0.848892
0.789915
-0.0873459
-1.75203
-0.208482
-0.209612
0.539454
0.997087
0.373446
-0.283815
-0.373741
-0.497922
-0.616544
-1.21236
0.4373
0.517256
-0.0907529
-0.522792
-0.3941
-0.441857
-1.25079
-0.287359
-0.879457
-0.607429
1.04226
-0.661924
-0.232245
-0.050726
-0.171641
-0.672471
-0.521541
-0.0847492
0.865295
-0.389541
0.429745
-0.33187
0.779236
-0.497488
-0.104612
-0.350584
0.0458505
-0.195965
0.0629764
-0.138304
0.368272
0.694123
-0.26822
-0.286656
0.371394
-0.155539
0.463491
-0.0613534
1.27521
0.63948
0.489728
-0.0404499
0.136853
-0.0976818
0.121033
-0.136017
0.819156
-0.426296
-0.389517
0.583318
0.0708489
0.266066
-0.343657
0.981773
-0.0010692
-1.03518
0.0974423
0.424722
-0.625706
0.440547
0.137745
-0.493754
0.0199184
0.10176
0.343612
0.0214949
-0.339872
-0.454403
-0.513231
0.156289
-1.14656
-0.783682
0.513682
0.119007
-0.682741
-1.30705
0.53468
-0.00473191
-1.53661
0.873034
-0.185162
-1.26016
0.301818
-0.478947
0.587615
0.922376
-0.265912
0.736884
-0.107292
0.0561901
-0.30567
-1.05417
0.328567
0.228359
-0.628279
0.806786
-0.316036
-0.497634
-0.835023
0.75191
0.38735
-1.09849
0.506606
0.33852
-0.519806
0.117457
-0.0136401
0.151287
0.0100156
0.57304
-0.042185
-0.0730788
-0.474096
-0.43506
0.375045
0.459122
-1.27026
-1.0919
-0.0317048
0.0408908
-0.663211
-1.90844
0.600317
-0.626342
-1.36813
1.5084
0.115934
-2.4044
0.776555
-0.77443
0.774732
0.899114
1.35936
0.323468
-0.0897921
-1.40632
-1.40831
-0.945185
0.702229
-0.664508
-1.14031
-0.579158
-0.520454
-0.347452
-0.676656
0.342597
-0.878444
-1.14664
0.96305
0.539088
-1.31291
0.479454
-0.433863
0.209078
1.00101
0.123593
0.54522
-0.0698058
-0.448737
-0.35759
-0.480216
0.680362
-0.786675
-0.764747
-0.115449
0.302805
-0.377197
-1.14301
1.21751
-0.263068
-1.19026
0.988803
0.402
-1.30344
1.18781
-0.159183
0.0625542
-0.36918
0.599538
0.974177
-0.538044
-0.314789
-0.946221
0.102427
0.93876
0.440766
0.12841
-0.0538144
-0.323604
-0.433807
-0.611378
0.332935
-0.197054
0.243803
-0.0504066
-0.0289589
0.0277741
0.170014
-0.0610632
0.0616716
0.639397
0.77358
-0.0898345
-0.0310028
-0.373771
-0.152309
0.282064
-0.0467132
0.31017
-1.14403
-0.0642248
0.277119
0.592937
-0.524247
1.43585
-0.0257262
-0.201302
1.07426
0.162046
-0.450321
0.620767
-0.214223
0.465919
0.677263
0.205113
0.850635
-0.797007
0.191795
-0.577837
-0.0950156
0.298058
-0.502543
-0.494621
0.341051
0.110531
-0.450647
-0.816836
0.491868
-0.445603
-1.3441
0.228179
0.299941
-1.39632
0.596543
-0.238717
0.240263
0.578933
0.853518
0.85925
-0.405358
-0.00268227
-0.919271
-1.04273
-0.0152828
0.124231
-0.47122
-0.652592
0.242092
-0.547002
-0.879623
-0.41885
-0.91779
-0.789345
-0.205496
-0.570449
-0.364948
0.413603
0.0843309
-0.416635
-0.299346
-0.440289
0.272158
-0.250705
-0.453539
-0.329083
0.269055
-0.351415
-0.99156
-1.38747
-0.588335
0.0254524
-0.323999
-2.50639
1.47405
0.236926
-2.0525
0.423963
0.274869
-3.1672
0.289734
-0.570523
0.67828
1.96673
1.01444
-0.114857
-0.655048
-1.98045
-1.38791
-0.968487
0.621514
-0.288214
-0.527794
-0.34661
-0.0467627
-0.71707
0.102896
-0.398001
-0.351298
0.00504243
-0.214303
-0.442416
-0.42234
0.778056
-1.00787
-0.353505
-1.27128
-0.789002
0.0372781
-0.610363
0.689305
-1.32705
-0.0639924
-0.206379
-0.255909
-0.45958
-0.115765
0.0813626
0.00620359
-1.13361
0.958818
-0.289792
-1.47218
0.781189
0.00116327
-1.15472
0.508263
-0.276462
0.75643
0.277481
0.645654
0.141552
-0.67467
-1.02589
-0.964788
-0.27417
0.601509
0.264805
0.0263459
0.599563
-0.256144
0.515727
-0.524046
0.0289713
0.399979
-0.043967
-0.149803
0.17527
-0.398707
0.621824
0.0750861
0.019938
0.764748
0.623868
0.630406
-0.329542
0.319635
-0.0215527
0.292985
0.62496
-0.201543
0.0758368
-0.195647
0.278079
-0.0190981
-0.430854
-0.652392
-0.13924
-0.23585
-0.0860741
-0.363641
0.355472
-0.152483
-0.382159
-0.215163
-0.0722115
-0.757896
0.189346
-0.0844714
-0.122361
0.140189
0.0888932
-0.370395
-0.0948013
-0.204371
-0.215484
0.263025
-0.0888039
-0.54709
0.509403
-0.0218265
-0.752841
0.238745
0.474209
-0.450462
0.450433
0.232973
-0.40259
0.685782
0.191073
0.216006
0.143236
-0.699183
-0.712865
-0.179632
0.778123
-0.0554296
-0.893727
-0.734898
-0.63256
0.519488
0.104099
0.74705
0.18421
-1.7837
0.644845
0.161703
-0.0426388
0.375589
0.670064
1.04748
0.749405
0.820937
0.126138
-0.921911
-0.831688
-0.469267
-0.773788
-0.708823
-0.420629
0.0683558
0.346322
0.527909
0.134901
-0.578724
0.593847
-0.586056
0.202066
0.345555
-0.404831
-0.260708
0.2339
-0.30596
-0.244542
-0.0156578
0.317787
0.5922
0.19222
-0.0179297
-0.861278
0.255438
0.405589
-2.14166
3.39611
-2.54104
1.20819
1.57457
2.19415
1.72364
2.95319
2.0768
1.10923
0.562144
0.937361
1.77657
-0.980222
5.43559
-3.81807
2.11186
0.0914809
-1.24219
1.10923
4.10351
-0.143332
