#input normalization
0.160818 0.27574
92.9609 87.4753
8.42779 36.4358
7.39937 31.2903
0.0107904 0.0445025
0.0082615 0.0348888
0.21457 1.02665
0.533212 1.14066
0.852666 1.36931
1.13865 1.63835
1.46435 1.89174
1.78915 2.15166
2.10761 2.39957
2.41202 2.62478
2.72319 2.83431
3.01545 2.99877
3.29373 3.13162
3.57158 3.24822
3.84437 3.32862
4.04871 3.35529
4.2502 3.35481
4.41494 3.30785
4.54863 3.24347
4.66562 3.16514
4.75954 3.06024
4.79268 2.91925
4.80181 2.75208
4.77902 2.56706
4.69426 2.34623
4.59805 2.12746
4.47533 1.89477
4.34894 1.67667
4.19875 1.46403
4.01899 1.2517
3.83136 1.04371
3.65785 0.854503
3.45292 0.669562
3.29022 0.507556
3.08972 0.349892
2.91009 0.2018
2.72991 0.0655243
2.56276 -0.0539103
2.39031 -0.165044
2.23132 -0.26541
2.04905 -0.364028
1.89448 -0.446209
#output normalization
1 0
#neurons weights
0.140767
0.362305
0.351001
0.462605
-0.0842433
-0.167424
-0.223618
-0.225378
-0.494538
0.10529
-0.0184506
0.280606
0.385571
0.438976
0.468989
-0.0876356
0.319094
0.191925
0.0619476
0.00593323
0.281339
0.474764
-0.211998
0.499383
0.316178
-0.153048
-0.34472
-0.389182
-0.342272
-0.38184
0.452211
0.296865
0.281178
0.409794
0.0331275
-0.364001
0.0633984
0.0342816
-0.0167949
0.295032
-0.325341
0.0225649
-0.372131
0.12991
0.21195
0.110991
-1.47921
-0.809442
-1.34786
2.27357
0.264876
0.106891
-2.53774
1.78631
0.449304
0.485436
-0.204956
-0.345021
1.90336
1.18046
0.843704
0.503416
2.0345
0.0715179
-0.972791
-1.32524
0.373577
3.24972
-0.566
0.558503
-0.682666
0.0283771
0.600626
0.59117
0.424298
-0.0428138
0.592212
3.96083
-1.29982
-1.16378
1.98261
0.154739
1.35831
-0.185727
-0.482741
1.4634
0.716908
-0.910117
-0.098276
-0.633214
2.88961
-1.49531
2.41094
-0.275869
0.0925242
-0.0285374
0.207063
-0.908642
-0.559617
0.0751029
0.380153
0.242971
0.473385
0.562126
0.653119
0.518608
-0.35325
-0.21151
0.464301
-0.357392
-0.0580055
-0.715268
-0.00794804
0.0196893
-0.19739
-0.103639
-0.384477
-0.329568
-0.159158
-0.249024
0.35224
0.530455
-0.588377
-0.32491
0.35982
0.712423
0.491708
-0.0154639
0.682463
-0.824039
-0.715559
0.368407
0.6088
-0.595166
0.621502
0.409515
0.0903046
0.257622
0.0890307
0.638636
#synapses weights
0.27396
0.126211
0.579281
-0.150314
-0.551582
-0.0552224
-0.393507
0.0456593
0.377743
0.196397
0.0432848
0.0780689
-0.564637
0.243319
-0.172981
0.0730149
0.0959876
0.309431
0.126858
0.454049
0.209511
-0.0011755
0.0290201
0.207377
0.266203
-0.414715
-0.471636
0.456611
0.0344383
0.22588
0.12809
0.337809
0.244953
-0.623102
0.209695
0.483631
-0.565897
0.416384
-0.120358
0.030001
-0.142773
-0.260125
0.427588
0.337785
0.249666
0.0153916
-0.496174
0.670268
-1.02022
0.44479
0.177829
0.476749
0.0107737
0.465215
0.367458
1.00325
-0.646671
0.126873
-0.251081
-0.203256
-0.524679
0.128357
0.0862648
-0.129011
0.39511
-0.0543331
0.122473
0.324188
-0.461176
-0.13266
0.215428
0.13851
-0.344514
-0.175795
-0.0691742
0.0436332
-0.0882119
-0.312788
-0.502019
0.210514
0.344195
-0.385411
0.33539
0.277273
-0.168334
-0.0138465
0.312667
-0.035296
-0.165126
-0.00231334
-0.152816
-0.354823
1.23157
0.438396
0.618784
-0.283121
-0.43206
-0.143171
0.268987
0.194789
-0.155361
0.140361
-0.100398
0.500729
-0.297626
-0.117335
-0.0320016
-0.350623
-0.189619
0.478711
0.298239
0.509914
0.372837
0.239315
0.898465
0.455517
0.0262973
-0.0660276
-0.0816196
-0.1359
-0.0614831
-0.0498872
0.722397
-0.0410452
-0.122954
0.634331
0.0140481
0.0787119
0.302612
0.159702
0.379386
0.388432
-0.271198
0.465789
0.225939
0.356748
0.25486
0.209462
-0.166471
-1.44708
1.66646
-0.221024
-0.0369153
-0.551731
-0.0205564
-0.230211
0.08436
0.0718374
-0.175649
0.327268
-0.16348
0.0556877
0.21387
-0.691214
-0.0889347
0.133315
0.240795
-0.31895
0.485327
0.121116
-0.0319007
-0.0935492
-0.232744
0.0661797
0.193498
0.249427
0.0959923
0.0801694
-0.545534
0.290039
0.38148
0.239378
-0.0155105
0.0119719
0.099894
-0.041073
-0.197216
0.236427
0.487579
-0.232543
-0.536002
0.349152
0.0656046
-0.137422
0.00610098
-0.232247
0.490209
-0.0546135
-0.181883
0.062058
-0.0769809
0.63734
0.232358
-0.164426
-0.694981
0.0554783
-0.235621
0.0818001
-0.125391
0.276867
0.24115
-0.333474
0.0337423
0.24748
-0.287122
-0.0429772
0.29184
0.15044
-0.549713
-0.348173
-0.223978
0.154168
-0.393143
-0.141743
0.171731
-0.544324
-0.0575587
0.352608
-0.142379
0.323238
-0.262983
-0.383034
0.195118
-0.182761
-0.531025
0.109015
0.0561934
-0.0984632
0.207752
-0.144701
0.220056
-0.00482226
-0.053067
0.0805903
-0.327331
0.0886331
-0.247331
-0.766615
0.154951
0.0332412
0.17095
0.983675
1.32251
0.641401
0.703573
-0.24174
-0.116593
-0.191527
-0.229006
-0.488335
0.529489
0.753854
-0.00440557
-0.0413145
-0.442603
-0.157351
0.347381
0.392927
-0.273694
0.290548
0.163052
-0.691517
-0.102834
0.182174
-0.0607256
-0.309234
-0.160607
0.303913
0.121795
0.207514
0.192684
-0.242707
0.411801
-0.0714807
-0.153636
0.059515
0.418407
0.656421
-0.34279
0.433166
-0.983954
0.135277
-0.155602
-0.217934
0.227808
-0.296191
0.200363
-0.172424
-0.797921
-0.425267
0.231273
-0.052697
-0.100024
0.207726
-0.449439
0.276783
0.227712
-0.202531
0.266517
0.105636
0.219465
0.00450961
0.541046
0.208896
-0.0444107
-0.116771
-0.00205695
-0.580854
-0.485831
-0.00999729
0.975544
-0.493667
0.0429414
0.243491
0.449889
-0.588246
0.241051
-0.181916
-0.0804998
-0.0270989
0.522298
-0.0999102
-0.361059
-0.280032
0.345498
0.187644
0.285031
-0.149172
0.180949
-0.349342
0.852358
0.646218
0.0180153
-0.438525
-0.351724
-0.0616908
-0.0741419
-0.223289
0.151608
0.347453
-0.386479
-0.144647
0.0195492
-0.321858
0.222242
0.463799
0.022616
0.0898759
0.482472
-0.210577
0.308149
0.0377661
0.355067
-0.178785
0.504226
-0.384018
-0.152491
-0.141898
-0.0461116
-0.518729
-0.434118
-0.216159
-0.256006
-0.181722
0.0639324
0.0994122
0.11244
-0.168989
0.232934
0.117011
0.793978
0.253423
-0.229306
0.209242
0.465838
-0.21512
-0.672065
0.00430651
0.592653
-0.583057
-0.0144838
0.603859
-0.708252
-0.74484
-0.609627
0.284971
-0.424026
0.514439
0.115143
0.301437
-0.185767
0.254736
-0.715336
0.0904557
-0.558634
0.133635
0.276038
-0.518771
-0.500576
0.0721279
-0.308168
0.0926107
0.347943
-0.392376
-0.540428
-0.288303
0.0685747
-0.0556313
0.396223
-0.279089
0.182566
-0.254746
0.566454
-0.24914
-0.378414
-0.779189
-0.142687
0.128252
0.309711
-0.162686
0.281678
-0.0543016
0.207303
0.583676
-0.641694
0.544093
-0.301001
-0.387254
-0.511493
0.066758
-0.47377
0.0707438
-0.079284
-0.550808
0.0322605
0.38377
0.109744
-0.214789
0.332118
-0.488896
-0.462666
-0.024293
-0.42541
0.0435868
0.172671
-0.219704
-0.255756
-0.342847
0.134486
-0.192975
-0.306078
0.350665
0.107737
-0.454896
0.279527
-0.575577
-0.0515741
0.189619
0.0338704
-0.275223
0.061691
-0.36408
0.154018
-0.351796
-0.254533
-0.220759
-0.565706
0.205877
-0.474289
-0.473544
0.0146964
0.00716934
-0.0475008
-0.00550113
-0.311734
-0.627401
0.149185
0.192174
-0.420639
0.22649
0.152624
-0.170221
0.049421
0.180105
0.161499
-0.131518
-0.0336771
-0.625545
-0.479339
0.121353
-0.728276
-0.622735
0.110798
-0.00358022
-0.412342
-0.264917
0.237607
-0.452836
-0.356488
-0.544577
0.278654
0.341925
-0.345565
-0.0685052
-0.306004
0.29502
-0.363826
-0.0198923
0.0297249
0.397684
0.109627
0.453346
0.336527
0.220596
0.0110598
0.446632
0.627636
0.0641492
0.0270761
-0.699907
0.482882
0.0714442
0.196419
0.219792
-0.249608
0.337028
0.241442
0.0472619
0.643587
0.359156
-0.239468
-0.0346395
-0.14886
-0.366816
0.28448
0.101015
-0.242128
0.551826
-0.0759989
0.134424
0.222236
0.5232
-0.367216
-0.405588
-0.107034
-0.324919
0.0553821
0.225103
0.200724
0.339868
0.167772
-0.129641
-0.270192
-1.11452
-0.325063
0.46896
0.024077
-0.29352
0.0147159
-0.194994
0.383465
0.158428
-0.212468
-0.190958
0.0232601
0.157932
-0.356108
0.789882
-0.194057
-0.358523
0.138018
0.0513641
-0.251548
-0.248303
0.284152
0.194847
0.234268
0.00549392
-0.45092
-0.171342
-0.10456
-0.08731
-0.240404
-0.241708
-0.157392
0.0366494
0.158933
0.147062
-0.0583711
-0.222257
0.106064
0.00878494
-0.106055
0.0269465
0.0560028
-0.124011
-0.118071
0.040065
0.228019
-0.301182
-0.201463
-0.669953
-0.762807
-0.5271
-0.0886475
0.201536
0.223589
-0.0891599
-0.469283
-0.19941
0.443707
-0.0460654
-0.510262
0.183466
-0.0341636
0.323236
0.00613443
-0.0172831
-0.025226
-0.0251314
-0.41559
0.449892
-0.128625
0.336521
-0.37647
0.0208313
0.0795166
0.274255
0.247462
-0.419406
-0.0683158
0.114314
-0.188668
0.0399073
0.180389
-0.0862768
-0.0914579
0.0885998
0.0600228
0.424458
-0.592283
-0.114075
0.231104
-0.183264
-0.269403
-0.735277
-0.500518
-0.552174
-0.0297823
0.224447
-0.26676
0.176776
-0.142707
-0.291087
0.269232
0.195173
-0.299769
-0.457053
0.201833
0.260453
0.0960273
-0.468464
-0.0857697
0.13217
-0.0991962
0.633205
0.119294
-0.233346
-0.413317
-0.418509
0.279364
-0.456396
-0.351096
0.339006
0.547953
0.126507
-0.204624
-0.157562
0.658512
-0.184118
-0.24179
-0.273866
0.10864
0.144026
-0.118917
-0.376251
0.23482
-0.283741
0.019549
-0.239365
0.273169
-0.50215
-0.12195
-0.121308
0.557032
0.0525856
0.219904
-0.228317
-0.0951795
-0.459409
0.578395
0.135295
-0.517554
-0.711478
0.136933
0.164082
-0.655793
-0.159202
0.335786
0.241325
0.18674
-0.28651
-0.154799
-0.0417345
-0.0280126
-0.529834
-0.397225
-0.718852
-0.318817
-0.502384
0.0601287
-0.447021
-0.070413
0.165124
0.220494
-0.0509367
0.432881
-0.183759
-0.15614
0.141827
-0.14092
-0.349255
0.312731
-0.203431
-0.359433
-0.177756
0.0349536
-0.864435
0.504968
-0.456923
-0.264048
-0.433599
0.0237629
0.729111
0.0396938
-0.0144535
0.0985681
0.264854
-0.107794
-0.0578693
-0.620811
-0.0705657
-0.158728
0.499766
-0.312322
0.415802
-0.309129
-0.00918993
-0.297748
-0.455291
-0.215599
0.139999
0.991589
0.112778
0.186831
-0.573391
-0.167452
0.136739
-0.231759
0.500656
0.148955
-0.201526
-0.5757
0.564276
0.00332439
0.0315184
-0.326028
0.365025
0.127709
-0.344259
-0.197516
0.106214
0.173929
-0.0496905
-0.13094
0.298863
-0.319449
0.455664
-0.113521
0.0613428
-0.129827
-0.352424
-0.0392161
0.385487
0.0251572
0.549587
1.06962
0.68037
0.900997
0.565641
0.0502849
-0.0229771
-0.0840124
-0.217438
-0.261519
0.331278
-0.0481717
0.214438
-0.233398
0.310738
-0.192245
-0.28632
0.120461
0.50131
-0.226785
0.0859162
0.465639
0.298039
-0.276748
0.0327588
0.00820898
0.451267
0.17136
0.013704
-0.112775
0.202729
0.00976066
0.0193841
0.544957
0.533743
0.600947
-0.542962
-0.788327
-0.0717585
0.251838
-0.547432
-0.224411
-0.24885
-0.422105
-0.0881027
0.191014
0.0880679
0.23461
-0.0674926
-0.150599
0.16143
0.654332
0.455629
0.541347
0.464933
0.71709
0.583194
0.599034
0.48491
-0.277127
0.436781
0.223461
-0.42997
0.0941593
0.0548099
0.28797
0.52475
-0.170922
0.652778
-0.368542
-0.296979
-0.365145
-0.328545
-0.305839
0.0458912
0.0885699
-0.050269
0.0116519
0.754088
0.935071
1.0638
-0.0140537
0.135989
-0.602381
0.624482
-0.00860493
-0.238604
0.193007
0.00361413
0.247644
0.535253
0.340777
-0.356679
0.108724
0.23718
-0.335218
0.0882992
0.15588
0.178347
0.19112
0.611227
0.615275
0.265691
0.377954
0.0965035
0.080365
0.500578
-0.0754335
0.178271
0.160376
0.177948
-0.169956
0.0281771
0.205089
0.350084
0.288242
0.112564
0.171403
0.314874
0.0401671
0.290519
0.192433
0.0737559
0.0607484
0.343143
-0.0420092
-0.0649176
-0.222204
-0.233026
0.247381
0.0503302
0.36337
-0.694258
-0.0219108
-0.0709251
-0.539654
0.178372
0.464141
-0.0184682
0.383027
-0.0353054
-0.353902
0.0990038
-0.332539
-0.140593
-0.0499713
0.108866
0.497816
0.153108
0.272969
-0.459686
0.144255
0.383277
-0.132868
-0.438583
-0.0446823
0.0993625
-0.14137
0.34274
0.539444
-0.0712399
-0.338777
-0.423111
0.245978
0.159048
-0.333694
0.256753
-0.397433
0.123753
-0.179827
-0.338629
-1.11386
-0.506228
-0.496569
-0.0926097
0.675289
-0.191151
0.361113
-0.527132
-0.425829
0.0542825
-0.0142238
0.49535
-0.0837671
-0.263501
0.159304
0.210847
0.270652
-0.0699821
-0.39213
-0.147091
-0.102179
-0.283665
-0.0974897
-0.32594
0.511513
-0.330063
0.342292
-0.034611
0.0894725
-0.0792806
-0.233344
0.440695
0.141465
-0.331217
-0.0687735
0.172737
0.102789
0.491701
0.121651
-0.745375
0.00917193
0.0515754
-0.0619081
-0.118307
-0.171865
0.188956
0.0164381
0.853654
0.0290889
-0.0640743
0.0189374
-0.288858
0.0730999
-0.152915
-0.244957
0.147299
0.460078
-0.173709
-0.376727
-0.0103735
-0.267584
0.3427
-0.319659
0.292314
-0.313967
0.327926
-0.28803
-0.0585062
0.555742
0.590858
0.500195
0.553053
0.0391664
0.143605
-0.0451427
0.0398412
-0.256703
-0.0511432
-0.0674985
0.256322
0.0449911
-0.0237976
-0.395714
-0.00431055
0.375463
0.0172805
-0.079352
-0.112732
-0.0418406
-0.0238718
-0.176549
0.421291
-0.36281
-0.466547
0.43519
0.16561
0.0823312
-0.00141622
-0.314003
0.404897
-0.164251
0.104789
0.56593
0.225716
-0.301517
0.316723
0.153952
-0.124515
-0.451938
0.104945
-0.163435
0.301043
-0.0430142
0.0893897
0.0537027
-0.410094
0.460884
0.000582264
-0.129383
-0.144646
-0.24517
-0.246186
-0.0107995
-0.140085
-0.34575
-0.0590368
0.21236
-0.217678
-0.0536881
-0.122932
-0.361846
-0.139624
0.249002
0.0781649
-0.46513
-0.07677
-0.493684
-0.00362776
0.344056
1.04062
-0.503697
0.428106
-0.581545
0.267996
0.13987
-0.0973107
-0.180733
-0.158783
-0.0336977
0.79415
0.0481354
0.500082
-0.615695
-0.352058
-0.010227
-0.118002
-0.0583498
-0.363826
0.199574
0.10545
-0.320019
-0.0444253
0.131444
0.178194
0.0991329
-0.188046
0.284892
0.0683031
-0.156342
0.0179419
-0.409895
-0.00686084
0.460149
-0.0406323
-0.523939
0.406015
0.200722
0.296312
-0.181288
-0.177967
-0.398653
0.217695
-0.550086
-0.248764
0.70272
0.701523
0.119763
0.147791
0.312234
0.743941
-0.365891
-0.621678
-0.0124737
0.457543
0.0766841
0.0827392
-0.335846
0.519312
0.334567
0.529457
0.775059
-0.158751
0.069735
0.468529
-0.0915888
0.293907
-0.126054
0.388956
0.387763
0.136035
-0.342632
0.307141
-0.0681659
0.29611
0.53094
-0.0225186
0.446847
-0.209076
-0.112081
0.535625
-0.0177263
0.285791
-0.214506
0.0101986
-0.181671
0.0875494
0.304402
0.231418
0.300353
-0.128338
-0.415166
-0.0771517
0.011316
0.478499
-0.354525
0.0708812
-0.144796
0.406675
-0.0111859
-0.382063
0.0657812
-0.0994956
0.51963
0.506551
0.00604142
0.511636
0.0757613
0.48274
0.730241
0.608573
0.086195
0.654427
0.623603
0.617688
0.416654
-0.0877726
-0.036318
0.464361
-0.0983264
-0.144889
0.0436448
0.210063
-0.284018
0.160935
0.389063
0.451045
0.358915
0.177007
0.480707
0.097732
-0.437024
0.197596
0.135774
0.439473
-0.200336
-0.171889
0.256955
-0.0432268
0.364443
-0.35944
0.651442
-0.172981
0.104736
0.18162
-0.17668
-0.20852
0.078625
0.0452453
0.16264
0.0917045
-0.128515
0.0312158
0.481684
-0.343664
-0.347967
0.241282
-0.146745
0.0920111
0.435713
-0.0744789
0.580276
0.65179
-0.364819
0.317191
-0.0569946
0.610346
0.684436
0.410393
-0.0543114
-0.108032
-0.106406
0.506736
0.00260109
0.327101
0.462384
0.179715
-0.107387
0.593951
0.597014
0.109976
0.472827
0.126588
-0.63917
0.238146
0.903806
0.808194
-0.027741
0.480942
0.129852
-0.14919
0.342919
-0.277456
-0.363062
-0.381876
-0.330885
0.116561
0.125432
-0.166852
0.00832842
-0.263251
0.0182295
0.0822671
0.163956
-0.32053
-0.505251
-0.352248
-0.446374
-0.139106
0.231009
-0.520937
-0.554997
0.175689
-0.564962
-0.443705
-0.169034
-0.199769
-0.225344
0.0987434
0.318936
-0.443308
-0.397459
-0.309425
-0.513643
-0.492734
0.237017
-0.261813
-0.378747
-0.6113
-0.502935
-0.346928
0.0394841
0.1564
-0.144469
-0.135472
-0.152576
-0.244908
-0.0855396
0.0327155
0.448985
-0.198349
-0.276051
0.0332013
-0.33419
-0.444258
0.00678416
-0.379435
-0.138991
0.0920516
-0.547814
-0.501151
-0.555972
-0.172383
-0.0413462
-0.265667
0.0167496
0.0292787
-0.0258888
-0.0606394
-0.377782
-0.206223
0.317506
0.354414
-0.28897
-0.56781
0.269594
0.313003
-0.507653
-0.215705
-0.374372
0.187839
-0.340094
0.124571
-0.243888
0.140346
-0.299495
-0.112577
0.434867
-0.377606
0.0933406
-0.161989
-0.720773
-0.181552
0.280553
-0.421689
0.164826
-0.353735
0.0315241
0.134905
0.107105
-0.358376
0.257893
-0.0769082
-0.052806
0.128632
-0.356346
-0.341604
-0.223319
-0.508638
-0.0307191
-0.245089
-0.445912
0.0918642
0.104734
-0.159192
0.0770601
-0.133876
-0.194479
0.375318
0.0778967
-0.182704
0.179111
-0.118943
-0.192256
-0.251951
0.203212
-0.509127
0.149062
-0.026516
-0.0541164
-0.195211
-3.33627
-0.859534
-0.66126
-0.536844
1.42941
0.964864
0.0372777
0.171529
0.0201761
0.0797753
0.0153936
-0.12653
-0.116003
0.296936
-0.0139069
-0.198944
-0.130105
-0.0178029
0.225928
0.0242836
0.360546
0.0748
-0.0113008
0.0418823
-0.0553195
0.0335688
0.0915497
0.000491699
0.173426
-0.10452
-0.0832564
-0.220043
0.366828
-0.109888
0.0733544
-0.221054
0.143657
-0.206714
0.0554244
0.0932309
0.0224349
-0.387617
-0.0416008
0.368684
0.25865
0.0342511
0.701144
-0.154221
-0.262017
-0.469865
0.0772951
0.246239
-0.0986082
-0.146512
0.389597
-0.214337
-0.813509
-0.00431222
0.263762
0.419729
0.197801
0.55169
0.197843
-0.0618737
-0.222875
-0.184976
0.248572
-0.137954
0.0987032
0.0107403
-0.248665
-0.189984
0.0845832
0.184846
0.059665
-0.577435
0.325495
0.376304
-0.193754
0.0721071
0.229441
-0.121013
0.233174
-0.107038
0.136842
0.175838
0.341751
-0.144629
-0.558889
-0.193126
0.263628
0.0935202
0.175623
1.01931
0.175287
-0.12276
-0.276599
-0.0788238
0.125414
0.767787
-0.323326
-0.013596
-0.102643
-0.301141
0.141021
-0.392615
-0.0452143
-0.0386289
0.173568
-0.0550154
-0.372488
-0.295387
0.265525
-0.340332
-0.086491
0.184198
-0.433918
0.200136
0.487008
0.357373
-0.281404
0.196977
0.235324
-0.198304
0.435454
0.342889
-0.251122
-0.161598
0.0377199
-0.3901
-0.375722
-0.425551
-0.304142
0.228084
-0.136785
-0.226742
0.297258
0.202084
-0.0917524
-0.951465
-0.00386343
-1.46436
0.51311
-0.102944
-1.05147
0.448404
0.510161
-0.348416
0.594519
-0.105273
-0.0409595
-0.27009
0.0482731
0.335571
-0.380629
0.137612
0.0954269
-0.268421
-0.135862
0.21146
-0.0186388
0.00438799
0.552891
-0.200451
-0.0565915
-0.693019
0.304642
0.340212
-0.0321261
-0.262146
0.229923
-0.475745
-0.0287698
-0.212538
0.205445
-0.216388
0.352271
0.136152
0.22668
0.0357203
-0.575716
0.323759
0.3664
-0.495489
0.0704071
0.63794
0.156636
0.0159192
0.062653
0.0242354
0.901583
-0.0146128
0.0321051
-0.0933727
-0.176743
-0.597396
-0.366714
-0.0613329
-0.443742
-0.0509868
0.271109
0.12349
0.236011
0.31985
0.805671
0.259415
0.258472
0.0452155
0.152501
0.00775595
0.166034
0.257558
0.26185
-0.226501
0.0436954
0.321598
0.170336
-0.0351762
0.225134
-0.389614
0.383151
-0.181871
-0.179027
-0.49396
-0.104666
0.384003
-0.0206
-0.279272
0.331703
0.184353
0.557704
-1.11707
0.733283
-0.398154
0.00972176
0.122458
-0.0116545
-0.124654
-0.409485
0.315386
-0.0510392
0.217173
0.0696674
-0.496004
0.582311
-0.0578613
0.228779
-0.252301
-0.0887921
0.247515
-0.200155
0.328373
0.437109
-0.0771479
-0.167866
0.375884
0.592145
0.734323
-0.529683
0.077213
-0.0512589
-0.389186
-0.0928457
0.02932
0.18799
-0.473913
-0.108055
0.476935
-0.0691082
-0.431713
0.570915
-0.576279
0.156581
0.12216
0.258513
-0.269812
-0.411751
0.874696
-0.0121741
0.218216
0.310561
-0.236389
-0.25214
0.0590294
0.390585
0.0604248
0.00442909
0.127436
0.434439
0.136313
-0.156985
0.22284
0.312774
0.29701
0.317069
0.439205
0.250338
0.313427
0.400172
0.66432
0.371066
0.958671
0.766345
0.380485
0.172629
0.269333
0.290017
0.7132
0.243603
0.479581
0.636703
0.486145
0.0354806
0.777569
0.00208549
0.793876
0.272117
0.344267
0.0263253
0.153967
-0.0488944
0.0781456
0.799551
-0.0540179
-0.0937091
-0.484528
0.068426
-0.730866
-0.26051
-0.482436
-0.0163491
-0.207012
-0.188486
-0.151718
-0.444208
-0.0370459
-0.246832
-0.545323
-0.59726
0.180531
-0.180453
-0.127809
0.203561
-0.456809
-0.464046
-0.715146
0.149827
-0.596209
-0.294018
-0.0532532
-0.795288
-0.292172
0.0177525
0.0886402
-0.545282
-0.257279
0.0595694
0.334736
0.158759
-0.239964
-0.397824
0.364191
-0.0277468
0.376568
-0.23179
0.488375
0.247889
-0.286511
-0.2396
-0.71808
0.249803
-0.00578267
0.209115
-0.259351
-0.335243
-0.680731
-0.401553
0.0619162
-0.169838
0.21559
-0.251479
-0.113019
-0.148316
-0.343136
0.629053
0.351409
-0.437329
-0.128928
0.0661173
-0.00979706
-0.185305
0.463711
-0.34688
0.415191
-0.498746
-0.158492
-0.101499
0.332142
-0.0371095
0.137962
-0.025951
-0.00991882
-0.0579312
-0.120315
0.200801
0.747788
-0.842057
0.303603
-0.0272938
-0.43729
0.573881
-0.131091
0.109064
-0.199633
0.0318643
-0.346733
-0.300329
-0.176028
-0.0284914
-0.43552
-0.67314
0.564438
-0.154478
-0.421608
0.0132942
-0.328531
-0.419355
-0.113387
0.139515
0.194522
-0.102358
0.159224
-0.415755
-0.416429
0.221773
-0.120665
-0.294975
-0.0350116
-0.354603
-0.201514
0.183012
0.194559
0.25031
-0.227627
0.349983
0.215045
-0.33249
-0.349059
-0.0640658
-0.231897
-0.302533
0.380239
-0.0515906
-0.0338686
-0.211338
-0.0788507
0.138159
0.0275824
-0.121178
-0.122679
0.772807
-0.0329666
0.27622
-0.202955
-0.24153
0.174975
-0.0749764
-0.233272
0.473665
0.553592
0.807674
0.122874
0.303444
0.950018
0.344235
0.215856
-0.230444
-0.0838928
0.447026
0.34144
0.167628
0.0778228
0.395631
0.276633
-0.240363
-0.274912
-0.371571
-0.00661935
-0.161091
0.147356
-0.352244
0.154025
0.358396
0.2868
-0.198349
-0.434896
-0.441006
-0.339781
-0.231737
0.111711
-0.0242763
0.0492513
0.229287
-0.597743
-0.427286
0.231776
-0.171539
-0.334951
0.202762
0.325742
-0.563197
0.580213
-0.240095
-0.450616
0.238653
-0.129461
-0.0513459
0.0460108
-0.318419
0.419669
0.296349
0.194377
-0.342781
0.317868
-0.0603435
-0.119419
-0.33969
-0.185791
0.502106
0.0509562
0.231382
0.367581
-0.196247
-0.465253
-0.39581
-0.554144
-0.159187
0.25077
0.190394
-0.0493945
-0.276677
0.244123
0.296272
0.150518
0.122837
-0.305076
-0.127073
-0.197788
-0.366278
0.322964
0.170232
-0.14883
-0.155893
0.123056
0.101335
-0.219961
0.0739792
0.202731
-0.146706
-0.619499
-0.0643638
-0.209239
0.326168
0.124335
-0.47106
-0.619344
0.233093
0.238846
0.114962
0.470473
0.69106
0.359532
-0.383279
-0.0374195
0.415776
-0.341377
-0.443937
-0.0436086
-0.0429535
0.275185
0.213839
-0.240652
0.268106
-0.150134
0.200141
0.230979
-0.187611
-0.174805
0.325792
0.262882
-0.239509
-0.0813751
-0.211317
0.315542
0.282314
0.374631
-0.142026
-0.00557435
-0.0966665
-1.3297
1.58775
-0.249005
0.0832985
-0.258602
0.169152
0.0749413
0.00367306
-0.0685192
-0.0767695
-0.270373
-0.2971
0.840636
-0.530106
0.165348
0.296178
-0.33917
0.386901
0.0227133
0.152814
-0.259331
-0.0904894
-0.143588
-0.0220098
0.318436
-0.182098
0.232402
-0.114862
0.0383233
0.48308
0.0154418
-0.493237
-0.141604
0.471657
0.299021
-0.303566
-0.164185
0.348032
0.134722
-0.575199
0.200314
0.724308
-0.263499
-0.419789
0.150293
0.734981
0.790999
0.682982
0.0531708
-0.0667122
-0.0780874
0.0672564
-0.0807192
0.365861
0.317551
-0.23208
-0.227539
-0.159974
0.0319417
-0.184827
-0.380824
0.4101
0.430126
-0.0155219
-0.0229694
-0.268915
-0.30778
-0.629543
-0.307487
-0.332125
0.543092
0.555843
0.0581267
-0.201335
0.356702
-0.0412228
0.0495898
0.125916
-0.480449
-0.101818
-0.210022
-0.101303
-0.0110243
-0.176305
0.429409
0.359868
-0.233672
0.013435
0.146857
0.267969
0.0187373
-0.971788
-0.0506192
1.00101
-0.384684
0.859091
0.248524
-0.15488
-0.151
-0.0516349
0.544513
-0.180405
-0.118749
0.0305397
0.0675704
0.126945
-0.33994
-0.167674
-0.217066
0.169563
-0.249307
0.124206
-0.169939
0.199231
0.528855
-0.168947
0.0665122
-0.594199
-0.667991
-0.132718
-0.174104
0.101474
-0.0592791
-0.60165
0.115659
-0.0382504
-0.15402
0.078842
0.0921578
0.274169
0.45915
0.527686
-0.0691116
0.029523
0.263666
0.118987
-0.0340377
0.459611
0.0738278
0.243053
0.140475
-0.534209
0.756426
0.215876
0.093193
0.641166
0.227777
-0.0378874
-0.21432
-0.641529
-0.29535
-0.495912
-0.304087
-0.639016
-0.33432
0.703351
0.268461
0.150983
-0.532626
-0.155821
-0.101565
0.418968
0.358936
-0.755334
-0.242164
0.194427
-0.289896
0.0878798
-1.19503
0.0576214
0.103366
-0.711278
0.0785838
-0.0959306
-0.205646
0.811356
0.0133601
-0.658149
0.115644
0.455073
-0.0653035
-0.915777
0.87742
-0.0680379
-0.387306
0.0908355
-0.0507367
0.591994
-0.116688
-0.506155
-0.0405567
-0.094128
-0.154832
0.00822092
0.298666
-0.22345
0.314244
-0.452274
0.061993
0.3274
0.350209
-0.044172
-0.260197
0.0195116
0.226685
-0.0380497
-0.0119038
-0.133858
-0.13197
-0.345103
0.0905565
-0.29684
0.148115
0.422699
-0.379786
0.223813
-0.0391787
0.217505
0.169668
-0.225113
-0.203778
-0.0460415
-0.0169618
0.441393
0.197927
-0.164372
0.288932
0.139375
-0.085923
-0.109134
0.149826
-0.429465
0.102658
-0.206409
0.504034
-0.0568073
0.505457
0.0803067
0.663612
-0.0823791
-0.0478184
0.179329
0.0691914
0.645748
0.480654
0.107761
-0.108946
0.0575627
-0.115745
-0.419746
-0.390578
-0.413954
0.402188
-0.337922
0.427094
0.313527
0.244261
0.239655
0.180258
0.192793
0.349355
0.497911
0.747929
0.492188
0.232424
0.519645
0.609152
-0.0581979
-0.325802
0.289572
0.0866076
0.00349055
0.370344
-0.0212662
-0.24352
-0.242132
0.302688
0.516568
0.501506
0.638936
0.507316
-0.254596
-0.512709
-0.0512075
0.43383
-0.869773
0.407731
-0.295584
-0.576324
-0.14383
-0.336665
-0.286413
-0.0562653
-0.721166
-0.408117
0.194138
0.0789653
0.629472
-0.900329
-0.867232
-0.0107884
-0.0611131
0.282825
-0.258455
0.184557
0.0658783
0.176465
-0.0910788
-0.28652
-0.910359
-0.146681
0.526015
-0.997222
0.279999
-0.684415
-0.335281
0.0250722
-0.473484
-0.0868594
-0.377273
-0.243494
0.398863
-1.1108
-0.271644
-0.65445
0.471388
0.172988
0.0955078
-0.615175
-0.531309
0.0771043
0.477585
0.0890761
0.137913
-0.625274
-0.8791
-0.291307
-0.953133
-0.218806
-0.104622
-0.424716
-1.11155
0.85554
0.377026
0.292907
-0.964328
-1.28073
0.432784
-0.954153
-0.104179
0.665954
-0.424113
-0.187058
-0.43373
-0.277202
-0.676623
-1.57411
0.112963
0.0120006
-1.14006
0.361076
-0.950895
-0.223829
0.324753
-0.490824
-0.758392
0.0835051
0.191745
-0.043
-0.757849
0.0250642
-0.47476
0.229127
-0.000333393
0.0261403
-1.38957
-0.331663
-0.353581
-0.0227611
-0.909216
0.05454
-0.523722
0.0305677
-0.271797
-1.17877
-0.66272
-0.962257
-1.07193
-1.06999
0.215224
0.123325
0.0999913
-0.551761
-0.954283
0.831654
-0.383724
-0.414269
-0.192787
0.0105622
-0.0164973
-1.16415
-0.242164
-1.00646
-1.08727
0.458231
0.276089
-0.525322
0.240984
-0.814007
-0.415089
-0.458196
-0.811248
-0.700528
-0.217258
-0.48876
-0.0687434
-0.743319
0.0413318
-1.40746
-0.461069
-0.403477
0.246345
-0.348563
-0.321375
-0.0308594
-0.296629
-0.137539
-0.306747
-0.0728068
-0.299912
0.208805
-0.165531
-0.0332823
-0.219902
-0.198581
-0.561558
-0.0403059
0.426127
-0.57599
-0.356057
-0.405965
-0.469767
0.298425
-0.430204
0.16686
-0.107762
-0.651242
-0.541153
-0.205844
0.0655512
0.327725
-0.391372
-0.235555
-0.750841
-0.27666
-0.193678
0.321778
0.296133
-0.104368
-0.397713
-0.654502
-0.438312
-0.534907
0.286045
-0.199176
-0.374381
-0.155734
0.275487
-0.319907
-0.084619
-0.280442
-0.123505
-0.0266161
0.381981
0.224589
-0.495382
-0.225289
-0.0991551
0.321076
-0.220219
-0.369262
0.179812
0.502332
-0.299625
0.12166
-0.0206039
-0.212631
-0.453577
0.137055
-0.102107
0.0773088
0.0926614
-0.357541
-0.141988
-0.341634
0.0921418
0.390033
0.117246
0.199788
-0.287007
-0.223057
-0.267347
-0.414814
0.215943
-0.0059481
-0.0877622
-0.149113
-0.318658
-0.110826
-0.206043
0.32515
0.0146004
-0.0521231
0.460092
0.806634
-0.797983
-0.76784
0.47864
-0.209714
0.731738
-0.522534
0.109005
-0.623069
-0.123441
0.254343
-0.0708014
-0.781984
-0.00110182
-0.112069
-0.70276
-0.14098
-0.0540387
-0.158259
0.249943
-0.0514386
-0.170834
0.0909716
0.332846
0.162832
0.128375
0.280164
0.0414329
-0.293424
-0.160401
-0.627254
0.247188
0.451526
-0.0197769
0.29123
-0.152671
0.202689
-0.0268612
-0.0414967
0.0775092
-0.658366
0.0540491
-0.243472
-0.442758
-0.0449299
-0.588194
0.250448
-0.225068
0.247815
0.252141
0.256983
-0.472561
-0.362359
0.402748
-0.47816
-0.202418
-0.0770342
0.366608
0.558021
-0.249702
-0.38473
0.0496385
0.0270571
-0.29264
0.501777
-0.0788771
0.368628
0.0146545
-0.212541
0.3368
0.0577501
0.025646
0.402519
0.092232
-0.420764
0.485615
-0.297686
0.100236
-0.415814
-0.207273
-0.211064
0.515745
0.11915
-0.465841
-0.0815308
-0.295744
0.379825
-0.117089
0.0105991
0.018237
-0.212066
-0.306568
-0.131221
-0.253635
0.127067
0.144796
-0.233318
-0.411126
0.163757
-0.22058
-0.0970247
-0.147095
0.481711
-0.060925
0.604344
-0.181024
0.333632
0.315798
-0.445934
-0.212563
0.492439
0.0765294
0.330679
0.223697
0.148539
-0.0780788
0.403157
0.525358
0.574328
0.477639
0.343252
0.373153
0.128017
0.301715
0.643777
0.386094
-0.345712
-0.069748
0.332055
-0.0943449
0.396571
-0.501763
0.157925
-0.265143
0.0889979
-0.212957
0.526154
0.311341
0.313955
0.389319
-0.205964
0.43186
-0.411198
-0.193231
0.284081
0.450483
-0.346723
0.249637
-0.16646
0.475745
-0.228226
-0.0658079
0.217604
-0.251183
-0.284848
0.112765
0.150613
0.584734
0.213497
-0.102409
0.370052
0.258119
0.246485
0.0532388
0.383873
0.354285
0.301084
0.585948
0.342707
0.0584448
0.276078
0.49012
0.328316
-0.0710836
-0.065181
0.481839
0.265683
0.0381698
-0.0372527
0.293629
0.116937
0.297243
0.438668
0.248498
0.128354
0.310026
-0.124819
0.114602
0.247784
0.279806
-0.0426745
0.454396
-0.108195
-0.0940853
0.50171
-0.255654
-0.322906
0.217904
0.248996
-0.148109
0.531449
0.164713
0.346695
0.667853
-0.298322
-0.126014
-0.287092
0.114993
-0.017873
-0.134019
0.469421
-0.498443
-0.230493
0.0400013
-0.496902
0.463538
-0.0106831
0.524238
0.799548
-0.409056
0.0991579
0.75268
-0.220353
0.421177
0.00407614
0.280391
0.0195745
-0.216277
-0.0571651
0.379113
0.236977
0.108734
0.0687611
0.446628
0.829919
-0.293755
0.05141
-0.893012
-0.00480505
-0.0750841
0.467295
-0.10682
0.253064
-0.429312
-0.287701
-0.0434852
-0.613223
-0.639956
-0.906809
-0.532304
-0.374241
0.746838
0.0937752
0.613767
-0.489168
-0.377556
0.0528411
0.0755166
-0.0672674
0.266707
-0.397662
0.266525
-0.458995
0.00321986
-0.81114
-1.07275
0.166194
0.54308
-0.313265
-0.144208
-0.780716
-0.646403
-0.587266
-0.232038
0.339421
-0.0307599
0.216526
-0.634023
-1.26176
0.487961
-0.200538
0.331993
-0.017238
0.00574585
0.039697
0.33247
-0.0132693
0.404376
0.479375
0.239062
-0.294232
-0.353082
-0.0905792
-0.193912
-0.288564
-0.19865
0.128251
0.304819
-0.171602
-0.485759
-0.356686
0.0523911
-0.185155
-0.140342
0.157954
-0.379104
-0.0355747
0.521642
-0.0710736
-0.314772
0.179518
0.296672
0.68632
-0.445214
-0.271997
0.308282
0.0479495
0.228424
0.128042
0.119179
-0.155039
-0.112679
-0.00879328
0.0243721
0.15089
0.216433
0.387426
0.213041
0.350324
-0.0525306
0.32861
-0.492667
0.141347
0.111512
-0.0707405
-0.299047
0.201382
-0.480494
0.351562
-0.118207
-0.191411
-0.698823
-0.646681
0.0232494
-0.437215
0.0861122
-0.313071
0.296221
-0.467826
-0.620289
0.194013
0.195534
0.561767
0.40684
0.235135
0.136108
0.792173
-0.109332
-0.455546
-1.26108
0.184457
-0.194477
-0.928458
-0.26643
-0.770334
0.318124
0.448359
-0.234745
-0.473836
0.418042
-0.07646
-0.294246
-0.356034
-0.0296387
-0.360376
-0.0956846
-0.23698
0.500223
0.776355
0.00373837
-0.110745
0.337683
0.219515
-0.0616608
0.460256
-0.347028
-0.0236483
-0.253755
0.0116796
-0.101887
0.755235
0.372829
-0.300903
0.374893
-0.208845
-0.200418
0.237836
-0.0688775
-0.0825042
-0.755549
-0.120591
-0.521243
0.142467
-0.0322849
0.285436
0.0574348
0.14603
0.0520207
-0.187627
0.179927
0.411448
0.808753
0.261248
0.489182
0.377914
0.181575
0.291381
-0.63744
-0.128207
0.791424
-0.346354
-0.352915
-0.385557
-0.131133
0.177815
0.234149
-0.0539197
-0.57222
0.327599
-0.0590302
-0.162677
0.397728
0.314223
0.107836
-0.425097
-0.0579157
0.100569
-0.201969
-0.207434
-0.419161
-0.434268
-0.50739
0.0733522
0.0610491
0.215584
-0.15747
-0.103792
0.203532
-0.141775
-0.221505
-0.45481
0.438946
-0.455271
-0.242637
-0.357881
-0.0196142
-0.0501598
-0.415585
0.320261
-0.301191
-0.185003
-0.200661
-0.129371
-0.396891
0.338782
-0.373415
0.17017
0.139778
0.0776809
-0.115643
-0.40744
-0.0690922
-0.201894
-0.188827
-0.0873769
-0.560399
-0.757282
-0.428943
-0.571145
0.0324845
-0.545419
-0.403881
-0.687555
-0.459287
-0.44016
-0.696833
-0.309004
-0.323728
0.0298888
0.0635703
-0.160039
-0.612152
-0.0693067
-0.326983
-0.559321
-0.378183
-0.429989
-0.23461
-0.101064
-0.111842
-0.3954
-0.442326
-0.505134
-0.138284
-0.614832
-0.844717
-0.286389
-0.422099
-0.197386
-0.474236
0.2391
-0.537313
-0.315956
-0.49183
-0.176764
-0.341821
0.674895
-0.111974
0.270963
-0.50639
0.438688
-0.587446
0.248709
0.35737
0.707029
0.336733
-0.53645
-0.579253
-0.673876
-0.463832
-1.12398
-0.0858057
-0.799793
0.511469
0.423358
0.627293
-0.103786
-0.662589
-0.145031
-0.0832275
0.413932
0.644787
0.120856
-0.237767
-0.187406
0.192921
-0.560727
-1.35794
0.0953563
0.0622836
-0.591491
0.0366434
-0.263228
-0.691665
-0.468198
-0.524105
-0.383634
0.64014
-0.197584
0.209353
-0.270296
0.228233
0.122291
0.186217
0.342274
0.565011
0.369493
-0.276994
0.0707724
-0.15406
-0.54398
-0.0424261
-0.304375
-0.527369
-0.0870584
-0.302605
0.199045
-0.215213
-0.0740204
0.231754
0.315532
1.1241
0.18802
0.0906037
-0.292558
0.627917
0.265168
0.456715
0.0322311
0.483249
-0.177265
-0.24425
-0.0589465
-0.377266
0.436117
0.156516
-0.0219919
0.191716
0.898264
0.0660861
0.491034
0.175948
0.132017
0.38662
0.408408
-0.175642
0.224979
-0.247134
0.218775
0.116079
-0.206519
0.0607229
0.791986
-0.952174
-0.116052
0.0739979
0.749889
-0.260999
-0.337036
-0.0998931
0.526946
0.112181
-0.680219
-0.523039
0.3976
0.396873
-0.285065
0.537497
0.25306
0.605058
-0.0556546
-0.662806
0.441169
-0.622576
0.306954
0.700268
-0.0696099
-0.0501926
0.565753
0.415754
0.428075
-0.521205
0.580757
0.949325
0.200654
-0.0398688
-0.677007
-0.270543
0.543682
-0.440703
-0.24637
0.463989
-0.135419
0.699463
-0.890356
0.113927
-0.430043
-0.117522
0.28823
-0.198949
-0.362676
0.0437612
0.449216
0.260801
0.326427
-0.249383
-0.525753
0.0479133
-0.690557
-0.224429
0.124316
-0.521664
-0.214423
-0.332347
-0.338961
0.236091
0.320272
-0.293196
0.16188
0.531456
-0.419959
0.203438
-0.382945
0.345022
0.0773388
0.308786
0.298442
-0.188916
-0.378874
0.512944
0.326345
-0.157327
0.17924
-0.587655
0.0527756
-0.161043
-0.325229
-0.387232
-0.425354
0.178739
0.450362
-0.186315
0.332234
0.0591214
-0.585207
-0.134981
0.279487
-0.462622
0.145144
-0.521226
-0.287275
0.273393
0.16687
0.0342754
0.411721
-0.234299
-0.0157455
0.185364
-0.469557
0.272781
-0.434488
0.0420699
0.102768
-0.563677
0.265728
-0.473525
-0.250332
-0.487469
-0.0650537
-0.265837
-0.266845
-0.0376281
0.193225
0.0433516
-0.262301
-0.320114
-0.133914
-0.372988
-0.166435
-0.121722
-0.203596
0.136569
-0.0483805
-0.352992
0.0237453
0.243089
0.0858483
0.348496
-0.198416
-0.30202
-0.404769
0.358125
0.0220628
0.367591
0.293861
-0.470422
0.0305327
-0.456608
-0.226607
0.176224
-0.0664329
0.227544
-0.295987
0.242857
0.0815812
0.503756
-0.109187
0.251549
0.323677
0.415284
-0.357869
0.447385
0.339653
0.0430928
0.323135
0.249535
0.151297
-0.323892
0.327316
-0.171275
-0.17188
0.470666
0.528772
-0.372571
0.502764
0.040568
0.0501776
-0.172207
-0.0347509
-0.383135
-0.378742
-0.182232
-0.235087
0.00349826
-0.222162
-0.256198
0.06267
0.080475
-0.0699608
0.718047
-0.160513
0.390592
-0.237607
0.655774
-0.317442
0.373784
-0.397584
0.243629
-0.00573898
0.0270868
-0.351141
-0.251947
0.201182
0.24154
0.105466
-0.195892
-0.0594965
0.263563
-0.262971
0.175881
0.0436043
0.119423
0.0427207
0.455655
-0.441879
0.396257
0.173394
0.165705
0.15633
-0.13048
0.0640851
0.497041
-0.0638976
0.572744
0.452824
0.142809
0.600447
0.320251
0.448496
0.386161
0.376951
0.284301
0.259349
0.179321
-0.226368
-0.0277016
0.392702
0.560621
-0.133459
0.26554
0.516266
0.57894
0.399451
-0.331435
-0.224903
0.0832832
-0.210836
0.173857
-0.511931
0.445066
-0.441639
-0.157785
0.51325
0.345697
0.659131
-0.106064
-0.188034
0.0452573
0.439543
0.0791312
0.226397
0.636626
0.157735
-0.28351
0.0591089
0.322795
-0.0148057
0.103699
0.0449981
0.147991
0.289834
-0.0778113
-0.0593222
-0.35742
0.523504
0.0744467
-0.0725575
0.204497
0.342916
0.222743
0.323458
-0.421536
-0.226956
0.541238
0.207043
-0.106923
0.0340538
0.797964
0.0292617
-0.161118
0.169533
-0.669464
0.178928
0.485982
-0.73568
0.317467
0.440641
-0.152708
-0.376472
0.518179
0.828511
0.658601
-0.400075
-0.0285492
0.0156019
0.00852779
-0.153417
-0.0322264
0.418066
0.507523
0.0986312
0.300876
-0.165117
0.863784
-0.363961
0.510331
0.347621
0.0956147
-0.206371
0.33787
0.251229
0.528787
0.301558
0.506559
-0.111606
0.714583
-0.321191
-0.0661453
0.625225
-0.198639
0.369327
0.269852
-0.00492832
-0.294705
0.0371403
-0.0132087
0.456962
-0.00786559
0.340201
0.110869
-0.00445433
-0.466666
-0.426991
0.0614168
0.113329
-0.128926
0.49195
0.60081
0.225572
-0.0887056
-0.129497
0.457334
0.200654
0.357524
0.5516
0.600676
-0.098079
0.401104
0.293141
0.304693
0.0753452
-0.360157
-0.102268
0.623261
0.454613
0.19743
-0.186329
-0.20785
-0.0373408
0.0359681
0.523367
-0.128573
0.570856
-0.00930157
0.245393
0.54901
0.88667
0.238708
0.488273
-1.20895
-0.446028
-0.211751
0.76838
-0.956973
-0.577924
-0.326914
-0.473231
-0.0852223
-1.44269
-0.634798
-1.14165
-1.40872
-1.5294
0.0559345
0.199453
0.00682181
-0.537208
-1.38021
0.324897
-0.657434
-0.382831
0.0762322
-0.302458
-0.151227
-1.5616
0.0896876
-1.17728
-0.945401
0.532671
0.481815
-1.14392
-0.282237
-1.20482
-0.289678
0.640045
-1.31051
-0.112645
0.596781
0.288838
-0.0420942
-1.61918
0.645817
-0.74821
0.443937
0.319431
0.345628
0.0697879
-0.0625385
0.282146
0.414525
0.445029
0.53826
-0.287276
0.376226
0.0547392
-0.331183
0.0589873
0.432798
-0.252211
-0.090653
0.120376
0.527118
0.45223
0.108746
0.421422
0.332771
0.357003
0.389577
0.0593898
0.249617
0.194688
0.176119
0.0267117
0.00877464
0.249657
0.107035
0.0332633
0.409395
0.267225
-0.0511324
0.0536309
-0.196303
0.399568
-0.386927
0.238834
0.448009
0.341793
0.404286
0.255435
0.537243
-0.531325
-0.240281
-0.478561
-0.398752
-0.0304625
-0.160286
0.416492
0.242022
0.364209
-0.456503
0.358169
-0.669812
-0.229591
-0.527759
-0.0397088
-0.244249
-0.0542034
0.193639
0.331279
0.14812
0.0275766
-0.294698
0.405954
-0.383457
-0.215666
-0.58893
-0.186813
-0.385851
0.264383
0.363024
0.430951
0.485815
0.0884397
0.0373121
-0.207354
0.248375
0.0609908
0.260659
0.171326
-0.348221
-0.179612
-0.425321
0.337125
0.241844
-0.191725
-0.496852
0.252335
-0.320591
-0.297122
0.500792
-0.305405
-0.353942
0.168792
-0.176185
0.00913277
0.364302
0.473925
-0.0369212
-0.188784
0.400462
-0.343253
-0.00512645
-0.310987
0.341095
-0.153002
0.531081
0.220003
0.0761138
0.155606
0.0536657
-0.329256
0.495082
0.447664
0.308662
0.213162
-0.10059
0.224642
-0.381571
-0.100929
-0.304734
-0.0510689
0.523485
0.40074
0.162046
-0.0220573
0.392694
0.264391
0.541
0.0111339
0.00255637
0.274405
-0.0557577
0.17498
0.60906
0.0344933
0.384457
0.257736
-0.46547
-0.0110859
0.0157644
0.0509743
-0.284083
-0.24146
-0.548027
0.00929595
0.175012
-0.245042
-0.171638
-0.00175122
0.187118
-0.656362
-0.375836
0.216351
0.417965
-0.0939661
-0.490331
0.070259
0.31408
0.670369
0.0560525
0.0298128
-0.0814944
0.115798
-0.319932
-0.189184
-0.470566
0.0270312
-0.148813
0.49369
0.0899142
-0.440334
-0.203349
0.35502
-0.259543
0.462063
-0.125915
-0.315052
0.394693
-0.174473
0.0823377
0.298426
-0.270241
0.507197
0.340689
-0.298121
-0.363839
0.220198
-0.123199
-0.0539535
-0.402155
-0.281138
-0.528524
0.543707
-0.17145
-0.75845
-0.168609
-0.577055
-0.14132
-0.443855
-0.439933
0.0179434
-0.371363
0.146635
0.697949
-0.164171
-0.183849
0.519348
0.177765
-0.146454
-0.118116
0.191193
-0.789842
-0.0973353
-0.0680083
0.742397
0.0837011
-0.00446464
-0.00228076
-0.0876671
0.756377
-0.391584
-0.435741
0.259778
-0.0631076
0.049235
-0.575132
0.342403
-0.219788
-1.33619
-0.371534
0.270607
1.51452
0.508543
0.431275
-0.587596
0.533762
0.471995
0.864359
0.395359
-0.504747
1.18505
0.797529
0.437244
0.612461
1.24055
-0.996671
0.427424
-0.111341
0.283946
0.746123
-0.952433
0.994117
0.0563127
-0.18709
-0.328573
-0.61235
0.791761
0.414201
0.269674
1.69256
-0.329232
-0.513731
1.31695
-0.139481
0.919429
0.661383
-0.430656
1.21488
0.43117
-0.750648
0.0698506
0.427349
1.60862
-0.705725
0.921712
-0.200869
-0.354082
-0.210705
-0.935597
-0.577466
-0.292342
-0.564332
-0.778858
-0.504898
-0.171611
-0.693978
-0.213984
-0.129661
-0.777976
-0.304162
-0.475614
-0.248004
0.458842
0.228192
0.14099
-0.858482
-0.776383
-0.0645456
-0.412918
-0.0590718
-0.560896
-0.453593
0.0132225
-0.528404
-0.164069
0.0303269
-0.920576
0.244495
-0.144549
-0.0498175
0.163057
-0.466187
-0.707522
0.399108
-0.684003
0.0549741
-0.450296
-0.308038
-0.0570956
-1.18678
-0.114294
-1.08043
0.262993
-0.116797
0.0256522
-1.03553
-0.0258322
0.146779
0.00139961
-0.17864
0.0413704
-0.527658
-0.196796
0.05299
-0.951047
-0.674067
-0.898459
-0.346016
-0.465714
-0.303262
0.0870639
-0.170497
-0.769811
-0.900751
0.530164
-0.847703
-0.0667502
0.409469
0.0647112
-0.383697
-0.605318
-0.402092
-0.129474
-0.813506
0.0975856
0.350463
-0.901579
-0.588702
-0.057956
-0.072522
0.245901
-0.526447
-0.768705
0.203372
-0.424852
-0.236154
-1.22653
0.634401
-1.15774
0.477375
0.113861
0.127399
-0.63962
-0.299978
0.0896195
0.344782
-0.410027
0.2971
-0.101333
-0.568523
-0.107072
-0.685009
-0.153842
-0.353559
-0.165527
0.071881
-0.319671
-0.0688707
0.504728
-0.661148
-0.634932
0.125117
-0.336062
0.483957
0.172923
0.335657
-0.218004
-0.530657
0.136735
-0.256688
-0.788047
0.180657
0.105659
-0.49688
-0.239142
0.300712
-0.507497
0.34036
0.167305
-0.186164
-0.0444975
0.012884
0.258582
-0.577806
-0.304557
0.260755
0.0705435
0.606373
0.409989
0.338746
-0.0759007
-0.0726609
-0.17324
0.0582119
0.16494
-0.349991
0.217974
0.272311
0.525396
0.397501
0.491788
0.449247
0.317503
0.333464
0.0374103
0.467356
-0.208415
-0.292444
-0.0101198
-0.0496391
0.317334
-0.360943
0.383241
0.473081
0.0536872
0.208681
-0.342914
-0.147088
-0.0837919
0.397032
0.0472573
0.471401
-0.281131
-0.218603
-0.292019
0.0586849
0.0783044
0.399341
-0.195907
-0.0248902
-0.122178
0.0466978
0.235801
1.33898
-0.840552
0.26603
-0.485405
0.288131
-0.473022
0.306849
-0.282245
1.08131
-0.117263
0.147152
0.330494
-1.11561
-0.620195
-1.07831
-0.791318
0.261532
0.405737
0.608846
0.706515
-0.14534
-0.934986
0.698278
-0.10456
0.595443
0.396745
-0.0561253
-0.302705
-0.199091
-0.429464
-0.298162
-2.08059
-0.197545
-0.414817
-1.06421
-0.144403
0.360828
0.100939
0.136966
-0.0323651
-0.723754
0.117518
0.562187
-0.408199
-0.922112
0.853195
-0.382421
0.393449
-0.337
0.249009
0.163841
0.116072
1.24341
0.253133
-0.179478
-0.300733
-0.55245
-0.299421
0.815701
0.104705
-0.408248
0.168412
0.00984338
0.123915
0.64666
0.929489
0.685559
0.135091
0.296818
0.117828
0.338992
-0.0131574
0.444667
0.444523
-0.046438
-0.0349094
-0.496483
0.112468
0.121713
-0.145587
0.295482
0.550587
0.5363
-0.285268
0.5911
-0.570689
0.0727421
-0.421425
0.499017
0.301147
-0.00959117
-0.18705
0.337793
0.410519
0.333316
0.885299
0.585283
-0.289715
-0.100599
0.244701
0.317802
-0.001782
-0.161433
0.190433
-0.0670851
0.3892
-0.415401
0.0208346
0.303814
-0.642093
-0.476925
0.541718
-0.0865346
0.48575
0.168868
-0.0474962
0.0373968
0.0147433
0.205697
0.50989
-0.064183
-0.21349
-0.411574
0.284961
-0.249211
-0.793594
0.0570587
0.99218
0.0965661
0.569485
-0.269936
0.319526
0.00188968
-0.287736
-0.172636
0.0372352
-0.293219
0.380905
-0.752605
0.170176
0.139049
0.581297
0.370697
0.191291
-0.665768
-0.411482
0.335345
0.351376
-0.366665
-0.174291
0.27869
-0.217657
0.268252
-0.638466
0.30717
-0.429498
-0.0266462
-0.37562
0.105051
-0.0387302
0.47082
0.26805
0.056433
0.0916569
-0.084358
0.440582
0.263767
-0.655551
-0.540451
0.156825
-0.420682
0.411473
-0.749278
0.137494
-0.516836
-0.552363
-0.637149
-0.301892
-0.192139
-0.187044
-0.48449
-0.427925
-0.0248687
0.24096
-0.260697
-0.0814085
0.529201
0.437917
0.173948
-0.0330135
-0.403592
0.0432774
0.113063
-0.317715
0.211614
0.353247
0.141089
0.28971
-0.0922527
-0.229316
0.282047
0.184407
-0.398862
0.393311
0.323896
0.0683137
0.374111
-0.385142
0.0509026
0.411703
0.490468
0.423016
0.403618
0.347484
-0.0932113
0.0229866
0.585593
-0.180348
0.28915
-0.341624
0.263733
-0.00923022
0.261582
0.105058
0.457862
-0.265446
0.106475
0.306043
0.553957
-0.226491
0.0514338
0.403718
-0.134421
0.128058
-0.217732
0.492166
0.260378
-0.0796907
-0.0890492
-0.287688
0.208328
0.612208
0.291246
0.0625806
-0.545663
-0.172691
0.207485
0.211246
0.270824
0.388538
-0.280382
-0.396164
0.646209
0.919182
0.0246909
-0.391166
0.239848
0.553144
0.031235
0.534058
0.17822
0.735754
0.107916
0.494032
-0.254276
0.264492
-0.359027
-0.486293
-0.15091
-0.275028
-0.139556
0.295371
0.655148
-0.177941
-0.122992
0.493942
0.000362637
0.283132
-0.0752991
0.190475
0.101346
0.292931
2.43367
-0.037423
-1.00281
2.37678
2.0105
1.82921
-0.833025
0.455235
2.51127
-0.327674
0.616088
0.781982
-0.721901
2.23363
-0.392997
3.11634
-1.92986
-0.300883
-1.08087
2.14819
0.996609
2.64646
1.85237
-0.017788
0.126011
0.138424
0.392342
1.65173
0.807588
2.98773
1.06953
0.605648
0.673897
1.26096
1.96034
-3.74058
0.625199
1.03971
1.65783
0.101289
3.70292
1.32244
1.43811
1.03659
-0.135595
1.26977
