#input normalization
0.160858 0.275776
23.2058 34.4833
9.49719 30.54
8.21602 29.0088
0.0109405 0.0376511
0.00893678 0.0329246
0.21457 1.02665
0.533212 1.14066
0.852666 1.36931
1.13865 1.63835
1.46435 1.89174
1.78915 2.15166
2.10761 2.39957
2.41202 2.62478
2.72319 2.83431
3.01545 2.99877
3.29373 3.13162
3.57158 3.24822
3.84651 3.32646
4.05823 3.34525
#output normalization
1 0
#neurons weights
-0.432503
0.261551
0.19807
0.491155
-0.00532075
0.235441
-0.133953
-0.264591
-0.447844
-0.0379385
0.225287
-0.426562
-0.166999
-0.18856
-0.413563
-0.428023
0.264172
-0.185503
0.0587834
0.386385
-1.88026
-0.394293
0.716611
2.35365
0.963699
1.58276
-1.58692
-1.68948
0.150121
-0.490048
-3.79103
1.74974
0.305649
1.92786
-0.929476
0.744654
1.51546
-1.27796
0.381104
3.11362
-0.284967
-1.0625
0.545089
0.274594
-0.0689166
-1.34611
-0.828732
0.23494
-0.429315
-1.15978
0.81813
-0.274937
-1.51727
-0.779492
0.805613
-0.395743
1.27106
-0.633395
0.485375
-0.13016
-1.04685
0.525502
#synapses weights
0.780197
0.938336
-1.18938
1.36617
-1.44929
-0.140706
-0.0105033
0.0930358
0.0211968
-0.706399
0.623095
-0.21014
-0.316109
0.60422
0.354826
0.117386
-0.449447
-0.999219
0.287393
0.310984
0.699807
0.560898
-1.09412
0.216191
-1.22011
0.138043
-0.26116
-0.726215
0.425706
-0.0445906
0.718491
-0.170382
0.505545
0.894719
0.862416
0.985316
0.619075
1.31025
1.16884
1.91035
1.57257
1.31243
0.604338
0.324473
0.540918
0.292971
0.44891
-0.748903
0.174224
0.762875
0.83484
1.57101
1.36942
0.838696
1.01508
1.06484
0.95989
1.38845
1.88606
0.850648
-0.162284
-0.112283
0.868356
-1.80746
0.323632
-0.695948
-0.190691
0.140593
-0.0979889
0.0424579
0.121499
0.542799
0.0474314
-0.563188
0.191294
0.165253
-0.476791
-0.431473
-0.110437
-0.118798
-0.0600913
-0.51
1.93672
-0.995986
-0.0661615
-0.670496
-0.236111
-0.159086
0.337815
-0.246558
0.0156499
-0.220752
0.351148
-0.254161
-0.0882964
-0.31287
0.343644
0.100732
0.375854
0.166056
0.328864
0.801616
0.137007
0.215156
-0.860727
0.574143
-0.0349214
-0.430921
0.664179
0.401355
0.864598
1.2764
0.8328
0.849473
0.397936
0.414087
0.0200664
-0.141869
0.762036
-0.0217978
0.375399
0.899275
-0.132105
0.737997
-1.34724
0.577256
-0.0919198
0.0765204
0.245932
0.0265325
0.205245
0.0690355
0.41908
0.211208
0.526599
0.26484
0.515786
-0.00274639
0.663649
1.80791
1.41549
0.289452
0.362825
0.138198
0.512057
0.170571
-0.17174
-0.440573
0.165425
0.0422123
0.252955
-0.0199939
0.237386
-0.459003
0.29699
-1.17283
0.53051
0.336178
-0.599699
-0.402528
-0.292473
0.776471
-0.182739
1.17408
1.12692
1.53129
-0.589846
0.92083
-0.164485
0.161873
0.204029
0.861856
1.08994
0.428212
0.945392
0.63371
1.4708
1.39329
1.19247
1.29679
0.334336
1.28467
-0.952488
0.323869
-1.25329
0.255292
-0.420304
-0.208926
-0.222393
-0.0556925
-0.0708864
0.489409
0.380665
0.474501
0.757103
0.382505
0.842848
0.694555
1.04276
2.0843
0.270608
1.28859
-1.24738
0.0132819
-0.865435
0.0106051
-0.353618
0.811158
0.544093
0.0973131
-0.449806
0.12813
0.112742
-1.69165
-0.124038
0.757995
0.245376
0.356009
-0.734596
0.590668
-0.350342
-0.951451
1.83585
-0.159349
0.793512
-0.923319
-0.527524
0.597513
-0.0265978
-0.0532816
0.524659
-0.5015
-0.358028
0.620289
1.00214
-0.689457
-0.289269
0.00151566
-0.558556
-0.180907
-0.419398
-0.500379
2.1641
-1.33461
0.188641
-0.704787
-0.0250127
1.10676
-0.318931
0.203367
0.0284067
-0.273754
0.0118306
0.483596
-0.0385259
-0.351399
0.800722
0.298035
-0.480602
-0.380934
-0.493653
-0.0624621
-0.108654
1.24934
0.165624
0.60597
-0.00867107
0.183583
0.281934
0.203023
-0.416652
-0.0432127
-0.443213
-0.57676
-0.0340094
-0.0668649
0.0887122
0.0660928
-0.736252
-1.12876
-1.78845
0.193504
-1.14273
0.287359
0.541432
0.881983
-0.270455
2.27206
-0.0165495
0.00981012
0.236504
0.233407
-0.137224
-0.508982
0.209846
-0.0774215
-0.3134
-0.105565
-0.833371
-0.32087
-0.417053
-0.528126
-0.139036
0.716036
0.236868
-0.174019
0.199241
0.319045
0.213774
0.0670369
0.158065
-0.416845
0.21315
0.121162
0.0224638
-0.0610814
-0.543078
-0.407963
-0.809429
-1.13094
0.103226
-0.949606
-1.15514
-0.0667898
1.33998
0.0338603
0.771426
-0.284443
0.212206
-0.111516
0.303964
-0.229942
0.00630578
-0.143255
-0.245
0.946699
0.273754
-0.084994
-0.542547
-1.70816
1.20436
1.25833
0.567326
-0.525261
-0.483667
0.248254
0.38503
-0.331835
-0.36286
0.239063
-0.255256
-0.247624
0.142711
0.549664
-0.338252
-0.145281
0.27949
0.427787
0.113768
2.07029
-1.01292
0.467206
-0.97793
0.649986
-0.354601
0.659637
-0.424863
-0.0740516
-0.012756
-0.139653
0.520845
0.409077
-0.422223
0.11443
0.928569
1.01563
1.30258
1.32315
0.762655
1.5978
0.461008
-0.0852058
1.122
-0.1014
0.570005
0.919397
0.0705787
-0.0171189
0.22708
-0.484101
0.0781441
0.171525
-0.55905
-0.0787726
-0.26061
1.73295
-0.240843
-0.0198526
-1.46547
0.161248
-0.243357
-0.586421
0.794299
0.158527
-0.489497
-0.193461
-0.0687202
0.422558
-0.312768
-0.280443
-1.00477
-0.0840282
-0.477526
-0.886492
-1.13235
-0.569049
-1.04449
-0.325963
-1.28992
-1.12936
1.54565
0.251696
-0.805211
-1.8271
-1.67434
0.062208
1.4702
1.66511
-0.401809
0.957183
0.642873
-1.87733
-0.949684
-1.92162
0.664169
-0.950705
-0.511803
0.622136
0.198247
-0.159633
-0.791494
0.408206
0.684079
0.0883728
0.0231935
0.0527918
-0.224268
0.861349
-0.0741271
0.0281055
0.250077
0.0697625
0.2414
-0.347584
-0.183396
0.207902
-0.416846
-0.132095
1.44647
0.729819
0.290845
-0.122704
-0.177196
-0.17219
0.0975571
-0.444959
0.93434
0.396419
0.153857
-0.586395
-0.119501
0.342079
-0.799165
0.471892
0.48712
0.439842
-0.379524
0.107546
0.937656
-0.0643142
-0.297675
0.350035
-0.36793
0.00643788
0.431262
-0.902721
-1.18059
-0.745996
0.455457
0.417719
0.900561
0.286847
0.43194
1.13478
-1.02829
-0.265158
-0.257752
0.510632
-0.602185
-0.653402
-0.218258
-0.497712
0.216009
0.33024
1.9034
0.642554
-0.784428
-2.68856
-1.8726
-0.0359709
1.06064
0.0178832
-0.916379
0.519434
1.62595
-1.68917
-1.98923
-1.11725
0.531384
-1.11744
-0.870697
0.714726
-0.165195
-2.63915
-1.02827
0.259124
-0.339877
-0.070486
-1.0234
-0.814425
-0.530558
-0.168882
-0.136346
-0.693834
-0.13295
-0.489283
-0.226301
-0.627585
-0.659337
-0.241333
-0.349008
-0.113713
-0.145631
-0.510946
-0.328748
0.140716
0.220162
0.285141
-0.0488245
-0.382734
0.707667
-0.212759
0.126032
-0.863808
0.196577
0.637323
-0.688789
0.159467
0.968744
-0.26806
0.112207
0.102956
0.385407
-0.780538
0.83206
0.144875
0.385088
-0.0200531
0.285642
0.0141076
-0.969851
-0.584116
0.613127
0.311903
1.23011
-0.33846
-0.0164485
0.746145
-0.359674
-0.186517
-0.377908
0.885144
-0.716616
-0.309044
0.135112
0.292396
-0.416279
0.355702
-0.683237
0.243497
-0.00857076
-0.49127
-0.856555
-0.579348
-0.219355
-0.63806
-0.593504
-0.778002
-0.992238
-0.793877
-0.200095
-0.262767
-0.0541845
-0.351349
-0.109726
-0.395361
0.331318
-0.877531
-0.367926
0.130708
0.309651
0.472032
0.2304
-0.129464
0.651264
0.456031
-0.141677
-0.0667984
0.0362797
0.887387
0.322109
0.29137
0.089818
-0.0012236
0.173503
-0.255766
1.10993
0.65595
0.0192284
-0.0697272
-0.196518
-0.170249
-0.401247
-0.26173
0.0612813
-0.0341779
-0.965216
-0.0773572
-0.272495
-0.0194128
-0.224869
-0.329891
-0.039901
0.122929
-0.0449622
0.488665
0.0850682
-1.61982
-0.811632
0.243636
-0.186499
1.82529
0.331325
-0.718801
-3.313
-2.10173
0.0651948
1.25082
-0.30577
-0.751689
0.254649
1.99233
-2.05993
-1.92237
-1.56505
1.27505
-1.56451
-1.55445
0.0934426
-0.262044
-3.07524
-0.757766
0.162773
0.0718658
0.323922
-0.333109
-0.45578
-0.479211
-0.0268175
-0.011945
-0.55627
-0.480101
0.0404802
0.492622
-0.371532
0.184598
-0.277876
-0.467363
0.0391676
-0.849659
-0.359494
-0.745949
0.205576
-0.282427
1.16593
0.316495
0.670234
0.191866
1.00475
0.397848
-0.559221
0.183899
0.895879
0.476945
0.0859563
0.473998
-0.195348
-0.266595
-0.261436
-0.773201
1.91313
1.54731
0.361408
-0.833204
0.246857
0.613291
-0.172761
-0.938901
-0.206708
0.210186
0.691902
-0.0928577
-0.279587
0.445323
0.979934
-0.548621
-0.359068
-0.470932
0.303422
-0.312374
0.0500179
0.497604
0.220346
-0.597052
0.521868
1.36211
0.0736214
-0.446881
-1.20198
-1.08637
-0.218065
0.347696
0.346451
0.311844
0.244088
-0.0130214
0.560828
-1.41963
1.19395
0.686771
0.869612
-0.227975
0.411911
-0.009249
-0.136279
0.359651
0.588328
0.571367
-0.683989
-1.93365
-0.913265
0.621675
1.74428
-0.179075
0.208222
1.0093
0.377299
-0.206507
-0.587934
-0.350754
1.08526
-0.7221
0.181617
0.261904
0.457171
-0.950478
-0.036703
0.907517
0.538605
0.519206
-0.888916
-0.204107
0.858059
0.919737
0.716511
0.290398
0.866141
0.374684
0.095758
-0.720967
0.13912
0.674947
-0.448061
0.384588
0.0531615
0.651171
-0.134462
0.136741
0.88199
0.84042
0.385211
-1.22017
-0.377723
0.922383
0.735748
0.281385
-0.117441
0.33481
0.925639
-0.670463
-0.057082
-0.656422
0.821839
-0.0876505
0.16997
0.377817
0.465055
-1.33401
0.139222
1.21119
0.271866
-0.462231
-1.54449
-0.788362
0.57408
1.07234
1.06984
-0.26982
0.518741
1.46785
-2.45545
-1.76439
-1.51263
0.13496
-1.43608
-1.27159
-0.0663117
-0.13148
-1.59756
-0.675509
3.71411
1.01317
-1.93884
3.23163
4.19476
-1.15757
-1.88999
1.61972
-3.87379
2.01504
-1.35026
5.10203
-0.771149
2.55445
0.624703
1.99852
1.3909
-0.642698
0.805865
3.31174
