#input normalization
0.160321 0.266886
9.50813 15.8714
13.3326 32.2121
10.81 28.2836
0.013153 0.0332998
0.0112175 0.0276746
0.51009 1.27706
0.81698 1.01849
0.970592 1.18721
1.15303 1.36175
1.37751 1.4934
1.60213 1.60896
1.81592 1.70013
2.01916 1.76833
2.2365 1.82102
2.45867 1.78802
1 -1
1 -1
#output normalization
1 0
#neurons weights
-0.402159
0.448539
0.246897
0.290721
-0.0555565
0.126919
0.211441
0.199089
0.176135
0.398275
-0.0151844
-0.482674
0.437283
-0.436664
-0.188224
0.0683658
0.0641804
-0.499665
-0.423482
-0.00697881
-0.335774
-0.266038
-0.14755
0.262704
0.109486
0.0712181
0.170527
-0.118943
0.34735
-1.43946
0.228844
0.808798
0.339299
-0.994555
-0.256506
-0.00983192
0.587535
-0.406789
0.404872
0.0671827
0.129176
-0.0258929
-0.0591554
-0.0941964
-0.561254
0.325491
0.645668
-0.716319
0.0106705
0.636198
-0.267323
-0.530303
-0.226584
-0.58139
0.402027
0.290969
#synapses weights
-0.0121559
-0.325506
-0.323415
-0.356196
0.112772
0.366508
-1.87885
-0.0144736
-0.00360199
-0.280039
-0.186855
-0.256897
-0.0389176
0.0307527
0.106536
-0.0468631
0.143315
0.250339
-0.170843
0.194106
-0.298176
0.095672
0.358496
-0.288198
0.446689
0.256846
0.116615
0.379195
-0.0612309
0.328372
-0.284637
0.197169
0.334056
-0.301673
-0.00898389
0.342187
0.104153
0.0862968
0.113107
0.466045
-0.234725
-0.0528958
-0.534177
0.0924722
0.0205684
0.236566
-0.198254
0.217508
0.46897
0.296058
0.336337
-0.112005
0.302649
-0.404032
0.16024
0.249652
0.612671
-0.0280443
0.671372
-0.131076
-0.325887
0.537496
0.447542
0.367554
0.134959
0.217638
0.155103
-0.625332
-0.261732
0.41252
0.491031
0.329142
-0.333515
-0.41844
-0.0403581
-0.278928
0.550435
-0.280198
-0.472701
-0.200165
0.436977
-0.118242
0.017156
0.258889
0.0151861
0.0562456
0.177014
0.181195
0.429699
-0.264616
-0.0101089
-0.257538
0.171831
-0.34066
0.380694
0.20452
1.11621
-0.0414499
-0.218634
0.0408802
-0.114315
-0.347549
0.165681
-0.507139
0.263223
-0.218062
0.0536705
0.047701
0.128521
0.557108
0.198047
0.441274
0.130956
-0.173129
-0.712617
-0.377384
0.0864602
0.283541
0.241834
-0.0698345
-0.1911
0.285205
-0.23395
-0.244635
-0.093933
0.18285
-0.0349889
-0.0160682
-0.286086
0.112412
-0.11408
0.63873
-0.738304
0.129426
-0.190968
0.356371
-0.0158409
-0.519027
0.0882055
-0.0588488
-0.0927001
-0.102738
-0.369592
0.430371
-0.0298805
-0.354645
0.277463
0.160148
-0.353568
-0.151759
-0.356159
-0.556413
-0.385803
-0.269834
-0.175693
0.0075819
0.396572
0.237987
-0.2173
0.167024
-0.27325
-0.0872067
-0.315492
0.428985
-0.262357
0.238132
0.0013383
-0.385449
-0.430983
-0.604009
-0.447174
-0.064928
-0.521529
-0.254193
-0.226135
-0.236432
0.00654843
0.425276
0.190594
0.459399
-0.306247
-0.513624
-0.780107
-0.584122
-0.0972581
0.358244
-0.258358
0.305982
-0.11272
-0.39198
-0.60611
0.0639014
-0.19167
-0.310749
0.499697
0.381813
-0.451726
0.0248038
-0.185871
-0.281396
-0.717152
0.116986
0.302942
0.0935982
-2.39255
-1.61285
-2.39148
-0.604833
-0.343178
-0.315506
-0.171678
0.0375738
0.0415642
0.0700531
-0.275925
0.00863944
0.190435
0.265499
0.103418
-0.361641
0.218095
0.0793627
2.39406
-0.282332
0.245857
-0.120578
-0.0316091
0.0527558
-0.223735
0.0382983
0.110113
-0.177629
-0.234315
-0.371068
-0.24401
-0.1993
0.610047
-0.124512
0.604419
0.0620265
-0.524914
0.491454
0.685128
0.171489
0.177513
-0.0711294
-0.303417
-0.128437
-0.173123
-0.358579
-0.282974
-0.115281
-0.26075
-0.0774105
-0.217993
-0.0660941
-0.0337203
0.104093
-1.13017
-1.17376
-0.367099
0.0755067
0.100592
0.099335
0.0185374
0.144774
0.00741286
-0.0448927
-0.492091
-0.0114408
-0.19385
-0.86043
-0.213441
0.159572
-0.198372
0.0518777
-3.51046
-3.62793
-0.0828282
0.078966
0.108981
0.177954
0.219136
0.121573
0.244539
0.0459363
-0.173306
0.0474857
0.00754885
0.382387
0.441705
-0.173364
-0.118172
0.0272836
1.09892
-1.01148
-0.0551786
0.234029
0.00954092
-0.286546
0.162213
-0.149967
-0.259283
0.00228529
-0.239123
-0.052569
0.202645
0.0065344
-0.146745
-0.394873
-0.237262
-0.218411
-1.09466
-0.491868
-0.0180015
0.12424
0.0802861
0.112827
0.3308
-0.524588
0.288665
-0.344378
-0.212092
0.427126
0.143163
0.536366
0.133986
-0.0018181
-0.411242
0.143184
2.04552
0.242413
-0.182548
0.0800133
0.113394
-0.298854
0.0639833
0.0442777
-0.118399
-0.356618
-0.00542641
-0.312448
-0.132973
0.418048
-0.0997217
0.0215094
-0.245688
-0.450843
-0.338332
-0.165519
-0.529002
0.378666
-0.389053
0.146194
-0.32576
0.00535601
0.18356
0.759008
-0.533974
-0.282672
-0.589681
-0.550046
0.234391
0.114771
0.492986
0.0746293
0.325863
-0.0528817
-0.139122
0.382596
-0.0221079
-0.167159
-0.286649
0.791479
0.639901
0.00126305
-0.876977
0.934836
0.313676
0.589124
-0.248971
0.149936
0.098059
-0.0509347
0.394626
-0.620882
0.467171
0.511735
0.270231
0.364007
-0.0143275
0.0937907
0.0102279
-0.0773334
0.23368
-0.725742
0.17589
0.137211
0.166522
-0.676747
0.334521
-0.0527011
-0.444414
0.0133732
0.189345
-0.245117
-0.420958
-0.38056
-0.332767
-0.492815
-0.0990985
-0.202537
-0.277615
0.0594413
-0.633277
-0.388436
0.333527
-0.290233
-0.559412
-0.53692
-0.384247
-0.567877
-0.180982
0.34161
0.0400777
-0.0987939
0.294234
-0.0573335
0.498814
-0.27863
-0.185837
-0.152993
0.055982
-0.499368
-0.28989
0.275665
-0.0842187
0.0225887
-0.374129
-0.00761932
0.287294
0.359509
-0.156894
-0.152758
0.380614
0.146887
0.155212
0.506554
-0.36749
0.397261
0.41113
0.265459
0.129027
-0.062844
0.229684
0.602526
0.770577
0.110728
-0.299321
0.39594
-0.266808
-0.248541
0.309508
-0.452172
0.0645835
-0.496251
-0.132016
0.364855
0.0654851
-0.502814
0.00349599
0.524766
-0.463488
-0.508398
-0.22772
0.755054
-0.389856
0.274263
0.6745
0.14493
-0.132742
0.452718
0.230465
-0.566656
0.0576174
-0.21911
-0.0642161
-0.761214
0.261952
-0.431879
0.546768
-0.495385
0.0608981
-0.253246
-1.10662
0.0504818
-0.226994
-0.345858
0.113223
-0.570442
-0.234546
0.243317
0.188037
0.156827
0.582258
-0.542715
-0.0760831
-0.13258
0.0845561
-0.708768
0.140695
0.478331
0.289564
0.721436
-0.115616
0.326358
0.191429
-0.331289
0.698272
-0.276409
0.251691
-0.156792
-0.0227735
0.483552
0.316117
-0.544654
0.113173
-0.114191
0.33282
-0.401887
-0.241851
-0.4797
0.347401
-0.166047
0.292413
0.279568
0.247554
-0.408316
-0.438748
0.257196
0.204678
-0.633812
0.17802
0.737281
-1.10101
-0.578525
-0.398692
1.06429
-0.666343
0.00499418
-0.875427
0.224987
0.424191
-0.206774
0.0247361
0.208732
0.0721954
-0.190094
0.439889
0.441674
-0.368852
-0.35418
0.27147
-0.183247
0.283248
-0.550503
0.871617
-0.0110314
-0.689739
0.435845
0.394665
-0.285085
-0.360496
-0.113736
-0.206056
0.273503
-0.168023
0.106015
0.45973
0.215684
0.639365
0.440674
-0.143297
-0.0701207
0.314005
0.624171
-0.837893
0.00837283
0.344624
0.0641513
-0.456015
-0.0326275
-0.308369
0.401253
0.0370979
-0.349676
0.0391318
-0.393992
-0.197849
-0.431651
0.451971
0.0997824
0.127645
-0.0823147
-0.461169
0.382303
-0.352163
0.15745
0.435307
0.539173
-0.0805114
0.394534
-0.133117
-0.404471
0.0871844
-0.0897269
-0.0668436
-0.620408
0.0364674
0.386634
-0.861443
0.260656
-0.0632386
0.356291
-0.527378
0.150779
0.0641463
0.131754
0.470621
-0.236111
-0.365136
-0.24953
0.516915
-0.133365
-0.696098
0.0409019
0.0379416
0.449325
0.203506
-0.513064
-0.577438
-0.690849
0.488918
0.902007
-0.0391374
0.233073
-0.0892867
-0.633334
-0.0455222
-0.499251
-0.314031
0.216303
-0.436365
0.175726
0.0757876
0.136756
-0.155083
-0.141625
0.120278
-0.473112
-0.291045
-0.387238
0.718089
0.0657043
0.191744
-0.231241
-0.332982
0.328414
0.0160991
0.379258
0.277928
-0.198199
0.0110546
0.364717
0.489989
0.408154
0.0334906
0.314847
-0.227849
0.189517
0.109738
-0.243315
0.236499
0.327989
0.515437
-0.679647
-0.228193
-0.213589
-0.0887195
0.219017
-0.0532943
0.787808
-0.514129
-0.260446
0.635286
0.494132
-0.319643
-0.128942
0.525899
1.23413
0.528976
-0.221322
