#input normalization
0.160287 0.266835
45.3802 45.4947
11.4306 40.0726
8.99289 32.311
0.0123384 0.0426231
0.00989278 0.0322862
0.51009 1.27706
0.81698 1.01849
0.970592 1.18721
1.15303 1.36175
1.37751 1.4934
1.60213 1.60896
1.81592 1.70013
2.01916 1.76833
2.22458 1.83245
2.39232 1.85731
2.55904 1.86856
2.7106 1.85718
2.81984 1.81914
2.92451 1.75828
2.99266 1.68493
3.05123 1.59174
3.079 1.4968
3.10363 1.38658
3.10696 1.26875
3.07601 1.13675
3.00682 0.993866
2.9466 0.852514
2.86075 0.702192
2.74539 0.545429
2.6438 0.410769
2.52463 0.273339
2.40497 0.147431
2.27766 0.0275803
2.15287 -0.103004
1 -1
1 -1
#output normalization
1 0
#neurons weights
-0.180627
0.222979
-0.328933
-0.496983
-0.279803
0.208129
0.444544
-0.374664
0.433426
0.270066
-0.115007
0.34256
0.17758
0.253783
-0.472425
-0.481337
0.096663
-0.190374
0.0945823
-0.474704
0.185526
-0.474688
-0.449856
0.332893
0.0255496
0.0994457
0.203458
0.394704
0.431881
-0.253213
0.353515
0.119375
-0.391415
-0.480194
-0.359773
0.352341
0.126775
0.170262
0.454166
-0.470522
-0.417177
0.247414
0.155878
0.468136
-0.524281
-0.303217
0.491753
-0.11543
0.0778418
0.530606
0.245606
-0.492177
0.3637
-0.770011
-0.127988
1.11448
0.0685169
0.118933
-0.308163
0.426653
-0.0548646
-0.499279
-0.245152
-0.480199
0.108332
-0.213034
-0.206705
-0.00885179
-0.502451
0.324349
-0.0988975
-0.0494382
0.161959
0.102935
-0.27301
0.368607
-0.110251
0.181347
0.11504
0.395489
0.439121
0.235803
-0.291057
0.0938475
-0.401022
-0.0498329
-0.354602
-0.405407
-0.17556
0.0260339
-0.0661455
0.22897
0.265577
-0.187456
0.356657
-0.081989
-0.449703
0.0118962
0.100149
-0.139215
-0.320107
0.476558
0.448259
-0.127675
-0.458827
0.547949
-0.0167783
-0.161187
-0.442514
0.491595
0.158786
0.51289
0.193002
#synapses weights
0.340755
-0.422302
0.139241
-0.270835
-0.169091
-0.0428419
0.383346
0.417752
-0.0903974
0.382306
0.14588
0.397786
-0.0116474
0.386702
-0.0558343
0.0263631
-0.252634
0.451765
-0.253551
0.414642
0.00583209
0.19779
0.0654172
-0.109402
-0.150853
0.415278
-0.377051
-0.362442
-0.0535093
0.0278205
-0.00743184
0.366132
-0.397119
-0.151037
-0.117276
0.304832
0.145306
0.297691
0.29507
0.285419
0.240788
0.402046
0.0830005
0.615192
-0.205455
0.298139
0.395091
-0.337749
0.0788089
-0.434416
-0.0996458
-0.290682
0.0623457
0.13456
0.21263
0.0306702
0.00351669
-0.311316
0.36082
0.154889
-0.101328
-0.532619
0.301278
-0.575332
0.345665
0.214155
-0.357994
-0.393672
0.323991
-0.446537
-0.147303
0.428511
0.391232
-0.465572
0.179043
-0.479748
-0.00143448
0.126093
-0.399496
-0.212712
-1.03953
-0.430816
-0.380768
-0.328237
-0.00558328
0.181866
0.1979
-0.247621
-0.120806
-0.114794
0.136805
-0.25227
0.500877
-0.0228228
0.256044
0.234088
0.109431
0.47942
-0.0769627
0.442302
-0.383192
-0.366783
0.228072
-0.282446
-0.0992041
0.0872577
0.210759
-0.234422
-0.308747
-0.0339679
0.119094
-0.231092
-0.113708
0.114802
-0.197972
0.0872615
-0.329265
-0.713749
0.528826
0.185442
-0.369698
0.44057
0.559844
0.319063
-0.158733
0.441606
-0.242925
0.202654
0.31632
0.143932
-0.0182078
-0.161896
0.27909
-0.28189
0.168332
0.459163
-0.149154
-0.458599
-0.452807
-0.328171
0.0715414
-0.0885862
0.479322
-0.426029
-0.343562
0.474523
-0.332746
-0.124536
0.0282301
0.460346
-0.154798
-0.079049
-0.414371
0.0370714
2.00289
-0.129797
-0.299078
-0.225816
-0.151765
0.14042
0.432369
-0.140997
0.501104
-0.313949
-0.267801
-0.0645755
0.0658314
-0.17368
0.203419
0.438323
0.0256427
-0.299314
-0.152162
0.0619727
-0.00336588
0.319987
-0.349226
0.216797
-0.0992785
0.0268506
-0.0618558
-0.220983
-0.0608054
-0.224589
0.251322
0.133263
0.569358
-0.42977
-0.287753
-0.245528
-0.267469
0.566068
0.412002
0.474754
0.474239
-0.175944
0.0014286
-0.0259508
-0.191086
-0.0819348
-0.134719
0.15831
-0.293397
0.220916
-0.315924
-0.222338
0.246595
0.0360728
0.464851
-0.406558
-0.356689
0.463408
0.026982
0.0353752
-0.31986
0.000151052
-0.422317
0.533636
0.116175
-0.0981869
-0.287031
-0.150858
-0.325824
-0.143855
-0.364245
-0.313604
0.557143
0.212442
-0.72669
-0.18089
0.253779
0.317965
-0.461407
-0.286067
-0.339279
-0.137528
0.217993
-0.0747685
-0.273318
0.114953
0.37939
-0.215219
-0.376668
-0.346106
0.0547339
0.201076
0.0225724
-0.226362
-0.148743
0.192606
0.17583
0.385084
-0.459103
-0.0792215
0.194832
0.322992
0.0423045
0.431856
0.0690769
0.0653733
-0.240632
0.112865
0.374655
0.517174
0.0963673
-0.123046
-0.0511662
0.407466
0.301539
-0.20045
-0.579015
-0.0541284
-0.0113929
0.171734
-0.204495
0.579281
0.0296096
-0.294327
-0.0752566
-0.230889
-0.160442
0.140719
0.338666
-0.0559636
-0.086558
0.208178
-0.0856082
-0.303772
0.134528
-0.404319
0.0537038
-0.0558596
0.0981186
0.348654
0.42954
0.127712
0.00058907
0.424155
-0.35206
-0.284928
-0.428419
-0.519922
0.111655
-0.342092
0.383247
-0.141616
0.403318
0.014398
-0.108406
0.0660931
-0.258843
-0.250821
-0.312423
0.27346
0.128828
0.285108
-0.416191
0.289232
-0.129763
0.258372
0.26375
-0.256951
-0.0994793
0.383516
-0.634824
0.287193
0.139441
0.16885
0.265795
0.338139
-0.0710365
0.154481
-0.415198
-0.200543
0.123886
0.492495
-0.0200869
0.224739
0.054048
0.739671
0.0479152
-0.0427993
-0.320159
0.0197852
0.313463
0.385042
0.0419388
-0.122171
0.0771346
0.0688204
-0.423898
0.150232
-0.370646
0.259676
0.240817
0.0671754
-0.337835
0.121197
-0.478411
-0.299573
-0.310592
-0.367583
-0.343348
-0.422623
0.503141
-0.382205
0.326355
-0.0933619
0.171947
-0.283977
-0.0355045
-0.454541
-0.167937
0.546657
-0.436871
-0.314931
-0.317867
0.178389
0.0480921
-0.254558
-0.228756
0.46565
-0.306595
0.218058
0.544563
0.113113
0.236909
0.173086
0.143688
0.00284837
-0.229343
0.281802
0.0408787
0.289065
0.188976
-0.0910157
-0.0641022
0.460017
-0.146658
-0.0295791
-0.324597
0.179571
0.095984
0.197388
-0.393
0.471173
0.40766
0.274082
0.242518
0.229053
0.162526
-0.0318825
0.289364
0.58148
0.238499
-0.425421
0.522775
-0.0994607
0.298358
-0.2061
-0.213316
0.355235
-0.515313
-0.134548
-0.347683
-0.41427
-0.462365
-0.311961
0.34246
0.152513
0.401859
0.368103
0.383861
-0.20261
-0.518583
0.125762
0.297745
0.386167
0.0692863
0.348586
-0.292945
-0.143539
0.297189
-0.0141029
-0.178717
-0.00412562
0.097052
0.122572
0.289645
-0.0742559
-0.901224
-0.0442492
0.108435
0.245023
0.169638
-0.0399108
-0.255764
0.130479
-0.257342
-0.0328525
0.416006
-0.119886
-0.345669
-0.104646
0.308894
-0.474662
0.367063
0.316224
-0.206469
0.159
-0.343846
-0.227042
-0.0925966
-0.278985
0.0457423
0.208617
0.234427
-0.24162
-0.409534
0.261661
0.0286374
-0.0553351
-0.0888005
-0.178339
0.23498
-0.482827
-0.293559
0.28493
0.365748
0.0315976
0.350819
0.102346
-0.0229361
0.195036
0.183564
-0.135842
0.0530173
0.113543
0.455917
-0.44429
0.304107
0.454375
-0.33642
0.24814
-0.152102
0.448096
0.438276
-0.406525
0.349005
0.250819
-0.312182
-0.375187
0.0777452
-0.368972
-0.463603
0.275518
0.158893
-0.144905
-0.277518
0.166019
-0.0455959
0.137107
-0.279476
0.332589
0.526714
0.0923944
-0.13217
0.0189525
-0.275174
0.253984
0.024328
-0.177252
0.00571402
-0.596633
-0.182389
-0.566593
-0.183384
0.167997
0.224688
-0.474388
0.048188
-0.530692
-0.258122
-0.301
-0.214869
-0.0290359
-0.159243
-0.26689
-0.408331
0.0036209
-0.319659
-0.422689
0.422415
-0.304457
-0.257087
-0.0227075
-0.0913936
0.355566
-0.242107
-0.163171
0.0567396
-0.671927
-0.0933549
-0.344693
0.386686
0.391935
-0.196799
-0.204747
-0.333925
-0.308863
-0.0301142
0.152337
-0.096558
0.45822
0.319753
0.149762
-0.390002
-0.383296
0.267319
-0.478659
-0.414314
-0.391987
0.439622
-0.0783548
-0.356113
-0.411809
-0.402608
0.273371
0.259889
0.434977
0.376396
-0.294987
-0.172607
-0.594642
-0.177884
0.216984
-0.208986
0.582296
-1.80091
-0.635535
-1.25251
-0.694957
-0.201954
-0.148295
-0.369428
-0.300412
-0.269402
0.130379
-0.0337767
-0.196758
0.198458
-0.0540605
-0.100122
-0.0863627
0.00341009
0.31388
0.334591
0.15672
-0.189373
0.189626
0.105132
0.434164
-0.135255
-0.104043
0.261717
-0.134765
0.0166905
0.06356
0.142702
0.191538
-0.0654235
0.146669
0.0309919
-0.344896
0.273959
-0.775433
0.426085
0.436637
-0.262413
-0.329777
0.511781
-0.459048
-0.37448
-0.0506113
0.26465
0.102536
0.139226
-0.135279
-0.084341
-0.0801426
0.343455
0.0806865
-0.0290018
-0.299368
-0.394838
0.433136
-0.0661442
-0.0412473
-0.143554
0.399956
0.191055
0.152301
-0.194106
-0.286295
-0.0819316
0.0617874
0.0918624
0.502017
0.20992
-0.161692
0.0988492
-0.0471944
3.37602
3.90919
0.213308
0.0350531
-0.0369778
0.00803557
-0.0432533
-0.0510704
-0.0998638
0.0713742
-0.11391
0.0536449
0.103703
-0.0471512
-0.00830975
0.0358427
-0.146459
-0.00423759
0.00356513
-0.113934
-0.072768
0.104643
-0.0407999
-0.0727321
0.0450958
-0.19461
-0.073197
-0.0423107
0.0699712
0.329794
0.233146
0.0201479
-0.249981
0.245208
-0.330277
0.465749
-0.245149
0.879318
-0.225635
1.31765
0.0757728
0.218505
-0.0071257
-0.249441
0.247662
0.0867618
0.0617269
0.0798934
-0.231292
-0.332888
-0.111819
0.106439
-0.336318
0.534688
-0.269039
0.25238
-0.171552
-0.140148
0.431249
-0.139743
0.255506
-0.00794315
0.184159
-0.148281
-0.0808164
0.0999179
-0.462576
0.21992
0.0950923
0.0329877
-0.661113
-0.0584191
-0.407019
-0.135497
0.761454
-0.661306
0.10342
0.133732
-0.0412123
0.252808
-0.287594
0.395029
-0.0405663
0.190609
0.0428359
0.541034
-0.362261
-0.226396
0.125776
-0.342082
0.123665
-0.330998
-0.182191
-0.346383
-0.208123
0.245334
0.0947808
-0.250431
-0.242683
-0.189359
-0.0492014
-0.0571108
0.330613
-0.438544
-0.352113
-0.233689
-0.169674
-0.132751
0.167594
0.152857
-0.712991
0.41331
0.320247
-0.188913
0.193685
-0.288739
-0.22753
-0.577644
-0.355356
-0.29951
-0.65506
-0.476299
0.148531
0.0290593
-0.679145
0.0251923
-0.0743332
0.0218892
-0.396241
0.0968457
-0.328719
-0.499518
-0.593301
-0.379887
-0.363524
0.10221
-0.445943
0.0443225
-0.106894
0.318878
-0.331666
-0.0533085
-0.0917916
-0.283768
-0.172769
0.0276567
0.23786
0.348088
0.463034
-0.667937
0.481521
0.432653
-0.161008
0.215571
-0.318107
-0.299334
-0.0745087
-0.105535
-0.0714499
0.179664
0.262974
-0.426622
-0.367505
-0.0476726
0.117016
-0.286881
0.334329
-0.0097536
0.272459
-0.145078
0.0216928
0.0211773
0.18804
0.150736
-0.440086
-0.133525
0.0879257
0.455493
0.449953
0.0309733
-0.13224
0.0343034
-0.326199
-0.160746
0.384843
0.806063
0.21636
-0.191885
-0.26586
0.190234
0.121463
-0.436065
0.105044
0.310917
0.223951
-0.129972
0.0337447
0.075066
0.0969128
-0.0944612
-0.358434
-0.371965
-0.310292
0.281684
-0.126193
-0.10416
0.232657
-0.353988
0.438751
-0.374788
0.365268
0.0133926
0.259612
-0.0743183
-0.0988783
0.446083
-0.286897
0.117055
-0.448306
-0.100336
-0.0807584
0.252348
-0.34637
0.647101
0.121968
0.079768
0.156208
-0.280324
0.175212
0.283684
-0.146866
0.432512
-0.178793
0.340285
-0.359164
-0.221435
0.200606
-0.372545
0.151305
-0.361607
0.0811102
0.369434
-0.402287
-0.439129
0.29824
0.261921
0.297587
0.365662
-0.242932
-0.0742847
-0.247215
-0.0556557
-0.205916
-0.0842237
0.461686
-0.321945
0.148256
-0.303713
-0.0238598
0.359488
-0.0621461
0.483393
0.395048
0.0322266
-0.27068
0.327266
-0.47459
0.198567
-0.130517
0.191765
0.275398
0.373772
-0.142256
0.221227
-0.2922
0.425221
-0.17561
0.408063
-0.0645286
-0.422195
-0.188882
0.26096
0.0582294
0.21533
0.165139
0.25931
-0.360595
-0.0199844
-0.101486
-0.413533
0.157552
-0.0308483
0.316237
0.288733
-0.257209
-0.190222
0.784112
-0.27177
-0.0645151
-0.103874
0.23329
-0.0633224
-0.21192
0.0610998
0.0974202
-0.0391724
0.332227
-0.0867933
0.0538888
0.456877
-0.13454
0.424541
0.0356089
0.263826
-0.366251
-0.392497
-0.373342
-0.0777684
-0.503931
-0.341719
0.324721
0.129342
0.327248
-0.183204
-0.4004
0.151867
0.180286
-0.318167
0.424242
0.0628159
0.08312
0.120491
-0.383416
0.357301
0.499696
0.464449
0.282612
-0.378959
0.326101
-0.119566
-0.53809
-0.0520808
-0.0192973
0.0453777
-0.0121907
0.253079
0.356121
0.436936
0.319873
0.179348
-0.00671395
-0.310254
0.235453
0.311951
0.0473304
-0.0817235
0.379158
0.0749217
-0.468789
-0.0571831
-0.516429
-0.54722
-0.0758518
-0.299683
-0.492479
-0.324531
0.356508
-0.0146263
0.119992
0.471657
-0.0397865
0.428804
0.159064
0.183512
-0.022742
-0.372681
-0.0450326
-0.41805
0.395505
0.205523
-0.510747
0.0200905
0.0845582
0.00249807
-0.280649
-0.129151
-0.284134
-0.0762851
0.20971
0.159777
-0.49127
-0.343351
-0.0113268
-0.0513917
-0.200349
-0.0139407
0.325825
-0.18384
0.258306
-0.148344
-0.479169
-0.09809
-0.123756
-0.468798
-0.0478359
-0.216916
0.399487
-1.2328
-0.0565356
-0.462067
0.0693239
-0.475857
-0.100218
-0.251803
0.541216
0.19687
0.455453
0.509511
-0.408564
-0.222897
0.549836
-0.335743
0.16521
-0.104781
-0.170138
-0.284628
-0.194529
0.0905723
0.246315
-0.00851262
0.0774996
-0.0261265
-0.398113
0.383373
0.432548
0.324224
-0.346985
0.420148
0.0041712
0.150226
0.172493
-0.037506
-0.0487388
-0.0207577
0.395613
0.553925
0.633511
0.421461
-0.377572
-0.676905
-0.111176
-0.496823
0.143851
0.386277
-0.0223613
-0.122537
0.358419
-0.390726
-0.0778141
-0.446513
-0.00890996
-0.0255017
-0.0862273
-0.14943
-0.454358
-0.274804
0.267675
-0.227355
-0.0130977
0.24228
0.144762
-0.0447787
0.183643
0.205589
0.229296
-0.24841
0.4632
-0.118421
0.431927
-0.460552
-0.222107
0.556618
-0.472792
-0.0498064
-0.482863
0.112499
-0.110862
-0.0443126
-0.0473934
-0.285525
0.246625
0.29814
0.339912
0.136525
0.0846776
-0.350721
0.224015
0.461628
0.227948
0.322108
0.314035
-0.350901
-0.213144
0.383536
-0.0346039
-0.100112
-0.422251
0.100524
-0.385184
0.0669572
-0.0779456
-0.0516757
-0.0229891
-0.0587568
0.449132
-0.164299
-0.265661
0.09024
2.16183
-0.387375
-0.38925
0.260475
0.0371041
-0.138306
0.110955
-0.0712777
0.0603522
0.178558
0.109219
0.104334
-0.0928019
0.132388
-0.230629
0.0773778
-0.0947348
0.258953
-0.00179128
0.117321
-0.178686
-0.398829
0.126428
0.235385
-0.222892
0.183608
0.210502
0.182557
-0.169047
-0.322869
-0.00242301
0.00348444
0.234142
-0.343874
0.489275
0.101956
0.0164319
-1.34189
-0.458187
-0.44561
0.123678
-0.375036
-0.267915
-0.279022
-0.264308
-0.0715962
-0.503313
-0.0799586
0.0133532
-0.236519
-0.494735
-0.293905
0.0970734
0.22827
-0.168866
0.260005
-0.307627
-0.517675
1.49163e-05
-0.00642214
-0.0442742
0.295149
0.211115
0.207564
-0.280049
-0.0291588
-0.159896
0.491488
-0.0384225
-0.0890222
0.0822748
-0.142991
0.13175
0.306117
-1.70495
0.264316
-0.0500084
0.227673
0.281966
-0.0114404
0.222008
-0.138201
-0.129377
-0.305814
0.27268
0.0540313
0.0113485
-0.534865
-0.00878386
0.277788
0.101635
-0.414836
0.0687567
-0.174207
-0.161316
0.366101
-0.317351
0.0498871
-0.314681
0.382873
0.263064
-0.405758
0.345069
-0.127647
-0.37036
-0.0552224
0.149389
-0.328301
-0.330094
-0.362184
-0.0720947
0.235441
-0.0920007
0.235451
0.463325
0.475635
0.311788
-0.209706
-0.21342
-0.0471763
0.0747128
0.158642
0.178883
-0.0479733
-0.32577
-0.484841
-0.143549
-0.366319
-0.0856912
0.430209
0.199849
0.0308572
0.391401
0.48166
-0.0310725
0.388717
0.0786619
0.0852845
0.0291134
-0.214341
0.0504265
0.311059
-0.103435
0.341039
0.384226
-0.180033
-0.183397
0.220354
0.435243
-0.272972
0.329527
0.106503
0.0870969
0.39339
0.362371
0.360255
0.272181
0.00838055
0.0494519
-0.107931
0.0885737
0.193434
0.177888
0.443688
-0.0286482
-0.0864083
0.160026
-0.0514482
0.369899
-0.103573
-0.0783376
0.107009
0.295963
-0.270414
-0.148194
-0.0593844
-0.406224
0.149796
0.133929
0.174258
-0.0286031
-0.322017
0.144718
-0.233096
0.0345519
-0.739731
0.00893699
0.441282
0.220981
-0.264125
-0.00223849
-0.317254
0.26933
-0.136458
0.219767
0.215337
0.193078
-0.421467
0.159767
-0.125465
0.245333
0.5979
-0.173714
0.140118
-0.397143
0.192474
-0.0919816
-0.0599503
-0.248865
-0.0353971
-0.330865
-0.165675
0.358713
0.215545
-0.119004
0.366655
-0.194008
-0.262149
0.162535
0.0772161
-0.470016
-0.180121
0.416296
0.222968
-0.42792
0.189674
0.126204
0.120785
-0.29468
-0.372383
0.379143
0.242387
0.0469942
0.175734
-0.321496
0.41334
-0.214346
-0.231988
-0.209947
0.193084
-0.179728
-0.0294369
0.15885
0.42858
-0.132328
-0.0649262
0.36017
0.456111
0.400373
0.328096
0.446074
-0.0624885
-0.296775
0.409223
0.386849
-0.387367
0.226935
-0.125043
0.374671
0.354981
-0.211823
-0.424139
0.0114582
-0.448282
-0.103716
-0.0783997
-0.427411
0.15004
0.457867
-0.355971
0.0329694
-0.552567
-0.286967
0.22669
0.120661
0.113555
0.180537
-0.0424871
0.357141
0.32202
0.324792
0.296928
-0.257534
-0.218088
-0.288758
0.162118
-0.610543
-0.434301
0.353349
0.300043
0.0484594
-0.423045
-0.189924
0.0409067
0.352966
-0.0854726
0.331886
-0.180958
0.425124
-0.475629
0.404657
-0.331398
0.410692
-0.353215
0.103094
0.347139
0.377586
0.364171
-0.0832543
-0.1621
-0.0793512
0.137202
-0.231973
0.371623
-0.551904
-0.550636
0.130779
0.0318318
-0.0942172
-0.370959
-0.383087
0.146233
-0.24975
-0.146058
0.43268
-0.210606
0.383451
0.358296
0.426475
0.382664
-0.0761075
0.0337811
-0.425678
-0.218162
-0.141347
-0.0997505
0.0622651
0.457544
0.0675188
-0.0526053
-0.274312
0.338642
-0.183819
-0.311868
-0.108424
0.192256
-0.237437
-0.316142
0.521096
0.506942
-0.288929
-0.0895581
-0.3925
0.27536
0.151901
0.229135
-0.0267751
0.198408
-0.490431
-0.463696
0.22983
-0.0778564
-0.153881
-0.355789
-0.0697392
0.163297
-0.312399
0.182778
-0.443653
0.300287
-0.0492003
-0.238715
-0.210039
-0.393642
-0.272227
-0.0458544
-0.492445
-0.483844
0.0532593
-0.299799
0.120456
0.20723
0.0128291
0.362953
-0.099029
-0.49382
0.39002
-0.210437
0.0703408
-0.191396
-0.355084
-0.541887
0.23284
-0.262232
0.00624255
-0.198152
0.304845
0.350255
0.0664647
-0.35745
-0.391749
0.450731
0.0766109
0.140477
-0.392109
-0.365886
-0.236845
-0.562147
0.403166
-0.348555
0.294625
0.0154157
0.283335
0.0589602
-0.270546
-0.267063
0.423893
-0.315018
-0.348324
0.24672
0.307222
0.264132
-0.340983
0.308161
0.225509
0.404836
-0.268015
0.0435137
0.355306
-0.416545
-0.25198
-0.267365
0.0410959
0.327207
-0.523463
0.108064
-0.467591
0.0190002
0.0221868
-0.202118
0.0777842
-0.0320071
-0.168422
0.282999
0.447654
-0.204493
-0.469784
0.228664
0.32187
0.12034
0.056144
-0.27737
-0.28386
0.491157
-0.296161
-0.00223916
-0.331807
0.0190351
0.20663
0.168844
-0.518279
0.0968315
0.120632
0.0298534
-0.302684
0.00576126
0.292943
0.00262787
-0.257485
0.310189
-0.172522
0.236664
-0.385749
-0.447248
0.391049
0.0622401
-0.0727895
-0.294643
-0.124872
0.293112
0.215454
-0.114498
-0.134209
0.251676
0.39255
-0.37182
-0.219192
0.518724
-0.250679
0.517252
0.421642
0.183628
-0.18435
0.529386
-0.287681
0.339207
0.205588
0.413192
0.144836
-0.156067
-0.0247525
0.0513217
0.176479
0.304716
-0.283592
0.315464
-0.334582
-0.266754
0.137009
0.241604
-0.170266
-0.516582
0.00878456
-0.129875
-0.0468929
-0.419605
0.0984372
0.302412
-0.0219495
0.272862
0.259661
0.244308
0.457988
0.557384
-0.363375
-0.385373
0.177432
0.191591
-0.200608
0.518971
0.42126
-0.17556
0.257147
0.277265
0.47621
0.131705
0.359341
-0.175825
-0.456963
0.134112
0.245265
-0.302315
-0.231682
0.153788
-0.393262
-0.339655
-0.111554
0.00313186
0.364599
0.226037
-0.300064
0.419823
-0.489555
-0.0622405
0.39059
-0.233129
0.161181
-0.129843
0.0409569
0.403637
0.435306
0.13785
-0.404127
-0.0241119
-0.308936
-0.0580277
-0.0747884
-0.203455
0.293745
0.262799
0.141149
0.206292
-0.407788
0.262346
-0.266557
0.100407
-0.608078
0.243234
0.22632
-0.225473
-0.245154
-0.0865519
-0.0543327
0.0982771
0.206778
0.401621
0.230697
0.0817885
-0.301781
0.348779
-0.311104
-0.0547138
0.313786
0.272765
-0.0553894
-0.270292
-0.0458464
-0.429423
0.506163
0.322209
0.358745
-0.174727
0.548789
-0.107735
0.0535259
-0.547355
-0.246709
-0.0321637
0.131863
0.397041
-0.251671
0.14293
0.526551
0.151603
-1.42143
-0.909544
-0.112293
-0.138698
0.0199753
-0.204561
0.224033
-0.552145
-0.0875099
-0.389973
0.0897373
0.52764
-0.194421
0.0654315
-0.0643625
0.336847
-0.38944
0.250548
0.189554
-0.205369
0.147597
0.244653
0.247187
0.371866
0.0653392
-0.293992
-0.385603
0.0995034
-0.312653
0.402853
-0.464333
-0.160935
0.0174482
0.336595
-0.0918007
-0.605744
0.323504
0.158538
-0.351089
0.47273
0.295416
0.129198
0.354714
0.114148
-0.46151
0.0201729
0.390832
0.0533893
-0.346018
0.138615
0.381287
-0.133074
-0.440226
0.221298
-0.102226
-0.130498
0.281177
0.099089
0.451029
-0.0480587
-0.246094
-0.307408
0.15274
0.0250425
0.270272
-0.2056
0.508898
0.170126
-0.222149
-0.285033
-0.308624
0.266874
-0.158251
-0.225153
-0.243385
0.22054
0.838708
0.409829
0.394223
0.0189218
0.233904
0.283328
-0.459928
0.156111
-0.399345
0.216387
0.310911
0.0622838
-0.386078
0.272257
0.51174
-0.196321
-0.526679
-0.132107
0.245691
-0.502709
0.28047
-0.204398
0.486767
0.504722
0.228795
-0.361176
-0.00109702
-0.302399
0.082283
-0.126826
-0.380064
-0.512805
0.335939
-0.281366
0.0320875
0.0694596
0.183347
0.18493
0.0873841
-0.423556
0.291169
-0.170425
0.270623
-0.0567361
-0.0802843
0.229905
-0.293543
-0.206429
0.250319
0.0100282
0.397836
-0.230256
0.124199
-0.371499
-0.277106
0.304113
-0.00540509
0.404228
0.0901585
-0.241386
0.179839
0.29543
0.129971
-0.191916
0.21179
0.0751269
-0.465338
0.0862102
-0.195548
0.136332
0.361354
0.540098
-0.197183
0.174049
0.256375
0.629784
0.307117
0.0433031
-0.498091
-0.295967
0.429653
0.13103
-0.0327937
0.261714
-0.0255098
0.293028
0.346409
0.513774
0.0343025
-0.523435
-0.342965
0.210453
-0.200096
-0.0354267
0.147396
0.543855
-0.275557
-0.268608
0.175227
-0.369674
-0.518766
-0.0974976
0.0958291
-0.480579
0.0785483
0.263461
0.403119
0.269929
0.0821057
0.218747
0.103353
-0.271654
0.457383
-0.305387
0.205999
-0.225774
-0.340398
-0.248998
0.205126
-0.303691
0.489943
-0.264168
-0.390377
0.277077
-0.186548
0.172757
0.0441213
-0.239313
0.04806
-0.330847
0.0788055
0.384836
-0.151551
0.262679
0.0962132
-0.166166
0.425107
-0.119233
-0.0153394
0.25341
0.101633
-0.17851
0.416606
0.383904
0.0708218
-0.356796
-0.105347
0.27419
0.396689
0.365437
-0.281799
0.0580607
0.57248
0.0150751
0.113628
0.20552
-0.247574
-0.110492
0.242301
0.0248019
-0.033555
-0.0413695
-0.151669
0.0743866
0.378548
-0.00501913
0.294424
0.0497012
-0.0330883
-0.233242
0.0396906
0.387885
-0.0523421
-0.469297
-0.1438
-0.516931
0.493915
0.416044
-0.41084
0.235522
0.0945896
-0.349112
-0.152745
0.410723
-0.102553
-0.0144681
0.169784
0.502707
0.48394
-0.0587932
0.462789
-0.0760975
0.193274
0.160363
0.406017
0.296871
-0.266833
0.259753
0.296752
-0.336083
-0.503055
-0.260745
-0.258729
0.553859
0.645463
-0.178641
-0.0136697
-0.31318
0.0366865
0.199747
-0.338891
0.214037
-0.570612
0.271868
-0.211348
-0.0270516
-0.255404
-0.302906
-0.169107
0.449712
-0.50231
-0.239374
-0.345796
0.115973
0.100168
0.166397
-0.329573
-0.588963
0.30663
-0.317928
0.517073
-0.0161447
0.240465
0.308714
-0.374444
0.254069
0.355284
-0.470842
0.231375
-0.228106
-0.301857
0.0354134
-0.0358719
-0.355118
-0.513817
-0.155231
0.0664641
0.100044
0.271713
-0.0912834
0.361014
0.264418
0.54612
0.156794
-0.0284936
-0.309795
-0.00605755
0.136914
0.662037
0.179666
-0.0179214
0.584477
0.314761
-0.422909
0.180978
0.166936
0.734986
0.0571386
-0.237409
0.0461516
-0.0775475
0.558781
0.106148
-0.0141899
0.123698
0.460156
0.573075
0.426476
-0.0377769
0.133848
-0.113664
-0.405002
0.0375559
0.260547
-0.143508
-0.28205
-0.0375761
-0.225424
-0.322913
0.350979
-0.61552
0.428273
0.131911
0.0587826
0.111624
0.0333249
-0.22035
0.245649
-0.421431
-0.205672
-0.192937
0.0745048
0.289335
0.0846952
-0.956636
-0.261306
-0.203705
0.0817303
-0.17906
-0.0336211
0.0215783
0.0900117
-0.52468
0.381626
-0.0100693
-0.080744
0.0776489
-0.224444
0.116769
0.397667
0.429466
0.346589
-0.337801
0.267372
0.10412
0.444417
-0.150578
0.376584
-0.493384
-0.532118
-0.0550117
-0.213399
-0.22775
0.483128
-0.444083
-0.0854237
-0.448341
-0.443111
-0.374418
-0.0592074
0.382751
0.0702353
-0.304054
0.281764
-0.068771
-0.0049378
-0.429657
-0.0712507
-0.214626
-0.318029
-0.319359
-0.348615
0.118202
0.274465
-0.397143
0.269386
0.0490482
0.39885
-0.107527
-0.638748
0.0765171
0.462309
0.194077
-0.3609
-0.107616
0.246919
-0.156251
-0.157233
-0.240856
-0.0147949
-0.318293
-0.487886
0.3386
-0.468331
0.316754
-0.237874
-0.0876847
0.232418
0.185212
0.0888593
-0.181766
-0.0794885
-0.502315
0.102668
-0.162007
-0.341218
0.339742
0.0894548
-0.281298
-0.280169
0.0638824
0.262268
0.29128
-0.143406
-0.328345
-0.073871
0.372408
0.297523
-0.187708
0.373936
0.536692
0.407789
-0.311091
-0.357448
-0.473397
0.314899
-0.0338016
-0.48143
0.23211
-0.000891592
0.447764
-0.418054
-0.394032
0.010482
0.435073
0.053141
-0.263661
-0.446806
-0.586851
0.263124
-0.413812
0.198519
-0.31864
0.374757
0.411529
0.268477
-0.201595
0.105088
-0.275892
0.0968807
0.0180338
-0.27511
0.191143
-0.274458
0.405507
0.233247
-0.356548
-0.0557696
-0.533682
0.289284
-0.47637
0.209902
-0.381189
-0.150986
-0.162404
-0.108382
0.0716768
0.371838
0.265785
0.339046
-0.0940534
-0.444545
0.41724
0.0804654
-0.034969
0.213412
-0.162596
-0.0732094
-0.144003
0.324449
-0.366078
0.415244
0.175736
0.177559
-0.528653
-0.12427
-0.331768
0.208123
-0.501704
0.301081
-0.273088
-0.352706
-0.195849
0.133012
0.44548
0.197249
0.219236
-0.0688376
-0.0898717
0.0186865
0.219239
0.354483
-0.542506
0.450249
0.407501
0.313313
-0.304149
0.0540917
-0.0724906
0.326057
0.0144495
-0.361609
-0.497108
0.200637
0.758542
0.832576
0.395779
-0.103768
0.413678
0.539848
0.100069
-0.271952
-0.374541
-0.0726262
0.277773
-0.206931
0.359992
0.450309
0.00132902
-0.383723
-0.0919592
0.516049
-0.210688
-0.232764
-0.272338
-0.287979
-0.2525
0.174368
0.343002
-0.147489
-0.453478
-0.376046
-0.240023
-0.0740836
-0.399797
0.0427141
0.319451
-0.0344914
0.070598
-0.196803
-0.0720163
-0.426933
0.385667
0.335543
0.0959295
0.456274
-0.130492
0.327184
-0.0583787
-0.111816
-0.46199
-0.187642
0.187728
0.364119
0.0224832
-0.278512
-0.250835
-0.0996972
0.0926136
0.314643
-0.176777
-0.247051
-0.0336899
-0.151307
0.115943
0.15477
0.278912
0.182978
-0.683892
-0.173967
-0.0629269
0.282435
-0.0619998
0.269135
0.124023
-0.278357
0.289692
0.20051
-0.393784
-0.419233
0.570926
0.343749
0.0588637
-0.178728
-0.264024
-0.00346388
0.0986831
0.41596
-0.0660509
-0.265318
-0.231401
0.0355812
0.111142
0.166185
0.553639
-0.375404
-0.497477
-0.350192
0.213921
0.210672
-0.429434
-0.313005
0.348759
-0.485248
-0.56179
0.553113
-0.137201
0.223575
0.012869
-0.0373584
0.135208
0.416974
0.075152
0.149643
0.21777
0.233754
0.4627
0.439762
-0.624444
0.235197
0.0743159
0.132744
0.13048
0.227241
0.456382
-0.0109948
0.132567
-0.426986
-0.129885
-0.0624163
0.284693
-0.379564
0.0967285
0.294747
0.0175099
-0.183729
0.0121522
-0.223556
-0.336518
0.37737
-0.209317
-0.139688
-0.563163
0.495258
0.377524
0.23249
0.328875
-0.412493
-0.0155488
-0.0199755
0.219396
0.417494
-0.359955
0.313484
-0.0417508
-0.0892753
-0.340335
-0.357186
-0.533339
-0.0321257
0.234728
-0.418594
0.0283975
-0.349474
-0.0299816
-0.0116333
0.0560008
-0.0669471
0.209882
0.058921
-0.705982
0.390858
-0.47995
-0.283732
0.361254
0.137513
-0.0661722
-0.230494
-0.330526
-0.247364
0.205289
0.0424731
-0.203406
-0.303292
0.403572
-0.179633
-0.0380612
0.113341
0.709311
0.0552859
0.13191
0.556517
0.338249
0.499385
0.504851
0.0377691
0.190254
-0.163196
-0.334411
-0.338781
0.418933
-0.203663
0.172459
-0.125595
0.469981
-0.236527
0.296565
0.174856
0.372425
0.532297
-0.309452
0.35038
0.523577
-0.320029
0.340835
0.171686
-0.309614
-0.205945
0.155885
0.172698
-0.113586
0.352451
-0.372342
0.086175
-0.0682379
0.328793
-0.315113
-0.078039
0.282
0.0660114
0.406491
0.399992
-0.482442
0.0384279
-0.0297106
0.323466
-0.198991
-0.260502
0.259764
0.510512
-0.289155
-0.0474599
-0.242204
-0.0429336
0.324909
0.375332
-0.301082
0.00997136
-0.0932472
-0.536971
-0.504924
0.483813
-0.51419
0.202664
0.346968
0.179677
-0.298269
-0.353083
-0.377755
-0.467624
-0.259334
-0.175049
0.295491
0.0311026
0.38996
-0.367297
-0.308529
-0.101591
0.197653
0.430189
-0.439276
0.0439923
0.373747
-0.161264
-0.16369
-0.190427
-0.0799931
0.125855
-0.42801
-0.211975
-0.359709
-0.217566
0.254104
-0.0942962
-0.357326
0.486008
0.332096
0.0713528
-0.0792587
-0.286907
0.0376763
0.142499
-0.0134829
0.57365
0.0432273
0.202551
0.323176
0.108047
0.382276
-0.276378
0.275369
0.242889
-0.308159
0.492259
-0.11607
-0.313384
0.231893
0.411112
-0.183851
0.101384
0.31027
-0.332823
0.0768129
-0.395675
-0.0440449
-0.28559
0.495514
0.433863
0.382235
0.169759
-0.112016
0.320359
-0.104081
-0.271847
0.143926
0.0325917
0.0772791
0.0524629
-0.304176
0.253405
0.36948
0.0463883
-0.285449
-0.00931978
-0.186027
0.0503463
-0.30092
-0.0765604
0.455949
0.300917
0.046631
0.214523
-0.359508
0.269225
0.127308
-0.181216
0.23114
-0.0136684
0.00255836
-0.295522
-0.0305076
-0.262607
-0.02317
0.0259113
0.137379
-0.215375
-0.156608
0.23448
-0.434853
0.142906
-0.111556
-0.225809
-0.367971
0.0123881
0.273452
0.379363
-0.357942
-0.554241
-0.362826
0.111611
0.176421
-0.230428
0.388116
-0.318214
-0.147832
0.0122955
-0.277267
-0.458772
-0.267973
0.216626
0.0673526
-0.196445
-0.182981
-0.119174
-0.696861
-0.50807
0.337811
0.106866
-0.143956
0.0234326
-0.173585
0.445581
-0.0680909
0.0902363
-0.314853
0.346081
-0.273785
-0.00642301
0.148762
-0.400644
0.448762
-0.458089
-0.444133
0.441493
-0.31604
0.406475
-0.286754
0.226119
-0.305628
0.268558
-0.247495
0.0349728
0.343099
-0.192881
-0.44453
0.49927
-0.276054
-0.250404
0.461197
0.154859
-0.625196
-0.460101
0.841587
0.245837
0.207955
0.0574471
0.546103
-0.391286
-0.27245
-0.0949442
0.328769
0.199457
0.0768593
-0.171678
-0.259482
0.255203
0.55902
-0.060821
0.437094
0.4909
0.36994
-0.396478
-0.0715742
0.382597
-0.443582
0.51295
-0.34452
-0.107512
0.171888
0.315913
-0.163495
0.132043
0.763356
0.369318
-0.358172
-0.36136
-0.281181
-0.151502
0.180758
-0.542684
0.573237
0.928669
0.416244
0.230351
0.25541
0.00674117
0.226432
-0.323731
-0.197423
-0.327361
0.0634892
0.288437
0.122175
0.0329851
0.0319283
-0.100048
0.0305369
0.444765
-0.507923
