#input normalization
0.16031 0.266872
13.1034 20.1196
12.6719 34.2177
9.93444 29.651
0.0126024 0.0360438
0.0105386 0.0295755
0.51009 1.27706
0.81698 1.01849
0.970592 1.18721
1.15303 1.36175
1.37751 1.4934
1.60213 1.60896
1.81592 1.70013
2.01916 1.76833
2.22458 1.83245
2.39232 1.85731
2.56748 1.8594
2.75786 1.8017
1 -1
1 -1
#output normalization
1 0
#neurons weights
0.0929555
0.349642
-0.32086
0.0666505
0.477995
-0.269638
0.331909
0.254887
-0.347189
0.284552
0.146538
0.473446
-0.0110965
0.0588277
0.408891
0.109997
-0.297784
-0.484223
-0.135539
-0.0365067
-0.0724643
-0.0580612
0.036607
-0.276384
0.180422
-0.729393
-0.397916
-0.343566
-0.694036
-0.0334741
0.732284
-0.275269
-0.308681
-0.51888
0.514272
-0.127722
-0.802603
-0.301989
0.238572
-0.668317
0.525083
-0.0229379
-0.140892
0.373144
-0.205078
0.372147
0.210611
0.516675
-0.16312
-0.329389
0.339249
-0.482797
0.218015
0.45351
0.247942
-0.32821
0.422269
0.0163008
0.461608
-0.0424618
-0.5532
0.026412
#synapses weights
-0.141932
0.0135514
0.253045
-0.119549
0.0154947
-0.190984
-0.668705
-0.373267
0.069519
-0.0345731
0.159946
0.395546
-0.0450479
-0.134532
0.387999
-0.434005
-0.0854933
-0.206344
0.491877
0.0805248
-0.334198
-0.210217
-0.399318
0.277768
0.527394
0.00443903
-0.884894
0.597682
-0.0230083
-0.0992866
0.404516
-0.316897
-0.0623691
-0.226086
-0.0731393
-0.0198649
-0.322691
0.465792
0.0938498
0.0106146
0.129523
0.526774
0.132827
0.188258
-0.454817
0.249322
1.28252
-0.231782
0.0617851
-0.17667
0.37132
-0.332843
-0.1753
0.0778596
-0.0330067
0.0182906
0.434026
-0.364832
0.344546
-0.118223
-0.401201
0.376527
0.255047
0.146833
0.182779
-0.0257376
1.09441
0.797203
0.229325
-0.399725
0.264603
-0.293349
0.25319
-0.307551
0.14044
-0.108651
0.194491
-0.364911
0.482039
-0.365875
-0.110714
0.188976
0.310004
-0.156712
0.0665532
-0.115676
2.09065
0.848919
0.72528
0.285909
-0.284499
0.0863148
0.0804046
0.214984
0.0315848
0.235764
0.384696
-0.323486
-0.437067
0.225376
0.27385
0.279629
-0.667146
-0.205458
0.198473
-0.511175
0.136238
-0.224919
-0.613596
0.108818
0.0633737
-0.275737
0.5328
0.154761
0.300812
0.124141
0.271648
-0.441219
0.124637
-0.283551
0.37447
-0.144299
0.0190843
-0.310581
0.366543
-0.397192
0.551302
0.490159
0.401739
0.521097
0.307956
0.0445303
-0.124424
-0.25198
-0.0388032
-0.259965
0.0190917
0.0782124
-0.339338
-0.105029
0.0887875
0.303101
0.16085
0.0960149
0.211315
0.0501565
-0.364723
-0.0245108
0.189116
-0.13454
-0.299047
-0.0393609
-0.257581
0.341821
-0.246823
-0.0438125
-0.119234
-0.421609
-0.298923
-0.0242833
0.137501
-0.389923
0.751741
0.189399
0.482584
-0.0312875
0.650954
0.572755
0.653615
-0.0891562
-0.322923
0.351821
-0.146153
0.136181
-0.252222
-0.0245615
0.255987
0.0719916
0.2745
-0.0507976
0.0591293
0.544755
0.453085
0.0129664
0.272134
-0.356609
0.840795
0.0871383
-0.341967
0.354408
-0.166525
-0.242191
-0.243182
0.0987072
-0.249258
-0.128251
0.141601
-0.297261
0.150176
0.0804239
0.227475
0.587614
-0.0491952
0.0857458
0.021784
-0.00264742
1.74737
-0.21462
-0.00408756
-0.0121666
-0.0617047
0.151881
0.0635395
-0.16122
-0.263303
-0.253901
-0.149448
0.036438
0.128412
0.497992
0.371035
-0.395734
-0.139348
0.205666
0.406593
0.414752
-0.234572
0.148671
0.37894
0.0646209
-0.24853
-0.203743
-0.0325994
0.351591
-0.342213
-0.21788
-0.318422
0.20993
-0.0952412
0.0386779
0.0363899
0.591558
0.331176
0.034475
0.194112
-0.476163
-0.286993
-0.108119
0.910017
0.511161
0.264478
-0.206459
0.141249
-0.0359416
0.140755
0.0176337
-0.125017
0.0251462
0.0491127
-0.225831
-0.255355
0.212167
-0.224713
0.56573
0.348322
0.558328
-1.096
0.222726
0.111687
-0.13297
-0.0352338
-0.0960908
0.401466
-0.104105
-0.40345
-0.108628
0.535277
-0.280332
0.049507
0.361365
0.153622
0.00952776
-0.54442
-0.200551
0.266928
0.271867
0.233797
0.462012
-0.011008
-0.411817
0.228401
0.386388
-0.288239
-0.100039
-0.305127
-0.336345
0.0796907
0.185046
0.110906
0.0317656
-0.0504766
-0.111241
-0.275506
-0.114603
0.314788
0.044977
2.79571
-0.508944
-0.283425
0.0138304
-0.105393
-0.162511
0.0674441
0.0148316
-0.136629
-0.0996084
0.0554032
-0.172954
0.437341
-0.401094
-0.0565546
-0.34143
-0.332914
0.310426
-0.021014
-0.0214907
-3.13839
-3.24575
-0.15034
-0.00697909
0.0264987
0.0796548
0.0134804
0.0157358
0.115323
-0.0186463
0.0927714
0.0139902
0.440267
0.200335
0.530439
0.202847
0.329634
-0.382341
0.0275134
0.335218
0.49993
0.186577
0.598157
0.496221
0.377505
0.264451
0.0122839
0.0666561
-0.238249
0.300648
-0.499266
0.233138
0.394473
-0.324312
0.122557
-0.00277398
0.107194
0.28325
-0.412677
-0.205126
0.247208
0.119935
0.161562
0.182097
-0.386814
-0.408903
0.333502
-0.0648648
-0.14514
-0.0637863
0.23658
0.0573872
-0.350024
0.447561
-0.00187644
0.147942
0.194183
0.24969
0.0568606
0.27549
0.870522
-0.645646
0.27478
-0.206008
0.141391
0.060398
0.00381311
-0.0815593
0.0195202
-0.346104
-0.608221
0.309077
-0.473726
0.206217
0.123642
0.19753
0.00794699
-0.10521
0.486411
-0.249345
1.27785
1.6346
0.932161
0.148705
0.285676
0.181325
0.0141526
-0.243473
-0.176211
0.121157
-0.0412136
-0.0381682
0.35491
-0.472547
-0.079946
-0.338456
0.287342
0.43858
0.360973
-0.457796
0.0609947
-0.0965094
-0.508376
0.279695
0.444403
0.121236
-0.0350321
0.432328
0.171451
0.167841
-0.549976
-0.377378
-0.0323125
0.152523
0.418593
0.110432
0.59459
-0.72465
-0.522884
-0.224314
-0.112975
0.179846
-0.172561
0.018131
-0.52638
-0.754119
0.171521
-0.255959
0.570575
-0.00980067
-0.457759
0.924632
-0.011624
-0.19049
-0.554083
0.235876
-0.289447
0.351927
-0.293509
-0.187709
0.339452
-0.396739
0.472005
0.128511
0.114278
0.122954
-0.132892
0.551931
-0.168172
-0.0806144
-0.27503
0.163736
0.112274
-0.0822632
0.485196
0.522912
0.326799
-0.135949
0.422985
0.369826
-0.11459
-0.271289
-0.442109
-0.198143
-0.130275
-0.270473
0.0493074
-0.130824
0.0384969
0.321048
-0.38391
0.211569
0.0116233
-0.134158
0.276313
0.0570473
-0.00119919
-0.611785
-0.0166838
-0.112421
-0.0836455
-0.520767
-0.82898
0.641546
-0.648817
-0.232064
-0.375912
-0.367076
-0.524048
-0.265606
-0.76997
0.0980277
0.238796
-0.506939
1.38855
-0.502422
-0.168534
-0.617868
-0.489246
-0.493382
0.414815
-0.0977361
0.383648
0.129681
-0.020317
0.395645
-0.394237
0.187507
0.223558
0.165339
0.320794
-0.17993
-0.000951432
-0.0349366
-0.573261
0.549607
0.201718
0.0891015
0.542497
-0.351435
0.406693
0.875451
0.0686365
-0.46284
-0.339227
-0.0267619
0.366696
0.288646
0.248246
-0.327923
-0.248089
0.282378
0.0137152
0.749797
-0.10023
0.0920906
0.0269386
0.205147
-0.123542
-0.204069
0.101081
-0.164687
-0.312065
-0.163707
0.381735
0.441102
-0.213095
0.303486
0.0898101
0.280511
-0.130697
-0.15383
-0.0500446
-0.230113
0.237536
-0.217581
-0.438122
-0.294276
0.268706
0.162965
0.612414
-0.194132
-0.421248
0.66007
-0.617819
-0.0446441
-0.496896
-0.466102
-0.109321
0.471199
0.0190777
0.217294
-0.563374
0.407589
-0.175503
0.306317
0.57519
-0.688991
0.804401
-0.358206
0.250085
-0.598798
-0.782038
-0.0225189
-0.255326
0.55225
0.374505
0.307147
-0.130437
-0.143853
-0.165577
-0.301185
0.250805
0.00535623
0.448047
-0.0377967
-0.301124
0.186302
0.184899
-0.344084
-0.115728
0.0227832
-0.04045
0.531849
-0.426708
0.462018
-0.269611
0.0242133
-0.357757
0.195599
0.0239439
-0.151921
-0.00831336
-0.514254
-0.102971
0.211051
-0.459445
-0.030326
-0.495523
-0.262103
-0.605415
-0.111179
0.207826
-0.167967
0.205785
0.0593363
0.0334549
-0.378207
-0.220419
-0.498609
-0.486419
-0.401503
-0.264226
-0.236793
-0.426733
-0.279258
-0.0570709
0.247616
-0.0916678
0.0917767
-0.440762
-0.226688
0.0282177
-0.238971
0.326049
-0.480465
0.204404
0.147485
-0.294124
0.284804
0.283287
0.392757
0.148975
0.241378
-0.580159
-0.284877
0.272407
-0.151297
-0.363888
-0.435153
-0.367647
0.706954
-0.156499
-0.0783311
0.327645
-0.446098
-0.496036
0.0570865
-0.26528
-0.0125235
-0.12831
-0.295336
0.413977
0.543234
-0.0460276
-0.109769
0.478409
0.084789
-0.59958
0.504215
0.194813
-0.365421
-0.646186
0.367858
0.435858
0.238165
0.0182727
-0.253388
-0.313231
0.147948
-0.0872349
0.368502
0.808157
0.280978
0.317544
0.153652
0.285491
0.459141
-0.501601
0.14118
-0.362802
-0.347889
0.27997
0.191517
0.395137
0.214871
-0.0310175
0.413076
-0.0840513
0.417718
-0.324306
0.217573
0.500812
0.137382
-0.0403596
0.119869
0.0998605
0.4975
-0.411293
0.274505
0.111586
-0.0827351
-0.350112
0.364975
-0.23291
0.366941
0.0736903
-0.0065535
-0.136499
0.481128
0.50433
-0.175719
-0.434776
-0.128105
-0.313103
-0.499607
-0.435655
0.456772
0.0983531
0.169977
0.611799
-0.350581
0.213993
0.200594
0.193344
0.247237
-0.0850236
0.257108
0.0113574
-0.142322
-0.351431
-0.0856947
-0.0967115
0.0183394
-0.337834
-0.0198748
-0.22664
-0.0734454
-0.0105143
0.630489
-0.375591
-0.149433
-0.00927717
-0.105229
0.46629
-0.116021
0.270701
-0.40939
-0.367515
0.12384
-0.541648
0.18674
-0.183849
-0.273783
-0.0571454
-0.0179381
-0.0746028
-0.0594199
-0.458888
-0.217044
0.0370416
-0.399132
-0.0684376
-0.0102453
-0.0435834
-0.263054
-0.141963
-0.511243
-0.0211369
0.169403
-0.404491
-0.153735
-0.0804772
-0.320105
-0.217074
-0.000254039
-0.166833
-0.320605
0.279026
-0.583076
-0.0957071
-0.291974
-0.561741
0.41574
0.0161642
-0.52929
0.187941
-0.0959743
-0.436887
0.240947
-0.448507
0.321621
0.191323
-0.647954
0.0767585
0.803887
-0.0193532
-0.399648
0.738958
0.279392
-0.826177
0.513188
0.768067
-0.124201
-0.19188
-0.210139
-0.497613
0.343941
0.477042
0.517888
-0.502994
-0.462258
-0.202076
0.26424
