#input normalization
0.160243 0.266923
48.9527 47.4406
11.394 40.3494
8.93426 32.4273
0.0123109 0.042895
0.00982958 0.0322965
0.520158 1.28763
0.832379 1.03645
0.991316 1.21263
1.16895 1.38694
1.39874 1.52105
1.62261 1.63223
1.84173 1.72982
2.04536 1.79733
2.25024 1.85106
2.41615 1.87723
2.58665 1.88488
2.73665 1.8753
2.84581 1.83066
2.93473 1.76169
3.00705 1.68894
3.07934 1.60339
3.10235 1.50531
3.13346 1.3978
3.11719 1.27351
3.07258 1.13723
3.02069 1.0002
2.9514 0.853891
2.86458 0.70572
2.75419 0.548952
2.66243 0.417383
2.52778 0.281187
2.41465 0.149772
2.26422 0.025704
2.12872 -0.0911483
2.01058 -0.194513
1.86834 -0.290047
1.74937 -0.389815
1 -1
1 -1
#output normalization
1 0
#neurons weights
0.0813852
0.0413636
-0.215049
-0.0725662
-0.404317
0.0940158
-0.248702
0.0318579
0.247091
-0.145294
-0.132873
-0.0042498
0.10794
0.228959
0.495421
0.0306702
0.290968
0.482954
0.343405
-0.468745
0.238333
-0.459539
-0.464109
-0.108433
-0.406972
-0.0668139
0.114545
-0.474002
0.245366
-0.48684
-0.260078
0.119432
-0.137949
-0.0715254
0.452022
0.162924
0.244734
-0.306375
-0.222778
-0.359066
-0.193739
0.376453
0.0404961
0.0951664
-0.312168
-0.999855
0.155765
-0.53114
0.438803
-0.377484
-0.283005
-0.506269
-0.0125535
0.458591
-0.259601
-0.423699
0.213065
-0.308278
-0.107696
0.205414
-0.120306
-0.398239
-0.380328
-0.511553
0.568459
0.539381
0.100744
0.351928
0.358291
0.413587
-0.268291
0.185804
-0.0110007
0.415578
0.417387
-0.0583916
0.4146
-0.503002
-0.303801
-0.160095
0.0182922
0.390916
0.344488
-0.188437
0.0206729
0.202345
0.439419
0.526985
-0.276568
0.393682
0.0684032
-0.0326021
-0.389253
-0.379268
0.353181
0.498396
0.522598
0.0641742
0.0400087
0.237982
0.327397
-0.1555
0.500293
0.199994
-0.0845511
-0.0235153
-0.230354
-0.130255
0.476798
0.152258
-0.0349613
0.106693
0.070867
0.353164
-0.196755
0.446292
0.400591
-0.0429794
0.0836177
-0.321145
0.00935816
0.479208
#synapses weights
-0.0501839
0.388988
-0.388164
0.209098
-0.370994
-0.175657
-0.53134
-0.330378
0.144582
0.392984
-0.271457
-0.160794
0.0776832
-0.0945708
-0.41084
0.131047
-0.349969
-0.220226
-0.637248
0.339613
-0.0583153
0.143019
-0.142719
0.353836
0.298834
0.0311336
0.210164
0.194439
0.253864
-0.194857
0.293713
0.0489806
0.0538397
-0.369156
-0.293211
0.355473
-0.291643
-0.283082
0.250441
-0.365442
-0.0641694
0.314475
-0.0862063
0.310182
0.415695
-0.222253
0.713929
0.557239
1.01395
0.437938
0.299801
-0.469402
-0.167697
0.283684
-0.474433
-0.518156
0.252793
-0.0499274
0.14188
0.057218
0.0892179
-0.438656
-0.448403
0.177168
-0.0327647
0.387375
0.356914
-0.10443
0.121736
0.0258989
-0.112076
0.0685527
-0.156578
0.354291
-0.113852
-0.213681
0.0826836
-0.180177
0.462616
0.00382788
0.00588413
-0.442277
-0.470703
-0.298283
0.343425
0.34963
0.715495
-0.342588
0.317512
-0.0294485
-0.241111
0.0303421
-0.323782
0.368079
-0.386821
0.178323
0.327355
0.0158062
0.332222
0.471338
0.00786875
-0.479845
0.385328
0.21399
0.328033
0.315426
-0.428718
0.0142302
-0.151644
0.232041
0.398932
-0.326215
-0.341753
-0.234772
-0.159353
-0.200692
0.409017
0.198696
-0.0279446
0.00477459
-0.135256
-0.0584383
-0.036248
0.0127173
-0.00769497
0.177757
0.774948
-0.224333
0.800929
0.0910053
0.189757
-0.0841729
-0.31175
-0.387004
-0.383705
0.153905
-0.0136699
-0.131219
0.450521
-0.318724
0.33719
0.056862
0.15647
0.0616833
0.0875816
-0.212639
0.411775
0.496876
-0.303547
-0.0901585
-0.305355
-0.188544
-0.254253
-0.313009
0.58727
0.123837
0.46677
0.0826611
0.439972
-0.158052
0.107
0.474036
-0.258738
-0.308675
0.122638
-0.26781
0.527506
-0.347287
-0.128203
0.18174
-0.328839
0.559125
0.124886
0.0752843
-0.183474
0.0955922
0.309971
0.263252
0.497907
0.395262
-0.115634
-0.372108
0.346444
-0.114548
-0.128872
0.274008
0.278167
0.16355
-0.387313
-0.308839
0.381958
-0.285766
0.331697
-0.189669
0.408677
-0.054116
0.358463
-0.251502
-0.112993
0.479245
-0.118956
0.025738
-0.331522
0.223144
0.0187501
-0.0813899
-3.10828
-3.53189
-0.0375942
-0.263192
0.0312496
0.0239831
-0.176583
0.0463886
0.0355077
-0.0345623
0.0721983
-0.0323797
-0.0980232
0.124522
0.026834
0.0108342
-0.0453957
0.017063
-0.0209071
0.106361
-0.00860023
-0.354991
0.232809
0.0253727
-0.0296819
0.07941
0.108825
-0.0559255
-0.193454
0.171687
-0.0285404
0.0517774
0.271383
-0.283243
-0.0273043
-0.40875
0.372892
-0.28508
-0.249511
-0.189181
1.93885
0.229612
0.302072
-0.160651
0.577556
0.348712
0.541802
-0.134046
-0.406062
0.158535
0.387569
0.235322
-0.383809
0.322101
-0.00557703
0.287148
0.348166
-0.146438
0.314762
-0.112549
0.206121
0.0312118
0.100538
-0.312001
-0.156731
-0.204251
0.320254
-0.291543
0.36347
-0.382544
0.112642
0.229427
0.42347
-0.0323138
0.193938
0.542667
0.23834
-0.382062
-0.272183
0.144636
-0.333026
0.312768
0.358415
-0.241795
-0.249045
-0.278257
0.314397
-0.442557
0.367156
-0.228594
0.291336
0.446325
-0.0638123
0.423054
0.267793
0.200047
0.310979
0.104262
-0.0371337
-0.0351558
-0.203935
0.32231
0.380075
0.529941
-0.334143
-0.301908
0.0435452
0.34774
0.509013
0.3142
-0.1689
0.545193
-0.0833492
0.163329
0.211503
-0.0880561
0.0120957
0.258036
-0.387472
0.0608082
-0.70637
-0.784153
-0.95615
0.342608
-0.247009
-0.314794
0.125981
0.219928
-0.350588
0.417376
-0.0937321
-0.047794
-0.0717582
-0.0829432
0.222241
0.196573
0.270411
-0.253151
0.194117
-0.405298
0.208038
-0.404755
-0.0172359
0.247256
-0.134141
-0.077083
0.246753
0.183556
0.197562
-0.0690407
0.140114
-0.180527
0.258222
0.320358
0.13685
-0.332755
-0.236614
0.130255
-0.493902
-0.0591821
-0.113508
0.732994
0.15221
0.576604
0.365783
0.167385
-0.146498
0.214942
0.265656
0.478699
-0.343392
0.1635
-0.0068762
-0.658823
-0.239429
0.160994
0.0713511
0.416243
0.0809915
-0.339845
0.25367
0.353063
-0.0399559
0.166595
-0.1559
-0.065509
-0.183752
-0.477024
0.290698
-0.380583
-0.028145
0.30809
-0.0519768
-0.387184
-0.231862
0.202058
-0.239739
-0.354258
0.164373
-0.0783534
-1.92408
0.528531
-0.104399
-0.360652
-0.0998213
0.068655
0.043401
-0.343181
-0.0342153
0.0646069
0.295408
-0.241268
-0.0991398
0.39593
-0.0893589
-0.010483
-0.0569815
-0.324988
-0.306637
0.304485
0.307861
-0.115584
-0.22037
-0.117614
-0.0355221
0.0374692
0.0409873
0.377485
0.29428
-0.119269
-0.336937
0.205291
0.0922448
-0.117499
0.0780697
0.0505678
0.0603651
-0.122427
-0.223385
-0.615171
0.359157
-0.51557
-0.157212
-0.042972
0.324176
-0.238571
-0.393973
0.0387283
-0.53081
0.028801
0.371584
0.268977
-0.541305
0.304255
-0.254073
-0.445226
0.330361
-0.341342
-0.431189
-0.149378
0.348177
0.399477
-0.101959
0.0513202
-0.460365
0.0734541
-0.449426
0.241613
-0.122547
-0.245448
0.077181
-0.326927
-0.282988
0.474125
-0.53057
-0.369791
-0.0715934
-0.0756342
0.00236865
-0.241293
1.7516
0.145406
-0.0446072
0.0469982
-0.330573
0.0484915
-0.062286
-0.0452357
0.258977
-0.0912253
0.0459235
-0.000234295
-0.395306
0.0733658
-0.0464779
-0.147284
0.162737
-0.291997
0.321327
0.0538305
-0.122308
-0.281996
0.203026
-0.34964
0.137107
0.215121
0.251388
-0.447914
0.319547
-0.295688
-0.441918
0.0598876
0.496467
-0.0246707
-0.158041
0.0395927
0.259116
0.283184
0.00350195
-0.0629245
-0.954511
0.456321
0.201338
0.23073
0.208937
-0.0901622
-0.484588
0.263367
0.178518
-0.465695
0.278209
-0.104832
-0.0093867
0.131608
0.0702402
-0.218973
0.0222115
-0.186411
0.240362
0.402027
-0.275274
0.326523
0.402069
-0.065829
-0.226829
-0.144238
0.414154
-0.0843434
-0.376777
0.00628686
0.11801
-0.153601
0.335861
-0.462427
-0.0375189
-0.161692
-0.343968
-0.0312136
0.430561
-0.152533
-1.83251
-0.347964
0.186235
-0.437436
0.285301
-0.367676
-0.425741
-0.0957489
-0.412189
-0.0975805
0.164609
-0.382268
-0.0866899
0.197394
-0.218791
0.0497476
0.0256904
-0.0426074
0.0910556
-0.263267
-0.101708
0.199628
0.440056
-0.021217
-0.128401
0.376535
0.206697
-0.142289
0.278833
0.00166684
-0.0593282
0.0563403
-0.00641663
-0.348369
0.439183
0.256232
-0.356652
-0.301099
-0.182515
-0.422067
0.677283
-0.167304
0.270984
0.428829
0.219456
-0.100962
-0.01861
-0.166935
-0.0952996
-0.200616
0.26903
0.291682
0.224455
-0.229171
0.239944
-0.116403
0.261295
0.223616
-0.214984
0.200431
-0.392117
0.153703
-0.133063
0.104795
0.103326
0.0867106
0.130964
-0.337254
-0.353994
0.277147
0.264711
-0.443253
0.197026
-0.389442
0.389326
0.32295
-0.0437365
-0.261619
-0.610143
-0.00832243
-0.112355
-0.728695
-0.46804
-0.307631
0.230224
-0.213919
0.214545
0.260461
0.0816743
-0.189373
-0.0638228
-0.449262
0.263524
-0.289523
0.0200567
-0.0801284
-0.247284
0.1768
-0.364315
-0.403131
0.351915
-0.0209935
-0.373242
0.304467
0.196526
-0.0226958
0.276287
0.07576
-0.310505
-0.285469
0.0749462
-0.23151
0.295344
-0.215268
-0.382537
0.436226
0.0582142
-0.0563456
0.079354
0.209252
0.600778
-0.225928
-0.400778
-0.0117624
0.412805
0.40374
-0.249867
0.170363
0.18509
-0.207364
-0.403417
0.342596
0.216386
0.109976
-0.213695
-0.110617
0.482684
0.515803
0.11579
-0.0980807
-0.210475
0.165047
-0.0206092
0.153255
-0.110273
0.399459
0.456492
0.454793
-0.210841
-0.147977
0.385604
0.234292
-0.42477
0.274367
-0.0923299
0.262105
-0.188104
0.236752
-0.155202
0.036819
-0.974989
0.678318
-0.139129
0.495462
0.516997
-0.319899
0.228328
0.0689356
-0.220074
-0.100131
-0.151489
-0.0637713
0.263185
0.0192414
-0.296576
0.0342624
-0.401666
0.373008
0.390488
-0.00524138
-0.366265
-0.0434669
0.0288569
0.110091
-0.00732591
-0.0875563
-0.324368
-0.306874
-0.0257052
0.405302
0.215799
-0.115429
-0.460904
-0.149119
-0.358451
0.0590245
-0.397954
-0.157307
-0.338877
0.290465
-0.58261
0.260452
-0.26627
0.097648
0.0991962
-0.102126
-0.712363
0.29723
0.423092
0.232228
0.101554
-0.475449
0.293562
-0.13018
0.0242885
0.34796
0.275986
0.271955
0.412412
-0.0148968
-0.295784
0.0986783
0.436794
-0.00505755
-0.0670297
-0.441164
0.46971
-0.183801
-0.488989
0.0670183
-0.108481
0.509658
-0.162752
0.268778
-0.0393635
0.373852
-0.087152
0.30649
-0.227225
0.0141698
0.403875
0.212689
-0.113799
0.02635
-0.569517
0.078425
-0.230588
-0.397381
-0.274771
-0.178298
-0.499685
-0.214731
-0.174566
-0.252542
0.15712
0.435584
-0.415492
-0.431826
-0.456867
-0.455042
0.451936
0.222845
0.36476
-0.445733
-0.0905579
0.464199
0.334487
-0.291026
0.332808
-0.0655549
0.0944011
0.190026
0.208764
0.0388925
0.207918
0.498282
-0.479495
-0.083197
-0.705355
-0.0912878
0.306397
-0.606643
0.283667
-0.370961
0.197589
-0.0352168
-0.0307584
-0.141212
-0.258508
-0.482263
-0.0858867
-0.270727
0.352584
-0.154892
0.274461
0.245048
0.0153384
-0.289638
-0.291308
-0.249203
0.256764
0.267532
-0.108053
0.315026
-0.184375
-0.0520831
-0.25618
-0.180037
-0.346262
-0.508065
0.284024
0.115687
-0.0938405
0.219528
-0.0164561
0.0553641
-0.0450654
0.100306
-0.056577
-0.463799
-0.653788
-0.452426
-0.094939
0.373606
-0.0385702
-0.128303
-0.357467
-0.236308
0.508394
0.106783
0.114234
-0.0434461
-0.428371
-0.0860007
-0.323909
0.266479
-0.362515
0.23353
-0.201714
-0.517195
0.0794551
0.282993
0.0689765
0.35383
-0.445247
0.108278
0.00848351
0.245491
0.256906
0.397239
-0.441984
-0.213906
-0.0469023
-0.00427072
-0.233017
-0.0971057
-0.400482
-0.15289
0.203144
0.0219163
-0.905875
0.691946
0.265763
0.222001
-0.175886
-0.408147
0.271274
0.245612
-0.523898
-0.0162367
0.15304
0.380952
0.191228
-0.255172
0.316197
-0.407167
0.0389607
0.194997
0.315508
-0.0834016
-0.0378451
0.0279737
-0.279865
-0.0668557
-0.470612
0.021642
0.211387
0.239781
0.200601
-0.510357
-0.289338
-0.0941914
0.0408938
-0.32184
0.167252
0.171877
0.12361
-0.312755
-0.625394
-0.498301
0.541308
0.0918273
-0.211914
-0.207449
0.0481789
-0.525838
0.107128
0.289782
0.277419
-0.0934125
0.188906
-0.3702
0.19913
0.303279
-0.405642
0.494361
-0.343935
0.115022
0.266341
0.124427
0.121274
-0.104151
0.427873
0.00332347
-0.144882
0.241517
0.278739
0.0584177
-0.280481
0.250606
-0.115551
0.469132
-0.207641
-0.203438
0.104397
-0.169387
0.29715
0.161008
0.260309
-0.0827801
-0.112324
0.139178
0.165285
0.0476802
0.644068
0.57613
0.21822
0.0552478
-0.169577
-0.397492
-0.108044
0.19286
0.317313
-0.123745
0.190846
-0.298438
0.180086
0.364336
-0.0943279
-0.196406
-0.0955106
-0.395963
0.264025
-0.397142
-0.257426
0.476977
0.131549
-0.290037
0.429126
-0.122102
0.225271
-0.261978
0.194567
-0.316514
0.17709
-0.357046
-0.419802
-0.246486
-0.148785
0.000318494
0.0449373
-0.0132837
-0.557038
0.125569
0.172596
0.314176
-0.356494
-0.214733
0.12505
0.117555
0.457038
0.375507
0.292267
0.0534177
0.472703
-0.067879
0.447274
0.0096446
0.165155
0.453827
0.342118
0.35078
-0.289853
0.377157
-0.488726
0.160388
-0.256433
-0.126903
0.420043
0.0851343
-0.0602252
-0.221299
-0.428138
-0.417421
0.126053
0.211309
0.236808
0.0537202
0.425347
-0.338491
0.648627
0.172946
0.0526184
0.0873892
0.183647
-0.0797498
-0.314915
0.269098
0.11885
0.0363891
-0.250076
-0.0309084
-0.332813
-0.0467477
-0.246726
0.20392
-0.0629721
-0.228143
0.0522646
-0.363116
-0.0202579
-0.447067
0.177682
0.333471
-0.0898664
0.39882
0.000689555
0.372023
0.384049
-0.446483
0.183186
-0.0897942
-0.244075
0.37289
0.0136666
0.219239
0.0700635
-0.127958
-0.351759
0.315327
-0.134507
0.266059
-0.313262
-0.241822
0.124576
0.382763
0.0479533
0.522118
0.364989
-0.125662
-0.257879
0.491871
-0.254629
0.312905
-0.0486638
0.515364
0.289038
-0.255702
0.0919012
-0.393605
0.284283
0.192917
-0.243072
0.143325
-0.0117676
0.15116
-0.327989
0.46847
-0.0167287
0.0653444
0.487453
0.248106
0.00707452
0.125588
-0.233261
0.117263
0.108246
-0.262848
0.280219
0.468575
0.611728
-0.289317
0.464518
0.153873
-0.0605435
0.233445
0.249247
0.289516
-0.307819
-0.484731
-0.0195184
-0.151524
0.288478
0.0236546
-0.377473
0.100333
-0.253658
-0.0675777
-0.178369
-0.456175
-0.136092
-0.176052
-0.201609
0.0179798
-0.490302
-0.236988
-0.224627
-0.0317891
-0.112708
0.304603
-0.335313
-0.274346
-0.489485
-0.128161
0.20839
-0.161815
-0.370619
-0.417499
-0.0630195
0.488152
-0.36395
-0.414299
0.193292
-0.239499
0.301069
0.157696
-0.144851
0.445499
0.0569126
0.481252
0.119611
-0.343091
0.359153
-0.303045
-0.349485
-0.303742
-0.00263317
0.043004
-0.190093
0.41087
0.222621
-0.27793
-0.381606
0.120212
0.0979166
0.0222028
-0.131411
-0.00628858
-0.203112
0.0482583
-0.130541
-0.0648146
0.0892325
0.297562
-0.0551741
-0.0712395
0.204049
-0.12351
0.410445
-0.141782
1.35255
-0.0497075
0.268739
0.400685
-0.0188646
-0.5432
-0.0169602
-0.245634
-0.133075
0.341617
-0.176468
0.158044
0.403504
-0.224788
0.17329
-0.369551
-0.182155
-0.0397184
0.277226
-0.455942
-0.352042
-0.316074
-0.267515
0.483758
0.133636
-0.451734
0.476306
0.219358
-0.0435332
0.290593
-0.247224
0.007747
-0.22782
-0.408331
-0.384186
0.0589074
0.398572
-0.105143
-0.363123
0.290712
0.921696
0.743506
0.620907
0.310209
0.401295
0.0761096
-0.163358
-7.66504e-05
0.299454
0.182977
0.329766
-0.415472
0.301555
-0.385746
0.0775525
-0.424938
0.0534119
0.0588667
0.00374961
0.170517
0.191551
-0.229472
0.123938
-0.1718
-0.488734
-0.00611417
0.395649
-0.0366885
0.101732
-0.131859
-0.348662
0.484374
0.45042
0.422553
-0.123874
-0.195003
0.226735
0.457433
-0.40577
0.263268
0.605429
-0.107518
-0.189896
0.118661
0.398951
-0.234492
0.00256037
-0.162527
0.21453
0.0076426
-0.0930382
-0.387825
-0.0303623
-0.146287
0.438358
0.322951
-0.216236
0.297549
0.458122
-0.256887
0.118035
0.23688
-0.35216
-0.0869518
-0.17622
-0.263782
0.126348
-0.168476
0.42132
0.258306
-0.384268
0.412973
-0.41446
0.135709
-0.283678
0.338655
-0.0915093
-0.0615303
-0.181645
0.356687
-0.287315
0.389823
-0.0780237
-0.0982982
-0.00761252
0.327271
0.276695
-0.339142
-0.366688
0.202936
-0.108808
0.266601
-0.101768
0.204244
-0.26901
-0.369782
0.28189
0.22563
-0.084102
0.0706345
0.341897
-0.0472582
-0.10957
0.110172
0.254093
0.210879
0.393055
-0.360679
0.391068
0.309704
0.0559081
0.345904
0.195076
-0.456361
-0.0765478
-0.412483
-0.279463
0.100286
-0.0601119
-0.171883
1.03341
0.459201
0.254594
0.198584
-0.313118
-0.0626641
0.177435
0.350429
0.336367
-0.402651
-0.0917556
0.0139084
0.00791309
0.319364
-0.0612056
0.175282
-0.291829
0.337998
-0.332729
0.386522
-0.286521
-0.223351
0.401553
0.0399368
-0.0353761
-0.13655
-0.397915
0.103156
0.374067
0.404705
-0.1099
-0.25136
0.142906
-0.266695
-0.143106
-0.344858
-0.073474
0.170309
-0.208002
-0.208796
-0.21294
0.00126084
-0.587166
-0.462517
-0.476224
0.00835713
-0.260406
-0.0791115
-0.16134
-0.137619
-0.012192
-0.261503
0.109597
-0.148088
0.0570294
-0.206388
-0.516508
-0.174031
0.455143
0.331545
0.182271
0.200718
0.0184624
0.276909
-0.00284695
-0.256007
-0.311052
0.200975
-0.410209
0.0943693
0.248063
0.265966
0.329103
-0.134592
0.186704
0.390333
-0.12501
0.439055
-0.380506
-0.26749
0.271613
-0.250704
-0.0591685
0.483363
0.0953778
0.409548
-0.151489
0.317856
0.224399
0.610047
0.0181741
0.349804
-0.00235093
0.0766299
-0.0457788
0.0104226
-0.177747
0.486869
0.507578
0.266727
-0.127342
0.365003
-0.0389307
-0.310896
0.261045
0.396973
0.486699
0.336177
0.174193
-0.333564
-0.477991
0.265093
0.349784
-0.364339
0.0867849
-0.284139
-0.358977
0.396911
0.370439
0.211849
0.862595
0.0434887
-0.419948
0.1303
-0.0240026
-0.0478619
-0.230122
0.115479
-0.457281
0.303266
-0.331129
-0.0252185
-0.0703471
-0.226344
0.102073
-0.491101
-0.16523
-0.109503
-0.190207
0.441188
-0.1802
0.155849
0.144753
-0.308408
-0.483134
-0.137474
0.193538
0.0677181
0.420089
0.251507
-0.394045
-0.0255386
0.0706134
-0.2787
0.238944
-0.410378
-0.287607
0.0885605
0.509803
0.30591
-0.616059
-0.248051
0.491548
0.177978
-0.179506
0.191863
-0.408718
-0.291834
0.349193
0.165736
-0.312083
-0.396294
0.22682
-0.183192
0.51221
0.394147
-0.158873
-0.119264
-0.224251
-0.331954
-0.384107
0.148959
0.110237
0.243605
0.164041
-0.0872368
-0.352571
-0.369552
0.463612
-0.216486
0.325557
0.322119
-0.231166
0.259675
0.418101
0.244439
-0.0748218
0.0531913
0.175939
0.0769607
0.735862
0.619606
-0.170443
-0.172783
0.00576397
0.201195
-0.134768
-0.0983948
-0.217432
-0.245756
0.321344
-0.084028
-0.410735
-0.0752626
0.117985
-0.239255
0.238021
-0.137246
0.13395
0.235861
-0.0764731
0.356091
0.13759
0.242398
0.133365
-0.24239
-0.0999751
0.111663
-0.269487
-0.223626
-0.453749
0.337423
0.461876
-0.269227
0.206882
0.307227
-0.245333
-0.101738
0.275535
0.390922
-0.249627
-0.457918
0.14182
-0.108718
0.0880427
0.400146
-0.199666
-0.394248
-0.139249
0.464956
-0.371735
-0.45153
0.101899
-0.232273
0.0161427
-0.412373
-0.405789
-0.0294724
0.166508
0.492056
0.100597
0.330164
-0.396148
0.495095
0.488786
0.409994
0.0120303
0.5744
0.11509
-0.111217
0.37925
-0.0945615
0.0895336
-0.303918
-0.199405
0.26337
-0.455111
0.207881
0.453337
0.133194
0.0382929
-0.184104
-0.215113
-0.497203
0.631062
-0.369132
0.231124
0.245982
0.119616
0.0330301
0.42444
-0.456439
-0.116881
-0.21938
-0.0864119
0.0811729
-0.518345
-0.235122
-0.165053
0.0941883
0.281928
-0.387513
0.161968
-0.396215
0.362683
0.203983
-0.167848
-0.0142209
-0.0503047
0.190606
-0.320388
-0.266723
-0.392982
-0.185798
-0.120925
0.241501
-0.26468
0.0644586
0.135393
0.463523
-0.191452
-0.344993
0.0163412
-0.128612
0.28506
-0.359458
-0.48852
0.367556
0.0636133
-0.0553439
-0.503858
0.231428
0.324432
0.167832
-0.344304
0.119755
-0.367562
0.23824
0.0349945
0.0990793
0.29554
0.26473
-0.256068
0.35716
0.463792
-0.153338
-0.0521567
0.317678
-0.0367651
0.367942
0.148325
0.00565557
0.417656
0.290539
0.113924
-0.0496605
-0.205204
-0.210348
-0.255312
-0.0933869
-0.170427
-0.499887
0.613532
-0.262918
-0.0882979
0.0735745
-0.190973
0.401523
-0.508865
-0.144586
-0.311168
0.438519
-0.379663
0.146915
0.0240763
-0.0200727
0.330787
-0.115054
-0.285942
-0.361939
0.528617
-0.340795
-0.452588
0.303289
-0.140443
0.221808
-0.650918
0.256103
-0.595702
-0.263567
-0.396205
-0.100931
-0.591344
0.250155
-0.652806
0.0835575
0.239734
-0.11977
0.182905
-0.180609
0.404523
0.331272
0.425093
-0.379837
0.338205
-0.331321
0.0372168
-0.0231321
-0.408279
-0.201647
-0.0275476
0.367904
-0.0858242
-0.301093
-0.201476
-0.27381
-0.214353
0.360135
-0.306232
-0.0668765
0.0161392
0.0425584
-0.0691465
0.314368
0.407661
0.644154
0.257984
-0.130876
0.297754
-0.125506
-0.291498
0.0233348
0.0328195
0.140019
-0.19992
0.500538
0.0967967
0.2863
0.57382
0.00977814
0.325999
-0.0724911
0.256247
0.023156
0.170026
-0.200997
-0.589221
0.0825535
0.101326
0.324498
0.482851
-0.369713
-0.203547
-0.137928
0.215783
-0.0191312
0.416568
0.176998
-0.525651
0.374381
-0.205157
0.070844
0.327045
-0.199311
0.185683
0.149728
0.49938
-0.216827
0.111682
0.105897
0.35745
-0.0662898
-0.197672
0.311277
0.456499
0.154187
-0.473795
0.485899
0.0561662
-0.221237
-0.0034662
0.407769
-0.177008
0.268019
0.3424
-0.470305
0.554799
0.00418282
-0.252408
0.0934741
-0.393636
0.330855
-0.216815
-0.15576
-0.0828334
-0.0838751
-0.188165
0.560797
-0.0531043
-0.233755
-0.204777
0.444552
-0.407155
-0.0357236
0.29867
-0.423686
-0.195485
0.496649
0.407022
0.592477
0.297613
0.11384
0.0935733
0.44201
0.403873
0.157253
-0.260652
-0.226627
0.388209
0.16173
0.400448
-0.235149
0.423552
-0.149111
0.188301
0.229958
-0.0591148
-0.361991
0.162132
0.371595
-0.0329921
0.233242
-0.0430341
0.0494718
0.0807781
0.102627
0.232436
0.418286
0.286473
0.197161
0.275946
0.318914
0.205381
0.274947
-0.320612
-0.200813
-0.456547
-0.152873
0.0391785
-0.103483
-0.215766
-0.440546
0.255776
0.176447
-0.200789
-0.365156
0.0560452
0.077369
-0.273134
0.347895
-0.49005
0.0505007
-0.274592
-0.028637
0.325406
-0.113219
-0.138003
0.373582
-0.0883027
-0.214131
0.0307523
-0.20838
-0.0763325
0.160587
-0.124951
-0.225085
0.551038
0.218976
0.517319
-0.104973
0.298741
0.449065
0.422596
0.370653
0.0377203
-0.276633
-0.213813
-0.224569
-0.188085
0.564716
-0.276866
0.0695505
-0.125507
0.284983
-0.119104
0.44332
0.0604954
-0.102907
0.0015517
0.306539
0.321905
0.177484
-0.209346
0.0931137
0.214288
0.198142
-0.417366
-0.482695
-0.148586
0.35428
-0.201471
0.20896
-0.127704
-0.111598
0.279023
-0.386265
-0.0464575
0.107038
-0.254921
-0.506313
0.108713
0.379444
0.253558
-0.00247957
0.352082
0.418997
0.0152371
-0.499327
-0.291994
-0.0882036
0.222627
-0.328674
-0.346503
0.176137
0.150895
-0.029912
0.12018
0.443301
-0.114002
0.0906216
-0.283687
-0.440903
-0.124974
-0.023228
0.380978
-0.339402
0.0831858
-0.569572
0.0573755
-0.0367264
-0.431087
0.170394
0.146837
-0.39617
0.209615
-0.223542
-0.369629
0.0640979
-0.0943486
-0.190967
-0.530402
0.117172
-0.187138
-0.340631
0.121324
-0.0887631
-0.0514653
-0.340146
-0.274102
0.153063
0.11974
0.33334
-0.504129
-0.309527
0.301319
-0.361779
-0.338007
0.0575497
0.340819
-0.602213
-0.325218
0.077345
-0.241486
0.0496965
-0.468216
0.122697
0.24774
0.429575
0.410288
0.458075
0.364746
-0.0144981
-0.423645
0.40065
0.00291595
-0.449198
0.0120766
0.331012
0.466559
0.0217054
0.214636
0.279022
-0.316592
0.172843
-0.523797
0.0574301
0.315153
-0.361737
0.217537
0.358981
0.361399
0.0925593
0.0295054
-0.392581
0.40621
0.269426
0.420627
0.173001
0.173951
0.398501
0.24012
0.311862
0.475015
0.0311957
0.28612
-0.170743
0.189286
0.0643169
-0.217384
-0.418812
0.389349
-0.220771
0.350471
0.153364
-0.230053
0.498391
0.179982
0.0569319
0.0195666
-0.284959
-0.16558
0.410738
-0.439805
0.282699
0.0919296
-0.457408
-0.364157
-0.0824028
0.0123585
-0.39637
-0.215338
-0.442689
-0.285304
0.557073
0.34302
-0.0536696
-0.200548
0.153524
-0.261203
0.397741
-0.566667
0.049056
-0.144182
-0.0224498
0.0659534
-0.305216
0.236565
0.471878
-0.0944672
0.100851
0.283364
-0.468134
0.124257
0.10388
-0.308255
-0.185832
-0.616296
-0.114906
-0.069822
-0.195641
-0.437043
0.303712
0.0265399
0.176447
-0.00108072
-0.191497
-0.215122
-0.51154
-0.349328
-0.143368
-0.037956
0.00341906
0.00846806
-0.474952
-0.304461
0.382284
0.146088
-0.136011
0.371376
-0.265674
-0.461407
-0.318653
-0.279838
-0.120347
-0.215363
0.184428
-0.0752698
-0.508781
-0.126575
-0.128168
-0.322179
-0.292209
0.426462
0.206791
0.0998225
0.490579
0.244137
0.379367
0.126596
0.522125
0.341021
-0.182012
0.447282
0.108735
0.246569
0.431442
0.382107
-0.0382735
0.0476928
0.239639
-0.184683
-0.234862
0.223762
-0.258415
0.183591
0.437761
-0.421943
-0.0646315
-0.425172
-0.0897638
0.251635
-0.246345
-0.030921
0.335236
0.289154
-0.28108
-0.342494
0.441202
0.055756
-0.101093
0.715828
0.430852
0.518186
-0.21767
-1.18154
0.31645
0.464455
-0.842473
0.180069
-0.159589
-0.124661
0.59093
0.0978101
-0.171473
0.588152
-0.121067
0.000602027
-0.233833
-0.381744
-0.059219
0.202903
0.00458048
-0.276396
-0.0426743
-0.214043
-0.507958
0.728439
-0.227665
0.110142
0.105195
0.604147
0.748791
0.201884
-0.447384
0.375982
-0.450249
0.114181
0.105653
-0.0871175
0.353864
0.347145
0.343521
0.138624
0.278482
0.315117
0.405873
-0.361967
-0.0787281
-0.0827754
-0.0940377
0.0719016
-0.136462
0.198543
0.252824
0.320443
0.212012
-0.18192
-0.297228
-0.462128
0.315065
0.211207
0.404218
-0.337122
-0.315452
-0.426402
0.138399
0.457084
0.32789
-0.245838
-0.0981999
0.226565
0.221876
-0.451475
-0.199493
-0.149873
0.103065
-0.340579
0.40171
0.416326
0.432052
0.307443
0.420298
0.108412
0.526011
0.298789
-0.184039
0.361287
-0.0296702
0.292604
0.101136
0.333525
-0.463547
0.0959393
0.421713
-0.302847
-0.473436
-0.0251567
0.128696
-0.228556
-0.14266
0.00425401
0.319
-0.039363
-0.00742358
0.0791207
-0.0468867
-0.355881
-0.00647681
-0.0178963
0.452533
0.128482
-0.197168
-0.256809
0.0196218
-0.42597
-0.159451
-0.331114
-0.0520597
-0.263418
-0.111351
0.144126
0.101325
0.415672
0.492432
-0.472723
-0.493214
-0.0619515
-0.435927
0.332801
-0.256535
0.467226
0.17223
-0.0373251
0.288798
-0.335349
-0.0966532
-0.38791
-0.464098
-0.4902
0.458072
0.250062
-0.215191
-0.282489
0.449251
0.357851
0.454335
0.505045
0.0707488
0.317478
-0.117604
0.212232
0.149557
-0.366218
-0.421952
0.27497
-0.288035
-0.0685278
0.0488324
-0.431757
-0.149843
0.182384
-0.392231
-0.440716
-0.568405
-0.101253
-0.0860783
0.434749
0.0360662
0.266617
-0.401356
0.451234
0.182232
0.407738
0.291905
0.0642014
0.380643
0.111305
0.308317
0.378195
-0.159289
0.486853
-0.190969
0.059676
-0.154315
0.392361
-0.418832
0.43648
-0.266743
-0.0899545
0.0386837
-0.287884
-0.402252
-0.444117
-0.0276294
0.0568013
0.501839
0.103837
0.316304
-0.248291
-0.455417
0.0493531
-0.284216
-0.537935
0.147565
0.239678
0.50506
-0.172418
0.434553
-0.223266
0.146157
-0.238568
0.317929
-0.342899
0.401644
0.405523
-0.00735905
-0.0291819
0.58357
0.234712
0.131853
-0.433069
-0.139235
0.252462
0.129136
-0.0988033
0.407059
0.319025
-0.0858582
-0.2086
0.680639
0.376928
-0.180545
0.235894
-0.106415
0.114505
-0.214626
0.644095
-0.467464
0.0329317
-0.122146
-0.447021
0.471511
0.0524749
0.31975
0.00846761
-0.0121829
0.353545
-0.438773
0.39337
-0.120728
-0.443313
-0.165637
0.437776
0.111982
0.46756
-0.128164
0.100526
0.225513
0.38715
-0.22448
0.126134
0.40642
0.237145
0.0787872
0.310429
-0.0331196
-0.465598
-0.0039081
-0.237239
-0.425434
-0.0633422
-0.131303
0.381622
0.0338695
-0.214495
-0.114314
-0.42404
-0.330363
0.0661911
0.338064
-0.379847
0.0964936
0.166432
0.0397077
0.366335
0.171154
0.186207
0.402639
0.461638
-0.159302
-0.255287
0.264546
-0.318066
0.134086
-0.415181
-0.426342
0.0096288
-0.339607
0.38157
0.0387628
0.34873
0.0255577
0.347336
0.0374791
-0.0831854
0.343274
0.180004
-0.311663
-0.386161
-0.292106
-0.350479
0.231659
-0.331863
0.164088
0.38308
-0.161715
-0.11506
-0.075414
-0.0248588
-0.27698
-0.105717
0.269479
-0.422614
-0.485394
0.132377
-0.231307
0.314613
-0.447195
0.251193
-0.400029
-0.0966586
0.2885
-0.350309
0.256154
0.0308615
0.262106
-0.160052
0.284904
-0.487056
0.0233408
0.0359394
-0.376426
0.0781885
0.451669
0.0440394
-0.335285
-0.206605
-0.26918
0.427771
0.489124
-0.206617
0.229427
0.039016
-0.270531
-0.212447
-0.323526
-0.0529861
-0.00699743
-0.256568
-0.414378
-0.469262
-0.296078
-0.545537
-0.343822
0.296025
-0.104171
-0.360518
-0.203451
0.0341798
-0.321184
0.0165609
-0.186351
0.16811
-0.47805
0.308949
-0.507983
-0.130799
-0.125452
0.302705
-0.00424805
-0.149909
-0.0350256
-0.0443666
-0.442434
-0.197708
-0.285322
-0.361963
-0.340399
0.107922
-0.275113
0.0110046
0.40258
0.0709465
-0.0436426
-0.313836
-0.174441
0.0714987
0.354446
0.151931
-0.036323
-0.134172
0.283753
0.41786
0.077572
0.0973324
-0.470873
0.226382
0.302055
-0.274487
-0.154733
0.120055
-0.44297
0.120163
-0.256848
-0.448825
-0.122321
-0.170619
-0.269561
-0.246404
-0.394491
0.0186753
0.339327
0.308793
0.175933
-0.51471
-0.234504
-0.112198
-0.487457
-0.478605
0.202878
-0.369272
0.323288
0.268625
-0.33704
-0.142015
-0.105397
0.18357
-0.482488
0.336771
-0.333879
-0.255215
0.0729007
-0.234242
-0.0140465
-0.201735
0.198945
-0.194243
-0.479405
0.271975
-0.00544239
-0.217882
-0.149858
0.16728
-0.453027
0.407646
-0.00407094
-0.310479
0.280929
0.412735
0.212882
0.244036
0.263343
0.334915
-0.0778603
0.0940203
0.363071
0.110424
-0.209533
-0.508191
-0.270082
0.178025
0.0517044
0.193912
-0.0627469
0.169392
0.255383
-0.101892
0.227537
-0.118181
-0.275157
0.0226249
-0.390721
0.438407
0.535781
-0.225885
0.234461
0.0665981
-0.295585
-0.05538
0.0715779
0.282888
-0.133706
-0.0969428
-0.422607
0.0648161
-0.48018
0.131195
0.398168
0.0596475
0.24866
0.293286
-0.0309238
-0.351053
-0.451606
-0.273868
0.0613329
0.388111
0.138721
0.182823
0.194257
0.364891
-0.217579
0.378516
-0.257933
-0.385687
0.0801677
-0.0893321
0.424388
0.0406379
0.270442
0.0800704
-0.355978
0.513814
0.192428
0.429993
0.100106
0.192293
-0.458851
0.329773
-0.277643
-0.368708
-0.294452
-0.171612
0.334693
0.451692
0.455267
0.426936
0.462202
-0.0986244
-0.471214
0.12413
-0.443101
-0.411073
-0.433493
-0.288424
0.199728
0.344653
0.19661
-0.206191
0.347156
0.265232
-0.339904
0.181157
-0.260918
-0.399886
-0.22003
0.354851
0.0923021
-0.0622212
0.0666095
0.120855
-0.0951376
-0.076736
0.32615
0.19255
0.00441028
-0.170693
0.420235
0.228542
-0.385028
0.179039
0.13271
-0.444509
-0.208172
-0.158852
0.231057
-0.147628
0.236951
0.121835
0.196416
-0.575502
-0.360204
0.157885
-0.492389
-0.317485
-0.193208
-0.539445
-0.533297
-0.295625
0.438687
0.381332
-0.393301
-0.474015
0.108204
0.374856
-0.337737
-0.393278
0.432208
0.258631
-0.0103235
-0.375365
0.153404
0.091381
-0.3706
0.0168717
-0.333905
-0.0232061
0.0449238
0.395609
-0.550437
0.0997759
-0.154462
0.020677
0.161724
0.0975546
0.125145
0.310367
0.232017
-0.381776
0.391023
-0.14127
0.106357
-0.267212
-0.227866
-0.137541
0.0994652
-0.407948
-0.24958
0.182951
-0.0414035
-0.359882
0.609694
0.212985
0.159801
-0.354301
0.210489
-0.366542
0.225699
0.247799
-0.316858
0.361921
0.385396
-0.360011
-0.0252835
-0.253353
-0.0998236
0.513017
-0.153082
0.00854363
0.38715
0.341746
0.429419
0.277895
-0.457668
0.393339
-0.0923386
-0.0985021
0.386132
0.430844
-0.291284
0.000571599
0.275659
0.135038
0.120902
-0.0297842
0.057827
-0.0404199
-0.347555
0.326061
-0.102134
-0.172141
-0.401362
0.131834
0.0924075
0.166442
-0.0937407
0.226159
-0.372502
-0.392546
-0.424804
0.382244
-0.323054
0.0494088
-0.440417
-0.427946
0.436868
-0.0880582
-0.024993
0.295481
0.412689
0.22331
-0.401168
0.0871412
0.332379
-0.260741
-0.145612
-0.200033
-0.0530478
0.342126
0.0437682
0.308251
-0.861108
0.0500037
-0.0231051
0.357523
-0.603777
-0.689593
0.36285
0.587557
-0.692237
-0.365402
0.494359
0.289645
0.235467
-0.734677
0.264371
0.345924
0.524472
-0.268053
-0.890029
0.429321
0.1162
0.329281
0.0370169
-0.157912
0.236725
-0.0238382
0.24371
0.164229
0.369925
-0.0437744
0.178692
0.0939362
0.572298
0.641668
-0.295764
0.0307663
0.202553
0.334778
0.336446
0.382452
0.303007
-0.128118
-0.0280531
0.286211
0.052688
-0.0294615
0.298261
0.247455
-0.186357
0.248418
-0.486216
-0.452362
0.231124
-0.14302
0.069815
-0.194195
0.0671424
0.180983
-0.16116
-0.18498
0.126026
-0.409624
0.109435
0.162281
-0.418399
0.122399
0.287861
-0.231076
0.265086
0.0963077
0.198341
-0.205581
-0.107708
-0.0824101
-0.454302
-0.156674
0.436405
-0.408353
0.0573932
-0.10612
-0.424208
0.277739
0.464234
0.17631
0.355879
-0.497207
-0.038212
-0.140508
-0.573253
-0.296654
0.238869
-0.411012
-0.374087
-0.405625
0.501247
0.134226
-0.361432
0.501047
0.268516
0.389838
0.173093
-0.0377655
-0.0687997
-0.257795
0.54105
0.41845
-0.0378144
-0.380632
-0.102039
0.187102
-0.450462
-0.185321
-0.107957
-0.541523
0.40439
0.359357
0.100324
0.0195181
-0.165792
0.036927
0.191074
-0.270691
0.236295
-0.325932
0.0199463
0.206322
0.501431
0.0338714
-0.39573
-0.369142
-0.0672551
0.368571
-0.153675
-0.191899
0.0674689
0.0264241
0.0570281
0.0290215
-0.324155
-0.344853
-0.213284
0.213365
0.241088
0.374308
0.439269
-0.131839
0.125511
-0.38273
-0.0738333
-0.271718
-0.386893
-0.176386
0.49473
0.240696
-0.332885
-0.24051
0.106394
0.509129
0.414213
0.430151
0.495949
-0.464064
-0.417701
0.122374
-0.428555
-0.344979
0.00540449
-0.384408
-0.395777
-0.0913612
0.201905
-0.0196766
0.198925
0.373521
-0.150888
0.431644
0.120654
-0.260073
-0.189341
0.314754
0.0879801
-0.0822503
0.0830127
0.0268248
-0.0898515
0.0466752
0.104024
0.00179809
0.430462
0.301949
-0.413441
-0.230869
-0.246625
0.525097
-0.359505
-0.124979
-0.00871009
0.302724
-0.158674
-0.475034
0.446609
-0.375416
0.223554
-0.13832
-0.425297
-0.155123
0.445111
-0.229866
-0.255015
0.351208
-0.255433
-0.082326
-0.216916
-0.465258
-0.460593
-0.117121
0.157856
-0.105375
0.408127
0.0194238
0.354167
-0.24428
0.118449
-0.519537
0.339997
0.263504
-0.054638
0.269727
-0.168275
-0.204743
-0.47852
-0.0108743
-0.348102
0.0922782
0.0730156
-0.199408
0.151704
0.349135
0.336907
0.335215
0.303154
-0.416019
0.196393
-0.519119
0.301597
0.319182
-0.47938
-0.378554
-0.428498
-0.246245
-0.128772
-0.410467
0.0616342
-0.103249
-0.431366
-0.263857
-0.0448225
-0.32571
-0.255424
-0.280435
-0.326644
-0.341443
-0.065721
-0.050373
0.293591
0.236641
-0.180026
-0.247688
-0.419491
-0.130062
-0.103956
0.145493
-0.143058
-0.394827
-0.0370083
0.461513
-0.564572
0.241233
0.0566005
-0.0391041
0.202908
-0.157898
-0.0358114
0.444904
0.252945
0.527512
0.379194
0.365312
0.0305659
-0.13774
-0.137907
0.118522
0.275181
-0.299187
0.198738
-0.359663
0.025332
0.121496
-0.20487
-0.0975168
-0.280864
-0.206687
0.461426
0.458744
-0.269562
0.255282
-0.511384
0.430617
0.490316
0.337292
-0.280517
-0.0636812
-0.0129558
0.467231
0.167821
0.448163
0.599701
0.482674
-0.0370733
-0.187817
0.486206
0.0721391
0.087464
0.264874
-0.0332134
-0.1682
0.228731
-0.125512
0.0947447
-0.050269
0.273267
-0.0740149
-0.356458
-0.129987
0.419304
0.480065
-0.219899
0.107196
-0.974859
0.418887
-0.0086263
-0.151808
0.273771
-0.281368
-0.0150797
0.127544
-0.104572
-0.23592
0.461903
0.365534
0.123576
0.218865
0.312657
0.339068
0.0922763
-1.13454
0.144292
0.110832
-0.277066
-0.245049
0.0389839
0.185688
-0.00136112
