#input normalization
0.160287 0.266836
41.1973 43.1524
11.4598 39.7781
8.99407 32.1999
0.0122731 0.0423853
0.00989654 0.0322556
0.51009 1.27706
0.81698 1.01849
0.970592 1.18721
1.15303 1.36175
1.37751 1.4934
1.60213 1.60896
1.81592 1.70013
2.01916 1.76833
2.22458 1.83245
2.39232 1.85731
2.55904 1.86856
2.7106 1.85718
2.81984 1.81914
2.92451 1.75828
2.99266 1.68493
3.05123 1.59174
3.079 1.4968
3.10363 1.38658
3.10696 1.26875
3.07601 1.13675
3.00682 0.993866
2.9466 0.852514
2.86075 0.702192
2.74539 0.545429
2.64491 0.407538
2.53101 0.252188
1 -1
1 -1
#output normalization
1 0
#neurons weights
-0.0556518
0.213687
-0.248871
0.48105
-0.254176
0.235814
-0.17967
0.248879
-0.0233691
0.134042
0.0977669
-0.284428
-0.431827
-0.192469
-0.161188
-0.302658
-0.115898
0.394858
-0.260898
0.347249
0.477113
0.327149
0.189054
0.365674
0.114408
0.0954928
0.241347
-0.110017
0.279089
0.456502
0.0157655
-0.102513
0.428459
-0.0863345
0.166773
-0.00338064
-0.428619
-0.0175301
-0.465709
0.0492734
0.679513
0.282688
0.0544413
0.51329
0.187356
0.280098
-0.378692
-0.276873
0.370961
-0.191368
-0.283643
-0.161595
-0.482024
-0.330551
0.112278
-0.497178
-0.0900768
0.26512
0.353164
-0.57072
-0.167153
-0.219229
0.160369
-0.0850549
0.169115
0.397645
0.083789
-0.618217
-0.157792
0.345402
0.3223
-0.103577
0.17166
-0.0923983
-0.377881
-0.307611
0.288187
-0.437346
-0.0329918
0.0830907
0.131885
0.0710992
0.522333
0.443768
-0.361907
-0.2337
0.243681
-0.0208238
-0.534589
-0.320486
0.324313
-0.391145
-0.374593
-0.36667
0.219174
-0.312151
0.114285
0.0152074
0.0514601
0.0993931
-0.369843
-0.396713
-0.39935
-0.115206
#synapses weights
-0.362093
-0.160939
-0.194877
0.444976
-0.200771
-0.140748
-0.682691
-0.00590783
-0.372707
-0.438417
-0.0767157
0.179348
-0.283694
-0.125922
0.555142
0.42275
-0.377171
0.402438
0.0434423
-0.270382
0.0429557
-0.245642
0.290962
-0.0378279
0.0701423
-0.326134
-0.299401
-0.342085
0.58637
0.126207
0.169969
0.273377
-0.0289604
-0.370328
-0.167745
-0.178567
-0.103272
-0.185458
0.152068
0.0640752
-0.190769
0.105647
0.355426
-0.0697035
0.55901
0.441635
0.424257
0.341836
0.452819
0.104991
0.129937
0.230437
0.0929587
-0.252984
-0.0368143
-0.0456912
0.169838
0.163374
0.169424
0.153315
0.0836291
-0.157164
0.396895
0.0434005
0.05327
-0.0240652
-0.0567099
-0.301797
0.336759
-0.181417
0.470331
0.091514
0.455453
-0.417114
-0.607318
0.0792142
-0.399744
0.0996676
0.0616661
-0.000739768
0.114076
-0.355854
-0.40753
0.368867
0.00125308
0.0109023
-0.44689
0.25387
0.0515238
-0.306158
-0.360643
-0.412065
0.32705
-0.0999076
0.19348
0.0327926
-0.0867479
-0.189929
0.171757
-0.0478746
0.487476
-0.127144
0.447015
-0.25885
-0.304281
0.203269
-0.505897
0.224146
0.0879524
-0.0158386
0.406817
-0.259331
-0.175019
-0.353931
-0.1028
0.304678
-0.36442
0.224818
-0.282519
0.306154
0.367336
-0.197496
-0.0781512
-0.202865
-0.343425
-0.15271
0.392028
0.514495
0.393948
-0.214696
0.286863
-0.0423802
0.442968
0.180666
0.165213
-0.305672
0.270389
0.15384
0.317349
0.0564989
0.386149
0.329195
-0.300258
0.468587
0.603373
-0.0971178
-0.0106221
-0.331406
0.416872
0.320216
0.00679116
-0.516525
-0.171379
-0.0490375
0.0536075
0.45479
0.0213303
0.153599
-0.0986124
-0.2004
0.102736
-0.288711
0.264887
0.439813
-0.0148132
0.365526
-0.302512
0.406558
0.422202
-0.458351
0.0997623
0.0783215
0.13899
-0.310217
-0.570046
-0.400693
-0.677291
-0.82403
-0.358341
-0.493869
-0.0397096
0.0488731
0.155392
0.126117
-0.283692
0.232674
0.146496
0.020387
-0.0546923
-0.437354
-0.411638
0.287506
-0.275903
0.0844793
-0.24679
-0.354897
0.202494
-0.378686
0.127082
0.39531
-0.279409
-0.081314
-0.133014
0.429204
0.142053
-0.00980677
0.360645
-0.382273
-0.144146
0.0697545
2.52744
3.46981
0.804189
0.145614
0.0541215
-0.0336875
0.0909428
0.201228
0.00261114
0.0826196
-0.0714455
0.0961517
-0.0515453
0.179396
0.0218689
0.156741
-0.0313468
-0.0827005
-0.0365163
-0.1902
-0.0102001
0.107131
-0.263163
-0.0166935
0.168291
-0.117775
0.0818872
0.318858
0.288914
0.316829
0.347854
0.35459
-0.149233
-0.2352
0.108729
-0.426617
-0.270516
0.589625
0.317891
0.431979
-0.0449099
-0.198961
-0.118793
0.350288
-0.408874
-0.177862
0.366007
0.309837
0.00932678
-0.113735
0.334111
0.365846
-0.326921
0.0150379
0.198352
-0.0614435
0.415097
-0.39447
0.150977
0.215235
0.345871
0.457375
0.423778
0.365906
-0.45564
-0.202998
0.0261543
0.279644
-1.05753
-0.456642
-0.633785
0.346029
-0.237297
-0.377112
0.0831254
0.588044
-0.0292264
0.0158624
-0.0593763
-0.557602
0.168907
0.268784
-0.0950629
0.26816
-0.568916
0.119585
-0.299155
-0.185256
-0.0815675
0.24256
-0.0444912
-0.163679
0.305072
0.0363175
-0.0619706
0.327992
-0.30804
-0.0648181
0.0681694
0.133286
0.0629521
0.458939
-0.351242
0.240505
-0.15055
-0.512669
-0.447351
-0.159924
0.222309
-0.341183
-0.437687
0.270345
-0.082259
-0.0461602
0.226397
-0.0783732
0.263688
0.298219
0.19471
-0.384835
-0.309847
0.385126
-0.0577597
-0.44317
0.0486585
-0.0809772
-0.0182877
0.289066
-0.244182
-0.0694646
0.13298
-0.135597
-0.178607
0.0369198
0.074083
0.0356561
-0.769412
0.0622278
0.233324
-0.19918
0.435641
0.0443754
-0.46813
-0.0847207
0.0722872
0.475779
0.0507916
0.047875
-0.0723013
0.339906
0.0635177
0.00508566
-0.0346207
-0.134515
0.471895
-0.16785
-0.503757
-0.156172
-0.416725
-0.274357
-0.444754
-0.356484
0.370813
0.335831
0.500035
0.146031
-0.0591075
0.170556
-0.116487
-0.305223
-0.824097
0.427599
-0.653965
-0.604533
0.0220052
0.498682
-0.199485
-0.286011
0.227348
-0.322238
0.0499347
0.328932
-0.208334
0.211295
0.431743
-0.142744
-0.348882
0.467384
-0.197655
-0.296264
0.122856
0.136534
0.276655
0.213078
-0.151321
-0.283936
0.0413106
-0.3654
-0.142144
-0.0913908
-0.231161
0.440904
0.0554099
0.151547
-0.685109
-0.189575
-0.219442
-0.631287
0.252101
-0.0356413
0.507975
-0.000284741
-0.360693
-0.105647
-0.0754626
0.377966
0.247753
0.24165
0.137411
-0.292263
-0.0205548
0.291727
-0.0503138
0.235978
0.255263
-0.196266
0.194075
-0.164732
0.407012
0.445437
0.0365491
0.11308
-0.025568
-0.0150901
0.205819
-0.0110838
0.199114
0.308061
-0.516324
-0.514482
0.8276
0.589915
0.0668005
-0.441392
0.223298
-0.144905
-0.0752592
-0.395633
0.178456
0.392439
-0.267068
-0.0472008
-0.230879
-0.154651
-0.283498
0.330702
0.219955
0.304398
-0.222557
-0.35016
-0.222371
0.339891
0.0987902
0.316082
0.185218
0.33966
-0.0162069
-0.308657
-0.334982
0.202577
-0.326315
-0.128707
-0.860517
-0.0881423
0.167244
0.3375
-0.00862302
0.192784
-0.211423
0.432375
0.404404
0.00122256
0.201037
-0.43514
-0.0429091
0.0186451
-0.260273
-0.0590448
0.202874
-0.400886
-0.1522
-0.0426564
0.476502
0.460505
0.50112
-0.203631
-0.405079
0.0241921
-0.0508625
-0.405263
0.305089
0.241127
-0.202668
0.117994
0.239476
0.349636
0.577986
0.129383
0.14727
0.0265791
-0.131589
-0.135199
0.214214
-0.278168
-0.0597888
0.331863
0.260501
-0.031705
0.315943
-0.250819
0.518253
-0.289124
-0.327175
-0.194633
-0.208918
0.0269039
0.203546
-0.477391
-0.404938
0.399609
0.30417
0.00666276
0.325073
0.28982
-0.281237
0.385019
-0.304571
-0.272579
0.387998
-0.193117
0.408432
-0.0601617
0.551113
-0.0641207
-0.31149
-0.195443
0.353963
0.286331
0.276481
0.0489049
-0.0461166
-0.112005
0.190691
-0.351525
-0.259044
0.0822557
-0.0414284
0.0222687
0.159164
-0.318016
0.411457
0.118305
0.322291
0.452512
-0.0346001
0.119324
0.331163
0.0035469
0.391116
-0.0984405
-0.400969
0.160922
0.282107
-0.584395
0.397811
0.0865348
0.138917
-0.0120627
-0.0411983
0.374205
-0.142577
-0.15169
0.175315
0.195819
-0.16337
0.174473
0.331468
-0.197113
0.45067
0.456803
-0.345546
0.373519
-0.131722
-0.177143
0.0839817
0.431808
-0.188462
-0.372075
0.463597
0.0513878
0.154824
-0.482856
-0.083566
0.461081
0.536736
-0.290238
0.0428277
-0.572776
0.969784
0.709424
0.0217486
-0.158564
0.236423
-0.00286479
-0.580807
0.230604
-0.042877
0.0992847
0.400939
0.243542
-0.210505
-0.19219
-0.185919
0.202419
-0.11633
-0.164457
-0.357531
-0.20216
-0.318438
-0.0250486
-0.158421
0.282583
-0.28038
0.442147
-0.0961694
-0.365075
0.00688971
-0.458584
-0.113387
-0.131702
-0.445965
-0.380658
-0.555742
-0.776673
0.0247069
-0.0344198
-0.0185235
-0.124163
-0.123549
-0.192639
0.34175
-0.103676
-0.0675204
-0.0751774
-0.384078
0.232667
-0.389203
0.360172
0.209955
-0.0507314
0.199547
0.153332
-0.093589
0.337373
-0.0811657
0.254971
0.217036
-0.320175
0.447941
-0.150806
0.135033
-0.118579
-0.174462
-0.304646
-0.246438
-0.456145
1.09653
-0.342113
0.797489
0.113366
0.068446
-0.0521596
0.432624
0.388572
-0.0762895
0.12547
-0.433935
-0.267214
-0.364023
0.604583
-0.192061
-0.188793
-0.170486
-0.0615487
0.517169
0.424847
-0.343463
-0.182587
0.157269
-0.202868
-0.0192628
0.32857
0.0544461
-0.0341934
0.292572
0.341964
0.165383
-0.0193178
0.499539
-0.287538
0.451118
-0.543499
0.483304
0.0642733
0.337527
0.140807
-0.207509
0.0863507
-0.142576
0.0589026
-0.21234
-0.130754
-0.158933
-0.162224
0.106499
-0.349006
0.36258
-0.563753
-0.0892761
0.163427
-0.349827
0.364445
0.258616
-0.37687
-0.0189733
0.0338613
0.0316592
-0.249682
0.271165
0.44144
0.0874006
-0.278776
0.245732
0.171224
0.540539
-0.236009
0.123315
0.151449
0.0911444
0.456283
-0.0872222
0.0194349
0.178219
0.231069
-0.165787
-0.149249
0.148323
0.206739
0.381751
-0.422965
0.354976
0.267169
-0.406775
0.020855
0.0867317
0.233425
-0.388311
-0.330198
-0.083945
-0.283612
0.260072
-0.0083101
0.708399
0.224249
-0.0809137
0.323442
0.362121
-0.0688974
0.880652
0.108809
0.115498
0.209027
0.484773
-0.31598
-0.156522
-0.261207
0.00772372
-0.415169
0.147259
-0.218032
0.141547
0.0173471
-0.244983
-0.053932
-0.131225
-0.338386
-0.047548
0.297643
0.236734
-0.373135
0.371048
0.0960652
0.279752
-0.157911
-0.19026
0.322625
-0.0940923
-0.027867
0.290909
-0.00556759
-0.111121
0.3433
-3.47528
0.639683
0.207914
0.19969
0.0464927
0.0368537
0.14457
0.0212542
-0.276562
0.161537
-0.0172942
0.0940713
-0.0206723
-0.157585
0.107092
-0.0398041
-0.0563959
-0.108253
0.190307
0.0609011
-0.0573977
-0.202003
-0.136472
-0.0714704
0.150691
0.177267
-0.228906
0.0909965
0.434382
0.380379
-0.407436
-0.180263
0.0300696
-0.471774
0.463447
0.171868
-0.16629
-0.686728
-0.0274649
-0.017232
0.652322
0.301381
-0.045169
0.243641
-0.21799
0.0287077
-0.0283919
0.0103788
-0.262349
-0.271268
-0.162757
0.377664
0.430547
0.343749
0.00892817
-0.32501
0.0598925
0.446238
-0.424338
-0.28501
-0.0999718
-0.40273
-0.129697
0.221149
0.365524
0.35159
-0.343683
0.178681
1.01078
-0.210034
0.195711
0.0441085
-0.320022
-0.30537
-0.268941
0.449853
-0.169505
-0.253738
-0.0667077
-0.275643
-0.20601
-0.360656
0.0487104
0.259632
-0.425779
-0.38444
-0.472901
-0.102215
-0.10595
0.0948708
-0.251103
0.0696106
-0.405963
0.154633
0.382917
0.157171
-0.125914
0.153467
-0.0589854
-0.0186286
0.310844
-0.426718
0.347075
-0.0370317
0.467602
-0.249525
0.0844786
-0.36071
-0.303305
0.326452
-0.306236
-0.0180266
-0.349096
-0.157255
0.460108
0.541535
0.234007
0.49201
0.544787
-0.144036
0.313155
0.408453
0.162786
-0.0611192
0.423493
0.129143
-0.275794
0.492881
-0.112768
0.0543223
0.397529
0.138653
0.127433
-0.202379
0.321852
0.0956246
-0.447794
-0.346846
0.00587491
0.479756
0.583279
-0.194283
-0.0610961
0.172385
0.0840019
-0.398615
0.246864
0.245289
0.00578651
-0.219227
-0.104021
0.218659
0.0145079
0.25446
-0.155161
-0.24601
-0.273979
-0.33566
-0.279859
0.33369
-0.0190832
-0.399888
0.144421
-0.396509
-0.0307484
-0.331388
0.19399
0.2972
-0.000975047
0.0921548
0.693416
1.02225
0.131521
0.0725089
0.235856
0.0535494
0.0952892
0.475039
-0.158383
0.355394
0.42775
0.386909
-0.177559
0.446896
-0.165109
-0.333312
0.487147
0.190801
-0.362528
-0.184958
-0.252306
0.318995
-0.324293
-0.30101
0.322871
-0.0400302
-0.369107
-0.443362
0.150209
0.689748
0.642312
0.0206201
-0.0754652
-0.463468
0.749559
0.129576
0.173803
0.627931
0.231604
0.265358
0.517745
0.0664613
-0.175854
0.49466
0.301457
0.555179
-0.312639
0.0881617
0.245412
0.243378
0.159583
0.408078
-0.398599
-0.0459829
-0.267721
-0.0313078
0.175141
-0.310474
-0.104921
0.40274
0.197582
-0.466523
0.188932
0.373914
0.271512
-0.332827
0.0556629
-0.227639
1.77831
-0.0319009
0.72401
0.401137
0.0243261
0.328908
0.541506
-0.16906
0.180353
0.00550246
-0.452051
0.303824
0.323306
-0.257385
0.185055
0.0360762
-0.0868055
0.0101016
-0.0553584
-0.077469
0.191566
-0.208064
-0.096448
0.00801606
-0.0759275
0.0188776
0.0928122
0.122077
0.433318
0.177952
-0.0789649
-0.299261
0.400189
-0.0174948
0.176903
0.42502
0.145303
0.484271
-0.354353
0.248815
0.384253
0.231409
0.158491
-0.481869
-0.134427
-0.408942
0.0243986
-0.232006
0.275761
-0.435572
-0.143597
-0.352324
-0.450589
0.0441433
-0.381312
-0.414056
0.148
0.0713084
-0.295624
0.457547
-0.119166
0.480178
-0.0572373
-0.140421
-0.0912917
0.057752
-0.13212
-0.0391602
-2.70774
-3.57994
0.327215
0.123963
0.0119798
-0.00647206
-0.0100427
0.0382902
0.0798756
-0.0805267
-0.0072685
0.0389861
-0.181735
0.135777
0.0273727
0.0516384
0.0866801
-0.200962
0.0458614
0.00903906
0.0148444
-0.0307099
-0.0355216
0.165062
0.0787767
-0.025924
0.00162761
-0.176885
-0.23071
0.134055
-0.661227
0.361675
0.398073
-0.0818552
-2.1133
-0.110021
-0.00833252
-0.139747
-0.233451
-0.219868
0.151365
-0.342451
-0.114065
-0.26379
-0.496487
-0.0870796
-0.523308
0.275668
-0.201624
0.219369
-0.232295
-0.0835975
-0.105167
0.255621
-0.105562
0.232109
0.418006
-0.121434
0.140066
0.0291346
-0.374061
0.20484
-0.400915
-0.414084
0.26787
0.0215249
0.207357
0.331903
0.161601
0.105921
0.388397
-0.513721
-0.487797
-0.411091
0.310316
0.419769
0.46387
0.154968
0.437748
-0.15102
0.362701
-0.246
0.0595979
0.0621483
-0.0613944
0.206606
0.444745
0.472639
0.300246
-0.353926
0.42556
-0.110646
-0.0814454
-0.463308
-0.0048551
0.394374
0.286719
-0.368221
-0.130768
-0.445203
-0.432119
0.00275928
0.0134318
-0.193292
0.333258
-0.133521
-0.571294
0.237012
-0.47902
-0.20801
-0.392962
-0.343884
0.0613648
-0.283465
0.0983871
0.238802
0.249053
-0.324262
-0.174352
-0.376108
0.346717
-0.311396
-0.112235
-0.231808
0.0212212
0.249616
-0.100212
-0.0582536
0.00546161
0.306425
-0.400524
0.166288
-0.243873
0.354324
-0.276894
-0.244182
-0.00872743
-0.200333
0.130644
0.226683
0.0755685
0.450424
0.293313
-0.355795
-0.203846
0.0176115
0.130428
0.0831183
0.160837
-0.0927578
-0.664788
0.551324
-0.543259
-0.381899
-0.0105346
-0.224926
0.0237038
0.489136
0.283429
0.0732354
-0.388612
-0.338247
-0.0763354
0.225551
0.263783
-0.553989
0.0904862
0.406922
-0.211652
0.438092
-0.20626
0.443306
0.0748117
0.307506
-0.088893
-0.246219
0.237862
-0.0484967
0.454234
-0.0513738
-0.167238
0.00219085
-0.296185
-0.0432123
-0.336476
-0.083974
-0.176485
0.442883
0.421293
0.119559
-0.245878
0.150109
-0.461148
0.174043
0.362008
0.130442
0.219574
0.344161
-0.115123
0.427577
-0.378
-0.0484415
-0.229429
0.44556
-0.00826391
0.0683867
0.353884
-0.217771
0.439845
-0.362189
-0.419682
-0.350103
0.360638
0.0767132
0.56032
0.0737432
-0.119708
-0.21738
-0.151649
0.0977347
-0.232129
-0.212391
0.475237
-0.0351905
-0.0545317
-0.327311
0.261958
0.522746
0.109958
0.26637
-0.177471
0.34171
0.640435
0.443542
0.0387231
0.0697324
-0.0808428
0.269545
-0.38082
0.0401499
-0.0256484
0.0459177
-0.280029
0.427196
0.124191
0.351772
-0.410074
-0.048829
0.320775
-0.10985
-0.277706
0.133806
0.0111659
0.0318117
0.297397
-0.189027
-0.318967
-0.0651572
0.187036
-0.22702
-0.126867
-0.338285
0.125761
-0.0219342
-0.398173
-0.327052
0.0642834
-0.0991847
-0.261264
-0.337336
0.136857
-0.473726
-0.407228
-0.493842
0.265384
0.166973
-0.0667351
0.157127
0.576105
0.314253
-0.653813
0.237447
-0.395446
-0.228194
0.265826
0.36957
-0.26004
-0.011074
-0.321808
0.246557
0.434268
-0.244883
-0.496927
0.0156008
0.135749
0.0995683
0.326208
-0.163474
0.178879
-0.112584
-0.390166
0.230353
-0.203783
-0.24957
0.0554049
0.0178664
-0.454313
-0.012217
-0.0504878
0.526895
0.0265835
-0.38813
-0.0575096
0.210202
-0.0780397
0.010275
0.385252
-0.0207672
0.0515929
-0.0736976
-0.131886
0.0875251
-0.172878
-0.376197
0.214055
-0.263739
-0.0528491
-0.206247
-0.330592
0.0815543
0.278714
0.11736
0.28578
0.308048
0.0143874
-0.182091
0.0576124
-0.399967
0.17212
0.150119
-0.270857
-0.500994
-0.387973
-0.16055
0.136022
-0.471211
-0.152986
0.10858
0.338246
0.309937
0.227151
0.220625
-0.27147
0.296499
0.454442
-0.0361245
0.411081
0.489067
-0.143283
-0.598922
-0.34943
-0.256081
0.0843108
-0.235933
0.186834
-0.447721
0.355041
-0.252601
-0.0131825
0.178542
-0.516476
-0.310403
0.162659
0.459132
0.291127
-0.395471
0.231475
0.509954
0.100411
0.337683
-0.322336
-0.228005
0.11388
0.253449
0.375357
0.347035
-0.380784
0.358351
-0.182719
0.419176
-0.0506308
-0.252903
-0.326865
-0.489839
0.332808
0.439471
0.228342
-0.217265
-0.405825
0.192181
-0.290723
-0.0284502
0.154024
0.351296
-0.364434
0.312146
-0.0124142
-0.396594
-0.107094
0.0597841
-0.0183872
0.408542
-0.418545
0.25082
-0.143951
-0.321659
0.0437982
0.273296
-0.188439
-0.117816
0.223649
0.0336264
-0.219468
0.286059
-0.15368
-0.568868
-0.164409
0.410513
-0.198527
0.285559
0.208421
0.133646
0.473286
-0.0283574
-0.397315
0.334913
0.527783
0.164203
-0.329608
0.0575154
-0.455787
0.48026
-0.0362242
-0.0952768
0.384567
-0.121965
-0.0471083
-0.0221794
0.149709
0.353725
0.059406
-0.0916249
0.362775
-0.376288
0.00428908
-0.177726
0.000302952
0.303822
0.55766
-0.258455
-0.156958
0.221465
-0.379978
-0.24174
-0.268402
-0.147774
0.0130979
-0.120722
0.0559031
-0.250934
0.0993634
0.120941
-0.226488
0.215662
-0.374167
-0.397884
-0.0434324
-0.283745
-0.268055
-0.185224
0.692792
0.0773167
0.132948
-0.381172
0.0136619
0.380841
0.35919
0.25507
-0.375596
0.267702
-0.108698
-0.222026
-0.225
0.0773521
-0.0459981
-0.158182
-0.196418
-0.429118
-0.109159
0.269247
-0.292402
0.188182
0.428624
-0.113684
0.230796
0.376565
-0.294254
-0.151154
0.332461
0.0232428
0.164256
-0.362687
-0.290854
-0.0497161
-0.341728
0.488854
0.203358
-0.1174
-0.313276
-0.408068
0.0506426
0.315052
0.130966
0.0471459
0.0162649
-0.184903
0.388903
0.115127
0.208456
0.226522
-0.164895
-0.343308
-0.23829
0.302602
0.471281
-0.361894
0.190885
0.520717
0.0510053
0.406769
-0.321616
-0.744448
-0.279572
0.314646
0.10094
-0.127128
-0.305593
0.603373
0.234074
-0.429581
-0.340139
-0.477839
-0.12001
-0.290331
-0.394979
0.258304
-0.28056
0.00438653
0.356804
0.538241
-0.0296445
-0.18889
0.269092
0.25012
-0.417978
0.0549234
0.155327
0.493825
-0.228359
0.0408791
-0.216392
0.314537
-0.192172
0.210326
0.402095
0.393595
0.56859
0.29448
-0.379805
0.218359
0.191783
0.650447
-0.0982119
-0.285391
-0.227068
0.084671
0.594057
-0.262335
0.248327
-0.138749
-0.400476
0.0837392
-0.255584
-0.608184
-0.179683
-0.167984
0.0123328
-0.235981
0.498096
0.371425
0.403255
-0.0462837
0.297395
-0.20727
0.32519
-0.354312
0.021414
0.0432257
0.0824804
-0.341857
-0.484616
-0.129676
-0.389257
0.421037
-0.132152
0.422726
-0.460428
-0.112616
0.200115
-0.00427388
-0.000989549
0.362408
0.335616
-0.0489505
0.171589
-0.52141
-0.48834
0.0185179
0.102373
-0.103659
0.141494
0.415906
-0.271945
0.132455
0.273914
-0.103848
0.478643
-0.220066
-0.472144
-0.559887
0.215625
0.365932
0.292632
-0.13977
-0.0348705
-0.184981
0.208099
0.0257355
-0.578749
0.30955
-0.0623171
-0.433815
0.243485
0.395089
-0.396343
-0.435446
0.036949
0.0177885
-0.343098
0.297547
0.32694
0.142972
0.285392
0.394406
0.136841
0.068233
0.116505
0.459193
0.414529
-0.332966
0.340852
0.0466752
-0.477242
0.273671
-0.000868515
0.209783
-0.00956237
-0.26271
-0.128948
-0.134048
-0.265054
0.260833
-0.358754
-0.23661
0.148244
-0.254846
0.150285
0.317213
0.260519
0.481889
-0.166717
-0.406238
0.389061
-0.526744
0.00814969
0.261825
-0.485521
-0.433429
-0.493468
-0.194272
-0.0353872
0.154501
-0.219681
-0.186218
-0.12754
0.192927
0.270082
0.358211
0.273839
0.086212
0.118076
-0.462402
-0.439159
0.454536
-0.117754
-0.274772
0.36867
0.148892
0.341234
-0.140222
-0.142678
0.192248
0.27277
-0.126036
-0.0803041
-0.274087
0.0031483
0.386116
-0.403501
-0.017791
0.0550612
-0.312726
0.308564
-0.277164
0.34242
0.195923
-0.223751
-0.0388085
-0.380246
-0.38936
0.47622
0.0386647
-0.395689
-0.300438
-0.202385
-0.406453
-0.103629
-0.261724
-0.234218
-0.431708
-0.0505335
-0.159564
-0.387627
0.271332
0.141484
-0.257473
0.261413
0.437178
-0.472835
0.0195483
-0.377045
-0.0684968
0.058033
0.0963642
0.0995537
-0.0452132
0.0428319
0.00395075
0.184599
-0.013684
-0.357986
0.384123
-0.196076
0.0533579
-0.428162
-0.57842
-0.495424
-0.237892
0.136963
0.30311
-0.226192
0.357667
0.184334
0.392353
0.0939702
0.0423724
0.644907
0.047285
-0.26955
0.0284344
-0.173319
-0.18143
-0.174101
-0.15356
0.325406
0.601578
0.432028
0.0573841
0.242541
-0.375233
-0.371315
-0.341853
0.270626
-0.477334
0.227699
-0.645018
-0.296832
0.31292
-0.2417
-0.300643
0.152459
-0.549023
-0.455488
0.201912
0.16236
-0.248163
-0.277054
0.0175827
0.475171
0.100763
-0.167923
0.285716
0.143597
0.604273
-0.116671
0.384442
-0.301641
0.297206
-0.380466
-0.495402
0.164814
0.3139
-0.429138
-0.0685515
0.274936
0.399286
-0.45018
0.344777
0.466315
-0.172441
-0.168834
-0.259006
-0.296842
-0.315115
0.260728
-0.252802
0.00746351
-0.0356371
0.0987785
0.00123705
0.359217
-0.173136
-0.304518
-0.391462
-0.198239
0.290446
0.0955336
0.332035
-0.188367
0.31502
0.00656123
-0.191831
0.473392
0.297068
0.277378
-0.0294768
0.382403
0.28214
-0.602862
-0.448863
0.0747692
-0.443193
-0.165489
-0.010711
0.351266
-0.4082
-0.223088
-0.472588
-0.192958
-0.414912
-0.215432
0.166401
0.194601
0.301748
0.16035
-0.0254215
-0.198387
0.463468
-0.291296
-0.355334
-0.307056
-0.135627
-0.33551
0.426088
-0.27792
-0.159844
-0.479727
0.053804
-0.0062897
-0.585511
-0.0903336
-0.267763
0.584168
-0.258503
0.165263
0.132943
-0.1271
-0.0227688
-1.59887
-0.0969151
0.58963
0.215734
0.317205
0.683282
-0.107461
-0.643274
0.077494
-0.308094
-0.211932
-0.276422
-0.0835327
-0.637303
-0.538592
-0.64162
-0.636702
-0.632576
0.189997
0.408418
-0.675079
0.0961346
-0.193497
0.132039
-0.0882437
-0.4848
0.223278
1.13477
0.371351
-0.432563
-0.426364
-0.0157063
-0.441726
0.425262
-0.115691
-0.0477747
0.361235
-0.0466564
0.193409
-0.00902122
0.0350049
-0.268676
-0.508989
-0.306252
0.377682
0.219774
0.11068
0.263979
0.145566
-0.112597
-0.0665424
0.11235
0.0727
0.029069
0.0670531
0.0305511
-0.265487
-0.434749
0.0520552
-0.116533
-0.267376
0.338889
-0.461029
-0.273738
-0.213754
-0.427808
-0.0879447
-0.547686
-0.39599
0.141236
-0.118042
-0.413807
0.126481
0.433273
-0.415235
-0.313276
0.126135
0.369384
-0.20609
-0.579197
0.321609
-0.362986
0.0110694
-0.335351
-0.424746
-0.10296
-0.0620493
-0.421785
0.0845365
-0.0427067
0.0360876
0.0887379
0.0282849
-0.392998
-0.00988689
-0.157439
0.315305
-0.0941854
0.437983
0.107417
-0.0446551
0.585378
0.166793
-0.589972
0.361968
0.964445
0.534686
-0.16993
0.152941
-0.372706
0.308071
-0.308683
-0.346429
-0.429294
0.447668
0.0106573
-0.482814
0.428948
0.0619146
0.466168
0.515042
-0.0334232
0.111451
-0.75893
0.165249
0.210008
0.21966
-0.253486
0.0838245
0.827214
-0.145258
0.176008
-0.744511
-0.429444
0.240076
0.325026
0.0285874
-0.272983
0.0237042
-0.0169394
0.2995
-0.0575141
0.0407112
0.241485
0.0347487
-0.116296
0.208664
-0.160896
-0.00229014
-0.234098
0.101332
-0.401208
-0.043702
0.193001
-0.490036
-0.197487
-0.201448
-0.333804
-0.732784
-0.318323
-0.378504
-0.283398
0.185917
0.10377
-0.207568
-0.400137
0.231101
-0.392864
0.308588
0.0720269
-0.453977
-0.31648
0.152565
0.407749
-0.193619
0.0696345
-0.315627
-0.253682
0.0583144
-0.449723
-0.224767
0.539392
0.0475219
-0.414511
-0.229331
-0.148551
-0.387967
0.423817
-0.198058
-0.159436
-0.217442
0.122137
0.261445
0.542938
0.172784
-0.0517482
0.106465
0.303682
0.0395749
0.320067
0.027318
0.00409241
-0.0550597
-0.0262464
0.384437
-0.0223904
0.240766
-0.110046
0.0367932
0.172703
0.0657888
-0.278053
0.424745
-0.0535327
-0.191656
0.245587
-0.312605
-0.30251
-0.270359
-0.299407
0.121249
-0.227193
0.357648
0.309724
0.343482
0.465238
-0.0190594
0.346299
0.634769
0.236566
-0.273886
-0.233617
-0.0313773
-0.343558
0.334613
0.156557
-0.188056
0.0117346
0.558676
0.44587
-0.487546
0.441507
-0.537002
-0.282172
0.382663
-0.290983
-0.290076
-0.167129
-0.16252
0.240588
-0.338737
-0.310758
-0.237328
-0.240957
0.365007
-0.562383
-0.123074
0.0183983
-0.276939
-0.556442
0.308042
0.151787
0.36078
-0.408175
0.057295
0.402821
-0.385843
-0.526727
-0.612462
-0.246237
-0.0307299
0.238814
0.093739
0.22843
-0.448452
0.316939
-0.075475
-0.431443
-0.0179765
0.170372
-0.0847892
0.00962969
-0.0755149
0.0716939
-0.352207
0.314484
0.196576
-0.444523
-0.232674
-0.0388301
-0.0604726
-0.340805
0.321952
0.262006
-0.0690044
-0.066093
0.299973
-0.0865148
0.534321
-0.316321
0.362159
-0.37002
0.0487722
0.116953
-0.0337939
-0.350996
0.0853919
0.0935733
0.453131
-0.0145185
-0.361442
-0.433388
-0.387267
-0.311156
-0.382889
-0.366366
-0.0128438
0.077803
-0.207158
0.406513
0.136538
0.247798
-0.448785
0.359103
0.331083
-0.322871
0.395029
-0.00621931
0.0976157
0.275469
-0.366954
-0.111256
0.176691
0.569936
-0.112238
-0.288617
0.213977
-0.297985
-0.188915
-0.234482
0.285295
-0.306802
0.629085
0.0844012
0.189894
0.154349
0.0083635
-0.0929062
0.0174895
-0.0535587
0.445415
-0.210859
0.100011
-0.0175013
0.107962
-0.228845
-0.145636
-0.325757
0.344466
-0.189693
-0.163177
-0.236752
0.104242
-0.150935
0.40655
0.304429
-0.0333495
0.508603
0.922401
0.321251
-0.356676
-0.557205
-0.529957
0.323678
0.432868
-0.142949
-0.0227136
0.073767
