#input normalization
0.161144 0.272755
16.9015 25.8238
11.0726 31.5069
9.06263 28.918
0.0117746 0.0365318
0.00970807 0.0310855
0.542988 1.36901
0.823511 1.27769
1.05267 1.47112
1.29982 1.67897
1.57855 1.87949
1.86027 2.06281
2.12999 2.22636
2.39629 2.3791
2.64341 2.50023
2.87854 2.5868
3.10678 2.64299
3.33733 2.65248
38.1053 49.985
1 -1
#output normalization
1 0
#neurons weights
-0.00116499
0.00507327
-0.366635
0.370343
-0.123099
-0.0775017
-0.189537
-0.191879
-0.218053
-0.471142
-0.358995
-0.306209
-0.400444
-0.405925
0.449836
0.309105
0.348383
0.45853
0.347209
-0.401646
0.172664
-0.0437763
0.479941
0.321514
0.382603
-1.34453
0.726067
0.118108
-1.56794
-0.117576
0.119758
-0.179373
1.68661
0.44189
-0.101185
-0.408811
-0.35091
-0.118406
-0.510968
1.53763
0.590328
-0.111653
0.373094
0.24974
-0.132018
-0.101003
-0.0287783
0.585645
-0.17986
0.532378
0.192666
-0.623408
-0.262946
0.380769
-0.193216
-0.101746
0.340498
-0.599151
-0.214552
-0.0977406
0.937419
-0.42629
#synapses weights
-1.97023
-0.123992
-0.111049
0.374258
-0.000127051
0.13133
3.85269
-0.496843
0.598064
-0.0591838
0.166017
0.128496
-0.385667
0.308056
-0.126802
0.385351
0.0502804
-0.273252
3.76087
0.210699
0.398663
-0.0278313
0.283464
0.022626
0.41258
-0.208407
0.921176
-0.0509042
-0.327222
0.0422493
-0.167387
0.0542914
0.233563
-0.334422
0.200756
-0.0991591
-0.188368
0.435597
0.895912
0.0870484
-0.876869
0.319887
-0.22112
0.237856
-0.197275
0.150787
0.40354
0.352719
-0.373414
-0.11879
-0.219626
0.318537
-0.13068
-0.0386716
0.332524
-0.067086
0.029577
-0.478799
0.683602
0.297326
0.0656486
0.0492657
0.421509
0.117333
0.278121
-0.429355
0.721637
0.803879
1.35103
0.57387
-0.0843921
0.303353
0.0795653
-0.27077
0.134282
-0.651393
-0.0347301
-0.278706
-0.3327
0.453571
0.603971
0.032931
0.453996
-0.0316884
0.446882
-0.198878
0.806197
0.844307
0.562023
-0.0210876
-0.0941209
0.244901
-0.173621
0.219237
0.200094
-0.585373
-0.0375137
-0.0894394
0.291155
0.0869797
-0.297322
0.100872
-0.0660738
0.0611222
-0.437114
0.151202
-1.71947
-6.39767
-0.0880604
0.29604
0.475126
-0.0558004
0.138996
-0.108249
0.0779442
-0.156155
0.0691095
0.0689585
0.248887
0.273544
0.615556
-0.0822356
-0.109749
0.0134072
-0.37285
-0.153659
-0.839736
-1.19933
-1.19542
-0.885635
0.12422
0.350851
0.191915
-0.024702
0.27328
0.663324
-0.0267773
-0.074915
-1.07706
-0.29879
-0.310211
-0.408561
-0.5079
-0.426083
-0.022265
-0.12175
0.00379483
0.129313
-0.444953
0.487902
0.533344
-0.0838857
0.0324999
0.381564
-0.308526
0.345494
0.229752
-0.2737
0.749741
-0.402122
0.788435
-0.227036
-0.213688
0.241967
-0.0407026
-0.0418355
-1.64528
-1.57996
-0.42039
0.303738
0.0866056
0.207393
0.337869
-0.0137851
0.380108
-0.168881
0.176313
0.18368
-2.08578
-0.480412
0.438749
0.276063
-0.190783
-0.341117
0.297893
0.0703288
0.610284
-0.0991167
-0.258254
0.115633
0.219172
-0.260414
-0.301235
0.221777
-0.0608158
-0.0824451
-0.0819146
-0.235895
0.280725
-0.454263
0.437276
0.352735
0.23179
-0.410811
-0.208152
0.184438
0.444396
-0.683514
0.0098484
-0.207571
0.211194
-0.104904
0.145748
-0.373194
-0.285902
0.123996
0.32926
-0.169067
-0.85892
0.46989
-0.254328
-0.0791524
-0.224869
-0.216442
-0.321864
-0.12962
-0.335715
-0.352876
0.178784
-0.0166467
0.392567
-0.119936
-0.172668
0.249626
-0.345688
0.417778
0.0452705
-0.397834
-0.0414101
-0.0258922
-3.55738
0.0820534
-0.064937
0.128331
-0.270799
0.244909
3.79689
0.244639
-0.090924
-0.188079
0.0716847
0.0981144
-0.439547
0.232077
-0.138953
0.157135
-0.0868929
-0.0719329
5.80595
-0.0547631
-0.704571
-0.23417
-0.0399635
0.160183
0.393857
0.304586
0.221887
-0.341415
-0.119863
-0.262807
-0.20819
0.254475
-0.267704
0.0586284
0.292425
-0.269128
0.323871
0.371489
1.0123
0.0431965
-0.700353
-0.263819
-0.318112
-0.331668
0.0337026
0.0456289
-0.364233
-0.503393
-0.436726
0.422519
-0.279198
0.309542
-0.222883
0.0139772
-0.074243
-0.291403
0.125071
-0.0753764
-0.155526
-0.0162695
0.10506
-0.487741
0.415042
0.0267753
-0.13693
-0.00167408
-0.482242
-0.201792
-0.149015
-0.216829
-0.0489532
-0.175309
0.167061
0.107712
-0.338084
0.0194806
-0.0153753
0.0563222
-0.738104
-0.142421
0.570701
-0.193635
0.2594
-0.421003
0.351746
-0.0689104
0.791011
-0.362382
-0.0923733
0.285695
0.253803
0.155293
-0.168795
-0.0615812
0.339993
-0.0597493
-0.0953867
-0.0641382
-0.869929
-0.0513461
0.279854
-0.0593465
0.0574683
-0.291803
0.234773
-0.157786
-0.166206
-0.517298
-0.286679
0.268212
0.184629
-0.0875361
0.388548
0.346183
0.457503
0.130044
-0.27272
-0.180896
0.0169031
-0.119144
0.0824422
-0.00326474
0.344993
-0.40398
-0.193377
0.285379
0.768473
-0.149225
-0.367295
0.31829
0.280863
-0.265509
-0.0146786
0.495496
0.0941473
-0.180765
0.373965
-0.0724113
-1.09863
-0.118785
0.420939
0.377713
-0.0297652
-0.153754
0.115467
-0.441737
1.86725
4.21213
0.370983
0.182893
-0.242765
-0.0425701
-0.218366
0.266314
-0.0553259
0.00987626
0.0659411
-0.168404
-0.255953
0.414171
0.498285
-0.38491
-0.409316
0.188538
0.0338415
0.030085
-0.184638
-0.647534
-0.394189
-0.130727
0.275717
0.43243
0.183248
0.218517
0.292932
-0.172008
-0.0837467
-0.228049
-0.197129
0.215234
-0.0450975
0.132509
0.0517997
0.188789
-0.0466115
-0.049436
0.208053
0.464153
0.386971
-0.0293936
0.475469
0.0119742
0.24056
-0.0117901
0.384541
0.292388
-0.443358
-0.301664
0.171306
-0.436769
-0.356364
0.218358
0.60785
0.193759
-0.322792
0.325531
0.347137
0.0404524
0.554557
-0.302837
-0.183116
0.328086
0.250377
-0.292022
-0.256438
0.175617
-0.0423104
0.0942185
0.0962671
0.439689
0.282986
-0.102603
0.0982799
-0.215408
0.380584
0.112493
0.440523
-0.214249
-0.00871581
-0.0600447
-0.168321
0.245692
0.224643
-0.235307
-0.0223141
0.0658353
-0.406517
-0.0582659
-0.502275
-0.408029
-0.217063
-0.418598
-0.435831
-0.325263
-0.0546098
-0.0733144
-0.223028
-0.486513
-0.307573
-0.00312184
-0.295868
-0.189361
-0.351072
0.0817072
-0.460293
-0.386898
-0.428851
0.340491
-0.0913358
0.0961007
0.305829
0.366383
-0.687088
-0.21092
0.530571
0.272799
-0.509829
-0.389319
0.358159
-0.740041
0.854896
0.188587
0.736795
0.277584
0.374624
-0.2995
1.34902
0.0215833
-0.220017
0.498733
0.138584
0.541546
-0.149982
0.603026
0.7948
-1.38732
0.202305
0.144197
-0.539577
-0.358952
1.56808
-0.529458
0.557946
-0.359788
-0.40837
-0.209355
0.0781452
-2.75919
0.827371
-0.0653816
-0.321621
-0.570408
0.279772
-0.474265
-1.23655
0.283447
-1.75364
-0.079579
0.328662
-0.284675
0.0396617
0.795962
-0.468235
0.293396
-0.118847
-0.742271
-0.682693
0.688165
-2.44254
0.491124
-0.136945
0.550502
-0.211678
0.169787
-0.831496
-0.333451
-0.625627
0.832127
0.0133869
0.223908
-0.183555
-0.0119201
0.00771732
0.64051
0.00655024
-0.521536
0.414425
-0.261319
0.184392
-0.098367
0.768606
-0.226306
0.116733
0.524914
0.499145
0.237311
0.687726
0.0821054
-0.84853
-0.126803
0.405232
0.200207
-0.142315
0.309749
-0.417562
0.346402
0.650956
-0.124162
-0.382938
0.0873358
-0.276917
-0.0998487
-0.148685
-0.0342288
-0.0881899
0.278841
0.348495
-0.676977
0.0668409
0.230067
0.588213
-0.325668
0.269701
-0.0579853
-0.148054
0.65238
0.351162
-0.323961
0.450979
-0.211168
-0.380521
-0.288775
-0.232687
0.0643065
-0.0496362
-0.306018
-0.254295
0.251847
-0.0183704
-0.0607108
-1.06335
0.0908588
-0.439847
0.0258697
-0.592887
0.494732
-0.490937
-0.091039
0.715402
-0.459788
0.0761293
-0.131132
-0.849899
-1.14523
-0.226235
-0.125232
0.273869
0.116783
-0.413436
-0.516284
-0.0989223
0.0097496
-0.46916
-0.263028
-0.465774
-0.274204
-0.0494213
-0.252137
-0.443797
0.00289763
0.318803
-0.0976933
0.176034
0.690874
0.391468
0.25129
-0.201581
0.00879842
0.222571
-0.370062
-0.0578945
-0.046081
0.0497346
0.127293
-0.0902584
0.0753537
-0.113238
0.134755
0.22107
-0.00348623
-0.99265
-0.124175
0.337738
0.421929
-0.243922
0.192768
0.253802
-0.372597
0.110824
-0.00293781
0.608827
0.439241
0.230763
0.495622
0.790627
0.53618
0.121702
0.262934
-0.22981
0.462102
0.368235
-1.22453
0.181633
0.0286259
0.474807
0.132638
0.451307
0.298591
-0.130329
0.383588
0.213463
-0.0853397
0.447747
-0.138641
0.419832
0.178797
-0.0479787
0.195561
-0.0806985
-0.374715
0.0513696
0.35701
-0.182119
0.0318332
-0.0306927
0.150912
-0.206665
0.387465
-0.00276152
0.360078
0.18648
0.354416
0.372334
-0.224245
0.0496599
0.933493
0.0862765
-0.414901
-0.179085
-0.292387
-0.987805
0.00562668
-0.666492
-0.37962
0.312021
0.0725159
0.146441
1.06418
0.300948
-0.328235
-0.412418
-0.376106
0.138482
0.267767
0.289019
0.358218
0.549846
-0.327878
0.292927
-0.641082
-0.0715486
-0.219012
0.0971181
-0.420556
-0.367801
-0.179926
0.496319
-0.33919
0.0849779
-0.193165
-0.45578
0.386886
0.0927439
-0.0853363
0.607022
0.211932
-0.470045
-0.746321
-0.042052
0.107908
0.614095
-0.354675
0.770053
-0.149872
0.862794
0.346994
-0.84644
-0.483928
-0.14304
-0.95055
0.114636
0.0625642
0.0670534
0.398575
0.370984
-0.323505
-0.479579
-0.168393
-0.192829
0.132578
-0.118308
-0.622281
-0.53313
-0.130591
-0.11758
0.0923775
0.169576
-0.448169
0.123923
0.108531
0.170508
-0.167507
-0.11192
-0.220217
-0.384643
-0.234463
0.409944
-0.0640827
-0.411399
0.0999256
-0.225032
0.855483
0.273608
-0.241257
0.726728
0.133809
0.344561
0.0124784
-0.00326213
0.220043
0.268559
-0.956107
0.427145
0.651464
0.128421
0.283574
0.349974
0.0508049
0.137171
0.465726
-0.0377263
-0.0769964
-0.240648
-0.359296
-0.822913
1.18351
1.61073
0.515621
-0.256169
-0.0166397
-0.78681
-0.168991
0.391995
0.920394
0.164964
0.111552
0.404977
0.180814
-0.48807
-0.414401
