#input normalization
0.161116 0.272721
39.8608 48.0066
9.91437 36.0734
8.01388 31.0242
0.0109087 0.0422903
0.00886708 0.0335684
0.542988 1.36901
0.823511 1.27769
1.05267 1.47112
1.29982 1.67897
1.57855 1.87949
1.86027 2.06281
2.12999 2.22636
2.39629 2.3791
2.64341 2.50023
2.87854 2.5868
3.10222 2.64749
3.30893 2.68228
3.48879 2.68793
3.62724 2.6498
3.75209 2.59835
3.85097 2.5101
3.92847 2.41397
3.96982 2.29961
3.99745 2.165
4.00133 2.00093
38.1053 49.985
1 -1
#output normalization
1 0
#neurons weights
-0.0665755
0.406062
0.202608
-0.37088
0.0389301
0.379312
0.097522
-0.38115
-0.161174
0.282259
-0.455951
-0.0161684
0.132287
-0.424131
0.302819
0.0959883
-0.21318
0.19891
0.437242
0.291451
0.440449
-0.371466
0.14386
-0.0847863
0.0331521
-0.200146
-0.405814
-0.286037
2.62308
-0.276961
-0.454908
-0.0117964
0.367857
-0.283791
0.341367
-0.303193
-0.171232
0.313924
-0.157318
0.0936052
-0.543412
-0.0295133
-0.625546
-0.029797
-0.227654
1.1256
0.132363
0.391776
0.194679
-0.282859
0.498396
0.5504
0.538157
0.591935
-0.16238
0.184699
0.41096
0.450565
0.0498227
0.0354169
-0.196186
-0.72427
0.137968
-0.320039
0.466377
-0.0430976
0.141537
-0.527846
0.154197
0.437333
-0.559851
-0.00700183
-0.19358
0.0202937
0.530785
-0.337011
0.368653
-0.101673
0.542089
-0.0161483
0.343253
0.223264
-0.40931
-0.0127469
0.574014
0.456887
#synapses weights
-3.22654
-0.191593
-0.00231632
0.133161
-0.10472
0.155359
4.43851
0.0141811
0.091537
-0.0772743
0.0119106
-0.0281106
-0.0358781
-0.0286825
0.0611892
-0.0879395
0.252867
-0.156756
0.128017
-0.0521128
-0.0955147
0.116617
-0.114608
0.0447984
-0.0927339
0.136244
5.91521
-0.018986
-0.256936
-3.47155e-05
-0.0138847
0.266997
-0.0808684
-0.425278
0.631624
-0.110214
-0.077893
0.177039
0.110344
-0.224444
-0.172376
-0.174184
0.532811
0.250064
0.213885
0.568903
0.123201
-0.061208
-0.141739
-0.0833653
0.385296
0.419879
-0.145763
-0.372336
-0.0572711
0.264705
-0.515628
-0.0369564
0.208419
-0.406405
0.336165
-0.368093
-0.176082
-0.268631
-0.482795
0.118158
-0.124472
-0.283928
-0.292187
-0.257279
-0.131812
0.577073
0.218075
0.329407
0.475018
-0.107367
0.422001
-0.171273
0.129198
-0.206388
-0.127137
-0.141239
0.582385
-0.20535
-0.13039
0.330588
0.207719
0.0931045
0.0806188
0.121497
0.303179
0.335605
0.382978
0.377649
0.275308
0.0382503
0.0546792
0.288755
-0.265123
-0.106293
0.0442406
0.149289
0.0793505
-0.126325
0.190805
-0.070977
-0.266643
0.445287
0.0868549
0.354062
0.312327
-0.367639
-0.525252
0.440749
-0.0768334
-0.0903752
0.274179
-0.0115567
1.10331
0.928686
0.133452
0.308087
-0.115
-0.150416
-0.281953
-0.107784
0.0122192
-0.142183
-0.206837
-0.26473
0.050956
0.144279
-0.166256
0.238798
-0.426438
-0.126576
0.422809
-0.146065
0.941525
0.38715
0.588359
0.0632669
-0.27864
-0.00489673
0.184469
-0.0903881
0.613112
-0.519289
-0.564136
0.0720882
0.112155
-0.510409
-0.16258
0.35404
-0.154034
0.137777
-0.320802
0.37711
-0.202668
0.420229
-0.360242
0.439726
-0.465226
-0.0784103
0.52879
-0.0694109
-1.08351
-0.278108
0.270406
-0.127937
-0.103377
-0.341168
-0.166144
0.271153
0.523224
-0.109628
-0.00993546
0.0716455
0.0785038
0.258871
-0.104681
-0.0803969
-0.308616
0.00872385
-0.0317918
0.371354
-0.0458187
0.241545
-0.444126
0.319111
-0.299858
0.293337
0.331994
0.183635
-0.155163
0.11398
1.82572
-0.513541
0.264376
0.0181716
-0.0193082
0.287804
-3.47989
0.158449
0.185921
0.264025
0.0636364
-0.0425298
0.302196
-0.175836
0.101811
-0.0255683
-0.0740025
0.290854
-0.101394
-0.0193539
-0.126017
0.0957523
0.00668419
0.317664
-0.381877
0.160752
-2.94827
0.075743
0.605278
0.163302
-0.047712
-0.178087
0.59626
-0.49458
0.0649396
0.00899799
0.295412
-0.0694766
-0.373666
0.0642508
-0.139302
-0.164375
-0.140665
0.177454
0.233412
0.222165
-0.461945
0.10233
0.253521
0.210497
-0.209926
-0.275927
0.195997
0.0476064
-0.336272
0.16926
0.575815
-0.163512
-0.440607
0.293454
0.505404
0.256633
-0.453179
0.292263
0.66704
-0.304066
0.00982066
-0.286774
-0.263604
-0.340948
-0.195281
-0.457537
0.351026
-0.0998887
-0.479491
-0.461249
-0.371544
0.0464425
0.198023
0.029909
0.322212
0.209907
-0.309802
0.0790024
-0.126308
-0.034842
0.354825
-0.362945
-0.239385
0.0486611
0.910168
-0.151436
0.334873
0.227416
-0.198005
-0.120588
-0.0266652
-0.293361
-0.185759
0.0560027
-0.337197
0.349131
0.59692
-0.260093
-0.100183
-0.219814
-0.0475088
-0.0972652
-0.211571
0.402945
1.07348
0.43905
-0.0814188
-0.233199
0.334367
-0.466068
-0.0648264
0.402765
0.441776
-0.0910388
-0.137886
-0.477598
-0.0228113
-0.0443155
0.181581
-0.234934
0.0800925
-0.39647
0.0774274
0.530289
-0.152555
-0.177446
-0.389223
0.227117
0.206806
-0.397983
-0.0641975
0.332556
-0.0199422
0.0668687
0.261179
0.386941
-0.0849592
-0.0518679
-0.0388693
0.260076
0.621123
1.09814
0.176201
-0.205479
0.42097
-0.221768
-0.143701
0.397186
0.0699298
-0.537725
0.092713
-0.137035
0.139081
0.17547
-0.551172
-0.0616401
0.0146271
-0.437413
0.371216
0.144246
-0.170315
0.237659
0.708245
0.355492
0.196773
0.00214224
0.00261865
0.0176637
-0.487589
-0.0458945
0.745007
0.288613
-0.088887
-0.163596
0.169245
-0.246023
0.376554
0.0309187
0.131739
-0.0272775
0.400627
-0.297409
-0.255688
-0.377847
0.0320585
0.0137344
-0.359264
0.0332356
-0.547251
-0.179459
-0.510869
-0.114809
0.0824122
0.0220844
0.354611
-0.34594
0.286001
0.055403
-0.0642451
-0.300377
-0.0888226
-0.215682
-0.0537816
0.168543
-0.00505025
0.0307975
-0.28899
-0.199958
-0.269687
0.117499
0.359563
0.320557
-0.594604
-0.0934906
0.254887
0.0262045
0.864412
0.0508453
0.287014
-0.339341
0.187025
-0.211333
0.191686
-0.441974
-2.17559
-1.05658
-0.205171
-0.560244
-0.265311
0.121678
-0.185504
0.165378
-0.379353
-0.639074
-0.43903
0.170513
0.0571008
-0.051965
-0.188568
-0.0338744
-0.314678
0.195035
-0.524608
0.489634
-0.272977
0.187731
-0.758216
0.440204
0.1947
0.258814
-0.0815842
0.112368
-0.448301
0.020446
-0.0105632
-0.0581768
0.169088
-0.44932
-0.0661529
0.231261
0.189385
-0.21049
0.31271
0.203333
0.289623
-0.317939
-0.413748
0.231527
-0.373245
-0.215722
-0.229508
0.354949
1.11145
0.462291
1.22265
-0.170878
0.300512
-0.267439
-0.117997
-0.0257791
2.50354
4.87928
-0.0196015
0.0765189
-0.0494658
-0.0560911
0.0479436
0.0254003
-0.0401731
-0.0270448
0.0381694
0.0718354
0.0463566
-0.0697948
0.0503658
0.0584427
-0.105074
0.184541
0.0813188
0.0847423
-2.22398
-0.00821589
-0.15447
0.401274
0.0788647
0.0280068
-0.0848665
-0.0518637
1.24203
1.02301
0.208096
-0.113161
-0.136899
-0.077087
0.158986
-0.109134
-0.431658
0.258503
0.0915258
-0.0998225
-0.448187
0.380508
-0.31703
0.164726
0.0662578
0.281315
-0.253825
0.102299
0.408183
0.245851
-0.13406
-0.19833
0.378669
0.179572
-0.139417
0.203666
-0.333881
-0.163242
-0.186291
-0.209121
-0.0537123
0.370749
0.2919
0.232937
0.269632
0.283587
0.562877
0.314576
-0.171174
-0.423799
0.11459
-0.0666172
0.270037
0.134705
0.356104
0.227564
0.372586
0.0622451
0.876221
0.344467
-0.271474
0.354182
0.176596
-0.102365
-0.276496
-0.27507
0.882526
0.309118
-0.255447
0.203142
0.00449257
-0.118453
-0.4629
-0.342491
-0.207097
-0.075145
0.399469
-0.128236
-0.0949891
-0.217639
-0.43646
0.16063
0.196993
0.248582
-0.29286
-0.341741
0.256639
0.180869
0.0245837
-0.144798
0.22696
0.280778
-1.38067
-0.644379
0.120196
0.225244
0.248523
0.227924
-0.0663629
-0.19606
-0.0923655
-0.677818
0.21895
-0.338749
0.305493
0.228737
-0.372765
0.00296448
-0.0688939
-0.163734
-0.131792
-0.00020093
-0.298774
0.153238
-0.147057
-0.375494
-0.452102
-0.153446
-0.0815072
0.295783
0.252585
-0.0868496
-0.472443
0.208459
-0.24057
-0.06569
-0.0936471
-0.145339
-0.0578139
0.111427
-0.218063
0.203561
0.211298
0.293632
-0.248256
-0.182727
-0.115099
0.161238
0.407381
-0.0266834
1.2533
-0.236343
-0.256057
0.222105
-0.246513
0.278782
0.60992
0.038172
0.682279
0.424198
0.0663687
0.114386
-0.0985904
-0.0322954
0.0288954
0.345462
0.122531
-0.0803229
0.0131018
-0.03089
-0.132516
-0.234745
0.272204
-0.397606
0.0973877
-0.379832
-0.212106
-0.0904855
-0.326127
0.369989
0.227588
0.309839
-0.168326
0.308694
0.39673
0.462798
0.0480019
0.147446
-0.0546984
-0.0864673
-0.150067
0.256648
0.371226
-0.103019
0.288066
-0.160742
0.0926631
-0.421995
-0.123004
0.298351
0.131208
0.249411
-0.186894
0.496097
0.332312
0.175028
-0.628881
0.189258
-0.340272
-0.0417393
-0.0960431
-0.237778
0.295743
-0.347708
2.10107
0.106071
0.117686
-0.268926
-0.218104
0.246952
0.0670033
-0.185319
-0.0672384
0.0661953
0.26643
-0.400665
0.0929893
0.0258972
-0.0348901
-0.0588429
-0.197544
0.261686
0.0300452
-0.114472
1.03489
-0.13469
-0.315803
0.124847
-0.476801
-0.190432
0.13451
0.17404
-0.0033885
0.073472
0.0283563
-0.0964659
-0.354568
-0.480705
0.23842
-0.118451
-0.0137347
0.0513345
0.430084
0.240221
-0.103056
-0.34356
0.391208
0.000226818
-0.125681
0.264634
-0.0666094
0.550332
0.496195
0.341458
-0.140306
0.0162631
0.490544
0.0715077
0.19873
0.377326
-0.423009
-0.0957997
-0.271395
-0.0109931
-0.200344
-0.0389027
-0.00207365
-0.16336
-0.184385
-0.338015
0.0908417
-0.502061
0.157918
-0.636525
-0.179889
-0.520193
-0.0390579
0.207986
-0.437304
0.046645
0.0263228
-0.280462
-1.80276
0.266591
0.397946
0.129364
0.0436363
0.0597006
3.27801
0.177889
-0.0126573
-0.256988
0.100481
0.0284468
-0.110431
0.299581
0.11907
-0.027351
0.0804097
0.0236372
-0.17886
-0.170524
-0.384996
0.296859
-0.408291
0.0295404
0.193845
-0.169476
2.91285
0.100823
1.07822
0.275165
0.49405
-0.487982
-0.316018
0.0647965
0.0181782
-0.495217
0.32247
-0.0964608
-0.35246
0.412408
0.425431
0.126304
0.0444906
-0.25435
0.215215
0.788558
0.349681
-0.216248
0.00398219
0.111325
-0.200637
0.41644
-0.0331025
-0.200064
0.229492
-0.0477382
0.575999
0.648122
0.420501
0.22649
0.266737
0.135953
-0.294449
0.188963
-0.106912
-0.0758576
0.523843
0.380815
-0.358
0.308015
0.440397
-0.222105
0.393906
-0.0542375
0.473612
-0.0168687
-0.0981388
0.463865
0.416765
0.167698
0.401246
-0.0701305
0.14273
0.139075
-0.0296192
0.419867
0.85355
0.0673769
0.392335
-0.218068
-0.0645993
-0.182956
0.44702
-0.423296
0.0197961
-0.413608
-0.128061
0.156924
-0.280067
-0.388217
0.174176
-0.368222
0.0360302
0.119506
0.00582613
0.482523
0.387085
-0.050204
0.151366
0.135979
-0.100571
0.26993
-0.416216
-0.0372528
0.388814
-0.642519
0.0338048
-0.2366
-0.507639
0.117855
0.411674
0.117716
0.499845
0.0353717
-0.352111
0.281745
0.293504
-0.0242496
-0.0878124
0.327521
0.438187
-0.406877
-0.374322
0.165441
0.411151
-0.47885
-0.404874
0.189281
-0.432555
0.459968
-0.0535169
0.133659
-0.288216
0.459811
-0.819728
-0.33219
0.0930017
0.078765
0.189336
-0.232024
0.219574
0.139688
0.480605
-0.393251
0.0748292
0.346588
-0.375172
0.0470268
-0.133161
-0.500175
-0.15347
-0.434352
0.268639
-0.281464
0.338884
-0.120985
-0.323548
0.125862
0.00751745
-0.586137
0.200627
-0.316106
-0.0383192
-1.01178
-0.423756
-0.692866
-0.230585
-0.478361
-0.922019
-0.593044
0.621749
-0.254081
-0.00816448
-0.385786
0.0610066
-0.555476
-0.798385
-0.573295
-0.209441
0.391923
-1.11906
-0.1637
0.0902862
-0.170661
0.0352286
-0.545336
-0.0773084
-0.254395
-0.301063
0.247095
0.117969
-1.09441
0.074838
-0.484792
-0.207988
-0.428795
0.344908
0.455771
-0.311791
-0.406812
0.298228
-0.353984
-0.0243816
-0.299296
-0.00362793
0.083237
-0.103805
-0.189916
-0.166578
0.165135
-0.0548838
-0.139666
-0.0211247
-0.413748
-0.476327
-0.300399
-0.117405
-0.394449
0.137368
-0.304918
0.0915315
1.54089
-0.0140691
-0.163512
-0.105655
0.0729845
0.622398
0.438273
-0.596409
0.264398
-0.274875
-0.098934
-0.00873625
-0.496281
-0.0866885
0.16617
-0.112029
-0.264138
0.564482
-0.296664
0.119896
0.393856
-0.355003
-0.263766
0.086946
0.111533
0.436186
0.00732542
-0.202189
0.497501
0.143412
0.209595
-0.180384
-0.0322778
0.669421
-0.527124
0.352976
-0.645871
0.13287
-0.150468
0.435276
0.0377135
0.3271
-0.0921229
0.718552
-0.324966
0.863355
-0.100455
0.889063
0.612827
-0.385823
-0.186376
0.682239
0.407472
-0.158903
0.780719
0.282751
0.105253
0.442202
0.230876
-0.0718842
0.288051
-0.343376
-0.153189
-0.393811
-0.0948385
-0.437623
-0.427355
-0.00675755
-0.199685
0.330266
0.141467
-0.139267
0.141277
-0.0917243
0.291756
-0.288386
-0.421993
-0.419836
0.0497324
0.283404
-0.0627434
-0.284503
0.0473978
-0.286385
0.0241206
-0.287767
0.107373
0.741236
-0.555649
0.519819
-0.145023
0.33354
-0.400562
0.00468497
0.273684
-0.352141
-0.573903
0.410356
-0.166833
-0.263059
-0.0959771
0.388968
-0.467802
0.630793
-0.0682525
-0.0252312
0.110242
-0.343989
0.1685
-0.158875
-0.448797
-0.316039
-0.456365
0.109724
0.309241
-0.354936
-0.298853
-0.101037
0.10268
0.177073
0.00146687
0.44953
0.533784
0.433704
0.386499
-0.228833
0.795136
0.507639
0.294322
0.512013
0.178204
-0.0465744
0.327204
0.193868
0.499001
0.31965
0.358363
0.0517133
0.640249
0.0811119
0.490103
0.187375
0.377001
0.32019
0.160162
0.767478
-0.382137
-0.293182
-0.0383476
-0.0878377
-0.227207
-0.123614
-0.296896
0.268935
0.225767
-0.171734
-0.28546
-0.180831
0.029274
0.231203
-0.271917
0.26256
0.126498
0.275067
0.313362
0.084263
-0.0997026
-0.404699
0.333075
-0.0113218
0.137584
0.37673
-0.23241
-0.59619
-1.61121
-0.294549
-0.21972
0.0504432
0.285482
-0.730307
-0.581749
0.549983
-0.0637608
0.383291
-0.229709
0.0141958
0.0926218
-0.153538
0.154124
-0.0881892
0.158182
-0.675795
0.0898383
-0.219385
-0.341884
-0.141941
-0.394201
-0.28176
0.120294
-0.0846491
0.153194
0.196919
-0.627502
-0.0397313
0.174312
-0.251559
0.0670853
-0.266219
0.182293
0.352846
-0.227641
-0.260573
-0.330603
0.204635
-0.153726
0.257908
-0.393464
0.153682
-0.304891
-0.364358
0.0959994
0.145429
0.0857599
0.118035
0.104346
-0.36808
0.0969155
0.18086
-0.0950811
0.363184
-0.158898
-0.205953
-0.694136
0.420403
-0.600438
-0.374215
-0.405313
0.126831
-0.0507538
0.0997218
0.265088
-0.00412113
0.163463
-0.0614049
-0.148902
0.272026
-0.870571
0.335274
0.230165
0.319133
-0.652851
-0.0751475
0.4411
-0.175637
-0.450511
-0.374841
-0.0118598
-0.186583
-0.518977
-0.517038
-0.905399
0.744752
-0.33105
-0.145707
0.446339
-0.213714
0.348525
-0.497409
0.443748
0.0814551
0.0387367
-0.488243
-0.082289
-0.272181
0.193002
0.253331
-0.0504435
0.362702
-0.609622
0.066189
-0.189621
-0.00676808
-0.0216141
0.342547
-0.13468
0.103713
-0.0597878
0.0163983
-0.142789
-0.486775
0.495998
0.363853
-0.272161
0.462079
0.709322
-0.315518
0.313457
-0.30364
0.186345
0.393406
0.208985
-0.196343
0.257066
-0.322106
0.549652
0.24257
0.265443
-0.265289
0.147909
0.112076
0.213682
-0.145761
0.00986938
0.0179944
-0.413548
0.166608
0.0345424
-0.0539589
0.780408
-1.16048
-0.152803
0.237558
-0.202006
-0.0193926
-0.569518
-0.18267
0.847689
-0.271642
-0.0151197
-0.198199
0.303735
-0.163827
-0.188677
0.330344
-0.0701841
0.259018
-0.858955
0.021704
0.295928
-0.30878
0.147711
0.506224
-0.11083
-0.138802
-0.0467812
-0.230232
-0.192899
-0.754546
0.103716
-0.0477174
0.469807
-0.563725
-0.100318
0.519328
0.257498
0.249492
0.00628047
-0.120859
-0.0473338
0.492148
-0.0533957
0.313416
0.0577409
-0.288816
0.292332
-0.00377077
0.420605
0.221725
-0.0310395
-0.325498
0.121321
0.145716
-0.155285
0.0558451
-0.100429
0.0299442
0.315754
-0.627198
0.228712
0.318695
0.223471
0.562447
-0.0988141
0.029679
-0.150017
0.375469
-0.177379
0.00714194
0.323159
-0.0209647
-0.29518
-0.208057
-0.12504
0.204375
0.243206
0.325124
-0.17849
-0.234565
0.0388448
0.545017
0.389442
0.234479
0.346829
0.149064
0.385774
0.524416
0.57463
0.00371272
-0.414752
0.140757
0.125474
-0.194719
0.143197
-0.0894852
-0.0955752
0.431039
0.594771
0.405391
0.0604861
0.21377
-0.172376
0.285878
-0.312481
0.0867658
-0.2952
0.038564
-0.0377146
0.184925
-0.350843
0.36761
0.239904
-0.126272
0.163414
0.432042
0.17109
0.0245762
0.0478788
-0.458482
0.405631
-0.0801915
0.533083
-0.370467
0.513172
-0.300375
0.166598
0.1395
0.128277
0.100942
0.246324
-0.552969
0.338083
-0.392962
0.648778
-0.126079
0.0782726
0.117664
0.281032
-0.14137
0.417079
0.227234
0.0720719
0.0786346
0.270001
-0.10395
1.02811
-0.33566
0.0667564
-0.0497424
-0.404446
0.601556
0.517665
0.178816
-0.247486
-0.362777
0.0511605
0.348409
-0.306708
0.0988427
0.229359
0.138056
-0.0816547
0.707204
0.540089
0.610254
-0.0556477
-0.18375
0.314702
-0.22184
0.5014
0.357562
-0.117921
0.462044
-0.14101
-0.0618769
-0.433628
-0.0706572
0.265582
-0.364244
-0.143164
0.157906
-0.233933
0.171472
-0.255087
0.538876
-0.454924
0.425341
-0.407451
-0.0964569
-0.111078
-0.192254
-0.335184
-0.0341636
0.201941
0.317902
-0.00313265
-0.455212
0.211711
0.497175
-0.266471
0.189625
-0.390308
0.280211
-1.53117
0.393324
-0.234605
-0.353855
0.0456002
-0.334992
-0.0328496
0.663424
-0.0966622
-0.301292
0.665966
-0.393632
-0.0987594
-0.0812268
0.299824
-0.067522
0.0703804
-1.46656
-0.174255
0.162502
0.150157
0.250133
-0.0719071
0.178303
-0.419139
0.0589413
0.158057
-0.129066
-0.33894
-1.92747
-0.0773214
0.198712
0.179902
-0.274151
0.00655578
0.10392
0.817111
-0.503895
-0.366848
-0.109855
-0.101104
-0.325103
-0.162946
-0.0710604
0.449998
0.509071
-1.71306
-0.154576
-0.0271141
0.491986
-0.384228
0.51616
-0.618189
0.094106
-0.0302281
-0.128401
-0.651562
-0.787243
0.278797
-0.0988613
-0.179421
0.297081
-0.219859
0.446199
-0.0837855
0.489707
0.0311937
0.532406
-0.0209729
-0.357534
-0.12317
-0.0423474
-0.0220942
0.387204
-0.436154
-0.288783
0.514314
-0.424712
-0.27412
0.264546
0.498131
0.368676
0.381896
0.58676
-0.247144
-0.00373619
-0.209095
-0.387296
-0.394818
-0.0224088
0.207548
0.134483
0.276009
0.0840115
-0.698
1.29064
-0.141367
-0.604203
-0.0252335
-0.228032
0.893561
-0.299023
-1.0343
-0.458081
0.734776
0.73906
-0.232052
0.369198
-0.299975
0.48323
-0.418482
0.0423765
0.69448
1.00148
-0.370106
