#input normalization
0.16111 0.272711
74.6604 69.7051
9.58082 38.3241
7.92471 31.8899
0.0111958 0.044315
0.008794 0.0338831
0.542988 1.36901
0.823511 1.27769
1.05267 1.47112
1.29982 1.67897
1.57855 1.87949
1.86027 2.06281
2.12999 2.22636
2.39629 2.3791
2.64341 2.50023
2.87854 2.5868
3.10222 2.64749
3.30893 2.68228
3.48879 2.68793
3.62724 2.6498
3.75209 2.59835
3.85097 2.5101
3.92847 2.41397
3.96982 2.29961
3.99558 2.16779
3.98964 2.01953
3.9519 1.86013
3.89572 1.68228
3.7862 1.48252
3.65921 1.28429
3.54363 1.09712
3.41767 0.920599
3.26231 0.743118
3.10185 0.573586
2.93657 0.413281
2.78635 0.266603
2.61822 0.128358
2.47497 0.00581553
2.31182 -0.108566
2.15912 -0.216386
2.01145 -0.313389
1.88168 -0.396232
1.74745 -0.473142
1.6062 -0.546088
1.47356 -0.611115
1.35132 -0.67056
38.1053 49.985
1 -1
#output normalization
1 0
#neurons weights
0.129512
-0.0394503
0.444724
0.19432
0.365901
-0.303006
0.474947
-0.452653
0.20308
0.478323
0.44963
0.264651
0.0197404
-0.45929
0.185424
-0.244853
-0.17671
-0.129144
-0.244682
-0.1833
-0.479705
0.200032
0.0361545
-0.269029
0.146727
0.301276
-0.168664
-0.0258764
-0.063037
-0.381174
0.499544
-0.260955
-0.00786516
0.335182
-0.0603603
0.0564083
0.330812
-0.0109072
-0.32024
0.252892
-0.089142
-0.235018
-0.00502965
-0.0300506
-0.318459
-0.0840452
0.382061
-0.231324
-0.276602
0.391495
1.16097
-0.470888
0.0938537
0.516435
0.499249
-0.0158628
0.234694
0.52423
-0.109593
0.428168
-0.0237824
0.450048
-0.49676
-0.211889
-1.76027
-0.170972
-0.317257
-0.115065
-0.440019
0.389755
0.26931
-0.173255
-0.213376
0.620029
-0.216598
-0.429558
-0.394504
0.578185
-0.444684
0.31745
0.122755
-0.496342
0.24956
0.0661989
0.269957
0.281543
-1.31043
0.00335904
-0.374701
0.29968
0.356077
0.093636
-0.442805
0.414233
0.503634
-0.230856
0.0767557
-0.232666
-0.530082
-0.199145
-0.401342
-0.44215
0.37311
0.201998
0.454947
0.198194
-0.310389
0.265732
-0.462945
-0.10835
-0.419076
-0.360214
0.168017
0.0247119
0.0876883
0.0580751
0.0566221
0.426701
-0.103702
-0.155885
-0.261154
0.0426778
0.184772
-0.277044
-0.213308
0.0552144
0.199987
-0.162424
0.276954
-0.451368
0.0896596
0.398718
0.0322695
0.450533
-0.215327
0.0387103
-0.516272
0.43017
-0.111407
0.0568429
-0.3021
0.241137
-0.198816
0.479685
-0.0930505
-0.268727
#synapses weights
-0.0279389
0.0374778
-0.228436
-0.00189957
-0.20094
-0.336777
0.588751
-0.14798
-0.159456
-0.297712
0.341539
-0.220401
0.207471
-0.472818
-0.147628
-0.289047
0.284607
-0.288347
-0.0506743
0.0967788
0.253163
-0.114208
0.106424
0.18908
0.45767
0.461422
-0.342101
0.254771
0.178353
-0.181883
-0.372119
-0.286168
0.360059
0.451256
0.356528
0.200422
-0.177248
0.313769
-0.358813
-0.329834
0.229724
-0.122103
0.292311
0.224113
-0.416824
-0.13955
-0.363259
0.0109766
0.32899
-0.0332124
-0.183167
0.207224
0.139595
-0.243724
-1.12362
0.369124
-0.207062
0.181338
-0.0146711
0.376881
0.0414865
-0.168576
-0.388357
0.420379
0.0585963
0.0401732
-0.155766
0.342287
0.347548
-0.0458969
-0.2148
0.467802
-0.0143626
-0.41039
-0.0858188
-0.412921
0.0317167
0.331327
-0.233951
-0.250864
0.321584
-0.172297
0.178074
0.201403
0.250872
-0.100731
0.436873
-0.394629
0.0112377
0.170437
-0.477948
0.118275
-0.394149
0.217144
-1.05088
-0.16746
-1.96943
-0.539034
-0.0938618
0.0379145
-0.0666298
-0.137494
2.25425
-0.283264
-0.0917302
0.00853333
0.0393285
0.0739021
0.132027
-0.194866
0.0602249
-0.103779
0.076599
-0.0836706
0.185967
0.248641
-0.187366
0.0907033
0.0441958
-0.173696
0.131847
0.0758578
-0.0332409
-0.168883
0.247871
-0.39658
0.0447361
0.159937
0.0537115
0.118764
-0.287293
0.0910844
-0.29023
0.175644
0.107021
-0.260284
-0.00203113
-0.114561
0.266101
-0.29882
-0.182735
-0.236236
3.21324
-0.0586086
-0.34522
-0.363813
-0.485279
-0.392511
-0.0364074
-0.378941
-0.266413
-0.0416654
-0.156541
0.139304
0.093358
0.321629
-0.445054
0.116254
-0.0103923
-0.362637
0.0129971
0.254825
0.510643
0.194462
-0.193454
0.301827
-0.123287
-0.179605
-0.272477
-0.236429
-0.344582
0.336329
0.22412
-0.428037
-0.151751
-0.329075
0.0530213
-0.0914976
-0.360679
0.474959
-0.370335
-0.0299331
-0.350546
-0.0293309
-0.352138
0.280015
0.163484
-0.261033
-0.414469
-0.395521
0.495671
-0.117038
0.456091
0.382823
0.321202
-0.485271
-0.132714
0.0420393
0.109548
-0.267847
0.439724
-0.168007
0.114105
0.341193
0.168016
-0.237913
-0.227891
0.461685
0.340119
-0.31442
0.379554
-0.0259039
0.321746
-0.034624
0.230568
0.215227
0.298518
0.43275
0.156115
-0.0239466
0.373144
-0.266257
-0.365707
-0.0242433
-0.213711
-0.321669
-0.322247
-0.211677
0.329855
0.12538
0.500832
-0.0398429
-0.262888
-0.401288
-0.36933
-0.437087
-0.100555
0.367048
-0.0399034
-0.322079
-0.604846
0.192326
0.0565135
0.0641498
0.102264
-0.167053
0.641288
-0.377548
-0.399708
-0.110354
0.197741
0.167922
0.147169
-0.346468
0.148417
0.132817
-0.255733
-0.351655
-0.109281
-0.277374
-0.14178
0.257666
0.0417418
0.375122
-0.355058
-0.343192
-0.0742833
-0.0159252
0.271471
0.0477221
-0.0311073
0.411043
0.201988
0.061287
0.289099
0.443705
-0.329824
-0.25026
0.390871
0.181856
0.453882
0.0242978
-0.164247
-0.284852
-0.131131
-0.311171
0.559175
-0.347261
0.299701
0.176673
-0.414479
0.0707793
0.00184876
-0.120439
-0.203359
-0.977741
-0.412075
-0.202021
-0.301527
0.0692868
-0.147947
-0.403995
0.247509
0.142503
0.079491
0.515259
-0.247994
0.232238
0.068429
-0.378339
-0.00639196
-0.302058
-0.239754
-0.29405
-0.412976
0.483434
0.142904
-0.402388
0.192787
0.321574
0.0353319
-0.036716
-0.48072
0.33828
-0.513966
0.360287
0.00858313
-0.0137931
0.139419
-0.111179
0.0692956
0.137065
0.182519
-0.376108
-0.0264195
-0.162745
-0.630321
-0.164612
0.330549
-0.0964422
-0.214234
0.205603
-0.327548
-0.807855
0.0113202
0.0878774
0.232879
0.0608951
0.303028
0.0212575
-0.283767
-0.10043
-0.130506
-0.381417
-0.425467
-0.322566
-0.214393
0.151396
0.376865
0.567734
0.313508
-0.0349999
-0.166761
-0.468706
0.216236
-0.164736
0.216868
0.25015
0.145227
-0.327244
-0.350199
-0.241292
0.325556
0.469116
0.320585
-0.317447
0.179574
0.190624
-0.245125
-0.237457
-0.254589
-0.0940704
0.421159
-0.253061
0.372193
0.156525
0.312264
0.379475
0.348549
0.339706
-0.587269
0.489894
0.378606
0.417713
-0.118713
0.014774
0.116632
-0.000474649
0.188075
0.0784427
-0.205223
-0.291808
-0.526893
0.0887957
-0.433957
0.193912
-0.266855
0.282884
-0.190116
0.218528
0.362351
-0.442286
-0.11744
-0.168264
0.315299
-0.354355
0.257396
-0.361236
0.143255
0.339351
-0.307082
0.29977
0.0321888
0.327151
-0.340302
0.310639
-0.531591
-0.347761
-0.0482033
-0.130902
0.387818
-0.227884
-0.396996
0.530347
-0.215813
0.305211
-0.110686
-0.0394866
1.03442
0.140229
0.134162
0.0690895
-0.311723
-0.282125
0.0580365
0.432655
-0.231452
-0.115955
0.136861
-0.3277
0.236427
-0.0578614
-0.103258
-0.197238
0.0728694
0.622695
-0.198841
-0.139555
-0.139025
0.131559
0.022564
0.0903613
0.106328
0.364339
-0.22936
-0.187584
0.00935825
0.354271
-0.179814
0.279513
-0.0383858
-0.292948
-0.259922
-0.0578145
0.317356
-0.419631
0.290776
0.28034
1.14067
-0.408286
0.0245265
0.023509
-0.377837
0.0147932
-0.00164998
0.337428
-0.138755
0.330567
-0.278015
-0.429498
-0.100679
-0.457212
0.20054
-0.0226982
0.157185
0.190567
0.366648
-0.0843889
-0.244154
0.174859
-0.513424
0.269331
-0.31935
-0.223544
-0.324121
0.349996
-0.376099
0.228198
0.20378
-0.203641
0.174605
-0.016495
0.380393
-0.188424
0.309289
-0.390004
0.181493
-0.324961
0.322352
-0.412456
-0.262947
-0.0447698
-0.33773
-0.388492
0.295379
0.155102
0.568606
0.21212
0.165345
0.382423
-0.165716
0.19236
-0.220542
-0.0614195
-0.0608811
-0.248878
-0.130261
-0.285697
-0.0749022
0.233397
-0.147832
-0.117843
0.404279
-0.298769
0.213105
-0.502622
-0.32968
-0.392141
0.335021
0.30653
-0.168126
-0.475982
0.29122
-0.0581018
-0.331532
0.120457
-0.26096
-0.0357958
-0.331261
-0.262887
0.256378
-0.422056
-0.488526
0.0692212
0.154401
-0.0297209
-0.109214
-0.115094
-0.248493
0.211843
-0.30946
0.135399
0.11888
-0.02183
0.383394
-0.39521
-0.833262
-0.0661946
-0.0873683
-0.244955
-0.271675
0.455248
-0.420602
0.324538
-0.136452
0.209602
-0.25138
0.0152826
-0.0599033
-0.395774
0.151519
0.253275
0.182974
-0.22193
0.267623
-0.467683
0.468047
-0.187726
-0.197078
-0.212159
0.297801
0.0805272
0.257027
-0.312264
0.234194
-0.480752
0.322235
-0.349858
0.511301
-0.315138
-0.0641802
-0.269685
0.154015
0.255979
-0.282777
0.427239
-0.449013
-0.113989
-0.291839
-0.182916
-0.119804
0.0784445
0.679816
-0.38832
-0.430834
-0.046885
-0.223694
0.250842
0.459612
-0.156604
0.239198
-0.431272
0.184807
0.398649
0.0939885
0.06831
0.440249
0.169461
0.294595
-0.271946
0.0256783
0.548863
0.469771
0.41776
0.493583
-0.103665
-0.16753
0.332914
0.174487
0.471301
0.42903
-0.312171
0.321156
0.231575
0.10053
0.471636
-0.158737
0.386163
-0.0412094
0.325988
0.0698823
0.120391
0.335396
0.0811593
-0.188371
0.18972
0.000850835
0.323011
0.339039
0.268126
0.0882713
-0.235535
0.508586
-0.176958
-0.376205
0.421676
0.060907
-0.262454
-0.354545
-0.283151
-0.29848
-0.198126
-0.506088
0.374375
0.325215
0.151102
0.225674
0.0414333
-0.130007
0.103337
-0.00456882
-0.502612
0.0759783
0.0939312
0.0160273
-0.306353
-0.0808899
0.0930093
-0.0061251
-0.131453
-0.122612
-0.37719
0.0864378
0.115981
0.351194
0.122535
0.416704
-0.168262
0.21292
-0.339523
0.0534561
-0.0636422
0.459516
-0.00103557
-0.389051
-0.27551
-0.188148
-0.00825113
-0.410751
0.30429
-0.195361
-0.411854
-0.0086267
0.149175
-0.297534
-0.393721
0.220447
-0.45408
-0.258427
-0.130614
-0.0052159
0.0626626
0.481564
0.426262
-0.217752
-0.409995
-0.312481
-0.369308
-0.36094
0.0917008
0.353046
-0.474285
-0.00227156
-0.390245
0.0975478
-0.0643098
0.0892336
0.12692
-0.456299
-0.321827
0.0230933
0.106052
0.067225
-0.409196
0.181019
-0.17827
0.0778368
0.219656
0.345392
0.434034
-0.255281
-0.256155
0.38004
0.0927172
0.415204
-0.0365727
-0.352421
0.205411
0.610409
0.161895
-0.076017
-0.0339755
0.0239479
0.135636
-2.01147
-4.36757
0.0755031
-0.0296882
0.102859
0.173479
-0.0479072
0.0939818
-0.193952
0.0208901
-0.0154977
-0.136462
0.186941
0.0115237
-0.0210676
-0.13282
0.247729
-0.247568
0.00128533
0.0531644
0.0972957
-0.106713
0.195837
-0.233418
-0.0860884
0.299947
-0.081271
0.137931
0.0104205
-0.171402
0.141574
0.00520107
-0.121476
-0.0303185
-0.120647
0.14183
0.175595
-0.0262636
-0.0470535
-0.0399538
-1.1195
0.366184
-0.23349
-0.129755
0.161561
0.303326
-0.434543
-0.394605
-0.281009
0.42971
0.0845974
-0.29687
-0.413876
-0.236561
-0.42868
-0.37952
0.259729
0.228119
0.284251
-0.407785
0.0921745
-0.167861
-0.399958
-0.253303
-0.00870832
0.0173039
-0.332894
-0.391309
0.264782
-0.395683
-0.123875
-0.217073
-0.485748
0.0862111
-0.254368
-0.112025
-0.455981
-0.0852015
0.32866
-0.356598
0.1076
0.306177
0.369045
-0.435378
0.274957
0.100871
-0.436968
0.0431629
-0.0436152
0.125329
0.781349
-0.00207266
-0.0685353
-0.178424
0.0185479
0.225674
0.0707578
0.55222
-0.14806
-0.299468
0.0117162
0.0100313
-0.0132928
-0.412766
0.221105
0.108411
-0.249127
0.206549
0.249387
-0.364293
0.223756
-0.275237
-0.238121
0.301785
-0.331565
-0.39405
-0.202246
-0.134274
-0.128198
-0.248315
0.439518
-0.133305
-0.311569
-0.211709
-0.0644357
0.0294938
0.20791
0.23329
0.0772576
-0.533803
0.294075
0.342797
-0.0205963
0.180724
0.0688746
0.0705777
-1.12013
-0.204373
0.201311
0.222544
-0.298321
-0.230835
0.291994
-0.362607
-0.24782
0.43148
-0.256729
0.187122
-0.130041
-0.20125
-0.493883
-0.0549729
-0.305677
0.200967
-0.366643
-0.256439
-0.0495822
-0.239386
-0.0369382
0.341141
-0.478269
0.0219406
-7.62088e-05
0.0494911
-0.11329
-0.128078
-0.488214
0.378329
0.324433
-0.260575
0.15515
-0.234367
-0.0138497
0.0267369
-0.0307209
0.424623
0.20073
0.17435
0.443064
-0.339945
-0.418708
-0.37959
-0.28712
0.110152
-0.471088
-0.464734
0.136115
-0.0810751
0.110314
0.163229
-0.316624
-0.145884
0.19135
0.123567
0.143507
-0.28099
0.362188
-0.0444748
-0.449224
0.214103
0.31284
0.469917
-0.0878614
-0.293382
0.160389
-0.184213
0.442974
0.302564
0.366951
0.333474
0.485787
-0.0252795
0.567362
-0.0787418
0.261258
0.16324
-0.191403
-0.342838
-0.0402718
0.195986
0.454073
0.24199
0.0640341
-0.325908
0.120734
-0.0206338
-0.0294238
0.219076
-0.203585
-0.213785
0.339858
0.0573608
0.371906
0.106754
-0.185063
-0.267074
-0.230324
-0.209434
0.262192
0.200044
1.10985
0.195219
0.698742
0.378697
0.0568589
-0.193564
0.138505
-0.38776
0.31257
0.152581
-0.35009
0.29409
0.358937
-0.350765
-0.158065
-0.118872
-0.325377
-0.115378
-0.149341
-0.11436
0.180717
0.536788
0.450061
0.113126
-0.285121
-0.429415
-0.2982
0.000494526
0.113713
-0.104529
0.291408
-0.242348
0.293541
-0.313324
0.116703
0.169451
-0.277853
-0.326025
-0.515205
-0.496905
0.927501
-0.0486456
-0.291134
0.157987
0.0319494
-0.350403
-0.389424
-0.386403
-0.413239
0.0545942
-0.327694
-0.402956
0.288455
0.286046
0.0363075
-0.0691683
-0.00713808
-0.241752
0.0724819
0.160495
0.418581
-0.0363637
-0.290204
0.28664
0.0155654
-0.285485
-0.126699
-0.0539704
-0.496215
0.409121
-0.0897101
0.221655
0.0138063
-0.402389
0.0410557
-0.474494
-0.0841393
0.106163
-0.20684
-0.1428
-0.307198
0.118078
-0.103145
0.351751
0.310539
-0.395777
0.0659771
-0.189998
-0.327302
0.183066
-0.267791
0.202086
0.0352136
-0.204888
-0.020054
0.244412
-1.31333
-0.969176
-0.485126
0.130467
0.271835
-0.408592
-0.322401
0.0989523
0.266645
-0.162442
0.230981
-0.294746
-0.288586
0.241129
-0.297991
0.0939961
-0.136468
-0.141581
0.489204
0.00461903
-0.0498569
0.2719
0.0592821
-0.0911436
0.0553961
0.451531
0.133501
-0.0581812
-0.00544911
-0.18056
-0.368853
-0.184712
-0.00514289
0.215598
-0.154487
-0.45541
0.309516
-0.0672283
0.196337
-0.410788
0.312707
0.171555
-0.26278
-0.0376507
-0.55313
0.174544
0.0915593
0.0694244
0.0839702
-0.195394
-0.167906
0.0273937
0.260801
0.273354
0.36823
-0.360937
0.249836
-0.385886
-0.20436
0.0549335
0.260561
0.0374141
0.0270415
-0.0782876
0.33526
0.305153
0.144509
0.0754278
-0.113691
0.215549
0.203061
0.0674003
0.0626933
-0.485579
-0.167846
0.232192
-0.053162
0.173632
-0.0907485
0.00247996
-0.179712
0.280343
0.470718
0.0643683
-0.43694
0.430934
0.226262
0.184028
-0.206319
0.132275
-0.767652
-0.45085
0.476562
0.0214228
-0.268736
-0.252136
1.79822
0.353196
0.326514
0.0606391
-0.327333
0.0941996
-0.0418874
-0.0223133
-0.0329021
0.333215
-0.213711
0.0182253
0.0478676
0.062297
0.372622
-0.182166
0.071837
-0.486899
0.169525
-0.314106
-0.0495543
0.175392
-0.0935444
-0.0352081
-0.0587584
0.120996
0.331947
0.0729994
-0.421173
0.221854
0.220083
-0.217292
-0.420041
0.0817065
0.0079787
0.277157
-0.215173
-0.114124
-0.0461123
-0.160744
1.13967
-0.376609
-0.335154
0.413537
0.353496
0.258477
0.116289
-0.154878
0.160351
-0.0288559
0.18344
0.0141036
-0.325398
-0.267339
-0.154472
-0.502204
0.21372
0.454172
0.176432
0.283146
0.182006
0.465074
-0.239147
0.290151
-0.341335
0.0252796
-0.157786
-0.200248
0.384297
0.271573
-0.145572
0.435438
0.218734
-0.435263
0.48202
-0.252469
-0.247553
0.0383674
0.43441
0.416724
-0.397692
0.34448
0.195936
0.0973069
0.310317
0.130514
0.148828
0.116869
-0.455741
-0.257598
-0.422892
-0.264867
0.0314733
0.0975509
-0.0596034
-0.0217912
0.0554008
0.229969
-0.625454
-0.0234746
-0.202108
-0.0158515
0.309971
-0.166907
-0.293204
-0.405111
-0.515478
0.145132
0.299588
0.295885
0.379947
0.18046
-0.200803
-0.092456
0.0538806
-0.0939744
0.552606
0.0544194
-0.176224
-0.0265869
-0.0491514
-0.158302
-0.173309
-0.404826
-0.207172
0.373456
0.0254967
0.0698409
-0.377299
0.191017
-0.172424
-0.268417
0.400518
0.0513285
-0.301317
-0.0244977
-0.0239443
0.437152
0.333958
-0.231306
0.340331
-0.209697
0.389453
-0.176289
-0.546298
-0.294727
-0.343289
-0.432564
-0.156274
-0.0658622
-0.0219882
-0.40853
0.0131155
-0.0633112
-0.278493
-0.27145
-0.162932
-0.391791
-0.346967
0.341351
-0.122584
0.0107046
-0.416052
-0.024652
-0.481662
-0.309973
-0.211614
0.0549781
-0.143884
0.168858
-0.344111
0.0315884
0.459723
-0.279113
0.177637
-0.451055
0.137863
-0.378698
0.14885
-0.482025
-0.351746
0.480486
-0.198442
0.039905
-0.0536608
-0.181785
-0.241959
0.077092
-0.0418754
0.0788637
-0.0368821
-0.172246
1.06887
0.467716
-0.577161
0.00785377
-0.312624
0.313445
-0.377873
-0.034753
0.337074
-0.216427
0.244856
0.0856569
-0.250118
-0.0369926
0.0247168
0.3264
-0.151984
-0.0926919
-0.0992687
0.375153
-0.0735203
-0.280841
-0.429912
0.377991
0.376413
0.252575
0.0749198
-0.126604
-0.19329
-0.189529
-0.228983
0.25408
0.396161
-0.0353657
0.0303946
-0.10641
0.21827
0.0127396
0.341605
0.044272
1.6075
-0.0211856
0.378555
-0.376949
0.00255225
0.0628442
-0.32408
-0.203857
0.0459815
-0.0608706
0.500334
0.373306
0.529622
-0.20673
-0.200301
-0.377584
0.159096
0.489545
0.263303
-0.266907
0.45475
-0.0460902
0.315767
0.297372
0.388683
0.288932
0.45109
-0.245925
-0.316602
-0.408737
-0.0672265
0.413289
-0.00499575
0.295185
0.0212598
0.0404271
0.414611
-0.124981
0.196363
-0.069129
0.39756
-0.297343
-0.0887803
-0.270936
-0.204854
0.507764
0.153968
0.0247352
-0.3853
-0.375764
0.162373
0.321142
-0.312886
0.46995
0.54478
0.267833
0.0733354
-0.0409066
0.41156
0.230952
-0.28101
-0.194507
-0.199065
0.382376
0.223678
0.483553
0.560635
0.0841232
0.240667
-0.218834
-0.371201
0.246267
-0.0364082
0.30813
-0.0390185
-0.035696
-0.289284
0.309747
0.167281
0.513602
0.136381
-0.231694
-0.111087
-0.318391
0.0269453
-0.337816
-0.141588
0.314756
-0.00220301
0.11011
0.0954211
0.148583
0.425918
0.0794594
-0.352392
0.0278079
0.375442
-0.47809
0.419581
0.355141
-0.327718
-0.147388
0.0838209
0.00919458
-0.265222
-0.139709
0.114768
0.240568
-0.23157
0.280134
0.262645
0.296257
0.101344
0.262715
-0.448709
0.00274347
0.0416093
-0.193154
-0.0837968
0.26488
0.230088
0.350855
0.155111
0.38021
-0.0260318
0.221989
-0.0706133
0.0373629
-0.0794208
-0.220909
0.182652
0.241975
-0.398836
0.126048
-0.322797
-0.234873
0.282916
0.268481
0.3336
-0.00877453
0.109614
-0.32968
0.468107
-0.378167
-0.430747
0.302238
-0.0490665
0.141371
0.495102
0.387695
-0.314002
0.0187605
0.148656
-0.13416
0.55102
0.128522
0.0663139
0.451235
-0.0995802
-0.320553
0.133432
-0.287951
-0.272172
-0.0701413
-0.48653
0.0832401
0.227176
0.393026
0.496982
0.164562
0.196308
0.391742
0.218095
-0.206154
-0.0777259
0.113348
-0.353238
0.262828
0.0285995
-0.471834
-0.00689464
0.140828
-0.373246
0.184557
0.0774683
0.195173
0.248839
0.43562
-0.0956492
0.015414
-0.497078
0.223608
-0.386233
-0.0316477
0.20607
-0.337707
0.248639
0.150007
-0.283612
-0.341008
-0.23461
-0.134834
0.123475
-0.538192
0.155184
0.116531
0.102344
-0.147125
0.301948
0.249493
-0.54395
-0.0304022
0.198317
0.0443955
-0.32282
0.247011
0.330007
0.25881
0.308907
-0.0858836
-0.119482
-0.158075
0.146311
0.101707
0.287467
-0.225678
0.217281
0.285332
-0.180057
0.169739
-0.151942
0.358725
0.458696
0.0936519
0.00186577
-0.000855802
0.266451
0.343106
0.0632651
0.324181
0.367495
-0.0115872
-0.000579894
0.267599
-0.213987
-0.35348
0.0528432
0.0414586
0.773938
-0.386323
-0.199106
-0.0560672
-0.251284
-0.150312
-0.394256
-0.110958
0.409281
-0.254479
-0.364564
0.399842
0.166796
0.0204199
-0.0839567
0.294473
-0.253108
-0.265433
-0.450265
-0.43996
-0.200614
0.148441
0.0721833
-0.467121
-0.0620368
-0.215035
-0.0872218
0.28064
-0.0640586
-0.129897
-0.034717
-0.0294101
-0.0197269
0.366164
-0.293291
-0.169828
0.412902
-0.189471
-0.501471
0.314109
0.386954
-0.210384
0.119121
0.130098
0.116735
-0.0495517
0.0877275
0.0854194
0.986796
0.126488
-0.110586
-0.128993
0.00727373
0.266947
-0.158718
0.390078
0.0792718
0.206197
0.361373
0.065382
-0.354729
-0.304322
-0.384878
-0.0304732
0.0927238
-0.413163
0.00740216
0.0740938
0.0739182
0.351719
0.376956
0.164184
-0.314876
0.0708406
-0.0647486
-0.235739
-0.0663472
-0.057854
0.363858
-0.139377
0.118896
-0.412166
0.142453
-0.305564
-0.0670291
0.282382
-0.0922865
0.134544
1.00418
0.232074
-0.735472
-0.215001
0.0831507
-0.20879
-0.0609342
0.420663
1.18718
-0.22981
0.083054
-0.0471617
-0.1207
0.123009
0.00492545
-0.28116
-0.161208
0.160982
0.26623
-0.024647
-0.0650856
0.00270293
0.0687631
-0.2106
0.0787099
0.0055481
-0.279454
-0.388716
0.136436
-0.0106793
0.0365587
0.416941
-0.27914
-0.312442
-0.33259
0.0928429
0.0947519
0.0530996
-0.0120592
0.230611
0.00419292
0.409408
0.222327
-0.136263
0.451613
0.0139827
-0.2093
-0.119319
1.49998
-0.0017306
1.84894
-0.294703
-0.221257
0.0572511
0.191364
-0.409579
-2.40748
0.369766
-0.0954584
0.095357
-0.109245
0.00509887
0.156316
-0.126959
0.147286
-0.0981569
0.0510312
0.011653
0.0662059
0.150714
-0.209299
0.0716177
-0.187083
-0.0231411
-0.139361
0.277085
-0.188644
-0.102544
0.233311
0.159203
0.0393109
0.0260475
-0.0511767
0.27298
-0.2192
0.271038
-0.285066
-0.174094
0.376981
-0.134957
0.15258
-0.257756
0.125003
0.0886536
-0.0506869
0.0421851
-3.05291
0.396365
0.170886
0.221931
-0.0305409
0.424177
0.0453216
-0.213749
1.07946
0.096285
0.228095
-0.427778
0.0486996
-0.183152
-0.0402247
0.0677392
-0.16092
0.319698
0.414787
0.276303
-0.0036674
0.415338
0.530794
0.195875
0.440189
0.116064
0.383024
0.187661
-0.327687
0.0429698
-0.267953
-0.239874
-0.218949
-0.00287297
-0.0862152
0.0960567
0.440176
0.167465
-0.428735
-0.122319
0.0639634
0.217932
-0.393669
-0.0401289
-0.176002
-0.263391
0.254672
-0.0813718
-0.0356838
0.444965
-0.682543
-0.438914
0.0927833
-0.248386
-0.349778
0.290175
0.0319616
-0.140945
0.275835
0.0955332
0.31459
0.173783
-0.0978716
0.0109278
0.0027012
0.468343
0.298532
0.330152
-0.375612
0.395421
0.0273421
0.113249
-0.195494
-0.00353439
-0.0100437
0.236075
-0.0410896
-0.21949
0.321916
0.208222
0.305984
0.355645
-0.16767
0.19192
-0.0232237
0.509842
-0.266771
0.173182
0.272995
-0.0797114
-0.399602
0.0608925
0.30061
-0.107037
0.150075
0.219422
-0.0932877
0.137961
0.00793756
0.354873
0.0484711
0.298092
-0.0365875
0.0925183
1.58209
0.926164
0.241774
-0.0252822
0.28865
0.118133
0.128141
0.271681
-0.290062
-0.0510441
-0.196642
-0.424621
0.00538901
0.340986
0.372541
0.392906
-0.0586435
0.00206967
-0.148238
-0.0361248
-0.320344
-0.316958
-0.353605
0.39793
-0.147742
-0.00429467
-0.14161
-0.240793
0.390611
0.167484
0.305361
-0.0539239
-0.356792
0.387954
-0.129869
-0.458802
0.129502
0.268554
0.0703365
-0.325006
0.858503
0.263278
-0.265753
-0.2499
0.0244077
0.305571
0.0296535
-0.227138
0.327999
-0.302122
0.106185
-0.372344
-0.366624
-0.345423
-0.104359
0.386736
-0.0802702
0.243231
0.159177
-0.402177
-0.240501
-0.0560195
0.391343
0.128291
0.167324
0.132016
-0.230246
0.15325
-0.31706
-0.0487605
-0.5169
-0.269006
-0.294695
-0.152296
-0.407741
0.00838346
-0.467135
0.25868
-0.115891
0.307442
0.181701
0.145412
0.343408
0.418768
-0.197217
0.393342
-0.103093
-0.070353
0.382221
0.41369
-0.308052
0.125246
-0.137384
0.364289
0.260342
-0.270983
0.511802
-0.194016
-0.0255068
-0.0926808
0.256619
-0.0628191
0.524478
-0.223528
-0.00478494
-0.412538
0.346273
0.482841
0.192907
0.0481577
0.370558
0.303535
-0.384224
0.105684
0.27945
0.193417
0.106157
0.104532
-0.27209
0.321045
0.221386
0.282958
-0.183481
-0.0462195
0.449254
-0.255867
0.179724
0.251931
-0.394733
0.437219
0.422788
-0.504005
0.388886
0.215137
0.380099
0.192892
-0.222521
0.143362
0.0946612
-0.200447
0.243465
0.0627899
-0.388459
0.445429
-1.41572
-0.492106
-0.21668
0.440163
-0.211727
-0.121689
-0.139861
-0.222327
-0.136664
-0.0758102
0.523495
-0.273458
0.236627
0.244758
0.297741
-0.174173
0.321429
-0.429368
-0.352333
0.126787
0.269936
0.324632
0.258745
0.215584
0.223863
0.233225
0.0983251
0.219869
0.0618493
0.373212
-0.577805
0.288656
0.00184059
0.0176125
-0.228983
0.486354
-0.146798
-0.191788
-0.0860616
-0.110894
-0.89375
0.246116
-0.322549
0.203907
-0.149383
-0.508446
-0.0642567
0.0494827
-0.117693
0.509571
-0.0143914
0.064723
0.37251
-0.328694
-0.371531
0.134318
-0.30747
-0.234615
0.415752
-0.389017
0.232783
0.390212
-0.463953
0.029512
-0.349062
-0.360124
-0.300541
-0.106158
-0.327889
-0.192515
-0.488448
-0.45809
-0.211013
-0.464175
-0.142984
-0.280668
-0.465147
-0.361344
-0.442668
-0.110803
-0.143157
0.421327
-0.169994
0.318049
0.222327
-0.246296
-0.140741
-0.0435441
-0.345266
0.372858
0.285756
-0.218634
0.170877
0.196364
-0.562891
0.384965
0.189152
-0.425651
-0.18564
-0.175254
-0.306736
0.388425
-0.362164
-0.420181
0.0535137
0.0372029
-0.313894
0.378377
0.110623
0.388534
0.34644
-0.273595
-0.195722
-0.278857
-0.430194
-0.0964113
0.205083
-0.291953
-0.492392
0.0274559
-0.432123
0.360029
-0.461875
0.153063
-0.430561
-0.473877
0.139396
-0.477925
-0.0893526
0.230391
-0.290751
0.191104
0.148229
0.288763
0.342419
-0.164504
0.274332
0.378385
0.675827
0.0910254
0.137994
-0.0113266
-0.301083
-0.240184
-2.59973
-0.93423
-0.121303
-0.161932
-0.166309
-0.329457
-0.0698109
0.0103352
-0.47774
-0.184743
-0.0457421
0.27627
0.18997
-0.329784
-0.143996
0.318927
-0.141394
-0.411703
-0.269111
0.0133951
0.116441
0.156826
-0.336316
-0.169461
0.260026
-0.15634
-0.267965
0.328048
-0.0596378
0.453354
0.0940143
0.363248
-0.274081
-0.0138711
0.0480442
0.317991
0.08673
-0.0850334
-0.116124
0.00310215
-1.15767
0.214401
0.591258
0.29909
-0.0580919
0.0160841
0.155941
-0.3736
-0.597526
0.341045
0.337471
-0.414174
0.00753306
0.101721
0.327135
-0.173336
0.00241616
-0.169438
-0.000714732
0.313468
-0.212925
-0.127599
0.195549
-0.207603
-0.0328264
0.196329
0.310847
-0.450527
0.237608
0.406162
0.216982
-0.437203
-0.247266
-0.134905
0.317077
-0.376631
-0.492489
0.350947
0.206072
-0.0933255
-0.00820773
-0.257825
0.137849
-0.163353
-0.368421
0.413
0.186041
0.190517
-1.09913
-0.220511
-0.451133
-0.430112
0.552567
-0.353729
-0.283292
-0.0201136
-0.367718
0.119527
0.291882
-0.14667
-0.370339
-0.00974696
-0.4744
-0.0521691
-0.276801
-0.14558
-0.367688
-0.124658
0.260631
-0.339948
-0.249755
0.222097
-0.164502
0.292751
-0.315099
-0.429676
-0.275249
-0.46747
0.260245
0.418676
-0.14388
0.365144
-0.42184
0.241089
-0.3819
0.3327
-0.210879
-0.0482559
-0.20726
-0.075151
0.51676
-0.27641
0.109058
-0.318049
-0.0573228
-0.171479
0.393972
-0.195375
0.043616
0.371392
-0.258558
-0.384499
-0.254216
0.0979729
-0.21847
-0.515192
-0.00657198
0.0320482
0.36515
0.28154
0.0971275
-0.48195
-0.454611
0.00837026
-0.330294
-0.146039
-0.297488
-0.184468
0.346496
0.0985426
-0.0537389
-0.382072
0.0605222
-0.25419
0.350445
-0.153902
-0.139156
0.205226
0.569612
-0.237578
-0.0891439
0.310061
-0.391569
-0.245831
-0.101789
0.359359
-0.0437178
0.0418363
-0.17911
-0.201443
0.0284457
0.161182
-0.0732893
0.00191034
0.0498143
-0.425443
0.497156
-0.501389
0.0676799
0.0594967
-0.255996
0.192181
-0.571231
-0.465423
-0.48569
-0.0266599
-0.248048
0.0857401
0.151718
-0.354742
-0.666702
-0.239347
0.582322
-0.210223
0.313144
-0.515249
0.614778
-0.137199
-0.266311
-0.551461
0.0824311
-0.0295661
-0.295255
-0.338599
0.338687
-0.369884
0.385716
0.0910495
-0.0597744
-0.496345
-0.231764
-0.226425
0.249084
-0.195752
-0.344294
0.100011
0.315787
-0.116108
-0.0143894
-0.369045
-0.398824
-0.200084
0.00765311
0.0941875
0.107908
-0.0361641
0.516956
0.111746
-0.0114975
-0.186073
-0.0722846
0.562981
0.148174
0.146896
0.522414
-0.225069
0.180902
-0.346356
-0.34558
0.039317
0.134414
-0.160516
0.35276
-0.230114
0.401512
-0.27407
0.125022
0.217532
0.358211
0.280613
0.110379
-0.178546
-0.233873
0.0984508
-0.16262
0.146349
0.0082932
0.201965
0.245692
0.41849
0.352852
-0.155782
-0.00406667
-0.13389
-0.220588
0.159631
-0.000535513
-0.215242
0.430045
-0.384737
0.377088
-0.00502798
-0.298759
-0.0633551
0.14929
-0.500983
0.0114811
0.236044
-0.38495
0.317905
-0.474917
-0.0441685
-0.340416
-0.291787
0.0174261
0.301212
-0.291268
-0.279312
0.446675
0.148828
0.0646942
0.0312499
-0.279677
-0.155784
-0.524525
0.32178
0.37093
-0.317375
-0.282719
-0.245106
0.0559435
-0.318312
0.0556982
0.147594
0.535921
0.0585162
0.168696
-0.460083
-0.407071
-0.449809
-0.153835
-0.0825426
-0.145164
0.0682182
0.0647025
-0.484177
0.301967
0.128538
-0.0839664
-0.279453
-0.133247
-0.0219928
-0.309825
0.205592
-0.402132
0.0785374
-0.00697219
0.261253
0.392855
-0.143467
0.425906
-0.260969
0.292166
-0.532224
0.353432
0.234357
-0.360209
0.0389499
-0.11523
0.358052
0.153233
0.0447154
-0.468688
-0.145733
0.0302635
-0.366339
0.31445
-0.460182
0.374072
-0.103557
0.0550397
-0.316257
0.16491
-0.329602
0.0161367
-0.531098
-0.424693
0.31629
0.381345
0.0550323
0.220213
0.218752
0.304708
-0.0764161
0.152243
0.0528624
-0.0173667
-0.2023
-0.129254
0.222116
0.149908
0.195408
0.204362
0.397092
-0.114178
0.141393
0.0563265
-0.406868
-0.0896848
0.342266
-0.108383
-0.48287
-0.361599
0.0558215
0.0926618
-0.320683
-0.22818
-0.0337233
0.195232
-0.0526177
-0.363245
0.152407
-0.29924
0.0894223
0.0213968
-0.519406
-0.460059
-0.148934
0.232516
-0.13465
0.0285367
-0.360436
0.423093
-0.278391
-0.208556
-0.440712
0.451257
-0.524239
-0.447579
-0.594764
0.196644
0.111034
-0.320848
-0.454971
-0.183246
0.319033
0.127935
0.201292
-0.0730222
-0.00879524
-0.427667
-0.213924
-0.141437
-0.0159104
0.383374
-0.0971563
-0.177825
-0.383661
0.397396
-0.274858
-0.349877
0.256906
0.248481
-0.0910293
-0.612714
0.0713875
-0.248892
0.301324
-0.46986
-0.731789
-0.144398
-0.292724
0.0814153
-0.274018
0.0930828
0.360732
-0.100236
-0.0920872
-0.237154
-0.168093
-0.36308
0.193523
-0.274401
-0.115486
-0.255662
0.177479
0.337336
-0.137826
0.0705232
-0.109307
-0.112643
-0.452552
0.0950336
-0.12313
0.273589
-0.451306
-0.163797
0.149774
0.101405
-0.365048
-0.00587444
-0.00592466
-0.279964
-0.0750974
-0.390459
0.491846
0.164063
0.0984562
-0.209185
0.308349
0.304285
-0.157933
-0.20485
-0.196994
0.273914
-0.0238765
0.170629
0.158524
0.457437
0.315324
-0.376335
0.385989
0.26739
0.470642
0.170156
0.519201
-0.132344
-0.0326619
0.501373
0.481264
0.404922
0.164133
0.355739
-0.182076
0.121636
0.516779
0.375365
0.395311
0.44644
0.434018
0.433225
0.343278
-0.190883
-0.122581
0.0646548
-0.150888
-0.0871503
-0.325599
0.316974
-0.437622
0.476526
-0.115718
-0.304031
-0.259906
0.0364123
-0.209146
0.121377
0.346574
0.0021145
-0.512875
-0.254197
0.199643
-0.292594
0.311178
0.284244
-0.219824
-0.430362
0.271705
0.0403513
0.0680758
-0.30063
-0.483292
-0.597845
0.293576
0.26867
0.23524
-0.0325147
-0.199431
-0.130844
-0.366618
0.310777
0.424314
-0.0939032
0.135104
-0.44649
0.194128
-0.320366
0.353654
-0.602643
-0.116094
0.473613
-0.228084
-0.424605
0.316749
0.163236
-0.327347
-0.437485
0.359458
-0.210228
0.121361
-0.0882212
-0.1909
0.485301
-0.418136
0.00691073
-0.0967124
-0.43661
-0.137285
-0.00374991
-0.338923
-0.313199
-0.371275
0.534008
0.456134
-0.134061
-0.513339
-0.827027
-0.374038
-0.311187
0.211045
-0.309029
-0.467283
-0.13329
0.0670506
0.323032
0.137848
0.0497578
0.0581771
-0.298377
0.264716
0.268972
0.468546
-0.0737647
-0.136529
0.0451699
-0.50204
0.38843
-0.306276
0.0444358
-0.110635
0.195341
0.124357
0.401932
-0.159582
0.452923
0.546569
0.0107983
-0.0111697
0.222589
-0.177811
-0.137786
-0.5322
0.240883
-0.468161
-0.469329
0.231853
-0.173745
0.192448
-0.102405
0.498184
0.119522
0.314549
-0.489977
-0.174222
-0.118838
-0.0515693
-0.425774
-0.0498088
0.448925
-0.0964047
-0.0956949
0.36237
0.247515
-0.38735
0.263139
-0.294813
0.48197
-0.286444
0.185646
0.208802
-0.259143
0.121312
-0.171091
0.331221
0.496201
-0.0860743
-0.00792133
-0.0349476
0.253634
-0.0278672
0.48176
0.113101
-0.0747902
-0.373217
0.213372
0.184923
-0.262891
-0.364387
-0.227389
-0.26602
0.124143
0.0962683
-0.23828
0.318905
-0.161673
0.143146
-0.214192
-0.199657
0.296986
0.0128649
0.125032
-0.339898
-0.343603
-0.449112
0.101117
-0.196591
0.232228
-0.541235
0.396055
-0.544436
-0.310432
-0.0218108
-0.0495865
-0.121174
0.147718
-0.395907
-0.423121
-0.40844
-0.278233
-0.0640396
0.421823
-0.100007
0.236038
-0.436071
-0.407774
-0.484067
-0.723895
-0.55836
0.0779616
-0.335917
-0.331696
0.217676
-0.0624409
-0.352854
0.377044
0.147905
-0.569311
0.354151
0.351573
-0.249739
-0.213036
-0.276893
-0.312365
0.30105
-0.441523
0.0765374
-0.466563
0.324626
0.345824
-0.207604
0.324691
0.320633
-0.446308
-0.48958
-0.282856
-0.300576
-0.336572
-0.241775
-0.338483
-0.450587
0.071358
-0.353655
0.0382468
-0.315352
-0.299188
-0.354236
0.083149
-0.235431
0.443347
-0.478711
-0.419206
-0.075389
-0.306542
-0.12529
-0.254909
-0.101035
-0.0292647
-0.288327
-0.420165
-0.263481
-0.285171
-0.0512263
0.495966
-0.191872
0.3088
0.474149
-0.341346
-0.242159
-0.132216
-0.121524
-0.341487
0.387196
0.247415
0.173383
0.168765
0.12923
0.145605
-0.292662
0.37725
-0.191555
-0.216468
-0.149885
-0.100146
-0.0278875
-0.322478
-0.152305
-0.0738668
0.394074
-0.15459
-0.0950789
0.0124101
-0.13627
0.0374476
0.110757
-0.348381
0.424236
-0.752428
-0.219923
0.200457
-0.158712
-0.523271
-0.0118429
0.376234
0.271573
-0.482113
-0.19137
0.112743
-0.174753
0.101465
-0.417628
-0.0344802
-0.453007
0.111983
-0.469806
-0.0200672
0.137767
0.138236
-0.0881479
-0.193503
0.405323
-0.251313
-0.497496
0.0819645
-0.27898
0.427331
0.327626
0.387616
-0.458318
-0.260888
0.497966
0.225217
-0.274526
0.341773
0.325941
0.428916
0.406796
0.283701
0.200577
-0.294262
0.348099
0.382073
-0.353295
0.484473
-0.367891
-0.0618945
-0.185317
-0.321107
0.112469
0.413901
0.451236
-0.156385
0.479092
0.464103
-0.36392
0.211648
0.324111
0.176743
-0.437631
-0.0243261
0.490636
-0.262937
-0.264032
0.43824
0.537716
-0.390681
0.520189
0.10721
-0.0651803
0.0350771
0.362255
0.103718
0.507859
-0.123302
0.23387
0.0850745
0.395702
0.12556
0.129419
-0.312419
0.353575
0.30912
-0.449604
-0.371948
0.246962
-0.0136658
0.239216
0.527172
-0.0826089
0.219304
-0.369357
0.188814
-0.159164
0.458143
0.0319608
-0.409108
0.334001
0.120769
-0.301613
0.525158
0.409645
-0.230316
0.0614482
0.254124
0.335196
0.0555763
-0.380612
0.28136
0.0776778
0.132751
-0.202048
-0.0484074
0.128825
0.209294
0.0330519
0.315761
0.326586
-0.246539
-0.0842039
0.565931
0.094689
-0.401653
0.192215
-0.0218546
-0.283517
0.417684
0.212588
0.0333375
-0.194039
-0.391049
0.17822
0.380683
0.540739
-0.0719076
-0.0688611
0.320184
0.0965368
-0.305938
-0.290483
0.164352
0.215359
-0.409492
0.0973835
0.0188424
0.0701448
0.0206107
0.335912
0.250622
0.549324
-0.0819491
0.253364
0.558419
0.202353
0.606449
0.279195
0.572636
-0.314841
0.275199
-0.30179
0.290551
0.116451
-0.0645644
0.313367
0.45431
-0.263431
0.0236352
0.093718
-0.247349
0.381749
-0.367253
-0.282601
0.0454054
0.346205
-0.002382
-0.364199
-0.379145
0.390685
-0.126752
-0.262697
0.234627
0.120163
-0.0486823
-0.100083
-0.26485
-0.159673
0.242291
-0.475109
-0.283555
-0.307976
-0.0717406
-0.459467
0.164022
0.117905
0.106578
0.127403
0.374817
0.24074
-0.395194
-0.452397
0.415948
-0.354463
0.427814
0.304543
0.187015
0.106059
0.515317
-0.311149
0.267704
-0.250275
0.441976
-0.432103
0.372085
0.404283
-0.13449
0.129768
-0.293082
-0.457522
0.110871
-0.538667
-0.333936
-0.62353
-0.473957
-0.430189
-0.190312
0.236643
-0.35898
0.350728
0.400704
0.0279317
0.0275448
0.368976
-0.269435
-0.49072
-0.0462271
0.0284864
0.0249618
0.323903
-0.0522903
-0.52141
0.297493
-0.0956941
-0.526094
0.543245
-0.0691512
0.356768
-0.427834
0.0608437
-0.478432
0.306461
0.232926
0.288961
0.256939
-0.307574
-0.354291
0.0202288
-0.233099
0.00565819
0.0577164
0.25651
0.107869
-0.270494
0.305309
-0.0713896
-0.200664
0.125327
0.155652
-0.371166
-0.0118277
-0.11331
0.145157
-0.314016
0.206999
0.234238
-0.0971842
-0.349524
-0.0810976
0.396799
0.0103207
-0.361924
-0.16968
-0.107074
0.0963986
-0.326949
0.0111277
0.341411
0.0166603
0.0899402
-0.300152
-0.355867
-0.18476
-0.239823
0.195142
-0.437224
0.15059
0.28979
0.258011
0.0851686
0.269846
0.318037
0.307038
0.293805
-0.235249
0.0719713
-0.138129
0.00833368
0.447949
0.378586
0.0967591
0.15
-0.43238
0.0218936
0.116336
-0.889225
-0.176104
0.275643
-0.374903
-0.108497
-0.33423
-0.510353
-0.319525
-0.588192
-0.111596
-0.0555231
-0.232119
0.182688
-0.0288069
0.194896
0.133744
0.379527
0.330818
-0.0593666
-0.0399949
-0.493098
0.178295
0.260397
-0.251752
-0.444737
0.0982989
-0.00556427
-0.447245
0.596153
-0.327773
-0.0777477
-0.210465
-0.254474
-0.389848
-0.372518
-0.608415
0.348798
0.0147587
0.133153
-0.162368
-0.495081
-0.0921189
0.451798
0.0344885
-0.206174
0.34207
0.295321
0.0791029
-0.39157
-0.324323
-0.401044
-0.218257
0.0531357
0.140698
-0.322893
-0.213586
-0.45776
-0.458231
-0.494434
-0.292525
-0.321621
0.0882419
-0.0139732
-0.0117821
-0.0476008
0.138906
-0.362674
-0.306685
-0.0623889
0.137208
0.241128
0.146976
0.238457
-0.244052
-0.0760905
-0.460293
0.215505
-0.0740771
-0.0813473
0.0900865
0.39244
-0.406056
0.312393
0.116582
0.0214916
-0.453587
-0.376011
0.382529
-0.599092
0.200577
0.35273
-0.307639
0.027341
-0.501567
-0.272126
-0.444352
-0.20285
-0.018106
-1.03121
-0.24885
-0.362684
0.0107424
0.273119
0.271729
-0.53014
-0.529688
-0.101913
0.571945
-0.075814
0.200367
0.409171
-0.511417
1.88788
-0.571862
-0.189721
-0.0298462
-0.586211
-0.53822
0.325211
0.568525
-0.0868063
-0.483776
0.121441
0.209318
0.258195
-0.386636
-0.191061
-0.0100993
-0.136819
-0.0820477
0.175948
-0.0553529
-0.77155
-0.221849
0.994891
0.0929428
-0.324008
-0.714367
0.286807
-0.460877
0.0378473
-0.261412
0.0551172
0.473833
0.0237847
-0.123846
-0.276744
0.173728
0.105191
-0.46394
0.0618821
-0.170269
0.355373
-0.137191
0.419758
0.378337
0.42389
-0.13439
0.0060023
-0.31156
-0.290861
0.0572015
0.231983
0.235485
-0.0438804
-0.325876
-0.0755913
0.395303
-0.275583
-0.440794
0.040294
0.192958
0.388751
-0.0991935
0.386947
-0.157431
-0.172706
-0.0305951
-0.269733
0.426325
-0.121612
-0.337762
0.36696
-0.47779
0.00322348
-0.32856
-0.472444
-0.00122499
-0.380973
-0.073066
-0.282355
0.483633
-0.208947
-0.360342
-0.549327
0.176808
-0.15346
-0.185028
-0.366532
0.302718
-0.101606
0.00798621
-0.230581
-0.153046
0.246246
0.0758953
-0.237788
0.0295682
-0.210728
0.103012
0.168689
0.038882
-0.304857
-0.132768
0.196875
-0.547345
0.00273846
0.483521
-0.108018
0.104061
-0.447892
-0.418345
-0.377049
-0.419877
0.272009
0.241519
0.323142
0.350732
-0.214536
0.510517
-0.396086
-0.570629
0.641392
-0.0687678
0.261477
-0.47644
0.297446
0.112113
-0.226396
0.0745534
0.365071
0.0375228
0.0274203
-0.522143
0.0274329
-0.15672
0.0599185
-0.208146
-0.00436018
-0.287277
0.11776
0.193007
-0.312284
0.0599763
0.253072
0.0432163
0.237086
-0.392273
0.0503333
-0.734509
-0.424864
0.435282
-0.156426
-0.228617
0.257961
0.115426
0.0975034
0.117242
-0.524936
0.135325
-0.168309
0.0140599
-0.153591
-0.341432
-0.0794819
0.0992051
-0.348491
0.175082
0.0372682
-0.205575
0.0296213
0.165585
0.320093
0.498284
-0.387223
0.315234
0.143235
-0.129684
-0.272528
-0.408295
0.258719
-0.343051
0.186798
-0.0396876
0.334255
0.354846
0.321268
-0.365229
0.345576
-0.015828
-0.386893
-0.333909
-0.201041
-0.310082
0.117245
-0.448793
0.395049
-0.495204
0.165275
0.311202
-0.0504381
0.330819
-0.25392
0.0738794
-0.0606147
-0.182427
0.250081
-0.488562
-0.181658
-0.496387
0.116661
0.0733736
-0.0837841
-0.0259571
-0.442724
0.151014
0.0553963
-0.510465
-0.243838
0.300412
0.295592
-0.0696049
0.333492
-0.23478
-0.219514
-0.403751
-0.186118
-0.358055
-0.427804
0.119175
-0.557881
-0.424868
-0.446151
-0.105521
-0.0518707
0.304274
0.336294
-0.114078
0.533084
-0.165385
-0.0649097
-0.0910035
-0.297003
0.309645
0.540911
0.0513167
0.130691
-0.437297
0.236506
-0.298949
-0.334371
0.34538
0.520125
0.301159
0.103741
0.238369
0.482431
0.2507
0.227286
-0.175346
0.374312
0.03595
-0.0643484
0.0307909
-0.32509
0.498697
0.242305
0.325678
0.535922
-0.0903917
0.187119
-0.00132083
0.202912
0.498347
0.135413
-0.240139
-0.154257
0.423313
0.166452
-0.102226
-0.206725
0.0960455
0.763375
-0.408294
0.369958
-0.157943
-0.214569
-0.0636986
0.25879
0.205359
0.118034
0.304159
0.0975257
-0.422595
0.0351343
0.0904505
-1.10492
-0.41753
0.3625
-0.0668171
-0.144093
0.238443
0.218379
-0.296537
0.102943
0.350314
0.0754
-0.25965
0.330444
-0.403593
0.258447
0.385904
-0.484283
0.304281
0.154891
-0.335168
-0.0879964
-0.0131506
-0.611204
-0.246882
0.246196
0.361002
0.0712825
0.350214
-0.436629
-0.171482
0.207052
-0.125594
0.464313
-0.461926
0.652754
-2.58122
-0.00902797
-0.132234
-0.668395
-0.152279
-0.595129
0.444557
-0.753339
-0.0104902
-0.362232
0.0892511
-0.358361
0.192584
-0.0999105
2.11709
-0.0341658
0.689173
0.354662
-0.0911308
-0.580769
0.0132281
0.0754269
-0.345316
-0.764812
-0.300627
0.027179
0.0748409
-0.657201
0.384812
0.00605402
0.230788
0.069972
-0.0275253
-0.608911
-0.626309
-1.27751
2.72874
-0.203905
-0.502805
-0.426468
-0.180187
-0.167553
0.694493
0.0567672
-0.449955
0.70596
0.971704
0.165275
-0.206093
0.357294
0.154755
-0.0364026
0.482268
0.405782
0.165776
-0.227007
0.414494
-0.384183
-0.0141127
0.0482658
-0.0795854
-0.372123
-0.220119
-0.566582
-0.17659
0.101113
0.362211
0.46962
-0.287412
0.399233
0.0523744
-0.120977
0.506951
-0.298496
0.115556
-0.0108657
0.403523
-0.410351
0.373939
-0.370293
0.623624
0.399702
0.320638
0.160446
0.582609
-0.478681
0.447289
0.460371
0.188878
-0.181243
0.113893
0.128735
0.0674037
0.635652
-0.330333
-0.0327293
-0.0302018
-0.354311
-0.0677313
-0.1361
-0.141269
-0.0625343
-0.479636
0.169827
0.0520743
-0.0543023
-0.323874
-0.180888
0.365453
0.276626
-0.341293
-0.343963
-0.458398
-0.540625
0.312389
0.304739
-0.4889
0.260032
0.0888046
-0.505881
-0.406666
0.342031
-0.0830363
-0.187154
-0.149027
0.437497
0.109519
-0.283439
0.0216708
-0.0163121
-0.12347
0.195487
0.381408
0.1187
0.305449
-0.0607512
-0.296713
-0.243665
-0.161874
0.271488
0.180972
0.321448
-0.172862
-0.0431973
0.134278
-0.220574
0.479701
-0.690549
-0.436911
0.10539
0.384979
-0.193862
-0.244797
-0.450834
0.305435
-0.32548
-0.0903279
-0.374512
0.0838159
-0.13623
0.190102
0.851845
-0.394661
0.550927
0.504458
0.0512787
-0.149184
0.0067043
-0.0836739
0.273985
-0.174711
0.214894
-0.0470949
0.257599
-0.261535
-0.172141
-0.432371
0.381033
0.327741
-0.107558
0.376233
0.233953
0.0312431
0.565923
0.291272
-0.0369337
0.106025
-0.362818
0.0373643
-0.326696
-0.492866
0.0306933
0.135625
0.639127
0.271685
0.080032
-0.142491
0.0550952
0.106183
0.0401073
-0.321001
0.455617
0.459006
0.318416
-0.207804
-0.0172612
0.222189
0.0367283
-0.277864
0.0411797
0.0502972
0.315913
0.12149
-0.348487
0.00716253
-0.33745
-0.303426
0.05433
-0.319735
0.314194
-0.421408
-0.193006
0.0774054
-0.397918
0.424722
-0.417318
0.086604
-0.246714
-0.287776
-0.406151
-0.424593
-0.163925
-0.575968
-0.412333
0.0701778
-0.490841
0.0866827
0.345666
0.0264551
0.166852
-0.275549
-0.0638007
-0.0795784
0.112794
0.303467
-0.779246
-0.13895
0.0471544
-0.571347
0.494764
-0.334487
0.230062
-0.804238
-0.505962
-0.00363831
-0.693725
-0.703394
0.261341
-0.225539
-0.22559
0.24332
0.518936
0.00914623
-0.451618
-0.098062
0.0327495
-0.0756469
-0.0427391
-0.872021
0.423131
-0.20257
-0.425886
-0.927639
-0.0870871
-0.240827
0.353659
0.159847
-0.202574
-0.0285251
-0.442853
-0.948828
0.820843
0.224755
-0.524055
-0.1196
-0.456876
-0.198623
0.0426717
-0.107212
0.112746
0.233129
0.569972
0.289537
0.124107
0.277293
-0.386159
-0.542709
0.428873
-0.344591
0.148936
-0.262778
0.290582
0.148138
-0.0194673
-0.332663
-0.0156091
-0.0219272
0.42642
0.457629
-0.473469
0.0113988
-0.346689
-0.110589
-0.034696
-0.20899
-0.000218489
0.130337
-0.241306
-0.205738
-0.404373
0.3101
0.248843
-0.252708
-0.446253
-0.216335
-0.186681
0.333538
0.409885
0.463455
0.321907
0.464247
0.428254
0.102414
0.0357596
-0.335507
0.0924173
0.126867
0.161941
0.0464596
0.163571
0.551183
0.0123807
-0.0151826
0.248069
-0.189844
0.029667
-0.303939
-0.0539009
-0.0976446
0.33529
-0.210384
0.562681
0.321232
0.183065
-0.012742
0.265331
0.167895
0.182923
0.413982
0.26985
0.448177
0.555436
0.191394
0.104703
0.364839
0.181276
0.595547
0.542754
-0.308565
-0.234423
0.486749
0.284719
-0.0484834
0.146763
0.332043
-0.383613
-0.375743
0.536677
0.167394
-0.0147228
-0.276473
0.295602
0.141187
0.0820833
0.315603
-0.567653
0.202129
-0.310219
0.385963
0.207807
0.426697
0.239661
0.459457
0.36484
-0.353389
0.539878
-0.205809
0.369938
-0.184292
-0.28893
0.435888
-0.0536096
0.383734
-0.158141
0.511723
0.342259
0.00582974
-0.216657
-0.236438
0.420874
-0.441875
-0.517819
0.442846
0.183145
0.251671
0.300186
0.0137625
0.502943
0.0700919
0.461455
0.120158
-0.153931
-0.114234
-0.262792
0.0809556
-0.25771
0.461644
0.515142
-0.0523204
0.380945
0.575223
-0.39532
-0.372982
-0.29271
0.504954
0.059567
0.411931
0.341014
0.373934
-0.121203
0.0813866
-0.540133
-0.380727
-0.472995
-0.437291
-0.41556
0.241679
-0.364492
-0.173121
-0.455275
0.329513
0.0448117
-0.158043
0.0210793
-0.259183
-0.302477
-0.109912
-0.0216302
0.112211
-0.60157
0.243117
-0.18882
-0.46999
0.214534
-0.400106
-0.549399
0.416811
-0.00188879
0.372943
0.0107469
0.382748
0.258503
0.12475
0.116837
-0.362837
-0.184158
-0.0627826
-0.284805
0.264256
-0.201071
0.088583
-0.177302
-0.0666723
-0.316596
-0.0947095
-0.335758
-0.316774
-0.402031
0.360292
-0.0739866
-0.0333241
-0.179989
-0.0872882
-0.451772
-0.447952
-0.25757
-0.174857
0.0225284
-0.043697
-0.589753
0.225558
0.415973
0.212757
0.444475
-0.441343
0.0006144
-0.224768
-0.530765
-0.303834
-0.280846
-0.447162
-0.0598566
-0.465684
-0.401716
-0.383129
0.147479
-0.102205
-0.419377
-0.0886271
-0.184403
-0.437806
0.397062
-0.0379971
-0.215341
0.36309
-0.376831
0.126282
0.0623078
0.122329
-0.423009
-0.503468
-0.0727113
-0.165152
-0.129305
-0.25992
-0.490048
0.273467
-0.0284141
-0.0429714
0.678845
-0.386007
0.145589
-0.147133
0.239259
-0.212706
-0.364492
0.254339
-0.0222651
0.306098
-0.278553
-0.220901
-0.31493
-0.472976
-0.317398
0.448319
-0.0719616
-0.384499
-0.101572
0.429262
-0.603593
0.00557473
0.375638
-0.281947
0.279729
-0.183325
0.0208985
0.332092
-0.0620274
-0.0400848
-0.0763327
0.398453
0.124222
0.153192
-0.28364
-0.236591
-0.343682
-0.123081
0.170377
-0.199652
-0.0506862
-0.368804
-0.0111184
0.418605
0.198343
0.202324
-0.121208
-0.465326
0.166653
-0.311253
0.205569
0.129172
-0.467857
0.323236
0.0741141
-0.0698237
0.309876
-0.252962
-0.162676
-0.501776
0.0494823
0.0597702
0.0276347
0.340363
-0.0269315
0.333878
-0.212855
0.443062
-0.371783
0.166051
0.515987
0.249062
0.155496
0.443501
-0.029623
-0.335604
0.453372
-0.223406
0.0416801
0.333509
0.105033
0.00648043
-0.232531
0.20411
-0.162672
-0.0261072
-0.0136056
0.330501
0.301617
0.425966
-0.485534
0.524811
0.131852
0.394737
0.512754
-0.181082
0.085607
0.0114155
-0.307343
-0.0154721
0.000409458
-0.309061
-0.0150348
-0.445917
-0.239349
0.0428462
0.211098
0.0793653
0.0707652
0.325236
-0.292354
0.293649
0.180633
0.356942
0.521315
0.210564
-0.340635
-0.553093
-0.290475
0.164079
-0.550721
-0.327612
0.199036
0.32856
-0.399713
-0.428992
0.148194
-0.430023
0.235355
-0.479282
0.376979
-0.132362
-0.502017
0.0206104
0.127296
-0.0758011
0.209011
0.149107
0.24867
-0.243672
-0.254433
0.204023
-0.466086
-0.272468
-0.0437854
-0.422009
-0.253507
-0.375891
-0.107573
-0.00333904
-0.204854
0.315976
-0.0371091
-0.114951
0.203334
-0.168502
-0.407773
-0.571974
0.294316
-0.185426
-0.454708
-0.201203
-0.0788062
0.473964
0.121435
0.269926
-0.692405
-0.214313
0.10802
-0.467207
0.0615597
-0.0266317
-0.439424
-0.239249
-0.147586
0.458539
0.151296
-0.0732553
-0.157027
-0.418029
-0.108269
0.288749
-0.588223
0.648822
-0.00342531
-0.373627
-0.321369
-0.15399
-0.209003
0.168479
-0.214459
0.140061
0.175251
0.218329
-0.419608
0.26278
-0.754235
-0.723058
0.0810275
-0.0390484
-0.136416
-0.317883
-0.313329
0.0858407
-0.128916
-0.28538
-0.25383
-0.0464246
0.607631
-0.346586
0.449213
-0.313774
0.126133
0.605496
-0.604143
-0.303499
0.332443
-0.328913
-0.643536
-0.515237
-0.642912
-0.114557
0.325643
-0.38908
0.581592
-0.214317
0.448392
0.276463
-0.19524
-0.413665
-0.22266
-0.426812
0.813259
-0.378508
-0.0783305
-0.601471
0.258817
-0.313626
0.584239
-0.336114
-0.279672
0.338875
0.103062
-0.218681
0.182837
-0.0174352
-0.355675
-0.133085
0.243573
-0.277418
0.078245
-0.0328859
-0.434196
-0.0580187
0.605526
0.419329
-0.466717
-0.146085
-0.0581631
0.230017
0.246059
0.438715
-0.158393
0.10057
-0.205317
0.355727
-0.275064
-0.341825
0.355044
-0.39929
-0.336709
-0.15898
-0.409643
0.0700832
0.258639
-0.377475
0.0641174
0.470202
0.0855636
0.492359
0.0401438
-0.137252
-0.133286
-0.346559
-0.394416
-0.402591
-0.120051
0.209582
0.301207
-0.00589946
0.365003
0.0724006
-0.404939
0.26893
-0.281804
-0.470593
-0.308275
0.115862
-0.20157
0.119528
-0.349273
0.202372
0.0258396
0.231989
-0.285424
-0.222593
-0.221544
0.297967
0.627604
-0.461331
0.293216
-0.445997
-0.33034
-0.332575
0.0666504
0.263024
-0.378983
0.112617
0.262196
0.235931
-0.403892
-0.588266
-0.216031
-0.651265
-0.392847
-0.365231
-0.373387
-0.104838
-0.479607
-0.173536
0.116152
-0.399853
-0.279803
0.0424765
0.344458
0.105097
0.37876
-0.507124
-0.23116
-0.0258569
0.161455
0.218292
0.235007
-0.197509
-0.19977
0.165714
0.343538
0.110537
0.0959483
-0.218006
0.290621
-0.0426653
-0.0901035
-0.193467
-0.164157
-0.314563
-0.0578742
-0.220733
-0.00330196
-0.08011
0.227331
-0.0562423
-0.596464
-0.0963423
0.313734
-0.0237001
-0.17817
-0.162617
0.293135
0.238698
0.125221
1.60992
0.346235
0.000784776
0.173528
0.177569
-1.51665
-0.079902
0.0939426
-0.208927
0.0953954
-0.177133
0.122324
0.143839
-0.0919008
-0.11195
-0.766777
-0.0812125
-0.271708
