#input normalization
0.16111 0.272711
66.982 66.1291
9.60545 38.0667
7.92603 31.7834
0.0111326 0.0441383
0.00880646 0.0338865
0.542988 1.36901
0.823511 1.27769
1.05267 1.47112
1.29982 1.67897
1.57855 1.87949
1.86027 2.06281
2.12999 2.22636
2.39629 2.3791
2.64341 2.50023
2.87854 2.5868
3.10222 2.64749
3.30893 2.68228
3.48879 2.68793
3.62724 2.6498
3.75209 2.59835
3.85097 2.5101
3.92847 2.41397
3.96982 2.29961
3.99558 2.16779
3.98964 2.01953
3.9519 1.86013
3.89572 1.68228
3.7862 1.48252
3.65921 1.28429
3.54363 1.09712
3.41767 0.920599
3.26231 0.743118
3.10185 0.573586
2.93657 0.413281
2.78635 0.266603
2.61856 0.126943
2.47692 -0.00378979
38.1053 49.985
1 -1
#output normalization
1 0
#neurons weights
0.324125
-0.234784
-0.0652086
-0.0826711
0.417151
-0.0753082
-0.29991
-0.107288
-0.26199
0.372844
0.156678
0.310507
-0.06417
0.431609
-0.119645
0.390116
0.0742065
0.0267532
0.342776
0.417882
-0.495114
-0.417811
-0.336647
-0.348987
-0.208451
-0.0263884
0.401675
0.44605
0.107893
0.235195
0.257129
0.469372
0.118458
0.420515
0.247195
0.135431
-0.315546
0.180759
0.0808909
-0.494549
0.0720327
0.135541
-0.0898051
-0.843495
0.533048
0.387434
-0.358488
0.165478
0.146153
0.0590777
1.95004
-0.0509788
0.141293
-0.283118
-0.687625
0.271005
0.549116
-0.331935
0.377794
0.465602
-0.536176
-0.371137
0.373923
0.0306526
-0.0946042
-0.295086
0.466759
-0.0973084
-0.274299
0.345922
-0.333791
0.549002
1.25537
0.485965
-0.334626
0.229501
-0.200471
-0.387924
-0.12769
-0.271093
-0.408324
-0.264146
0.274002
-0.0167478
-0.0199698
0.332339
-0.109679
-0.0854425
0.351507
0.0317626
0.434939
-0.106213
-0.468932
0.438342
0.00915728
0.240505
0.339279
0.315209
-0.346777
-0.313225
0.407867
-0.228846
-0.558367
-0.461224
-0.353717
0.300365
0.0880432
-0.10325
-0.386255
-0.0416433
-0.269326
-0.281877
0.331618
0.360378
-0.024124
-0.227611
-0.135616
-0.48196
0.0473071
0.0148585
-0.476175
-0.0228793
#synapses weights
-0.46531
-0.322798
-0.124166
-0.251814
-0.161285
-0.0285694
0.182078
-0.580959
0.125208
-0.353762
-0.0354691
-0.314079
0.27867
0.163552
0.298355
-0.0681101
0.15834
0.224174
-0.0581596
-0.220802
0.183969
-0.124536
-0.235428
-0.216277
-0.127829
0.0207582
0.452644
-0.163046
-0.257992
0.130512
0.391044
0.247472
0.373227
0.487504
0.261819
-0.300147
-0.380351
0.189884
1.04057
-0.242143
-0.564413
-0.216695
-0.342603
0.285652
0.0678943
-0.125465
1.15835
0.315384
-0.040758
-0.33547
-0.113739
0.279279
-0.115443
0.142004
0.248272
-0.036148
-0.00719319
0.335521
0.166355
0.295189
0.389428
-0.400256
-0.319808
-0.151943
0.0935537
0.0976082
-0.101146
-0.181955
0.226201
-0.0363378
-0.164653
0.077184
-0.177109
-0.0217866
0.171528
0.287504
0.342943
-0.523255
-0.0221405
-0.327436
0.268351
0.0525903
0.472312
0.0415957
0.202961
0.352761
1.03955
0.849131
0.281962
-0.296531
0.108368
-0.19112
0.12154
-0.213233
0.0386389
-0.0966687
0.0259206
0.185882
0.424698
0.237082
-0.343362
-0.359606
-0.018533
0.122654
-0.270159
-0.132285
-0.135565
-0.378897
0.0894389
0.12077
0.0249254
-0.402662
0.237133
0.47772
-0.197972
0.267727
0.369823
0.142607
0.228678
0.339636
0.747941
-0.111896
-0.0495603
-0.116938
-0.00537846
0.28631
-0.768986
-0.838728
-0.250287
0.0489108
0.259997
-0.255527
0.0393859
-0.0106407
0.01883
0.239535
-0.0441628
-0.201264
0.335492
-0.0177077
-0.0356358
-0.417339
-0.0794065
0.303976
-0.501058
0.228564
-0.154456
-0.422105
0.245771
0.156519
0.133737
-0.102283
0.324206
0.318057
0.0299065
0.0553776
-0.116099
-0.444993
-1.59514
-0.392127
-0.339428
0.0280562
0.344411
-0.289152
0.210206
0.348172
-0.134649
0.566086
0.10212
-0.0809403
-0.355127
0.0969009
0.509964
0.431097
-0.427714
0.0367128
-0.290342
0.405515
-0.265049
0.268924
0.147258
0.333909
-0.349348
0.0922765
0.0411392
-0.296535
-0.224972
-0.0418777
-0.249199
-0.10007
-0.150533
0.419564
-0.492121
0.270989
-0.206266
0.171334
0.019151
-0.507492
0.368134
-0.274117
0.378658
-0.370252
0.0355601
0.0602439
0.0250774
-0.1266
0.887336
-0.110145
-0.340483
0.154436
0.262264
0.229397
-0.231659
0.0906518
-0.310171
-0.448958
0.107741
0.208478
-0.0127723
0.0845179
-0.226636
-0.0747222
-0.42468
0.504207
0.0902846
-0.190508
0.554513
-0.0645809
0.19974
-0.0857072
0.440905
-0.225431
-0.319851
0.309092
0.181747
-0.200538
-0.321188
-0.0884837
0.303193
0.128065
-0.345131
-0.162632
-0.276616
-0.168302
-0.302704
0.0215809
0.699567
-0.243803
-0.567535
0.108812
-0.31413
0.221537
-0.191779
0.284817
-0.496294
-0.146235
-0.0959309
0.376079
0.400186
-0.290288
-0.367587
-0.119252
0.193243
-0.108645
0.184517
-0.388832
-0.185196
0.255929
0.212438
0.609192
-0.0299705
0.180079
-0.240333
0.310794
0.214252
0.169173
-0.0547398
-0.320068
0.590488
0.19077
-0.520123
0.431005
-0.47397
0.0641574
0.166756
-0.214911
-0.770488
-0.0683972
-0.12842
0.247652
0.137858
-0.0579515
-0.459637
-0.187367
-0.172667
0.0524699
-0.119555
-0.433868
0.48012
0.385046
0.322433
-0.170659
0.0978334
0.158549
-0.235818
-0.384025
-0.324191
-0.304461
0.532019
-0.173517
-0.159242
-0.182354
0.04877
-0.22549
0.378581
-0.587479
0.018086
0.331238
0.342305
-0.07443
0.231443
-0.0708181
0.0472512
0.0234387
-0.0595452
-0.472091
-0.16363
-0.361576
0.71537
0.0858524
0.269771
-0.257778
0.34171
-0.213962
-0.0508103
0.0457272
-0.314801
0.146813
0.128628
-0.212553
-0.241219
0.15079
-0.0791675
-0.0584952
0.427807
-0.259535
0.0824006
0.0199962
-0.425929
0.337487
0.276215
-0.239047
0.105913
0.305256
-0.225396
0.144297
-0.380644
0.0498709
0.0758038
-0.19507
-0.0208186
-0.104962
-0.0284134
0.166073
-0.247293
-0.145755
-0.262297
-0.194263
0.163797
0.00131652
-0.339948
0.578053
-0.224973
-0.426073
0.288972
0.0990013
0.0286412
0.424599
0.170068
-0.174657
0.425468
0.000860563
-0.446278
0.00280519
-0.0954985
0.396759
0.167336
-0.35224
0.471698
0.231359
0.46561
-0.226695
0.36533
-0.0598695
-0.213944
0.512513
-0.270511
0.278824
-0.343217
-0.112975
-3.33957
-0.265114
-0.0327321
-0.0121324
-0.192041
0.240816
3.99809
0.0648348
0.0694511
0.0218528
-0.197469
0.0434956
0.0365766
-0.0366469
0.180948
0.0880474
0.0197666
0.0162242
-0.0680299
0.0209104
-0.161549
0.183087
0.00696355
0.0949603
-0.0249799
-0.0187496
-0.0672481
0.176622
0.00862353
0.0169511
-0.288383
0.0449196
0.00951777
-0.0234596
0.218398
-0.290422
-0.00739558
0.0612292
5.68711
0.499308
0.417246
0.291374
0.200733
-0.466142
0.308248
0.345436
-0.385955
-0.298991
0.0220221
0.16837
-0.320511
0.123165
0.318867
0.128334
-0.272678
-0.212391
-0.483693
-0.287922
-0.324301
-0.0516248
0.265555
-0.0369614
0.185332
0.111339
-0.171235
-0.0869569
0.383318
-0.0474015
0.133338
-0.223753
-0.10603
0.365047
-0.0810583
0.0939512
-0.333103
0.329067
0.364931
-0.270242
-0.864132
-0.390815
0.725122
-0.256351
0.144177
-0.0584745
0.346567
-0.191705
0.238506
0.396869
0.201636
-0.250768
-0.115648
0.028647
0.0555344
-0.106071
0.0628726
0.000754961
0.361167
0.196857
0.184664
-0.199599
0.124824
-0.457213
-0.0901409
0.0926365
0.2527
-0.070557
0.16246
-0.337304
0.0877491
0.385308
0.417558
0.309726
0.315994
0.132857
-0.152816
-0.491787
0.506143
0.223519
-0.759896
-0.137072
0.0523813
-0.0571226
0.320131
0.076211
0.39944
-0.238955
0.401524
0.923959
0.346652
0.213304
-0.0539011
0.0208287
0.422436
0.0453551
-0.0297461
0.182663
0.503533
-0.213854
0.024803
-0.0778382
-0.0936191
-0.187457
0.444866
0.143196
0.294584
0.142647
-0.374091
-0.395919
0.24067
-0.0666801
-0.412916
-0.250139
-0.431597
0.492293
0.33645
-0.340583
0.253839
-0.0477998
0.66528
0.308363
0.9188
0.155921
-0.000745833
0.00742429
-0.206403
0.154981
-0.637296
-0.227613
-0.0313544
-0.00141951
0.240432
-0.108786
-0.0869797
-0.111919
-0.279485
0.0953197
-0.0213558
0.497341
-0.0692738
0.369882
0.237658
-0.00358773
-0.00499491
-0.0275713
0.013288
-0.529757
-0.0127352
0.0206294
-0.481335
0.271889
-0.143014
0.0690224
-0.066277
-0.0532718
0.0913555
-0.0344103
0.24355
0.165849
-0.885868
-0.101194
-0.219473
-0.200833
0.216038
0.126145
-0.374605
0.00724982
0.666939
0.408827
0.195823
-0.284637
0.244307
0.115376
-0.11921
-0.0226264
-0.140508
-0.0761727
0.202761
0.0968364
0.160372
0.422992
0.209519
0.0876864
0.185182
0.445256
0.476704
0.112544
-0.378775
-0.193522
0.465465
-0.124338
-0.197129
-0.279569
-0.190076
0.229712
0.135227
0.527932
-0.427723
0.0818918
-0.638496
0.303216
0.121015
-0.460577
0.095868
0.0407409
-0.444808
0.383753
0.911853
0.657474
-0.326774
-0.283375
0.308544
-0.0693958
-0.241953
-0.0885938
-0.480851
0.392645
-0.482223
0.341894
0.0244696
0.0578725
-0.0157528
0.0326335
0.409235
0.421094
-0.382033
-0.269735
0.412116
-0.0707712
0.403415
-0.178865
0.165425
-0.381669
0.543058
-0.219266
0.0549148
-0.140348
-0.146607
-0.409319
0.964481
-0.147561
0.330296
0.0751383
-0.39251
-0.252412
-0.512965
-0.490284
1.039
0.603492
0.344077
-0.00030696
0.265592
0.057296
0.319485
0.216862
0.222985
-0.174559
0.200879
-0.471453
-0.25905
0.277148
0.228165
-0.306838
0.367385
-0.354387
-0.227657
-0.131474
0.384655
-0.187415
-0.0779094
0.31674
-0.0199672
0.103588
0.0100735
-0.291102
0.209736
-0.299228
0.318205
0.118843
-0.365787
0.167741
-0.269078
0.453348
-0.30578
-0.350486
-0.0679722
0.093179
-0.180476
-0.282968
-0.15479
0.242173
0.060051
0.0492271
0.619502
-0.141058
-0.379693
-0.0886995
0.222121
0.170956
0.0844474
-0.130598
-0.0582106
0.197413
-0.248042
-0.153398
-0.535718
-0.195153
0.0712413
-0.232533
-0.426281
-0.223521
0.26435
-0.216432
-0.325635
-0.428066
-0.431529
0.213921
-0.203864
0.183035
0.302653
-0.0057488
0.162701
0.307857
0.208663
-0.218439
0.339462
-0.00415307
1.01223
0.297628
0.253599
0.332443
0.360807
-0.296114
0.372905
-0.357141
-0.305372
0.208099
-0.187318
-0.221897
0.217472
0.118816
0.087691
-0.128403
-0.292182
0.294257
-0.246053
0.340121
-0.217788
-0.251269
-0.391349
0.579022
-0.401315
0.199037
-0.108925
-0.201066
0.332614
-0.364726
0.128432
-0.0402944
0.540439
0.465362
-0.176839
-0.326468
0.170849
-0.362395
0.0229808
0.051682
0.192839
-0.231171
-0.0784027
-0.209438
0.285959
0.147993
0.434667
0.462122
-0.303297
0.250188
0.343643
-0.453609
0.0630497
0.457674
0.410189
-0.262057
0.0568628
-0.268749
0.321185
0.169952
0.332901
0.0802427
0.381844
-0.143603
0.0134644
0.470338
0.449487
-0.24153
-0.201702
0.290153
0.400666
0.163871
-0.0963535
0.233937
0.505182
-0.0401311
-0.1572
0.14794
-0.115371
0.0657189
0.122216
-0.623002
-0.659448
-0.531669
-0.337009
0.0161576
-0.157673
-0.0288709
0.0764793
-0.417796
0.321313
-0.284153
0.00143426
0.0314763
0.360628
-0.0909969
-0.115283
-0.026497
-0.00467603
-0.36857
0.298514
-0.409399
0.388821
0.000262891
0.334957
0.0441068
0.556285
0.120082
-0.389516
-0.18723
0.251318
0.264781
0.369032
-0.00445607
-0.286019
-0.312851
-0.102224
0.295163
-0.292502
0.371757
0.0615009
-0.210051
0.487833
-0.36843
-0.0363063
0.294125
0.153017
0.168918
0.0557787
-0.302656
-0.0656521
-0.490892
0.125054
0.246189
-0.0102006
0.155334
0.0213049
0.14769
-0.176971
-0.373533
0.25544
0.480843
0.202892
-0.219569
-0.393959
-0.230224
0.228949
-0.424582
0.264832
-0.52587
-0.0153978
-0.00840936
0.590209
0.278176
0.708067
0.136956
-0.0605775
-0.127702
-0.000628201
0.275596
0.216656
-0.286139
0.18131
0.101747
0.244953
0.478903
0.127531
0.261331
-0.32964
-0.286982
-0.289615
0.405524
0.0630572
-0.111911
-0.00310832
0.393467
0.0800674
0.0461464
-0.558309
-0.555056
0.290095
0.0751736
0.0862925
-0.0850041
-0.0491259
-0.204359
-0.404043
-0.510911
-0.012702
0.00191034
0.122609
-0.134084
0.00508265
0.0446329
0.283275
0.0232644
-0.431092
0.483811
0.145308
-0.0417189
0.260822
0.668214
0.217842
0.516457
0.0519633
0.386812
0.206392
0.239424
0.321709
-0.309163
-0.292674
-0.144714
0.0892711
0.0677679
-0.0239545
0.159062
0.22074
-0.424103
-0.0159434
-0.259844
0.259095
0.0480383
0.386361
0.292763
0.178882
0.271283
-0.0741124
0.229935
-0.28962
-0.34648
-0.172586
-0.267518
-0.0291687
0.13871
0.380506
-0.435125
0.2414
-0.106896
0.216779
-0.0167977
0.733999
-0.105475
0.421662
0.357859
-0.28074
0.375134
-0.26898
0.163193
-0.0621021
-0.435718
0.0579692
-0.176863
-0.3513
0.294634
-0.436296
-0.396946
0.0893015
-0.0785098
0.150061
-0.210091
0.124138
-0.0972436
-0.00364162
0.344119
0.270859
-0.269386
-0.199037
0.097311
0.27437
-0.516596
-0.0894182
0.409428
-0.273296
-0.428236
-0.0528203
0.115729
0.131352
0.165603
0.216998
0.189093
-1.50001
0.345212
-0.106875
0.384584
0.101456
0.32638
-0.152445
0.357391
-0.340259
0.361275
-0.227587
0.56661
0.272617
-0.0245194
-0.417747
-0.0521439
0.213691
0.116178
0.352028
0.138696
0.263238
-0.42497
-0.0507455
0.357356
0.0614102
-0.0716346
-0.13782
0.368221
-0.123285
-0.142061
-0.493438
-0.18916
-0.192673
0.0967761
0.236002
-0.490901
-0.47198
0.0228809
-0.101709
0.420333
-0.585116
0.0225336
-0.388872
-0.301464
-0.368858
0.262912
-0.332059
0.324762
0.181894
-0.467587
-0.434756
-0.159977
-0.203746
0.0260264
0.105555
0.331698
0.0750723
-0.090257
-0.51226
-0.0495804
0.264447
0.200767
-0.171517
-0.0125613
-0.0961717
-0.227798
-0.244809
0.436989
-0.00205493
-0.21332
-0.22275
0.375199
-0.776322
0.480633
0.442941
-0.020449
-0.172945
0.0259408
0.217898
-0.0435467
-1.31884
0.0977776
0.122706
-0.141075
-0.117107
0.227799
0.0137277
0.0212516
0.107017
-0.422515
0.484055
-0.0414737
0.554911
-0.334564
0.321992
0.280865
0.351497
-0.386888
0.306131
0.119613
0.226382
0.338501
0.2382
-0.410476
0.00104661
-0.224794
-0.231271
-0.339726
-0.165143
0.200157
0.284772
-0.280216
-1.07216
-0.147455
-0.780967
0.0341154
0.0353188
-0.33164
0.163795
0.234679
-0.910551
0.157451
0.16812
-0.00470861
-0.0873902
0.322847
-0.174671
-0.120245
0.11298
-0.404984
0.0713368
0.0598657
0.368372
0.010629
-0.0320194
-0.587319
0.265472
-0.100283
0.154494
-0.0687028
-0.424525
0.371956
-0.268442
0.408395
0.152517
-0.412216
-0.110882
0.350066
0.00971271
0.352748
0.329017
0.19445
0.813257
-0.470435
0.465704
-0.308635
-0.242742
0.240637
-0.481292
-0.114886
1.04004
-0.0131455
0.141634
0.155031
0.287292
0.00110273
-0.00434697
0.249151
-0.376511
-0.244578
-0.112056
0.199323
0.38303
-0.1491
-0.0873499
0.309307
-0.414616
-0.0231648
-0.0715142
-0.240675
0.379256
0.247557
-0.150457
0.0640138
0.371704
-0.448408
-0.433087
-0.151199
-0.226548
0.305954
0.376121
-0.23146
-0.404096
-0.119263
-0.606751
0.069999
0.162304
0.197602
-0.412007
0.148435
-1.13222
0.330173
0.173486
-0.0434765
-0.16771
0.0368766
0.199444
0.405905
0.156137
-0.369419
0.458241
-0.173486
0.260228
-0.255063
-0.127866
-0.202026
-0.15702
0.013591
-0.310012
-0.18243
-0.239377
-0.263789
0.337795
0.136964
-0.209743
-0.0987257
-0.382409
-0.0197161
0.304096
0.0601516
0.143968
0.340571
0.90399
0.185343
-0.206681
0.527242
0.132832
-0.0241746
-0.0306501
-0.0742669
1.54383
6.00664
-0.0516197
-0.376087
-0.356992
-0.29528
-0.166044
0.00932127
0.0205043
-0.0312481
-0.0153753
0.208215
-0.00890701
-0.0637341
-0.00349003
0.0498503
-0.141004
0.0744854
0.0641278
-0.288218
-0.100919
0.161997
0.0206311
-0.251366
0.0374509
-0.0709775
0.0450933
0.0440538
-0.0469753
0.158529
0.113459
-0.0669259
0.399931
0.0510171
-0.117833
0.0611559
-0.129573
0.135976
-0.000607277
0.129315
0.454447
0.0605165
-0.450124
0.0761954
-0.0732705
-0.00599525
-0.407033
-0.133828
-0.0849663
-0.103696
-0.366936
-0.0748367
-0.276553
0.371308
-0.179881
-0.235723
-0.0918547
0.44857
0.278493
-0.202207
-0.158177
0.380078
-0.443396
-0.351994
-0.156545
-0.00535956
-0.272576
-0.133374
-0.153457
-0.304755
-0.0528848
-0.34212
0.387828
0.325887
-0.924902
0.104399
-0.124044
-0.151478
-0.00227837
0.291055
1.90927
-0.242263
0.0352454
-0.24437
-0.0508433
0.278091
-0.00959738
-0.0428445
0.275632
0.154403
0.100009
0.0253702
0.0768952
-0.142959
-0.192008
-0.0952905
-0.40711
0.37484
-0.0978223
0.0496413
0.21956
0.0631562
0.284212
-0.423697
0.0806925
-0.487662
0.391843
-0.360198
0.348801
0.523304
-0.00756979
0.361663
1.27697
0.0159567
0.414039
0.110584
-0.106342
-0.0536558
0.322557
-0.207259
0.718661
0.41822
-0.0645466
0.293875
0.0078412
0.188298
0.129014
-0.356937
0.470688
-0.0452116
-0.210837
-0.515024
0.381993
-0.0403225
-0.276934
0.362123
0.454332
0.345466
-0.208893
-0.324549
0.149579
0.513532
-0.32827
0.380372
0.159737
0.462086
-0.282045
-0.037681
-0.27357
-0.152035
0.442458
-0.141305
0.559216
-0.446784
0.264168
0.188771
-0.403246
-0.0186464
-0.247419
0.471956
-0.528067
0.496244
-0.27499
0.028375
-0.187968
-0.156872
-0.27713
-0.12604
-0.316394
-0.23874
-0.105493
-0.39348
-0.278475
0.0825758
0.110977
-0.131033
-0.307623
-0.0487845
-0.36436
-0.000568686
0.315923
0.321296
-0.0939025
-0.0889153
-0.0245157
-0.218288
-0.416535
0.245474
0.193313
-0.071902
0.00494638
-0.123301
0.607626
-0.334209
0.0386042
0.00710487
-0.0521523
0.20854
0.1112
-0.172694
-0.685421
0.219587
-0.223735
-0.376778
0.0906731
0.432216
-0.0757331
-0.439167
-0.170082
0.252941
0.0912474
-0.324714
-0.473219
-0.422648
-0.0190972
-0.115137
-0.182172
-0.583188
0.260268
-0.300971
-0.367366
0.108589
0.0246767
-0.461815
-0.284989
-0.344384
0.244463
-0.200751
0.149049
-0.304165
0.329309
-0.372589
-0.0483041
-0.399369
0.0556082
-0.285367
0.21797
0.425368
0.217103
0.283647
-0.404266
-0.177943
-0.249418
-0.200052
0.160921
0.250869
0.042151
0.0996532
0.292883
0.415636
0.167376
-0.0795507
0.283371
-0.0120474
-0.271692
-0.171307
0.312739
-0.198678
0.233776
0.127003
-0.150286
0.303535
0.347852
-0.38478
0.105013
0.222981
-0.35964
0.26642
-0.29506
0.517109
0.22594
0.380345
0.385103
0.277615
-0.8198
-0.194602
0.014633
0.0180914
0.0315366
0.15637
2.00171
0.0499095
-0.207411
0.025987
-0.192783
0.0765933
-0.173152
0.329149
0.15821
-0.170263
-0.0146835
0.319086
0.224202
-0.581485
0.205279
0.0349265
0.325496
-0.257971
-0.380073
0.0495373
-0.245652
0.270994
0.229064
-0.169029
-0.141985
0.199083
-0.245914
0.50042
-0.398234
0.0762813
0.00165901
-0.134194
1.68604
-0.353138
-0.304799
-0.300947
0.269864
0.242222
0.201891
0.437986
0.26731
-0.522801
0.236232
0.0681695
0.0299974
-0.140613
0.345708
-0.238628
0.21649
-0.0980097
0.157002
0.268904
-0.00467734
0.333624
0.116377
0.179025
-0.133713
-0.0951171
-0.260251
-0.151329
-0.233102
-0.161445
0.320296
-0.0338294
0.253407
0.340939
0.465319
0.0561755
0.318471
-0.0470289
0.44087
-0.354139
0.174487
-0.107746
-0.0681222
0.408525
0.0319094
-0.484372
-0.352724
-0.479991
-0.316052
-0.00991176
-0.395075
0.266144
-0.319675
-0.1975
0.14163
0.111504
0.276982
-0.225823
-0.546109
-0.0744185
0.122286
0.104921
0.184943
-0.0858413
0.158768
-0.271897
-0.143617
-0.19656
0.309021
-0.0261973
-0.488197
-0.29019
-0.481875
-0.607459
0.242637
-0.107849
0.0358476
0.421335
-0.226266
-0.436623
-0.308304
-0.509856
-0.435788
0.125517
0.160167
0.312365
0.00731293
-0.143917
0.359454
-0.200348
0.520384
0.473721
0.388125
0.288927
0.0745192
-0.147144
-0.175577
0.107161
-0.109711
-0.103398
-0.18777
-0.408705
0.180342
-0.475602
0.0504385
0.0204346
-0.297029
0.128423
0.183026
-0.330617
-0.364434
0.404925
0.274793
-0.0894766
-0.42598
-0.0441497
0.407288
-0.306812
0.260508
0.17899
-0.291286
0.158
-0.0651164
0.0135954
0.322412
0.411448
0.389522
0.349571
-0.0682316
-0.332477
-0.110981
0.155491
-0.430943
-0.376303
0.429351
-0.282356
0.110241
0.255919
0.433923
-0.394427
-0.0249218
0.298939
0.341686
-0.371628
-0.154269
-0.413481
0.0379107
0.0677641
-0.327204
-0.310015
-0.443296
-0.435573
-0.525832
-0.328934
0.225972
0.363875
-0.289
-0.181555
-0.0420962
-0.448273
0.463409
-0.0670029
-0.229531
-0.229856
0.041315
0.0299589
-0.174082
0.355499
-0.152566
-0.136011
0.0798514
0.0834243
0.0774456
0.129973
-0.229756
0.323307
0.13012
0.143559
-0.18219
-0.155271
0.0662864
0.403665
-0.00582153
0.208269
-0.125477
-0.332979
-0.0184001
-0.389677
0.245532
-0.349966
-0.238359
-0.422022
0.361538
-0.503291
-0.448659
-0.267797
0.00849808
-0.304879
-0.405181
-0.575786
0.328405
0.276964
-0.372574
0.401657
0.0830502
-0.241787
-0.390503
-0.234077
0.454072
0.548217
0.208833
-0.00664927
-0.0668169
0.130314
0.343441
-0.0392525
1.25331
0.278748
0.385843
0.287197
-0.356668
-0.107211
0.125487
-0.237858
0.0292343
0.0168612
-0.221799
-0.533997
-0.133718
0.292835
0.153446
0.285186
-0.339455
-0.453108
0.149163
-0.37822
0.519275
-0.652642
0.596543
0.277344
0.316284
-0.0872443
-0.496051
0.379068
0.128722
0.365112
-0.317454
-0.270262
0.0554821
0.0681836
-0.448217
-0.0522986
-0.175084
-0.000910698
0.193755
0.329324
-0.46848
-0.608961
0.379378
-0.0734875
-0.110825
0.352226
0.149752
-0.298886
0.330381
-0.220929
0.105823
0.398403
0.356462
-0.440158
0.453582
0.194667
0.372034
-0.307183
-0.228043
-0.178408
-0.454644
0.0822423
-0.0382926
-0.325467
0.281843
-0.0524981
-0.365242
0.165029
0.384942
-0.301337
0.301461
0.0633256
0.429977
-0.0634433
0.259692
0.126422
-0.328651
-0.195987
-0.22875
0.320281
-0.261071
0.396489
-0.741001
-0.187914
-0.401852
-0.114853
-0.353419
-0.414217
0.0021686
-0.136563
0.357623
-0.149893
-0.163885
-0.178829
0.114252
0.025255
0.348909
-0.340444
-0.611724
-0.171188
-0.154594
-0.133308
-0.0816084
-0.245269
-0.175208
-0.322471
0.340496
0.167018
-0.440061
0.186113
-0.222034
-0.484581
0.173082
0.0468348
0.488011
0.195465
0.236541
0.607942
-0.205052
0.485028
-0.315405
-0.399158
-0.45982
0.430236
0.275237
0.0544292
-0.34456
0.150266
0.343568
0.0675943
0.308763
-0.295242
0.0406873
0.264229
0.457506
0.178004
0.416666
0.21234
0.324287
-0.11239
0.319406
0.49777
-0.436909
0.00608685
0.203082
-0.356305
0.0471562
-0.220189
0.103821
-0.186718
0.431041
0.325508
0.210382
0.44548
-0.38743
-0.124619
-0.188762
0.029553
0.347194
0.468367
-0.355501
0.106366
0.145212
0.192083
-0.0510784
-0.506196
0.347947
-0.0644231
-0.11949
0.30916
0.141456
0.615838
0.25614
0.417387
0.0998878
0.100181
0.238336
0.204867
-0.319599
0.271158
0.200696
-0.528745
0.350923
0.544883
-0.0823024
0.404374
-0.416498
0.303443
-0.339266
0.358613
-0.256622
0.0337434
0.409497
-0.183441
0.187573
0.507592
-0.384029
-0.421974
0.669213
-0.00297497
0.0421402
-0.235576
0.0653031
0.5347
0.17809
-3.06241
0.180364
-0.397426
-0.420746
0.213912
-0.474839
-0.185178
-0.258244
-0.193569
-0.390034
0.0792084
0.481187
-0.0901964
-0.571294
-0.410348
-0.266058
0.297926
-0.140007
0.558431
0.304331
-0.31205
0.183672
-2.28276
0.267713
-0.372215
0.101447
-0.189613
0.175518
0.665487
-0.672824
-0.128428
0.224921
-0.311022
-0.269752
-0.268876
0.542891
0.100651
0.135423
0.138232
0.284548
-0.158058
0.247872
-0.411842
-0.223702
0.311678
0.466123
-0.378756
0.103133
0.181238
0.27511
-0.329093
-0.218899
-0.39129
0.159475
0.285494
-0.399152
0.331723
0.2852
-0.318525
0.411044
0.311007
-0.138742
-0.187173
-0.110764
0.186579
-0.351161
0.327309
0.0122864
0.47161
0.490563
0.165869
0.307477
-0.118385
-0.214496
0.149673
-0.288078
-0.0343528
-0.00140394
-0.220102
0.286165
0.166383
-0.0991651
0.592668
0.31907
0.304811
-0.379236
0.566784
-0.250022
-0.146397
0.25385
-0.525113
0.152125
0.0727342
-0.154365
-0.568539
-0.0968664
-0.15903
0.134905
-0.0297893
-0.0379129
-0.0129547
0.459208
-0.264879
0.331214
0.751762
-0.267561
0.175354
0.282706
-0.0996215
0.087878
0.129603
0.285072
-0.329753
0.0724152
-0.194367
-0.160189
0.186232
0.287332
0.460597
-0.333852
-0.068569
-0.295993
0.09331
0.463026
-0.0707919
0.389405
-0.264349
0.34253
0.411928
0.424343
0.0346022
-0.478141
0.176
-0.118149
0.160685
0.266338
0.464607
0.125306
0.260062
0.00519579
0.349049
-0.250235
0.462708
0.232119
-0.355749
-0.118605
0.311903
0.196249
0.342681
-0.373705
0.514931
-0.199636
-0.335042
0.102759
0.943673
0.491878
0.567832
-0.894624
0.360562
0.30787
0.702727
0.324061
-0.00901234
-0.164451
0.176224
-0.611141
-0.550728
0.377915
-0.595158
0.0338888
0.714798
-0.200336
0.262848
0.126796
0.482922
-0.156407
0.316579
0.122672
-0.47606
-0.209757
0.0168324
-0.622466
-0.411247
0.318486
0.00779693
0.112047
0.177322
0.531332
0.454185
0.512576
-0.0117171
-0.050846
0.246187
0.653233
0.313688
-0.228888
-0.229498
0.324594
-0.163044
0.147367
-0.248735
-0.081895
0.164227
-0.387771
0.248229
0.159971
0.288945
0.511064
0.14305
-0.278789
0.175356
-0.395418
-0.0188505
-0.254957
0.531534
0.225364
-0.0390959
-0.324237
0.469561
0.343423
-0.00875549
0.22145
0.404792
-0.468718
-0.216969
0.262094
0.484652
0.00637523
-0.237537
0.500242
0.369058
-0.139068
-0.279307
-0.278854
-0.0761929
0.274948
-0.414803
0.0326158
0.212208
0.235332
0.0897771
0.325045
-0.112235
0.2708
0.031089
0.408301
0.974472
-0.189816
0.275238
0.133905
0.143288
0.151847
-0.353936
0.349629
-0.31744
-0.153167
0.219148
-0.014472
-0.302493
0.336632
-0.181382
0.561665
0.359368
-0.465337
-0.38018
-0.43317
0.526332
-0.516797
0.408448
0.453246
0.749122
0.179992
-0.122337
0.0505205
0.120718
0.387378
0.476898
0.026314
-0.438612
0.359721
0.0965888
0.10417
-0.379419
0.157472
0.388476
0.408371
0.13456
0.1601
-0.261769
0.071044
0.507243
0.139628
0.291421
0.437791
0.0443451
-0.218873
-0.00750894
-0.118646
-0.415159
0.146131
0.295877
0.199178
-0.392018
-0.201505
0.453769
0.324548
-0.442763
-0.0854069
0.128545
-0.256476
0.244985
-0.215794
0.384479
-0.10979
0.0728122
-0.0343536
0.054051
-0.0851448
0.319435
0.204216
-0.00813523
0.103042
-0.0387245
-0.271428
-0.463699
-0.141989
-0.212007
-0.13886
-0.805088
0.23845
0.329736
0.267601
-0.415032
-0.0564957
-0.225466
0.106292
0.125414
-0.0296336
0.130143
-0.2106
-0.0291907
0.0979737
-0.5365
0.40969
0.0425106
-0.154063
-0.0859351
-0.373456
0.336608
-0.330745
0.28704
-0.42547
0.428289
-0.288509
-0.287557
-0.252314
-0.320265
0.307329
0.18867
-0.319864
0.493424
-0.323629
-0.103688
0.411345
0.130521
0.552392
-0.38745
0.129309
-0.155648
-0.0206434
0.277861
-0.0647708
-0.257465
0.231756
-0.307621
0.149471
-0.428878
0.0432398
0.149902
0.210445
-0.459006
0.578911
0.224253
-0.0128865
-0.0446661
0.0688565
-0.135288
-0.204907
0.0526378
0.402428
-0.260287
0.0371735
0.269835
0.097857
-0.265937
0.322914
-0.00736036
0.349428
0.63118
0.0245377
0.258531
0.0465604
-0.0782246
0.436214
-0.446741
0.111561
-0.112315
0.239965
0.25041
-0.0264826
0.330629
0.229129
-0.13308
-0.471912
0.350939
0.251457
-0.0278182
-0.0229454
0.228093
0.494972
-0.362204
-0.0217051
-0.359236
-0.340665
-0.277933
0.305822
0.25871
-0.322364
-0.550136
-0.0210917
-0.226991
0.152134
0.584798
0.0135508
0.18633
0.16653
-0.426606
-0.145409
-0.115829
0.365505
0.443369
-0.0476572
-0.2346
0.0644341
-0.945756
0.12028
-0.226585
-0.206079
0.676784
-0.0948418
0.320144
-2.03151
-0.371947
-0.0638302
0.115795
-0.510689
-0.495678
0.18997
-0.155937
0.504413
0.106586
-0.364161
-0.304309
0.337108
-0.320503
0.31472
0.0497762
0.234634
0.105021
-0.151431
0.594874
-0.171504
0.631593
-0.675968
-0.203444
-0.481969
-0.0870346
0.0996173
-0.301805
-0.3361
-0.566659
0.229974
-0.0353389
-0.249263
0.228644
0.733054
-0.434254
-0.461338
-0.303823
0.248814
-0.394935
0.0316021
0.57626
-0.264205
0.151071
-0.51879
-0.0816212
-0.0410591
-0.0435509
0.128596
-0.000648382
-0.69561
0.15103
-0.392674
0.173826
-0.211667
-0.326846
-0.0112598
0.118341
0.395628
0.159407
0.0509073
0.257352
0.107475
0.186206
-0.373821
-0.700238
-0.433072
0.300098
-0.269668
-0.338523
-0.455037
0.112348
-0.311781
-0.383934
0.0970511
0.0866377
-0.18208
-0.193073
0.0794276
-0.0118429
-0.217463
0.0431164
-0.238316
-0.105943
-0.468227
0.250688
0.452776
-0.463961
0.00311221
-0.44354
0.348287
0.205545
-0.432022
-0.259058
0.201469
-0.437285
0.301188
0.0843158
-0.371171
-0.341768
0.39634
-0.440734
0.200715
-0.265096
-0.0914956
-0.429349
0.0663512
0.239475
-0.497686
-0.479279
-0.497209
0.518692
0.0274725
0.49578
0.129128
-0.471263
0.172119
0.353968
-0.0180508
0.314396
0.0162079
-0.309497
0.654244
0.683858
-0.137002
-0.149963
-0.365122
-0.286984
0.0810461
0.465753
-0.303967
-0.260082
0.0505016
-0.296864
-0.0541216
0.582583
0.023629
-0.344117
0.1987
-0.0580735
-0.00868602
-0.452852
-0.150409
-0.188391
0.210022
0.725214
0.329016
0.501664
0.0661985
0.412015
-0.133804
-0.190958
-0.226031
0.249498
-0.199723
0.41558
0.330142
-0.108022
-0.124644
-0.253572
0.200296
-0.178181
0.203112
0.621857
0.365797
-0.272066
-0.321771
-0.433277
-0.356405
0.0261566
0.0555483
0.229359
-0.222501
-0.315194
-0.278284
-0.225989
-0.240709
-0.14639
-0.716145
-0.20303
-0.272294
-0.322108
-0.305986
-0.362029
0.264416
0.0577988
-0.365036
-0.306035
-0.17664
0.0175962
-0.365685
-0.265762
-0.205263
-0.200623
-0.280534
0.426188
-0.309046
0.0543878
-0.257434
0.0374141
-0.374674
-0.197168
0.376269
-0.267964
0.408112
-0.0554621
-0.21775
0.0579208
-0.445545
-0.402422
0.108469
-0.00789269
0.481741
-0.37855
0.298348
0.0231654
0.0393555
-0.357656
0.144589
0.23118
0.243137
-0.304423
0.396431
0.111853
-0.426335
0.0575852
-0.0989195
0.488283
0.160499
0.212017
0.0642139
-0.13836
-0.29756
0.0463727
0.0868184
-0.456641
-0.431123
0.226289
-0.348673
-0.23057
-0.480679
-0.151725
0.0875313
-0.347851
0.159167
0.177139
-0.0986029
0.348882
-0.127171
0.0882694
-0.208086
-0.0583781
-0.173436
-0.117496
-0.479357
0.185649
-0.290869
-0.0972326
0.0995624
-0.220409
0.37591
-0.18951
0.0857817
0.249894
0.371172
0.24755
-0.0550397
-0.443367
0.285217
-0.20978
0.424067
-0.213598
0.476291
0.212055
-0.253399
-0.0159983
0.0487202
0.283553
0.00757931
-0.406597
0.135759
0.12892
-0.15252
0.105359
0.103237
0.10485
0.315958
0.0718643
0.0182114
-0.493631
-0.176127
-0.104837
-0.0942173
0.211889
-0.234212
-0.257249
-0.176224
-0.428166
0.268663
0.253353
0.0234969
0.313785
-0.502613
0.106926
-0.0710731
-0.446937
0.193891
0.230953
0.152191
0.360414
-0.122029
-0.189902
-0.440692
-0.297962
-0.26003
-0.0773773
0.0989007
-0.285298
-0.368512
-0.467296
0.151821
-0.20142
0.330386
-0.0818233
-0.407316
0.158616
-0.357255
0.0140346
-1.16623
-0.476144
0.0628397
0.459631
-0.0433526
-0.0146708
0.196282
-0.20412
-0.330926
-0.475596
-0.285916
-0.00296526
0.0617146
-0.318711
-0.456509
-0.491782
0.406861
-0.181289
-0.091504
0.198223
-0.46778
0.0704846
-0.357902
0.133798
-0.379536
-0.226603
0.372072
0.0864861
0.37002
0.429979
-0.475962
0.296269
0.287217
-0.431061
-0.0216057
0.116952
0.415212
-0.11498
-0.287401
-0.131022
-0.387614
0.61052
-0.356829
0.300064
0.387479
0.269646
-0.112797
-0.210646
-0.441301
0.46514
-0.429778
-0.352927
-0.317682
0.359711
-0.363466
-0.309062
-0.0510591
-0.158775
-0.414846
0.132844
0.362109
-0.489876
-0.218977
0.322389
-0.333243
-0.405452
-0.451594
-0.167372
0.0449376
0.308827
-0.119419
-0.00189187
0.189858
-0.048042
0.0645401
0.271792
0.304024
0.231551
-0.280545
0.350943
-0.414508
0.371986
0.672021
-0.0711558
-0.0923143
-0.0720632
0.0617489
0.301509
0.134518
-0.219269
0.0164966
-0.485001
0.0135351
0.249176
-0.0674285
0.150811
0.268723
-0.266862
-0.336427
-0.562664
0.315034
-0.276376
-0.328436
0.63088
-0.356418
0.314006
-0.146607
-0.0111635
0.272472
0.0944097
-0.388933
0.202752
-0.25837
0.0110804
0.357875
0.276794
-0.0469484
0.362583
-0.464133
0.210595
0.28986
0.291507
-0.69885
0.372686
-0.127469
0.314506
0.17853
-0.0148428
0.00339247
0.385359
-0.279994
-0.347678
-0.509188
-0.18236
-0.396917
0.322016
0.053634
0.0748565
0.413452
-0.194602
-0.0825289
-0.373246
0.164936
0.231934
-0.0151412
0.490344
-0.124089
0.0148243
-0.41931
0.0429342
-0.266704
-0.667942
-0.540712
0.107293
-0.0697645
0.14106
0.452284
0.4339
0.372652
0.592741
-0.201207
-0.24759
0.147638
-0.020907
-0.56142
-0.276014
0.010014
0.05767
0.226854
0.514212
0.570279
0.247396
0.0640714
-0.0576462
0.324302
0.218955
-0.349505
0.142737
0.310515
-0.347661
0.225327
0.149094
-0.0720345
-0.334704
-0.0970028
0.0436792
0.284931
-0.213759
0.023012
-0.292899
-0.309838
-0.334733
-0.453891
-0.141365
-0.0621581
0.38527
0.24247
-0.291784
-0.637827
-0.186079
0.0416114
0.178619
0.252681
-0.354384
-0.0724862
-1.20338
-0.574736
-0.806966
-0.273379
-0.075634
-0.35014
-0.276106
0.0342115
0.292424
-0.227716
-0.630865
-0.318634
-0.114987
-0.140612
-0.379549
-0.366318
-0.523529
-0.676442
0.126495
-0.108924
-0.446099
0.428978
-0.442628
-0.296796
-0.118399
-0.548999
-0.00587905
-0.413066
0.0244638
-0.421612
-0.368835
-0.306816
0.0750309
-0.0410795
-0.0603546
0.0981351
-0.363868
0.246532
-0.36944
0.222242
-0.475649
0.12201
-0.0191384
0.203371
0.266025
0.0440673
0.144646
-0.0989566
-0.275976
0.0701184
-0.362373
-0.256716
0.00062617
0.141542
-0.440622
-0.0473729
-0.387151
0.0198117
0.224133
-0.266815
-0.336533
0.51352
-0.469238
0.0259608
-0.199113
-0.323155
0.406386
0.157331
0.0276111
-0.45939
-0.092607
0.367624
-0.0475484
0.342419
0.235728
-0.0987972
-0.25752
0.14602
0.241068
-0.256883
0.021204
-0.0507902
-0.332117
-0.0698432
0.171649
0.124686
-0.183802
0.0159578
0.338203
0.438149
0.306685
-0.00422571
0.203389
0.341575
0.264026
0.334326
0.396566
0.407843
-0.178047
0.161888
-0.499082
0.590928
-0.232384
-0.133229
-0.298518
0.197641
-0.121051
-0.077422
-0.105552
0.302042
0.123001
0.316217
0.323749
0.151961
-0.385871
-0.399337
-0.209013
-0.279798
0.246769
0.21638
0.399918
0.147614
0.131053
-0.18737
-0.156752
-0.166533
-0.442766
0.0559453
0.0927912
0.0957641
-0.408397
-0.160517
0.276276
-0.000775029
-0.377439
-0.161471
0.296494
-0.103544
0.358559
0.318198
0.218917
-0.352418
-0.213568
0.141923
-0.254242
-0.525593
-0.521191
-0.245472
0.221321
0.202454
-0.171963
-0.048264
-0.427619
0.00852657
-0.401086
-0.0293298
0.0565745
-0.216796
0.322428
-0.414984
-0.144858
-0.262095
-0.512531
-0.690411
-0.013596
-0.134362
-0.441322
0.258178
-0.0016908
0.241459
0.318149
-0.114611
0.00962705
-0.485049
-0.120746
0.305721
-0.239387
0.202212
-0.311797
-0.146559
0.21917
-0.657766
-0.587051
-0.42792
0.0362008
0.277711
-0.571405
-0.476879
0.366706
-0.523696
0.322846
-0.503742
-0.230931
0.370833
-0.460931
0.375421
-0.0249133
-0.523402
-0.0792176
-0.312345
0.150213
0.451092
-0.360598
0.217664
-0.240827
-0.0782652
-0.272259
0.10299
0.0468155
-0.333784
-0.260863
0.0694699
0.176424
-0.484941
-0.32072
0.36678
-0.42191
0.238784
-0.18123
-0.118578
-0.0296671
-0.374555
0.51131
-0.395365
-0.271155
0.00251683
-0.368522
0.127144
-0.271155
0.198517
0.357741
0.144241
-0.23584
0.00395468
-0.0119791
-0.492195
-0.0893929
0.00777503
0.369066
-0.162302
-0.0866333
-0.0427147
-0.026454
0.124125
-0.608123
-0.364605
0.451976
-0.218286
0.501177
-0.479419
0.433165
0.219733
-0.049487
0.0288724
-0.309399
-0.345567
-0.051266
0.108076
-0.26593
0.168102
0.0749015
0.324858
-0.648249
-0.383885
0.0229074
-0.600309
0.172328
-0.203085
0.250903
-0.256103
0.0637066
-0.465691
-0.617897
0.156262
-0.262689
0.426164
-0.402321
0.0591805
-0.0990202
-0.243659
-0.0409095
-0.40579
0.261067
0.369001
-0.212946
-0.226672
0.986303
-0.00955335
0.110728
-0.389253
1.487
-0.11883
-0.754874
-0.181601
0.331118
0.129572
-0.131455
1.21713
-0.638641
0.352459
0.301434
0.0983184
0.236641
0.0293651
-0.173436
0.897604
-0.250437
-0.330114
-0.0283176
0.251449
0.478114
0.0153913
0.196143
0.176227
-0.173777
-0.189512
0.518562
