#input normalization
0.16111 0.272711
70.6754 67.9586
9.59108 38.2061
7.92521 31.8408
0.0111657 0.0442375
0.00880027 0.0338869
0.542988 1.36901
0.823511 1.27769
1.05267 1.47112
1.29982 1.67897
1.57855 1.87949
1.86027 2.06281
2.12999 2.22636
2.39629 2.3791
2.64341 2.50023
2.87854 2.5868
3.10222 2.64749
3.30893 2.68228
3.48879 2.68793
3.62724 2.6498
3.75209 2.59835
3.85097 2.5101
3.92847 2.41397
3.96982 2.29961
3.99558 2.16779
3.98964 2.01953
3.9519 1.86013
3.89572 1.68228
3.7862 1.48252
3.65921 1.28429
3.54363 1.09712
3.41767 0.920599
3.26231 0.743118
3.10185 0.573586
2.93657 0.413281
2.78635 0.266603
2.61822 0.128358
2.47497 0.00581553
2.31182 -0.108566
2.15924 -0.217336
2.01212 -0.320746
38.1053 49.985
1 -1
#output normalization
1 0
#neurons weights
-0.313285
-0.0325806
-0.401286
-0.227713
-0.222263
0.391685
0.212793
-0.173346
0.399756
0.367422
-0.321328
-0.315076
0.300502
-0.162142
0.439009
0.252265
-0.390132
-0.180772
-0.336057
0.321707
-0.0777874
-0.271842
-0.0954871
0.242351
-0.470902
-0.141444
0.0937626
-0.0973238
-0.255956
-0.275891
0.42143
0.0536099
0.012326
0.0169954
0.0181038
-0.310134
-0.295691
-0.202403
-0.290047
0.131506
-0.21504
0.120286
-0.406731
0.241133
0.28708
-0.0704775
0.0835117
0.368154
0.403307
0.678976
0.0903621
0.0650538
-0.385467
-0.208509
-0.08255
0.978644
0.285025
3.69806
0.390231
-0.402593
0.0710491
0.222883
-0.0979053
0.0230744
-0.404366
-0.595804
0.088804
0.429438
0.453997
-0.500118
-0.5094
0.0408382
0.3919
-0.362404
-0.204322
-0.483697
0.516356
-0.0263154
0.44483
0.00398271
-0.371514
-0.0292354
-0.436704
-0.029024
-0.0710224
0.208974
-0.518395
0.365814
0.381345
-0.170451
-0.0448701
-0.0127662
0.378525
0.32723
-0.0809418
-0.109575
0.252443
0.316374
-0.500286
-0.058227
0.368717
0.372489
0.355202
-0.363903
0.279789
-0.403164
0.353758
-0.321732
-0.0274468
-0.181745
0.385659
0.158277
-0.0114647
-0.268729
0.284788
0.046177
-0.462863
-0.221029
0.30889
-0.178656
-0.270516
-0.0548174
0.268876
0.123372
0.470034
0.457644
-0.542557
-0.126593
-0.0403239
-0.222907
0.444835
#synapses weights
-0.433402
-0.307917
-0.148115
0.162337
0.121327
0.165409
-1.16261
-0.702941
-0.410444
-0.257153
0.287642
-0.426297
-0.0115685
-0.367605
-0.0690586
-0.147209
-0.0693492
-0.236663
-0.163722
0.271271
0.383399
0.135254
-0.0517228
0.261624
0.121919
-0.027118
-0.042238
0.441224
-0.100491
-0.310243
0.24136
0.403048
0.0387902
0.209159
-0.10833
0.124639
0.256156
0.213739
0.0319869
0.202882
0.0676603
0.827118
0.091136
0.622281
-0.563911
-0.196199
-0.111168
0.163458
-0.435932
-0.980782
0.0680254
-0.023823
-0.229367
-0.239262
-0.168864
-0.339718
0.379642
-0.233907
-0.0794945
-0.0595369
-0.516838
0.227809
-0.165782
0.0622654
-0.529977
-0.0831121
0.286762
-0.34773
0.0466404
-0.273974
-0.234587
0.28659
-0.0254468
-0.0784869
0.186935
0.237344
0.197749
0.259425
0.347519
-0.500334
-0.541558
0.263907
-0.115319
0.297091
-0.0182264
-0.0273976
-0.256056
0.0355506
0.256584
-0.274424
0.53264
0.338477
0.629676
-0.543652
0.474828
0.333244
0.0445743
0.388718
0.172696
-0.44597
-0.35585
0.0993887
-0.118093
0.011941
-0.162128
-0.243701
-0.0754597
0.428861
0.019054
0.0166515
0.304127
-0.422348
0.420466
-0.0967517
-0.260782
0.0602764
-0.027717
0.546309
0.458169
-0.390358
-0.216886
-0.171599
0.16956
0.235686
0.00525036
-0.0670149
-0.251735
-0.532153
0.315209
-0.269726
-0.306317
0.0456392
-0.0976155
-0.124084
-0.14409
-1.00573
0.300519
-0.352631
-0.217829
0.398782
-0.322979
0.335253
-0.437445
-0.302893
0.418726
0.284937
-0.198856
0.341118
0.0631544
0.210177
0.374087
0.00574893
0.227612
0.468379
-0.0993156
-0.224783
0.329733
0.00657808
0.0581319
0.45249
0.384392
0.453197
0.29838
-0.167477
0.148564
0.420439
-0.0990086
0.00964071
-0.391684
0.0690831
-0.541726
0.0010733
0.0699652
-0.241317
-0.438816
0.131451
0.130435
-0.066243
0.151966
-0.283247
-0.440865
0.270626
0.322083
0.0389238
-0.115684
0.072781
0.388971
-0.0928801
-0.0882868
-0.362732
-0.158023
0.388495
0.333873
0.39849
0.449149
0.206493
0.201216
0.0191787
0.448545
-0.166063
-0.150754
-0.27702
0.28394
-0.225136
-0.463664
0.354183
-0.353781
-0.130027
-0.34866
-0.421352
-0.00482866
0.0346302
-0.0797512
0.505051
-0.325861
0.48685
0.23622
0.397805
0.271153
-0.185678
0.235239
-0.458599
-0.121257
-0.194189
-0.123651
-0.157374
-0.253291
0.32133
-0.486259
0.144636
0.0398941
-0.36769
-0.0759615
0.109884
0.366423
-0.24826
-0.364613
-0.153003
0.355781
0.104469
-0.125389
-0.0613224
-0.295993
-0.166606
-0.398011
0.282825
-0.558477
0.318958
0.433049
0.356597
-0.339345
-0.397652
0.36081
-0.225616
0.0569066
-0.194978
0.428012
-0.038637
-0.942948
-0.170533
0.0206
0.146756
-0.520273
-0.0244034
1.51956
0.851634
-0.156492
0.195133
-0.257403
0.0206996
0.11121
0.0744178
-0.0189147
0.349174
-0.223815
0.130848
0.265915
-0.261596
0.219343
-0.34277
0.0948609
-0.139127
0.206231
-0.39411
0.300633
0.211721
-0.129958
0.149701
0.217249
-0.0046629
-0.175155
-0.287213
0.353521
0.137508
-0.222088
-0.298637
0.0473422
-0.0882591
0.135182
1.45729
0.172593
0.560986
0.360904
-0.122312
-0.300231
-0.236563
-0.251345
0.644344
0.528656
0.00471092
0.503645
-0.0433285
-0.127253
0.510858
-0.338804
0.336255
-0.253778
-0.291058
0.00807964
0.0773259
0.0533958
-0.142528
0.187473
-0.0497769
0.050887
-0.0392302
-0.06353
0.0668749
0.397873
-0.447912
-0.144594
-0.338728
-0.392588
0.415166
-0.0335338
0.354871
-0.374182
-0.0942369
-0.325363
0.298833
0.150803
-0.307102
-0.262038
-0.0511412
0.153013
0.210055
0.184526
0.178491
-0.226411
0.0555456
0.454377
-0.0170297
-0.163593
0.273247
0.149245
-0.262513
0.261306
0.404843
-0.290598
-0.0436832
-0.246931
-0.368519
-0.161292
0.13715
-0.354342
0.283801
-0.482828
-0.492058
-0.390892
0.457013
-0.417903
-0.426824
0.320605
-0.171429
0.47231
0.0503062
-0.207692
-0.320421
0.203613
0.539733
-0.255524
-0.196523
-0.286431
-0.280334
-0.270198
-0.159369
0.0800195
-0.327772
-0.362618
0.18984
0.246504
0.512425
0.525232
-0.0364709
0.329449
0.0679962
0.224987
-0.340791
0.0536895
0.0463893
-0.143877
0.508118
-0.100004
0.219774
0.0862958
0.325131
-0.218003
0.443653
0.422959
-0.119786
-0.162173
-0.368361
0.383109
-0.212027
-0.274783
-0.0634124
-0.334588
0.26072
-0.399483
0.277311
0.305031
-0.0984479
-0.518661
-0.0478856
0.247647
-0.187817
-0.127388
-0.434485
-0.339981
0.401546
0.0739775
0.190416
0.301671
0.271379
0.306213
0.384239
-0.320589
0.366945
0.0776575
-0.0581807
0.0979251
0.240316
0.212974
-0.135826
-0.232657
-0.432144
0.462753
-0.0287721
-0.238935
0.110258
0.386749
0.244742
-0.133605
0.0661987
-0.467131
0.0935097
0.0305195
-0.196593
0.460633
0.0977976
0.333818
-0.336587
0.449214
-0.426913
0.271678
0.17503
0.339275
0.106678
0.0913869
-0.0718487
-0.385023
-0.38082
0.234858
0.748617
-0.329127
-0.214126
-0.135876
0.56368
-0.136552
-0.547811
0.288156
-0.116819
0.107793
-0.241819
0.299957
0.000681722
-0.188832
-0.0762921
0.120892
0.414384
0.117898
-0.220305
-0.127977
-0.296461
-0.207891
0.380088
-0.144576
-0.0228098
0.490813
0.0237891
-0.0933879
-0.534483
-0.0750762
-0.0086517
0.19336
0.322356
0.300707
-0.172536
0.0905111
-0.434394
-0.099899
0.131436
0.0574051
0.499272
-1.25752
-0.0301416
-2.38817
-0.0460674
0.0713205
-0.0673525
-0.37268
0.252177
2.91574
-0.533826
0.165575
0.00513039
-0.0113307
0.0254661
0.0389118
-0.366999
0.0838278
0.0364186
-0.0811653
-0.262322
0.00342963
0.0599552
0.240278
0.101862
-0.0722698
-0.111365
0.0531047
-0.0161937
-0.125259
0.166014
0.0371666
0.0925726
0.0565186
-0.350183
0.107844
0.159214
0.0279851
-0.0755104
0.220023
-0.224161
0.167037
0.178198
-0.284652
3.91679
-0.427699
-0.520421
-0.00609361
-0.0910662
0.0781083
0.380681
-0.179047
1.5824
-0.331808
0.213725
0.272779
-0.466205
-0.469403
-0.349837
-0.0694464
-0.355224
-0.0990398
0.304254
0.0326404
0.0971232
0.192259
0.0500534
-0.294391
0.188812
-0.142422
-0.0841436
0.132648
-0.415515
-0.284672
-0.0128717
-0.185446
0.133444
0.298151
-0.0682036
-0.428524
-0.227148
0.324887
0.256153
0.370718
-0.187361
-0.142986
-0.0686564
1.2889
-0.337404
-1.53545
0.0413699
0.106083
-0.120074
0.103314
0.0880214
3.57822
6.1604
-0.106697
0.0325196
-0.225475
-0.0829665
0.0749516
-0.0321607
0.251241
0.171559
-0.0304447
-0.12329
0.154332
-0.0624181
0.377915
-0.319171
-0.152393
-0.0897949
0.215533
-0.201554
0.0192429
-0.175962
-0.110947
0.235953
-0.0484824
-0.141618
-0.13642
0.0391215
-0.00472976
0.237659
0.22137
-0.0506271
-0.129213
-0.028551
0.0144349
3.10639
-0.296592
-0.0275447
0.287131
-0.111237
-0.162268
0.238066
-0.37283
-0.0373292
0.423808
0.298384
-0.246527
0.415339
0.392482
0.38742
-0.118755
-0.421257
0.372193
0.348258
-0.0519908
-0.397871
-0.444281
0.183301
-0.096902
0.0114502
-0.0632132
0.105721
-0.356169
-0.215986
-0.219521
-0.107242
-0.26115
-0.130371
0.00297792
-0.184534
-0.325898
-0.0213554
-0.235017
0.236714
-0.388664
-0.0608389
-0.518219
0.219459
-0.107786
-0.193176
-0.0307324
0.0855835
0.284489
-0.312272
-0.127062
0.129917
0.424633
-0.15217
-0.385969
-0.555314
-0.16185
0.334276
0.411676
0.406891
-0.208946
0.10744
-0.00441318
0.382251
-0.328565
0.0251907
0.0174256
0.0443546
0.000361864
-0.0961282
-0.134179
0.180221
-0.355284
-0.373964
-0.0548019
-0.531921
-0.0662956
0.0835704
-0.164263
0.32115
-0.0821885
0.028506
-0.314397
0.0780386
0.0334368
-0.178702
0.22909
0.804709
0.397414
-0.28115
-0.408955
0.0841365
-0.324473
0.0169748
-0.326396
0.687861
0.25112
0.175133
-0.209913
0.26309
0.253556
-0.0523839
0.323581
-0.0617233
-0.130489
0.058521
-0.339401
-0.155371
-0.195605
0.20414
-0.0877507
0.345449
-0.356622
-0.270704
-0.0230228
-0.0740979
0.517728
-0.348465
0.0519728
-0.409028
0.330711
0.227922
0.187243
-0.187508
-0.138512
-0.427267
-0.43631
-0.155208
-0.445966
-0.287552
0.135078
0.465755
0.056292
0.514135
-0.23455
0.0982681
0.378986
-0.0579237
0.742325
0.14513
0.441526
0.0949001
0.140021
-0.0856755
-0.0695994
0.168511
-0.0849335
-0.0527687
0.102787
0.0762333
0.279776
0.00540302
-0.403791
-0.434495
-0.311852
0.448913
-0.0238062
0.257594
-0.296327
-0.419454
-0.286709
0.447818
0.266134
-0.197132
0.315976
-0.410155
-0.0249062
-0.179813
-0.0908015
0.360032
-0.141057
0.459815
-0.361153
0.5283
0.0182367
-0.139656
0.406145
-0.0764634
-0.42596
0.462938
0.309581
0.120932
0.679745
0.577802
0.22818
-0.330276
-0.158587
-0.0111982
-0.230333
-0.100347
-0.299527
-0.0264439
-0.319133
0.0295844
0.527997
-0.244128
0.220156
-0.197023
-0.461134
0.166153
-0.414036
0.379488
0.321173
-0.172084
-0.303144
0.462861
-0.356827
0.203524
0.287977
-0.220834
0.301439
0.293391
-0.451264
-0.386269
-0.365077
0.402507
0.34081
0.0681604
0.579054
-0.144278
0.0869126
0.236499
-0.0541708
-0.22232
-0.997319
0.458425
0.362987
0.157815
-0.253874
0.199943
-0.353072
-0.138595
0.238124
0.293648
-0.558704
-0.00423524
0.36022
0.419307
0.0203276
-0.135126
-0.463665
-0.382693
-0.355451
0.0185919
-0.173349
0.228909
0.253352
0.478125
-0.191802
0.251337
-0.339122
0.287172
0.175368
0.0368949
0.281786
0.335599
-0.246502
-0.123246
-0.377007
-0.143102
-0.225717
-0.321298
-0.481945
0.215061
0.203758
0.532819
-0.257999
-0.437005
0.167842
-0.0784688
0.34911
-0.079762
-0.18596
0.199025
-0.129496
0.157294
-0.210104
-0.442023
0.309611
-0.0330067
-0.348667
0.184686
0.283868
0.254375
0.0206443
0.115276
0.279794
0.352022
0.569869
0.380196
0.33068
-0.126006
0.0240494
0.105591
0.342059
-0.363336
-0.435668
-0.0473679
0.0049007
-0.156878
-0.349483
-0.415927
0.0757814
-0.0478532
0.356351
-0.0426414
0.0569164
-0.0230281
0.00491448
-0.108862
-0.900045
0.314488
-0.337766
-0.142368
-0.147335
0.209429
-0.0152243
-0.249521
0.148618
-0.0480291
-0.333538
0.0246633
-0.126607
0.467057
-0.33804
0.191813
0.372462
-0.142433
0.109427
0.185062
0.0756315
-0.124446
0.331913
-0.265138
0.0839897
-0.305162
0.464833
-0.388806
0.08221
0.142757
-0.410295
-0.304539
-0.353582
-0.00736254
-0.0533256
-0.872572
-0.447514
-0.249802
0.0170997
-0.330958
0.410147
-0.378632
-0.0259999
0.347166
0.0631363
-0.0230004
0.308818
0.242367
0.511339
0.117243
0.117644
0.429289
0.198759
0.301105
-0.386411
0.427541
-0.2872
0.397777
0.0189549
-0.0722697
0.0569551
-0.1832
0.0223583
0.392309
-0.417898
-0.459642
0.191957
0.191432
-0.130928
-0.119018
-0.27851
0.24479
-0.165378
-0.0190548
-0.00583801
0.353643
-0.286408
-0.0715506
0.151801
-0.298987
-0.138803
0.312657
0.391031
0.320861
-0.166201
-0.261445
0.0206652
-0.0401962
0.482562
0.0670149
-0.4097
0.0423225
-0.263582
0.426185
0.127923
-0.248694
-0.339258
-0.540891
-0.22715
0.434999
-0.296703
-0.316831
0.153885
0.3126
-0.193969
-0.394999
0.121263
-0.45864
-0.126572
-0.297794
0.28896
0.124208
0.215555
0.300547
0.0985866
-0.408218
0.00443545
-0.267485
0.114136
0.0291754
-0.184855
0.702768
-0.0366949
-0.291043
0.439751
0.223477
0.34445
-0.239938
-0.436788
-0.0693659
-0.302453
0.0815554
-0.12345
0.356012
-0.108732
0.503062
-0.326964
-0.0703957
0.410469
-0.198647
-0.0678665
0.222584
0.158958
0.0652112
0.0985982
0.00683509
0.251738
-0.19483
-0.127647
0.512172
0.383091
-0.00928515
-0.170615
-0.388086
0.141029
0.0618892
-0.125428
-0.209168
0.149816
-0.473567
-0.157665
-0.172064
-0.17381
-0.444363
-0.760835
0.174139
0.321927
-0.342044
-0.292555
-0.194676
-0.176868
-0.191685
-0.691231
-0.584781
-0.0612439
-0.041907
-0.11154
-0.0781208
-0.0606821
-0.387311
-0.0819552
0.317802
-0.370458
0.490512
-0.273683
0.517704
0.0362006
0.386104
-0.326491
0.015079
-0.0904777
-0.280148
0.22759
0.296632
-0.357558
-0.157871
-0.116931
-0.097876
0.082742
0.410241
0.232542
0.243436
0.0693325
-0.361457
0.492199
-0.401788
0.421711
-0.544298
0.0738695
0.275069
0.383578
-0.323371
-0.416769
-0.0224763
0.0284286
0.817141
0.590815
-0.112795
0.280449
-0.398449
0.423072
0.194233
0.285969
-0.125315
0.292577
-0.078778
-0.405815
-0.0450164
-0.107734
-0.0795617
-0.0620793
0.30778
-0.235717
-0.232592
0.122049
-0.278874
-0.521751
-0.0161594
0.0439196
0.103337
0.0909785
-0.368843
0.0952629
0.260992
-0.255939
0.331826
-0.339113
-0.461757
0.202564
-0.0634217
0.215403
-0.100975
-0.502622
-0.420026
0.44094
-0.0964255
0.118167
-0.30062
0.0793179
-0.373468
0.00289035
0.0344637
0.14296
0.362515
-0.397544
0.0796636
-0.0622716
-0.0908442
-0.216775
0.498428
0.176144
-0.492118
-0.111548
0.197185
-0.469639
-0.175057
-0.195985
-0.35688
0.381608
-0.408232
-0.463439
-0.471099
0.050491
0.0837129
-0.338696
0.425334
-0.0453752
0.22514
-0.13231
-0.0273307
-0.360166
-0.043517
0.44215
-0.049714
-0.203286
0.636979
-0.340523
0.14524
-0.135672
-0.131411
0.0152022
0.794349
0.117898
0.44438
0.431768
0.258162
0.472431
-0.162045
-0.225465
-0.41627
-0.0828779
-0.266615
0.403081
-0.113163
0.177759
0.519533
-0.151652
0.291109
0.10647
-0.285069
-0.185782
0.159631
-0.201065
0.271172
-0.0680069
0.12653
-0.233721
-0.148035
0.26839
0.418963
-0.0976034
-0.0792795
-0.307668
-0.030653
-0.371915
0.395449
-0.0445628
-0.48209
-0.306924
-0.125574
-0.258802
0.41709
-0.250876
-0.298399
0.789732
-0.419283
-0.434661
-0.271317
0.335252
-0.125348
-0.240223
-0.236709
0.167026
0.238948
0.228364
-0.204251
0.0718764
0.0389423
-0.237218
0.521026
-0.306508
0.402704
0.213324
-0.343016
-0.351095
0.267302
0.0899939
0.439221
-0.0836841
-0.0616368
0.129704
0.22521
-0.283212
-0.209316
0.24879
0.181547
-0.240068
0.108464
-0.158421
0.0750065
-0.23752
-0.251534
0.0249856
0.168639
-0.0118058
-0.397422
0.137587
-0.34039
0.325569
-0.0377604
0.192314
-0.559729
0.0251598
0.285885
-0.358083
-0.488647
-0.250865
0.240278
-0.0509621
-0.466182
0.203892
0.155618
0.0477988
0.275254
0.284121
-0.183008
-0.40391
-0.289433
-0.438241
-0.153586
0.303403
0.380345
0.0626396
0.373906
-0.259845
0.536366
-0.362232
0.0740492
-0.113385
0.499883
-0.114025
0.0207189
0.360228
0.18224
0.216104
0.153362
-0.255452
0.328554
-0.172563
0.108258
-0.7324
0.147911
-0.333474
-0.352673
0.258161
-0.248321
-0.270851
-0.164152
-0.193492
-0.349461
-0.0858788
-0.40803
-0.157885
-0.353851
0.289984
-0.197472
0.184971
-0.507423
-0.205012
-0.453068
0.0135751
-0.395936
-0.0383875
0.358733
-0.14271
0.389939
-0.548107
0.0968557
0.147418
0.232074
0.324207
0.208002
0.468531
0.0980743
0.25752
0.241216
0.0294481
0.0908299
-0.240031
0.124254
0.360641
0.338034
0.161459
-0.79811
-0.0693399
0.364427
0.165549
-0.228413
0.41349
-0.0738553
-0.392253
-0.144476
-0.0844348
0.00621874
-0.152951
-0.402533
-0.197961
-0.102304
0.293084
-0.0597919
0.0687983
0.489666
-0.261547
0.0734351
0.346421
-0.114552
-0.0752589
-0.38896
0.428782
-0.501516
0.064454
-0.132918
-0.314612
0.28415
-0.395516
-0.328086
0.0374683
0.279509
0.371412
-0.482691
0.271633
-0.299691
0.475124
-0.00218122
-0.192811
-0.164918
0.2586
0.536866
0.454998
0.0132083
-0.126761
-0.139725
-0.454821
-0.365616
0.232261
0.240608
-0.378336
0.31516
-0.0474167
0.239742
-0.389065
0.374744
-0.418585
0.173547
0.0159651
-0.0833562
0.45021
0.00218505
0.468061
-0.500559
0.0416136
-0.365007
-0.494408
0.405531
-0.280349
0.105314
0.104181
-0.0457334
-0.178944
0.3631
0.433801
0.156229
0.36878
0.445961
-0.214119
0.236232
0.431175
-0.208044
-0.204103
0.843622
-0.247008
0.353545
0.176758
-0.360499
0.40847
0.155353
-0.417568
-0.029072
0.0016041
0.258415
-0.489319
-0.324273
0.108016
0.0721996
-0.0918791
0.494028
-0.253777
-0.23074
0.052748
0.383856
0.119978
-0.0744312
-0.118361
0.280824
0.495991
0.520928
0.122286
0.107103
0.135971
-0.0872545
-0.312331
0.297012
-0.21526
0.134877
0.125089
0.287117
0.507909
0.243497
-0.418635
-0.293899
0.0105394
-0.279145
-0.124283
-0.225025
-0.488773
0.390951
0.0608244
-0.0645474
-0.358261
0.306007
-0.122467
-0.455421
-0.166709
0.217013
0.441926
0.406678
0.32983
-0.419221
0.275403
0.32254
-0.0193455
0.187624
-0.230267
-0.0409075
-0.355382
0.224322
0.286162
-0.180545
-0.292616
-0.0104523
-0.406491
-0.291305
-0.0400688
0.239269
-0.362009
-0.0204479
0.218415
-0.595277
-0.336182
0.0494553
-0.15174
0.297263
0.186321
0.00877486
0.0368279
-0.785464
-0.110818
0.0360785
0.156877
-0.196719
-0.404282
0.147378
-0.264961
0.293917
0.238546
0.337598
-0.449934
0.0937933
-0.466579
-0.330854
-0.419491
0.185037
0.357
-0.211036
0.298498
-0.150083
0.158702
-0.313086
-0.0339323
0.457453
0.268022
0.0452276
0.353129
-0.293684
0.210681
-0.307013
-0.127993
-0.248225
-0.252994
0.353628
-0.694834
0.331187
-0.061396
0.030805
-0.0580779
0.372209
0.198856
0.00154603
0.169391
0.684376
0.154285
-0.044827
-0.0710561
0.328179
0.139149
0.246706
0.365259
0.327996
0.218883
-0.299011
0.0460371
0.483738
-0.504331
-0.388051
-0.263715
0.0227922
0.416092
-0.210953
-0.10492
0.136086
-0.165695
-0.370452
-0.401492
0.417385
-0.17931
-0.280829
0.06155
0.12342
0.171603
0.0943469
0.146834
0.0741415
-0.0487437
0.152492
0.383473
-0.162342
-0.167631
0.330527
0.157756
0.112885
-0.467015
0.462757
-0.222707
0.150125
-0.0950391
-0.310123
0.495713
-0.291191
-0.480842
-0.30805
-0.0878238
0.22025
-0.427399
0.214036
0.314976
0.172042
-0.320169
0.492699
-0.347224
-0.36942
0.0259741
-0.37664
-0.0219699
-0.00767882
0.299413
-0.262403
-0.0478208
-0.152009
-0.421919
-0.322733
0.349791
-0.181428
-0.269725
-0.346413
-0.355745
0.342898
-0.122482
0.362758
-0.595177
0.170034
0.356063
0.363172
0.189839
-0.491441
0.90964
-0.487335
0.205027
-0.303254
0.180345
-0.332083
0.345618
-0.274555
-0.0989874
-0.185506
-0.235753
0.0553926
-0.325983
0.442014
-0.260093
-0.44324
-0.225569
0.012509
-0.325261
-0.275656
0.310179
0.10675
0.604223
-0.376569
0.0985907
-0.293192
0.128132
0.378797
-0.260148
0.466034
0.388274
-0.12041
-0.450653
-0.0307011
0.291454
0.92089
-0.482889
-0.365344
-0.0431299
0.556482
-0.235438
0.195066
-0.522499
-0.47068
-0.403533
0.179518
0.326529
0.469981
0.419315
0.247811
0.235097
0.435682
0.276087
-0.309186
-0.357073
0.389172
0.197172
0.243426
0.404171
0.241865
0.21733
0.0722238
-0.176456
-0.459144
-0.247064
0.235941
0.0595047
0.0664044
0.19115
0.205159
0.404
0.148763
-0.244508
0.251443
-0.00343227
-0.546214
-0.365735
0.116682
-0.173012
-0.10791
0.367067
-0.163779
-0.117407
0.313994
-0.198132
0.136299
0.142665
0.00994564
-0.336291
0.0461493
0.426544
-0.00961836
-0.431251
-0.270397
0.432489
0.162844
-0.267884
-0.404151
-0.308121
0.510762
0.263159
-0.0797981
-0.16667
0.445713
-0.361542
-0.112568
0.0574187
0.547146
0.206565
0.0297761
-0.381697
-0.311946
0.509502
-0.162603
0.0244908
-0.101814
0.22965
0.169583
-0.314744
0.0431797
-0.175657
-0.962798
0.219767
0.679307
0.244289
0.0462978
0.112102
0.050208
-0.267682
-1.64546
0.073476
-0.0378755
0.0143085
0.139096
-0.111616
-0.251068
0.28573
-0.262561
0.176104
-0.25788
0.25733
-0.167579
0.278512
-0.0485228
0.0302179
0.0318051
0.18171
-0.227109
-0.12237
0.403304
0.072105
-0.18053
-0.248296
0.393892
0.00107971
0.428181
-0.0294791
-0.603803
-0.254701
0.31567
-0.46446
0.317307
0.288359
0.193923
-1.5405
-0.0771223
0.355402
0.346237
0.173681
0.409705
0.383099
-0.466989
-0.179122
-0.0126704
0.244295
0.441507
-0.163308
0.489902
0.0222659
0.253628
0.00789615
0.253786
0.330287
-0.317699
-0.328352
0.170424
0.105809
0.298643
-0.270748
0.460749
-0.339234
-0.0142212
0.436111
-0.0800987
-0.318482
0.443627
-0.0343814
-0.254413
-0.451912
0.212287
0.253201
0.283284
0.0267791
-0.184262
0.52418
0.411784
-0.227149
-0.4237
-0.289798
0.134116
-0.280833
0.123771
0.153314
-0.255256
-0.358757
0.4452
0.30174
0.247161
-0.117842
-0.110003
0.333726
0.541187
0.150812
0.0568498
-0.404577
-0.18262
0.310015
0.332935
0.269815
0.194351
-0.359714
0.0687239
0.128548
0.41267
0.172781
0.154305
0.114618
0.316493
0.0939071
0.0108479
-0.049068
-0.308526
-0.459089
-0.126172
-0.209075
0.0294388
0.388973
0.0475779
0.538832
-0.362594
-0.416904
0.242213
0.233124
0.326169
-0.135804
0.353007
-0.525599
-0.298275
0.293896
0.455472
0.425667
0.0713927
0.299479
-0.451021
0.0229963
-0.053392
0.186605
-0.33032
-0.287303
-0.354391
0.0745589
-0.178712
-0.39258
-0.517073
-0.302988
-0.216619
-0.355064
-0.284777
0.203526
-0.33996
0.37363
-0.272972
0.254325
-0.202224
0.309148
0.368137
-0.392316
0.43176
-0.137015
-0.02265
0.107439
0.424379
-0.371021
-0.4218
0.295988
0.0681302
0.187595
0.0976114
-0.163419
-0.0711561
0.264008
0.156919
0.0144735
0.349458
-0.512979
-0.0165241
-0.0111248
-0.438353
0.343516
0.293637
0.434308
0.370712
0.779016
0.151748
-0.33834
0.107984
0.0885246
0.441794
0.371098
0.468579
0.247687
-0.398213
-0.188181
-0.337377
-0.133384
0.0718745
-0.37761
0.0447001
0.162983
0.11157
0.406258
-0.0918987
0.362768
0.258767
0.237296
0.213185
-0.0356706
0.0812752
-0.0783447
-0.55156
-0.348118
0.35657
-0.240685
0.252498
-0.0697424
-0.291676
0.181825
0.424826
0.442681
0.313361
0.160556
0.414332
0.0462531
-0.0137866
0.394586
0.126559
0.552353
-0.122162
-0.242405
-0.125535
-0.0782021
-0.0253936
-0.0325629
-0.3733
-0.221014
0.294275
0.223797
0.268448
0.0902766
0.421871
0.333908
0.6535
-0.281602
-0.134679
-0.198002
-0.0261481
0.36666
0.422842
-0.213605
0.222898
-0.128679
0.507287
-0.30972
0.150358
-0.329908
-0.168358
0.282783
-0.34052
0.0922935
0.251634
0.0889063
0.186619
0.286264
0.228217
-0.0815461
0.184053
-0.428209
-0.155583
0.371313
0.677675
-0.215633
0.397364
0.635934
-0.0914499
0.740455
0.417293
0.0346136
0.39475
-0.499917
-0.217968
-0.011424
-0.0733911
-0.133464
-0.0814605
-0.0555635
-0.0918675
0.507882
-0.105675
0.153727
-0.223916
0.129642
0.617356
-0.213096
0.268001
-0.248025
0.100195
0.468578
-0.212485
-0.283799
-0.432427
0.448085
0.0353199
0.139889
0.384281
0.118793
0.54883
-0.110914
-0.331009
0.0929214
0.146091
-0.369391
-0.185164
0.363689
-0.00514867
-0.611114
0.3225
0.0581169
0.174437
0.427084
-0.0736339
0.232482
-0.361951
-0.304555
-0.100101
-0.0618595
-0.40744
-0.179116
-0.213046
0.291509
0.351262
0.164572
0.338896
0.244234
0.317556
0.194828
0.372708
0.333908
-0.0683926
0.542572
0.214139
0.359443
-0.0890944
0.0262265
0.196085
0.381081
-0.368374
-0.136809
-0.481396
0.342828
-0.214886
-0.0425364
-0.368364
-0.288565
-0.146307
0.0793225
0.39109
0.0787027
0.0404441
0.036044
0.0804522
0.395579
0.252428
-0.405535
0.37514
0.375888
-0.525595
-0.437148
0.0616021
0.386337
-0.0899103
0.353199
0.061248
0.457571
0.331842
-0.125804
0.153602
0.21926
-0.416624
-0.174138
-0.197703
-0.299543
-0.272019
0.237216
0.530017
0.214099
0.396591
-0.303472
-0.365628
-0.413838
-0.430521
0.150884
0.349898
-0.245964
0.401962
0.234929
-0.445254
-0.381438
-0.430335
0.267538
0.311703
-0.446323
-0.324434
0.092808
-0.265456
0.404858
0.120204
-0.439639
0.099465
-0.276328
-0.299291
-0.311215
0.012973
-0.0664948
0.219161
-0.389369
-0.305125
0.224428
-0.272403
0.206907
-0.114176
-0.380238
-0.373836
0.0294355
-0.476133
0.180763
0.344052
0.212952
0.440998
0.11793
0.0976048
0.104515
-0.0822419
0.155841
0.102761
-0.311978
-0.0414922
0.0812086
0.344944
-0.178756
0.453988
0.477053
-0.186636
0.160291
0.270041
0.439371
0.30637
-0.175549
-0.14489
-0.107288
0.030859
-0.248078
0.344942
-0.146728
-0.323033
0.226404
0.19474
0.0290967
-0.314137
-0.350361
0.329631
0.429639
0.285361
-0.209206
-0.238915
-0.136329
-0.0977497
-0.446411
-0.0241375
0.0441115
-0.13301
0.191084
0.159711
0.192561
0.093914
-0.389413
0.357445
0.295242
0.190375
-0.295979
0.0138887
0.232038
-0.116354
-0.372872
0.240737
0.395218
0.0219094
-0.192999
-0.00891341
0.170685
-0.183701
0.112125
0.420049
-0.0990798
0.036855
0.164338
0.450555
0.0463676
-0.10802
-0.238763
-0.260132
-0.240876
0.00968539
0.181405
-0.136818
0.0640654
0.214121
-0.0447506
-0.393938
0.268194
-0.361533
-0.289409
-0.00101342
0.197894
-0.256066
-0.464811
0.157197
-0.422299
-0.180231
-0.333389
-0.376387
-0.326086
-0.225982
-0.237739
-0.478002
-0.232506
-0.0436649
0.457832
0.298175
0.360785
0.325421
0.209331
0.429495
-0.404979
-0.362477
0.380668
-0.0994231
-0.026453
-0.203368
0.164867
-0.413252
-0.142045
0.219404
-0.266798
-0.290622
-0.422781
-0.279632
0.142238
0.302845
0.0114921
0.232381
-0.424352
-0.0482313
0.255493
0.409539
0.0524139
-0.127472
-0.0254415
-0.3405
-0.427362
0.0807194
0.219185
0.364088
-0.218333
-0.403965
0.00213244
-0.258634
-0.000443733
-0.454849
0.249849
0.0844314
0.353002
-0.263209
0.165485
-0.103733
0.226676
-0.433445
0.751655
0.712658
0.611793
-0.0936297
0.139227
0.179339
-0.238761
0.0261779
0.236737
0.296217
-0.437573
0.343718
0.106373
0.216588
-0.236932
0.52009
0.534154
0.513828
0.309427
0.338443
-0.137231
0.0364139
-0.0306068
-0.19664
-0.0673259
-0.0754253
0.32513
0.0334182
0.627311
0.39764
0.161015
-0.0758831
0.205342
-0.113233
-0.184536
0.0180481
0.273898
-0.391568
-0.447937
-0.201916
-0.0891056
0.47746
0.0246512
-0.359278
-0.298229
-0.10533
0.16144
0.0571658
0.00937714
0.0959588
-0.308152
0.150002
-0.0482334
-0.25007
0.129365
0.0327197
-0.115605
-0.302358
0.0334502
0.125995
0.155835
0.00833115
-0.239239
0.276799
0.0447171
0.246438
-0.0659654
-0.0866892
-0.199672
-0.0629364
0.23685
-0.121882
0.141139
0.327128
-0.159015
-0.185434
-0.474114
-0.0695551
-0.385096
0.209278
-0.372247
-0.140065
-0.354567
0.420454
0.133323
-0.282555
-0.369327
-0.338722
-0.138242
-0.105865
-0.22387
-0.213738
-0.344728
-0.151757
-0.431371
0.408226
0.0560727
-0.019326
-0.335916
0.161713
-0.188304
-0.3413
-0.591896
-0.423834
0.175866
-0.386133
0.278764
0.319339
0.229954
-0.102352
-0.243107
-0.328205
-0.382755
-0.469472
0.45816
-0.251598
-0.340005
0.115566
0.0252126
-0.418628
0.315984
-0.221046
-0.514757
0.101693
0.365141
-0.14685
0.181582
-0.419638
-0.339703
-0.035046
-0.130318
0.108522
-0.129222
-0.496469
-0.997429
0.0836066
0.264843
-0.426816
-0.513322
-0.0243065
-0.321308
-0.365566
0.190101
-0.0720652
-0.13863
-0.156789
0.27855
0.0376672
0.076955
-0.669627
0.363628
-0.163294
-0.108242
-0.421261
-0.678862
-0.421713
0.431252
-0.248343
-0.221801
0.289111
0.212597
0.16989
-0.0168932
-0.0273966
0.403084
0.0922248
0.399077
0.305745
0.392397
0.120557
0.0228532
0.260577
-0.101581
-0.283708
-0.473512
-0.296208
0.436024
-0.0987128
0.146366
0.0572243
-0.0499143
-0.062158
0.477565
0.12079
-0.334572
-0.340939
0.348169
-0.259334
0.23098
0.103572
-0.52158
0.181747
-0.426898
-0.386606
-0.280747
-0.405513
0.424702
0.153894
0.344343
-0.371004
0.337075
-0.483894
0.263338
0.209197
0.130646
-0.3372
0.40075
-0.298635
0.2373
0.393351
0.328227
-0.171947
-0.0148041
-0.138004
0.161727
0.352202
-0.154704
-0.214463
-0.257258
0.182233
0.295586
-0.250819
0.614107
-0.162338
-0.0914571
-0.103266
0.005673
-0.55374
-0.0975233
0.491691
-0.37299
0.113234
0.0487557
-0.20828
0.12803
-0.432882
-0.311933
-0.529281
-0.152427
-0.163739
0.225947
-0.18853
0.280391
-0.614752
-0.0830816
-0.249371
-0.0586872
0.0906839
0.444704
0.0911828
-0.26779
0.502376
0.494861
-0.436726
0.0485624
-0.203633
0.513803
-0.00451222
-0.00928837
0.377415
-0.353732
-0.425947
-0.0738938
0.511598
0.0553157
0.104485
-0.289755
0.457181
0.264136
0.137674
-0.265118
0.203083
-0.3725
0.218197
0.285194
-0.283964
0.208742
0.144126
0.458941
0.0333192
-0.0204852
0.46177
-0.421816
0.239986
0.0848561
0.0709338
-0.105185
0.15178
0.290695
0.515549
0.0979559
0.107605
-0.256329
-0.0283673
-0.218693
0.0430448
-0.302906
0.31972
0.463983
0.333402
0.620011
0.449035
-0.303944
-0.126196
0.100943
-0.0554941
0.433468
-0.101608
0.272172
0.105611
-0.377903
0.374439
0.528518
-0.215642
-0.214394
0.034463
0.248205
0.312188
-0.327085
0.490718
0.480808
-0.402734
0.167179
0.0829515
0.124525
-0.202406
-0.190132
0.259787
0.504376
0.431439
-0.197428
-0.33841
-0.295327
0.0272166
-0.344858
-0.246374
-0.132066
0.221904
-0.272545
0.575744
-0.280313
-0.323594
0.088136
0.281615
0.214026
-0.0210464
-0.172476
0.0791417
0.463035
0.00453991
-0.298441
-0.312812
-0.487164
0.0192245
0.130001
0.00600019
-0.0311832
-0.159279
-0.118768
0.419355
0.398066
0.0413693
0.165388
-0.481121
0.416768
0.201911
-0.0573273
0.194123
-0.369437
-0.360889
0.311694
0.294518
-0.348227
-0.387901
-0.351429
-0.106539
0.245254
-0.482322
-0.0793423
-0.0514362
-0.384385
0.234688
-0.321926
0.224513
-0.0914638
-0.567245
0.457126
-0.388052
0.143607
-0.038959
0.501423
-0.118957
0.0665421
-0.266156
-0.372511
-0.917261
2.87988
0.795099
3.22472
-0.547863
0.313997
0.403902
0.183722
-0.517512
-0.67032
-0.126593
-0.694461
0.229287
-0.0595607
0.0621215
-0.210079
0.142315
0.145943
0.291692
0.619347
-0.226504
-0.38885
-0.261375
-0.465439
0.267984
-0.0617969
-0.392481
-0.124202
0.22577
0.734441
-0.0313847
-0.263847
-1.71442
0.548136
0.0575222
-0.179854
-0.319685
0.382183
0.144823
-0.252244
-0.0622257
-0.212655
0.0238291
0.274135
-0.290893
-0.219156
-0.439529
-1.07211
-0.460591
-0.13212
-0.0598268
-0.083961
0.157196
-0.205664
0.404445
0.228696
0.234175
0.12345
0.0784642
0.271874
0.301094
0.081472
0.272098
-0.211582
0.00923724
-0.116889
-0.453581
0.261069
-0.0647819
-0.469013
0.0649133
-0.229247
-0.633191
-0.566312
0.104196
0.184342
-0.0179751
0.160443
-0.39931
-0.249449
0.110172
0.14038
-0.354776
0.404865
-0.0162567
0.0142448
-0.186602
0.121126
-0.237392
0.239668
-0.139574
-0.113472
-0.0588425
0.305242
0.212052
-0.188279
-0.43524
0.147567
-0.122821
0.159476
-0.169359
-0.443321
-0.18124
-0.234385
0.23398
0.520808
-0.181522
-0.458596
-0.333351
-0.245301
-0.0979808
-0.205916
-0.0393203
0.356801
-0.0160036
-0.0467742
-0.219411
-0.0477709
-0.24789
0.290438
0.0556389
-0.315019
0.113111
0.397339
-0.355473
-0.166446
-0.040597
0.0356513
0.25588
-0.0388257
-0.113695
0.436065
-0.313731
-0.352829
0.7361
-0.511263
-0.0643461
-0.150969
-0.000355235
0.329492
0.465548
0.271447
-0.327501
0.130026
0.23379
-0.0388315
-0.244346
-0.215056
0.592435
-0.168884
0.0179484
0.355484
-0.0317719
0.317745
-0.154828
-0.32881
0.0357384
-0.161544
-0.199608
0.209762
-0.00970897
-0.33873
0.0353978
0.231338
0.24253
-0.38607
0.409474
0.0343911
0.0976261
0.00333458
0.113274
-0.0372723
0.501155
-0.207034
0.0937448
0.540715
0.694918
-0.692235
-0.180412
-0.852287
0.15938
-0.268085
0.246989
0.353847
0.00522627
0.68363
0.385721
0.56919
-0.0185356
-0.188583
-0.00233995
-0.0435472
0.467996
0.128788
0.530024
-0.101569
0.502908
0.361541
-0.171502
0.0944211
0.508565
0.431841
-0.223665
0.294695
0.102646
-0.0473755
0.235099
0.396292
-0.128779
0.0489822
-0.620956
0.180328
-0.167392
-0.246584
-0.629657
0.477123
0.277441
0.0552148
0.367797
-0.35796
-0.461636
-0.206304
-0.203874
-0.75262
0.13789
-0.0728283
-0.191137
0.379374
-0.41759
-0.207951
-0.280275
-0.478218
-0.148455
0.269734
-0.192623
-0.144474
-0.168994
-0.586071
-0.00511889
-0.392378
-0.166705
-0.408206
0.0829286
-0.242742
0.0638003
-0.0964969
-0.440025
-0.0426625
0.101987
0.016553
-0.169655
0.248921
-0.0209171
0.384242
0.336542
-0.591735
0.379914
-0.332832
0.523578
-0.246439
-0.652232
0.1912
0.365797
-0.0431343
-0.221917
-0.543048
0.491456
-0.8313
-0.129694
-0.176866
0.0205819
-0.357899
-0.222389
0.0131682
0.495737
0.0798768
0.0512811
0.370469
-0.10879
0.0467341
-0.348315
0.0375858
-0.636931
-0.436803
0.613969
0.275307
0.398391
0.0137306
-0.0625466
-0.469697
0.279631
-0.119647
0.276362
-0.436323
-0.223913
-0.564414
0.158296
-0.354312
-0.239631
0.352984
-0.253964
0.236228
-0.293114
0.0269059
0.0240224
-0.314796
0.165403
0.221981
-0.256756
-0.325356
-0.233036
0.109252
-0.190211
-0.22424
0.188606
-0.225631
-0.400518
0.532864
0.0723278
0.306041
0.376873
0.0241942
-0.134819
0.388544
0.190226
-0.481556
0.153014
-0.00685198
0.477785
0.130814
-0.188726
-0.169723
-0.180407
-0.389749
0.057104
-0.0251928
-0.412814
-0.398523
-0.175639
-0.227478
0.0436994
-0.474764
-0.127329
-0.353175
-0.207342
-0.39147
-0.0940474
-0.889192
0.231738
0.400252
-0.424146
0.251504
0.0387748
0.240802
-0.682861
0.0709412
0.224905
0.242009
-0.101038
-0.32956
0.134965
0.486209
-0.144601
0.191035
-0.299705
-0.0735396
-0.251327
0.545096
-0.346528
-0.0628234
0.358958
-0.33065
-0.00599396
-0.0713423
-0.11053
-0.589664
0.17201
0.523401
-0.0723842
0.175565
0.0809545
0.253482
0.0120707
0.279257
0.271215
-0.333936
-0.38357
0.349826
0.0100456
0.475162
0.444404
-0.0248887
0.204868
0.415093
-0.0148544
-0.47211
-0.325335
0.0876149
0.309328
0.41867
-0.265673
0.41946
0.00484812
0.0575511
0.182768
-0.237573
0.249674
0.285102
0.0748417
0.195638
-0.483822
0.261903
0.403251
0.128372
-0.00372932
-0.424759
0.0266636
0.280462
-0.093274
0.126316
0.316062
-0.213273
0.0075438
-0.501025
-0.386397
0.226206
-0.046799
-0.417002
-0.434045
-0.175157
-0.0680256
-0.368849
0.190062
-0.023671
-0.442052
-0.267613
-0.336983
0.166129
0.453737
-0.381132
-0.123929
0.367492
-0.4502
0.394497
0.0993943
-0.0144532
-0.484854
0.0778067
0.0836604
-0.340963
0.0165831
0.364064
-0.407435
0.239636
0.226463
-0.355653
-0.0144528
-0.251764
0.0505713
0.489004
-0.404035
0.232222
0.162434
-0.298768
-0.0783904
0.49876
0.303242
-0.435582
-0.328845
0.195578
0.0934629
-0.345143
0.272255
0.373175
0.212039
0.321769
-0.24062
0.503202
-0.251858
0.382713
-0.0859625
-0.189724
0.0943948
-0.0959881
-0.329675
0.584791
0.344298
0.646802
0.435658
0.219409
-0.323392
-0.0313632
0.0287758
-0.134186
0.274536
-0.320457
0.418153
-0.240552
-0.0604153
-0.189724
-0.31152
0.106031
-0.119587
0.439517
0.546742
0.581536
0.360632
0.227915
-0.146586
0.355068
-0.244467
0.525713
0.0386052
0.058391
-0.00762789
-0.347056
-0.660193
-0.0310787
0.530684
-0.384869
-0.0283894
0.186174
-0.260105
0.417317
-0.0352447
-0.0589296
0.00559418
-0.296196
-0.270579
-0.0562964
-0.373658
-0.311549
-0.0819481
-0.0924632
-0.453249
-0.374796
0.0921062
-0.319707
0.32844
-0.0826118
-0.3797
0.273624
0.413187
-0.0626075
0.0131859
0.0893826
0.0863743
-0.210435
-0.266298
-0.0309315
0.0386052
-0.490831
0.448522
-0.509078
-0.332025
-0.169863
-0.226047
-0.0116106
0.211316
0.105806
0.125474
-0.370702
-0.23631
-0.270667
0.154992
-0.0566037
-0.254616
-0.499779
0.346452
-0.252152
0.439084
-0.347983
-0.432802
-0.298451
0.344286
0.278784
-0.246087
0.0480275
-0.161635
0.23827
0.42063
-0.358682
0.196218
-0.127602
0.390786
-0.0771843
-0.362554
-0.10838
-0.114959
0.046319
0.116007
-0.431749
0.482527
0.196309
-0.261619
0.301158
-0.260941
0.145933
0.372116
0.0522736
0.510676
0.388906
0.0971977
0.153385
0.259517
0.118258
0.296939
-0.148316
-0.411039
0.272147
-0.433824
-0.328392
0.420518
0.317024
0.184548
-0.304915
-0.445869
-0.170716
-0.561873
-0.251515
0.257814
0.390884
-0.205496
0.177119
0.276806
-0.336218
-0.0994907
-0.140637
-0.366777
0.217475
-0.0469192
0.184317
-0.296965
0.34536
0.458052
-0.174096
-0.088591
-0.0685165
-0.456542
-0.119565
0.178763
-0.155703
0.165162
-0.242565
0.179251
-0.364797
-0.189989
-0.478703
0.219784
0.292634
-0.0945146
-0.297768
-0.146339
-0.402715
0.318621
0.245198
0.200401
0.151127
-0.0937812
0.274301
0.252621
-0.04705
0.333469
-0.196016
-0.552283
0.215446
0.362398
0.343404
-0.101629
0.0946792
0.443322
0.24452
-0.0125801
0.0291788
-0.118423
-0.40016
-0.0209377
-0.332258
-0.309424
-0.242268
-0.327011
-0.0142582
-0.380055
0.369461
-0.0368344
0.177417
0.311558
-0.363551
-0.171957
0.00942258
0.167971
-0.288988
0.119127
0.235137
-0.308813
0.490873
0.0827157
0.356862
0.119911
0.582953
-0.266825
0.545681
0.212426
-0.265872
-0.382
-0.0774984
-0.392135
0.136799
0.123232
-0.340879
-0.0507058
-0.146602
0.460466
0.471943
0.281647
0.344876
0.488372
0.159623
-0.499775
-0.261357
0.572671
0.137564
0.570935
-0.367606
0.124756
0.0992703
0.0501255
-0.275522
0.186827
0.331538
-0.0690672
-0.0546597
-0.144757
0.0938534
0.525885
0.322133
-0.296974
-0.292634
0.303956
-0.295902
-0.0656949
-0.443652
-0.184828
0.378335
-0.283005
-0.0724754
0.0668353
0.151796
-0.492907
0.606383
-0.302496
0.497884
-0.261691
-0.0259529
0.375903
0.512515
0.274296
0.0251218
0.060795
-0.366724
0.157165
0.37025
0.134771
0.16131
0.0677526
0.176236
-0.327348
-0.441791
0.450193
-0.408476
-0.346429
-0.0726417
0.173193
0.429132
0.00226855
-0.469394
-0.111583
-0.14251
-0.0969803
0.187686
-0.279055
-0.306098
0.376989
-0.0872989
-0.0737046
-0.301678
0.0261369
-0.23844
-0.505009
0.320586
-0.485817
0.382107
-0.332655
0.120105
-0.0447239
-0.221411
-0.281431
-0.35197
-0.348676
0.141813
-0.168549
-0.37539
0.409028
-0.250976
-0.434673
0.165615
0.157261
-0.440683
0.209601
-0.202993
0.421472
0.250467
-0.414388
-0.272907
0.398165
-0.231015
-0.0332458
-0.153927
0.157852
-0.339871
-0.421807
-0.420186
-0.10629
-0.00209184
-0.399915
-0.293473
0.147667
0.389591
-0.289662
-0.0349482
-0.446527
-0.311103
-0.0222365
0.1196
-0.0633426
-0.424356
0.466409
-0.084211
0.363311
-0.0347126
-0.048619
0.112757
0.379654
0.0757836
-0.309909
-0.248297
0.365985
-0.215479
0.111202
-0.291653
-0.054907
-0.0814819
-0.385603
-0.459131
-0.490468
0.323299
-0.236083
-0.366789
-0.530919
-0.338796
0.48417
0.00763659
-0.288825
-0.0665745
0.224733
-0.597803
-0.220822
-0.243888
-0.0233307
-0.270195
0.0413498
-0.310531
0.522989
0.44797
0.393721
0.596189
0.232661
-0.286171
-0.126885
-0.0565331
-0.32752
-0.222728
0.386138
-0.379034
-0.0810458
-0.147455
0.305248
-0.258011
0.228434
0.343597
0.177568
-0.0285649
-0.0627952
-0.190308
0.411466
-0.0974441
0.0533052
-0.1689
-0.442327
0.204123
-0.194615
-0.039262
0.330946
0.459542
0.108727
0.199083
0.0131074
0.413595
0.4105
-0.20743
0.52895
-0.227435
0.0736306
-0.474895
-0.0726947
0.370972
-0.117482
0.0235864
0.135146
-0.245069
-0.252369
0.0652601
0.304878
0.27418
-0.302707
-0.15175
0.0721878
-0.215959
-0.343478
-0.260787
-0.375377
0.1611
0.0176916
-0.369512
-0.224659
0.0913752
-0.238813
0.269052
0.406617
-0.372592
-0.0268872
-0.49902
0.188008
0.105398
-0.475946
-0.519046
-0.395704
0.459702
-0.0154442
-0.145216
0.266258
-0.0603727
0.0773533
-0.374471
-0.0979572
0.173553
-0.3812
-0.0201285
0.0237302
0.107578
-0.281637
-0.365067
0.588075
-0.135157
0.0620825
0.101933
0.0383228
0.194626
0.328004
0.447657
0.138772
-0.334976
0.526162
0.126767
-0.0171415
-0.00314408
-0.412825
-0.0863481
-1.51669
-0.00578847
0.0280226
-0.0712263
0.399146
-0.0963501
0.0504911
-0.172511
-0.314211
0.152716
-0.362671
0.532805
0.157698
-0.356584
-0.488457
-0.05248
-0.0988359
0.698332
0.110256
0.0877972
-0.180185
0.27775
