#input normalization
0.161113 0.272716
48.4139 54.5635
9.76365 36.9305
7.95691 31.3512
0.0109534 0.0431587
0.00883762 0.0337665
0.542988 1.36901
0.823511 1.27769
1.05267 1.47112
1.29982 1.67897
1.57855 1.87949
1.86027 2.06281
2.12999 2.22636
2.39629 2.3791
2.64341 2.50023
2.87854 2.5868
3.10222 2.64749
3.30893 2.68228
3.48879 2.68793
3.62724 2.6498
3.75209 2.59835
3.85097 2.5101
3.92847 2.41397
3.96982 2.29961
3.99558 2.16779
3.98964 2.01953
3.9519 1.86013
3.89687 1.68023
3.79405 1.46746
38.1053 49.985
1 -1
#output normalization
1 0
#neurons weights
0.106372
0.0428756
-0.37496
-0.266402
-0.0300645
-0.216208
-0.0382915
-0.226556
0.464063
0.173771
0.0823503
-0.271481
0.0922851
0.226421
0.377663
-0.131498
0.437922
0.0873863
-0.412789
-0.300493
0.440111
-0.471507
0.130561
0.334364
0.442237
-0.184499
-0.0599896
-0.269051
0.362056
-0.454917
0.033326
-0.0988828
-0.0845655
0.396732
0.237599
0.247279
0.0630569
-1.2129
-0.392651
-0.518729
-0.43317
0.0458217
0.51057
0.394721
-0.457832
-0.357673
0.400092
0.255702
0.0438744
-0.448161
0.446448
0.982282
0.675793
-0.0569034
0.406336
-0.419939
0.336848
0.329131
0.493663
2.24757
0.355652
1.88232
-0.0412618
-0.233994
0.143997
-0.2256
0.0435179
0.326386
-0.669434
-0.0407251
0.0334664
0.513829
0.110419
-0.0978508
0.267316
-0.538649
-0.252653
-0.0925307
0.231707
-0.0576064
0.595592
-0.173298
-0.250297
0.260455
-0.557465
0.657412
0.141862
-0.24159
-0.349732
0.13058
0.192788
0.0996197
0.14372
0.141724
0.126622
#synapses weights
-0.34419
-0.0757625
0.286715
-0.343089
-0.467753
0.294714
-0.364045
-0.454585
-0.466434
0.0629872
0.342607
-0.0413944
-0.421964
0.310064
-0.0525022
0.0432968
-0.399001
0.297
0.282721
-0.00406755
0.0127911
0.279004
0.174503
0.29624
-0.314463
-0.347698
0.147563
-0.39972
-0.0633016
0.0601951
0.420257
0.0370712
-0.0394815
0.363907
0.0565074
0.106228
-0.286368
1.11384
0.0573648
0.00347247
-0.0744541
0.357765
0.179687
0.181273
-0.329497
0.102095
-0.252837
-0.349714
-0.0857859
0.105045
0.388135
-0.336911
-0.126479
-0.0259985
-0.246756
-0.055045
-0.089311
0.506814
0.366605
-0.164616
1.02079
-0.191944
-0.070875
-0.142626
-0.182233
0.19643
0.0358113
-0.0653596
-0.740294
0.154676
-0.0457834
0.167236
-0.0817948
0.169441
-0.444351
0.00309328
0.247176
-0.39859
-0.0292599
0.42724
-0.122189
-0.10496
-0.303366
-0.17582
0.553244
0.35798
-0.35599
0.238668
-0.193901
0.109227
0.310575
0.772816
-0.182679
-0.150035
0.303044
-0.0899961
0.507812
-0.271425
-0.317633
-0.502633
0.50669
-0.263526
0.14444
0.239562
-0.280717
-0.264439
0.15161
-0.159897
-0.311996
-0.239366
-0.166756
0.0266495
0.386988
-0.227997
-0.0517787
0.133273
-0.450922
0.0413703
-0.153983
0.250665
0.255676
0.0911889
0.38761
-0.301652
0.133488
0.0179719
0.490956
-0.209052
0.0557585
0.170517
-0.0968406
0.483936
0.212196
-0.198462
0.294162
-0.0996054
-0.127799
-0.207163
-0.416264
0.0738468
-0.321299
0.0512574
-0.306461
0.44987
0.308747
-0.154043
-0.389712
-0.175896
-0.152643
-0.359765
-0.399601
-0.0125595
0.0282401
-0.275498
0.112202
0.202519
-0.15331
0.213415
-0.0531603
-0.25525
8.94912e-05
0.237947
-0.11962
0.131048
0.433439
-0.178605
0.303687
0.00420471
-0.244654
0.100602
-0.131576
0.319197
-0.0943
-0.101018
-0.068221
0.402975
0.264311
-0.234149
-0.219756
0.320702
0.000690322
0.090095
-0.271578
-0.121269
-0.561358
-0.15977
0.512972
0.205533
0.105185
-0.104882
0.00320789
-0.0729196
-2.69095
-3.29373
0.0506192
0.0251641
0.130801
0.171383
-0.0685566
-0.00633955
-0.120671
0.0682057
0.321979
-0.237265
0.0664265
-0.0908424
0.22768
-0.219318
-0.133655
-0.00278387
-0.12991
0.275863
0.121916
-0.1367
0.0525489
-0.779613
0.461857
0.0172916
-0.457253
0.0103119
-0.291453
0.185564
0.184048
0.326881
-0.394928
0.294174
-0.0167535
-0.292906
0.335136
0.349603
-0.489501
-0.0203399
-0.417138
-0.476201
-0.298317
-0.389987
-0.361251
-0.0607047
-0.445836
-0.195712
0.467894
0.417471
-0.0439007
0.209142
0.429761
-0.380419
0.522226
-0.393181
-0.289835
-0.43622
-0.235153
-0.102993
-0.179336
0.505093
0.675594
0.316523
-0.619334
-0.0188525
-0.16724
-0.169936
-0.226428
-0.118674
-0.302086
-0.355709
-0.171544
0.285812
-0.420383
0.369177
-0.0960366
0.344908
0.344349
-0.13761
0.221599
0.113405
0.119308
0.320395
-0.275412
-0.0577392
0.0908171
0.197653
0.249821
0.28528
-0.0409918
0.182068
-0.221204
-0.722285
0.0761028
-0.698069
-0.0377495
-0.0465862
0.402188
-0.0408731
-0.41964
0.415831
-0.0741698
0.0475869
0.0325696
0.0611516
0.24889
-0.119422
-0.0579544
0.0575971
0.178623
-0.0737298
-0.1877
0.318692
-0.443809
-0.418737
-0.21027
-0.0578195
0.495579
-0.389515
-0.198706
0.17712
0.38207
-0.113407
-0.507744
0.030265
0.242774
-0.152514
0.230457
0.120175
-0.425759
-0.125614
0.202512
0.398
-0.256528
-0.297069
0.197202
-0.121764
0.00613348
0.111385
0.14858
0.487747
-0.140992
0.0907263
0.525693
0.131829
-0.470617
-1.27793
0.171961
-0.365486
0.0526982
-0.292038
0.219132
0.126812
0.204988
0.784521
-0.0837862
-0.157679
-0.270824
-0.0420691
0.336364
0.126178
0.340058
0.304793
0.00949078
-0.391317
-0.199413
0.285721
0.402219
0.185229
0.262825
-0.0481944
-0.506632
0.3871
-0.151626
-0.361362
0.00650685
0.0711523
0.870495
-0.287955
-0.813367
0.148583
0.121869
-0.278825
-0.00627737
0.166434
0.772686
0.819463
0.335368
0.238375
-0.1399
-0.258039
0.131702
-0.0530109
0.17052
-0.184358
0.169093
-0.334486
-0.224632
0.434521
-0.141575
-0.223851
-0.00531615
-0.0386736
-0.261953
0.125993
0.214136
-0.00897935
-0.0969761
1.08623
-0.338513
-0.164921
-0.44249
0.548269
-0.270829
0.170817
0.00316186
0.78501
0.653978
-0.190081
0.109591
-0.576626
0.104361
0.4672
0.288038
-0.159985
-0.199194
0.0976772
0.0949
0.31777
-0.474737
-0.0138998
-0.00496421
0.0816449
0.0672878
-0.362257
0.0559342
-0.211857
-0.0296983
-0.00868784
0.119197
-0.47659
0.2567
0.336263
-0.134051
0.201244
-0.267002
0.221502
-1.06862
-0.241802
-0.0486246
0.0619676
-0.0025518
0.245163
0.312526
-0.0848882
0.404948
0.378173
0.0163472
-0.00552727
-0.0149015
-0.0943513
-0.361997
0.157757
0.222799
0.0980616
0.319433
0.291176
-0.3729
-0.215212
0.304913
-0.5016
-0.185188
0.0686003
-0.152487
0.0447594
-0.103662
-0.491763
-0.256695
0.62949
-0.407608
-0.195152
-0.103043
0.054164
-0.0878939
-0.120593
0.363502
0.0167188
0.132438
-0.446074
-0.0264773
-0.306411
-0.345922
0.329708
0.261905
0.070385
0.445801
-0.419969
0.289225
-0.311312
0.0589296
-0.374937
0.0253699
0.0829524
0.302493
-0.0631992
0.329448
0.0917616
-0.332876
0.111062
0.694054
0.0932086
0.763837
0.510348
0.159553
0.524918
0.40354
0.212991
-0.0728913
-0.216524
0.316589
0.0916426
-0.39728
-0.358805
-0.217395
0.230893
0.206893
-0.126016
0.196975
0.0164505
0.147844
-0.35358
-0.0392149
-0.343515
-0.141554
1.04758
-0.0181898
0.402529
-0.300018
-0.359766
0.0421759
-0.416308
0.549682
0.066979
0.242067
-0.23592
0.219303
0.218623
-0.154163
-0.138677
-0.160367
-0.017155
-0.0906512
0.0890977
0.0755746
0.016304
0.281609
-0.17501
-0.104965
0.0348879
-0.138087
0.0756068
0.240226
-0.131122
-1.69158
-0.0520126
0.824109
-0.324305
-0.121374
-0.365144
0.0993585
0.244255
-1.02277
0.0134552
0.0333725
0.0307016
0.0201414
-0.368667
0.351776
0.115581
-0.217039
-0.0312337
-0.328861
0.100592
0.00965211
0.203728
-0.447487
0.341543
0.226846
0.150975
-0.439156
0.0330132
0.173518
0.298093
-0.269598
-1.54647
0.322562
-0.745699
0.340298
-0.257069
-0.175621
0.424175
0.198588
-0.159818
-1.11106
-0.284185
0.220698
0.0230931
0.313936
0.23422
-0.183573
0.174406
0.0584115
-0.229416
-0.255229
-0.391874
0.393231
-0.350971
-0.217799
0.25771
0.117052
-0.111059
-0.107634
0.140638
-0.082635
0.020358
0.58593
0.0351031
-0.768902
-0.143342
0.0954796
0.155134
-0.280349
-0.134043
1.33035
-0.585254
0.258679
0.0968126
0.0132919
0.0608673
-0.0103058
-0.17352
-0.28015
0.197901
0.126554
0.163155
0.227641
-0.333371
0.0564772
0.223195
-0.0487116
-0.0381767
0.0229869
-0.0413019
-0.0230341
-0.0422204
0.00753947
1.68745
-0.43004
-0.59025
-0.169436
0.133165
0.176114
0.229242
-0.108295
2.46528
0.506268
0.325684
-0.220036
-0.237703
0.168099
-0.175038
-0.205628
-0.0474362
-0.00779362
0.154807
0.325478
0.0123643
-0.270114
0.125283
0.275144
-0.124914
0.101076
-0.010925
-0.127763
-0.178971
-0.273162
0.143052
1.39503
-0.0738517
0.0851937
0.457077
-0.195258
0.285053
0.377932
0.0238556
0.82701
0.769423
0.322185
-0.271334
-0.14418
0.0615684
-0.154482
-0.329443
0.325823
0.28388
-0.0595907
0.069817
-0.0309966
0.42764
-0.332577
-0.258288
0.0182552
0.29176
-0.119382
-0.195399
0.486122
0.323229
0.152004
0.110859
-0.200497
-0.574813
0.0158625
-0.478463
0.265704
0.18304
0.16544
2.14365
0.327317
0.212013
-0.03653
-0.0818535
-0.198876
0.259148
-0.293928
-0.46191
0.219679
-0.299783
0.436396
-0.408215
0.305965
-0.315017
0.201242
-0.430261
0.441413
-0.134761
0.0380657
-0.503028
0.16669
0.150729
0.916219
-0.150057
-0.0834516
-0.475118
-0.181991
0.145815
-0.17981
0.272067
-1.62517
-0.907485
0.0558042
0.213028
0.0711252
-0.356919
0.287857
0.0758082
0.33092
0.0391963
-0.331931
-0.0475627
-0.0661455
0.33063
-0.321048
0.355364
-0.255726
0.0549413
-0.0463919
0.2822
0.0355226
-0.249001
-0.37727
-0.645538
0.489777
0.578715
0.406473
0.144944
0.0137284
-0.225796
0.0860573
-0.130028
0.103107
0.15002
-0.185897
0.440127
-0.042863
0.174611
-0.0989614
-0.109808
-0.094716
-0.410515
-0.206503
-0.223229
-0.243262
-0.435377
-0.38295
-0.240523
-0.132944
-0.000574652
0.282053
0.26633
0.22425
-0.180175
0.0113833
0.0186764
-0.67614
-0.485356
0.210501
-0.440408
0.119175
-0.0172737
1.61605
1.18997
-0.00052383
-0.162666
0.14062
-0.489056
-0.184549
0.201677
0.207704
0.000526647
0.104001
-0.0190062
0.137635
-0.196239
-0.224351
0.274243
0.132719
0.324362
-0.259003
0.315529
-0.268856
0.113138
0.403827
1.25703
-0.399448
0.0124802
0.507438
0.129519
-0.496309
-0.267034
0.453369
0.472026
-0.0323471
-0.153101
0.240683
-0.00842755
0.631621
0.414035
-0.0878263
0.262942
0.171488
0.278999
0.0563547
-0.200044
0.276922
0.0497079
0.0312609
-0.416418
-0.104571
0.309476
-0.558889
-0.228585
0.321197
0.399474
-0.01415
-0.194172
-2.19779
-0.394916
0.173669
-0.15055
-0.120596
0.164546
3.10744
-0.15261
0.12598
0.0946078
0.0595998
-0.0923989
-0.0308566
-0.0766111
-0.0138319
-0.00368217
0.0289352
-0.0580056
0.11266
0.075378
-0.111639
0.208054
0.0434827
-0.154337
-0.00576446
0.190546
0.0181947
0.0793101
-0.0954305
3.88572
0.223946
0.383125
0.353341
-0.24804
0.260306
0.65247
-0.227134
-1.30679
0.332878
0.103446
-0.220216
-0.281928
0.321474
0.166834
-0.224682
-0.139925
-0.286439
-0.211002
0.539747
-0.181827
0.109085
0.511263
0.193498
-0.0766434
-0.23411
0.150403
-0.249389
-0.140576
-0.0919353
-0.221651
0.16692
-0.2731
-1.63665
0.234813
0.288417
0.00757009
-0.207089
0.0818933
2.20895
3.12348
-0.152349
-0.103018
0.0639055
0.0054432
0.302465
0.225487
0.257079
0.0518786
-0.0127999
-0.170277
0.0371971
0.238817
-0.147123
-0.3673
0.14586
0.239044
-0.0460033
-0.18701
0.132224
-0.365132
-0.309809
2.35335
0.153709
0.582631
0.0491896
-0.229151
0.151513
-0.160795
-0.110175
-1.26369
-1.31449
-0.678459
-0.391841
0.0794151
-0.439942
0.012104
-0.325039
-0.52984
-0.136527
-0.124321
-0.229641
0.420683
0.177481
-0.523128
-0.466017
0.000840187
0.0285293
0.0548057
0.180756
-0.427603
0.343565
-0.204283
-0.980482
-0.413157
-0.251502
0.114098
-0.359515
0.00776164
-0.10682
0.374023
-0.244023
-0.464559
-0.309117
-0.54826
0.321283
-0.709199
-0.71075
-0.270676
-0.313636
-0.28954
0.319968
0.384873
0.43394
0.234066
-0.248869
0.192571
-0.512903
-0.0250545
-0.178018
-0.270235
-0.0453566
0.230925
0.0387095
-0.202176
-0.424988
0.534843
0.284804
0.3693
0.477592
-0.287443
-0.056086
-0.320108
0.0802028
0.0966627
0.223251
-0.305246
-0.349888
0.285907
-0.00362664
0.397685
0.0846267
0.438968
-0.355468
-0.0299392
0.355867
0.0412443
-0.423208
0.241282
0.449012
-0.281589
0.384688
-0.215033
-0.0192247
-0.162024
-0.0263601
-0.0376289
-0.0915071
0.566631
-0.278284
0.352794
-0.00278561
0.31355
0.218453
0.220933
-1.71815
0.101762
0.336488
0.335953
0.0903195
-0.0664552
0.545796
0.481468
-0.487411
0.334674
0.138642
-0.145078
-0.0152759
-0.701486
-0.0742459
0.308781
0.632654
0.533648
-1.00981
-0.120005
1.10537
0.171245
1.79994
0.0630212
1.63929
-0.723377
-0.451923
0.298611
-0.529643
-0.221537
-0.136512
-0.00810712
0.0334189
-0.181208
-0.26982
-0.246229
0.0831484
-0.146403
-0.0941178
-0.208073
-0.0234473
0.189035
0.179975
-0.456408
-0.0614756
0.444697
-0.438379
-0.258803
0.0877192
-0.525795
0.379669
-0.54701
-0.0255759
-0.311897
-0.307727
-0.525712
-0.317023
-0.5613
-0.153045
0.544827
0.275547
0.374353
0.227193
0.233844
0.155132
-0.365772
0.0269381
-0.430687
-0.0194022
-0.0682179
0.643632
0.301939
0.290868
0.144924
-0.269458
-0.516205
-0.419062
0.110821
0.257932
-0.0392184
0.0624272
0.454425
-0.062619
-0.414335
0.399211
0.311318
0.0095504
0.078591
0.585145
0.312525
-0.0183305
-0.195322
-0.212214
-0.34017
0.251865
0.524381
-0.327525
-0.0536271
-0.429113
0.252742
0.471662
-0.488555
-0.431743
0.0522308
0.368299
-0.0871908
-0.0283097
0.939665
0.463973
-0.577622
-0.955277
-0.843704
-0.0713545
-0.314816
-0.122723
0.453149
-0.838751
-0.121621
-0.58706
0.348746
-0.62676
-0.12796
-0.491106
-0.124334
-0.152161
0.112687
0.307465
-0.032819
-0.468397
0.188778
0.455018
0.31409
0.363037
0.128195
0.451928
-0.0872487
-0.186382
0.175925
0.0789479
-0.224905
0.207013
0.447248
-0.115192
0.28335
-0.03813
0.326849
0.41805
0.433198
0.0759078
-0.293648
0.176275
-0.470147
0.614489
0.337237
0.390211
0.0327782
-0.0998637
-0.160461
0.329282
-0.457739
0.115058
0.271869
-0.338665
-0.264141
-0.485311
-0.197928
0.119965
-0.184447
-0.110869
-0.384274
-0.572188
-0.505913
-0.328976
0.0645142
0.39245
-0.0727638
-0.368751
0.178839
0.268959
-0.047948
-0.158945
0.467282
0.230088
-0.313875
0.239201
-0.37753
-0.177865
-0.127126
0.208664
-0.093943
-0.270638
-0.180435
0.342399
0.144463
-0.241888
0.214334
0.470455
0.475573
0.0139661
0.238308
-0.195026
0.204668
0.226702
0.237634
0.362269
0.338109
-0.198298
-0.158688
0.247608
0.227873
-0.388688
0.11774
0.194583
0.395896
0.166072
-0.279157
-0.0695295
-0.0406473
0.11138
0.490098
0.175594
0.369149
-0.153334
-0.189863
0.0279945
0.0188803
0.0295035
0.365211
-0.153393
0.269049
0.895259
-0.247872
-0.0111434
0.03629
-0.0403642
-0.61732
-0.456309
0.436816
0.470595
0.575037
-0.140641
0.217981
-0.402619
-0.232244
0.249692
0.351873
0.83688
0.171139
0.533002
-0.238525
0.140203
0.62606
0.402772
-0.213621
0.255866
0.616318
0.0662228
0.600736
0.371334
-0.288905
0.0254284
0.0725029
0.646116
0.0304362
-0.275495
0.718416
-0.115987
0.263502
-0.624646
-0.270497
0.184884
0.0432393
0.256761
0.595145
0.422588
0.23483
0.560318
0.45813
-0.200414
-0.209315
0.773282
-0.430562
-0.273411
0.0177466
-0.0036166
-0.00359349
-0.267249
-0.483563
0.386181
-0.38608
0.273341
-0.669202
0.197731
-0.0100836
0.101387
0.617678
0.127134
-0.595655
-0.105783
0.00124131
0.100793
0.255663
0.0965605
-0.167271
0.165673
-0.681859
-0.364296
-0.388824
0.0749719
0.248499
-0.746522
0.333139
-0.614808
-0.338378
-0.416866
0.35953
0.330854
-0.156466
-0.428955
-0.321169
0.0759549
0.167635
-0.188925
0.269751
-0.0159644
0.0124687
0.0503448
-0.484975
0.27898
-0.326029
-0.526684
-0.347421
-0.499997
0.14807
0.0659187
-0.364893
-0.435208
-0.0687408
0.404209
-0.0782631
-0.059492
-0.45453
-0.161411
-0.145755
0.414177
0.098771
-0.329271
0.398065
0.0981517
0.0228361
-0.473675
0.13217
-0.160352
-0.182714
-0.467094
-0.112492
-0.301459
-0.075504
-0.384692
0.129228
0.163131
-0.0660472
-0.29467
0.259095
-0.304483
0.343216
0.0643467
-0.408562
-0.135974
0.20967
-0.158086
-0.368714
-0.461151
-0.177457
-0.560631
-0.133067
-0.0701515
-0.23952
-0.243921
-0.895275
0.208952
0.616782
0.513649
-0.12185
0.808781
-0.197893
-0.0316593
0.17158
0.880239
-0.56156
-0.122586
0.396138
0.495599
-0.541243
0.0378884
1.3152
0.885826
-0.625868
-1.23196
-0.81982
0.0897786
-0.977275
0.226747
0.564413
-0.118982
-0.311487
-2.95462
0.992853
-0.968679
0.0762091
-0.250989
0.49798
0.318116
-0.155317
0.292861
0.0600719
0.352022
0.0110509
0.343247
0.228329
0.407901
0.101011
0.0292354
-0.314466
-0.214704
-0.228951
0.205389
-0.180571
-0.524289
-0.386487
0.319736
0.468987
0.169523
0.259633
0.375157
0.201858
0.342422
-0.11287
-0.180345
-0.263104
-0.260902
-0.218847
0.110868
-0.343878
0.122678
-0.182892
-0.379875
0.092605
0.477088
-0.404547
0.150316
-0.121775
-0.132132
0.373705
-0.162217
0.162226
0.131238
-0.432657
-0.434409
-0.318319
-0.532762
-0.484787
-0.12154
-0.413208
-0.0562583
-0.364253
0.329983
-0.238542
-0.287823
-0.234596
-0.799695
0.115125
-0.678081
-0.326865
0.571589
-0.225287
0.0105627
-0.250059
-0.344101
0.466005
-0.270059
0.615911
-0.202392
0.30352
-0.339793
0.504247
0.235438
0.104761
-0.561277
0.0712974
-0.41429
-0.227643
-0.316548
0.226462
0.657193
0.131346
0.10214
0.744088
-0.181112
-0.0263962
-0.104959
-0.118422
1.12576
0.053884
0.802017
-0.176503
-0.432862
0.158828
-0.548456
-0.449667
-0.26029
0.157562
0.251707
0.1534
0.164524
-0.13582
-0.493782
-0.529219
0.436789
0.24374
0.119177
-0.0807391
-0.373112
0.429296
-0.313561
0.0560899
-0.42774
-0.265525
0.222136
-0.118308
-0.179414
0.21717
0.344351
0.292859
0.262057
-0.389888
-0.0767271
0.237606
0.327806
0.0949975
0.235068
0.336525
0.280279
0.273312
0.069585
0.200361
-0.255763
-0.231185
0.103901
0.112116
-0.265402
0.490998
-0.0325596
0.32692
0.312093
0.317328
-0.222971
-0.238843
0.342482
0.493386
0.457293
0.408948
-0.411624
-0.482435
0.502052
0.0678267
-0.373608
0.0773774
-0.451849
0.220724
-0.0978794
0.0281041
0.318521
-0.0177839
-0.083549
-0.231073
0.0955414
-0.0738158
0.190914
-0.0248835
0.049013
0.286826
0.317612
0.25972
0.212974
-0.0585433
-0.109131
0.392847
0.11772
0.29972
0.299446
0.576483
0.409356
0.536441
-0.388522
0.18255
0.285979
0.264992
0.594838
-0.188857
0.124822
0.0348433
-0.519673
-0.0331788
0.163096
0.141212
0.209336
-0.19041
0.400651
-0.684227
-0.170367
0.191328
-0.401346
0.141267
-0.312938
-0.363422
-0.400585
0.20327
-0.606261
-0.289225
0.0684357
0.33692
-0.483917
0.12693
-0.104
-0.704737
-0.451633
-0.551516
-0.377852
-0.0484784
0.0771416
-0.25138
-0.512906
-0.165625
0.355853
-0.0620276
0.234674
0.489397
0.390424
0.414405
0.263557
0.331551
-0.328872
-0.249479
-0.16935
-0.0251833
0.479039
0.423998
0.706094
-0.104209
0.0176512
-0.251102
0.278723
0.393468
0.161485
-0.251841
0.565767
0.628202
0.514384
0.031933
0.100293
0.314912
-0.0225665
-0.0755526
-0.276839
0.109435
0.245159
-0.447236
-0.154894
-0.0301516
0.513121
-0.0708045
0.181207
-0.141439
-0.286892
-0.182779
-0.140317
-0.344962
-0.143598
-0.00257027
0.224493
0.0520535
-0.293891
0.244085
0.11543
-0.525644
-0.860948
-0.456561
-0.276692
-0.490675
-0.0453639
0.0418065
-0.178146
0.129966
-0.562304
0.0321879
0.0382875
-0.206744
-0.161077
0.148832
0.154047
0.030782
-0.448797
-0.132448
-0.029076
0.458674
0.46128
-0.345711
-0.164766
-0.341181
0.27212
0.310298
0.29832
0.354529
-0.645366
0.0107338
-0.176327
0.376202
0.835847
0.50895
0.328825
0.610504
0.146959
-0.347455
0.492124
0.0345241
0.64065
0.171628
0.0141574
0.477897
-0.440278
-0.261545
0.422151
0.393493
0.0482856
-0.106297
-0.158924
-0.341025
0.0322998
-0.363012
-0.550425
-0.0100759
0.00531978
-0.219628
0.392739
-0.221885
0.0397089
-0.475357
-0.233137
0.217866
-0.212341
0.019971
0.202801
-0.309973
0.127443
-0.543661
0.373675
-0.000660736
0.533194
0.020109
0.314168
0.190961
-0.474881
-0.30298
0.177107
-0.188058
0.365437
0.153788
0.488214
0.181246
0.105762
0.0509147
0.318256
0.267394
-0.0120524
0.00919597
0.302261
-0.291321
0.311816
0.132644
0.0512278
0.272542
-0.755114
0.034279
0.218435
-0.478731
-0.0206979
-0.140427
-0.147906
-0.512361
-0.200165
-0.11807
-0.681406
-0.692091
-0.394735
0.743798
0.47173
0.292714
0.327163
-0.0788328
-0.246113
0.28936
-0.135762
-0.162582
0.224506
0.198946
0.0947623
0.216926
-0.0436095
-0.168426
0.32161
0.415517
0.0464125
0.193706
-0.192674
-0.0246489
1.05256
0.718933
0.48578
0.284243
0.41499
-0.2812
0.596193
0.346372
0.296174
-0.270895
0.266367
0.122872
-0.339572
-0.247064
-0.287253
0.197504
-0.25247
-0.236044
0.215078
0.0812701
-0.0764555
0.0477899
-0.559193
0.137312
-0.0222428
-0.301311
0.487767
-0.178633
-0.333065
0.185196
-0.307439
-0.329614
0.318322
-0.245676
0.435066
0.328667
-0.473839
-0.447421
-0.343473
-0.0710326
-0.0162001
0.168989
0.333549
-0.219524
-0.254355
0.411428
-0.352025
-0.230563
-0.115871
-0.254347
-0.0947552
0.224613
0.365893
-0.480061
-0.449988
0.106462
0.222364
-0.139965
-0.392809
0.237701
-0.332385
0.116862
-0.339564
-0.672018
0.157154
-0.176691
0.0851119
-0.250149
-0.511282
0.181368
-0.873895
0.408129
-0.898606
0.214926
0.466231
0.338731
-0.272849
-0.326732
0.00105466
0.0122083
-0.261067
-0.266486
0.0698582
-0.189877
0.00567778
0.0718297
0.263707
0.121607
0.0391623
-0.166337
-0.317226
0.085797
-0.269704
0.0203973
0.700437
0.724857
0.247741
0.344565
-0.118911
0.42417
0.558735
-0.431122
-0.12871
-0.320562
0.584145
0.0863183
-0.288117
-0.156253
-0.841576
0.604686
0.450238
-1.34263
-0.241279
-0.359071
-0.197985
0.944866
0.211153
-0.027032
0.00828477
0.239096
1.71455
0.0524523
0.10793
0.733
0.238034
-0.20584
0.322044
0.203456
-0.889418
-0.0896385
0.34659
-0.318319
-0.251713
-0.696149
0.10402
-0.610739
0.206661
