#input normalization
0.16111 0.272712
62.0941 63.4481
9.63197 37.843
7.92802 31.6947
0.0110841 0.0439661
0.00881468 0.0338775
0.542988 1.36901
0.823511 1.27769
1.05267 1.47112
1.29982 1.67897
1.57855 1.87949
1.86027 2.06281
2.12999 2.22636
2.39629 2.3791
2.64341 2.50023
2.87854 2.5868
3.10222 2.64749
3.30893 2.68228
3.48879 2.68793
3.62724 2.6498
3.75209 2.59835
3.85097 2.5101
3.92847 2.41397
3.96982 2.29961
3.99558 2.16779
3.98964 2.01953
3.9519 1.86013
3.89572 1.68228
3.7862 1.48252
3.65921 1.28429
3.54363 1.09712
3.41767 0.920599
3.26231 0.743118
3.10243 0.571919
2.94038 0.400932
38.1053 49.985
1 -1
#output normalization
1 0
#neurons weights
-0.49109
-0.223412
-0.285418
0.0579246
0.0914836
-0.394165
0.345558
-0.118439
-0.482264
0.0202016
-0.430319
0.360829
0.0125256
0.157323
-0.23333
0.0636534
-0.13563
-0.305786
-0.00625313
-0.129985
0.415748
0.0676685
-0.491121
0.200005
0.0122157
0.218561
-0.374567
0.188017
-0.0864757
0.479029
0.232081
0.345353
0.456869
-0.330461
-0.433353
-0.104723
0.0305085
-0.204581
-0.271515
0.264266
-0.351057
0.280427
-0.0376368
-0.119436
0.0225221
2.95434
0.272519
0.379027
-0.230488
-0.287612
0.525611
-0.449137
-0.384025
-0.392218
0.7754
0.45356
0.278786
-0.8559
0.38091
0.355213
-0.460906
0.400603
0.214789
0.276144
0.353619
-0.467552
0.270044
0.077592
-1.34667
0.122798
0.403104
0.648508
0.434369
0.781817
-0.0277302
-0.185523
-0.281569
-0.245222
-0.113791
0.211985
-0.114825
0.230588
-0.132668
0.227486
0.0453991
-0.214474
-0.00527903
0.175656
-0.372041
0.137745
-0.0952148
0.529483
-0.296764
-0.181312
-0.73191
-0.59038
0.0985198
0.465604
-0.269447
-0.548962
-0.0859644
-0.415306
-0.402907
-0.514328
0.380645
0.516538
0.442561
-0.363452
0.154697
0.0999445
0.466971
-0.150969
0.937276
#synapses weights
-0.0469972
-0.120075
-0.142607
0.251357
-0.129703
-0.260169
0.46136
0.550828
-0.190026
-0.302679
-0.383139
-0.00232313
0.255264
-0.391709
0.337248
0.560178
0.419981
-0.239997
0.203803
0.144857
-0.302108
0.354854
0.248997
0.326034
0.455166
0.51402
0.0991936
-0.357196
-0.36559
-0.100207
-0.217766
-0.410397
0.347042
0.0353074
0.453028
0.292155
-0.457784
0.113154
-0.486704
-0.0918105
-0.0577621
-0.359112
0.292944
-1.01605
-0.0352535
0.0673085
0.103121
0.266421
-0.153813
0.160473
0.138285
0.0597296
0.156761
0.0367001
0.165184
-0.118476
0.0650904
0.0308547
-0.300387
0.299122
-0.312282
0.186954
0.155604
0.289485
0.336147
-0.358578
-0.323989
-0.0604758
-0.377762
-0.0734591
-0.457332
-0.0654851
-0.513147
-0.00612701
0.518755
-0.398275
0.156724
-0.0107269
0.0056616
0.0773634
-1.02404
-0.489615
-0.360512
-0.491659
0.0602825
-0.231208
0.115431
0.588158
-0.367646
0.298629
-0.154943
0.438072
0.343798
-0.276635
-0.304176
-0.158259
-0.168208
0.479157
0.303193
-0.0414075
0.348293
-0.132725
0.266725
-0.350794
0.0890383
0.337475
-0.137544
-0.0830251
-0.032466
-0.471428
0.173672
0.392589
-0.43154
-0.168899
0.494754
0.475699
0.0983145
0.695859
0.813866
0.142821
0.148105
0.104127
0.179107
-0.158017
0.431389
-0.305772
-0.0171174
-0.204556
0.109345
0.254533
-0.0705985
0.316155
-0.541327
-0.370626
-0.352236
0.0669735
0.311859
-0.00406245
0.298918
0.37871
-0.266195
-0.153243
0.25037
-0.0437633
-0.00684757
0.328098
-0.225253
0.413025
-0.110308
-0.378338
0.0546494
0.0623814
0.151919
-0.379677
0.614619
-0.156582
-0.0300769
-0.0988412
0.130399
-0.478845
0.0833198
-0.0506768
0.0904841
-0.398169
0.357056
0.428018
-0.202956
-0.0964746
0.0751445
-0.417453
-0.0441771
0.281972
0.439953
0.206711
-0.00507399
-0.254001
0.0529088
0.352198
0.242954
0.22351
0.278743
0.153207
-0.00253532
-0.17951
0.0761098
-0.0509213
-0.227217
-0.376284
-0.0485707
0.271602
0.527223
-1.20107
-2.30671
-0.523858
-0.470803
-0.127641
0.0438135
0.227968
-0.252587
-0.222854
0.43994
-0.14505
0.136421
0.172884
0.24798
-0.388504
0.177459
0.135844
-0.319094
0.0486754
0.41007
-0.130742
-0.116065
-0.0206536
-0.352589
-0.124229
0.42648
-0.278849
-0.0497651
0.114462
-0.467059
0.452092
0.428127
-0.228977
-0.472534
0.0285363
0.223668
-0.548606
0.786853
0.0289808
-0.217537
-0.11165
0.209935
0.00067604
0.129424
-0.385582
-0.182589
0.229919
0.00822633
0.285267
-0.119993
-0.39416
-0.482068
0.211615
-0.322891
0.46012
0.221822
-0.404477
0.073803
-0.118642
0.0213293
-0.0814399
-0.281379
-0.157105
0.0861128
0.105158
-0.106506
-0.5327
-0.00586976
-0.0395905
-0.037519
-0.229443
-0.360813
-0.350578
0.0525289
-0.465145
-0.584769
-0.27885
-0.302479
-0.408721
0.312077
-0.359638
0.362162
0.0401066
-0.298118
-0.43429
0.00939426
0.135005
0.446998
0.125051
-0.052029
0.125439
-0.18015
0.419262
0.270393
0.0881369
0.321251
0.33634
-0.23302
0.186818
0.409906
-0.235513
-0.503778
0.126678
0.257451
0.0480493
-3.34229
0.198049
0.0219818
-0.000844568
-0.357971
0.336154
5.84556
0.115851
0.00654026
0.0168951
0.0796429
-0.00807367
-0.0351741
-0.0601459
0.0332765
-0.226409
0.222762
-0.0159935
-0.028693
-0.0714843
-0.342934
0.0273861
0.260358
-0.0105799
0.176396
-0.160966
-0.0275652
0.164626
-0.15242
-0.0898198
-0.240689
-0.0909822
0.172098
-0.0440586
0.174771
5.76299
-0.266896
-0.513727
0.216504
0.200401
0.249322
0.25782
-0.135474
-0.842087
-1.2272
-0.382363
-0.351843
-0.280355
-0.177839
0.336189
-0.320674
0.00536983
-0.339538
-0.0586323
-0.178096
-0.400095
0.0868806
0.404204
-0.0213935
-0.207211
0.042265
0.111729
-0.00554086
-0.0753241
-0.211431
-0.00479615
-0.263889
0.412072
0.1106
0.164199
-0.196919
0.112024
0.414131
0.211453
0.727887
0.155492
0.184533
0.275233
0.183136
-0.297601
0.360136
-0.243196
0.218857
-0.344353
-0.209565
-0.139997
-0.22704
0.35835
-0.225927
-0.490745
-0.254047
-0.164282
-0.383752
0.105622
0.0114425
0.146851
0.273334
-0.146915
0.11604
0.338354
0.195671
0.260974
0.255037
0.328881
-0.390849
0.193712
-0.206183
-0.538263
-0.49162
-0.523098
-0.256541
-0.0213762
0.216199
0.0755181
-0.210591
0.06764
0.488278
-0.766817
-0.774216
-0.18647
-0.548069
-0.204166
0.386487
0.307797
-0.404447
-0.380746
-0.233047
-0.334228
0.300378
-0.372203
0.188898
0.502379
-0.37479
-0.299005
0.160793
-0.26827
0.246277
-0.353369
-0.211677
0.5756
0.171811
0.289202
0.138559
0.363525
-0.402921
0.213193
-0.224456
-0.0389198
0.391677
-0.073966
0.289946
0.288183
-0.226407
-0.101138
-0.0796482
0.243342
0.0787907
0.121033
0.0776321
-0.129161
-0.298196
0.336844
0.192248
-0.04227
-0.552468
0.219448
0.141325
0.117252
0.110275
-0.161484
0.461149
-0.333034
-0.290144
-0.335321
-0.13943
-0.162459
-0.000499122
-0.00222826
-0.165225
-0.181223
0.252733
0.352907
-0.103815
0.439705
-0.297906
0.247688
-0.0439009
0.388014
-0.335499
0.212641
-0.00115145
0.834241
0.757254
-0.0294737
0.131955
-0.268191
0.463068
0.358176
-0.358427
-0.250011
0.0300206
0.0410853
0.170274
0.416215
0.478626
-0.218542
-0.231658
0.123434
0.233563
-0.384206
0.170269
-0.265952
-0.121864
0.395107
-0.271318
-0.322755
0.419569
0.341475
0.0187384
-0.138269
0.127985
0.368905
-0.0164095
0.422002
0.1172
0.103365
0.0123425
-0.300618
0.193981
0.178592
0.572554
-0.356231
0.114174
0.34244
-0.154376
0.0794468
0.217317
-0.253804
0.126298
-0.100045
-0.301976
-0.108668
0.00768984
0.393002
-0.0506542
-0.0267317
-0.293432
-0.455322
0.232437
-0.0934006
-0.135086
-0.457278
0.0816453
-0.136869
-0.100521
-0.297267
0.335172
0.546707
-0.195692
0.343966
0.186356
0.298065
-0.538413
0.365526
-0.191383
0.610226
0.355002
0.127447
-0.3153
-0.0963117
0.153864
-0.150349
0.364202
-0.167868
-0.00297911
0.0232718
0.183537
0.216925
-0.0797481
0.101642
-0.0745917
-0.274349
-0.244423
0.136718
-0.212234
-0.422386
0.0365379
-0.496731
-0.241206
-0.405935
-0.309402
0.0760247
0.16129
-0.425283
-0.195685
0.282735
-0.149853
-0.404761
-0.0730016
0.20778
-0.00736878
0.0985934
0.245657
0.598418
0.258582
-0.0124883
0.145475
-0.42011
-0.272082
0.471828
0.289448
-0.163946
0.272132
0.321252
0.126018
-0.00233679
-0.00050505
0.21621
-0.313135
0.380839
0.446954
0.287651
-0.35109
-0.127577
0.227279
0.42667
0.237037
0.0579777
-0.00215305
0.447735
-0.0143404
-0.33703
-0.425038
-0.180727
-0.102439
0.47655
-0.105133
-0.0278337
-0.543196
1.81441
2.66414
0.282274
0.0822958
-0.228005
-0.0595452
-0.0954114
0.143488
0.14257
-0.152087
0.054586
-0.184562
-0.155231
0.279433
-0.397544
0.234817
0.319833
0.0924562
-0.0254037
0.29731
0.118096
-0.0541657
-0.468052
-0.198921
0.493792
-0.139591
0.0796082
0.133174
0.013758
0.553469
0.40024
-0.332831
0.176935
-0.28904
-0.232618
0.252959
0.0212088
-0.773189
-0.279139
0.292955
-0.133351
-0.292469
-0.360938
0.121478
-0.136849
-0.090665
0.373307
-0.305587
0.369779
-0.0390957
-0.358567
-0.341688
0.0524747
-0.343079
-0.00182967
-0.293283
-0.195147
0.374133
-0.170249
-0.141996
0.106557
0.417307
-0.164733
0.292362
-0.114822
0.0506759
-0.363489
-0.414291
1.01628
-0.115818
-0.078157
-0.0755916
-0.0371365
0.0123569
0.312793
-0.205408
0.647132
-0.102702
0.0495955
-0.130967
0.338607
-0.168811
0.338878
0.39518
0.0939293
-0.080905
-0.332702
0.110205
-0.491073
0.037239
-0.323978
-0.104979
0.0492151
0.336443
0.109685
0.0860356
-0.188563
0.283849
0.183585
-0.186814
0.24972
0.293531
0.326191
-0.905598
0.205412
0.662233
0.232726
-0.551787
0.40995
0.288885
-0.101972
-2.56381
-3.09591
-0.259283
0.0724311
0.229317
-0.0556542
-0.201363
-0.0694241
0.126042
-0.150209
-0.0454492
-0.130702
-0.00212624
-0.125513
-0.0231395
0.0841251
-0.23656
0.117757
-0.169537
-0.0613576
0.149672
0.139281
0.266072
0.178439
0.273737
-0.505698
-0.170268
-0.0653589
-0.0448817
-1.31783
-0.00796663
-0.0336192
-0.00546054
-0.458409
-0.0888224
-0.125219
-0.107631
0.07852
-0.123817
0.386631
0.30816
0.287529
-0.182958
0.128125
0.201058
0.0249725
0.400417
0.50643
-0.176122
0.300814
0.487648
-0.219162
-0.220267
-0.100346
0.043434
0.10681
0.456646
0.380728
0.29303
0.150085
-0.315855
0.00317176
-0.272427
-0.0310548
-0.237345
0.464757
-0.00252122
0.322172
-0.192715
-0.158203
-0.332446
-0.486932
0.144174
0.164973
0.68746
0.190528
-0.142841
-0.329687
0.237913
-0.218151
0.27157
0.236915
0.167142
0.335586
-0.350356
0.085646
-0.405759
-0.230363
0.108004
-0.325214
-0.159429
0.226878
0.328664
0.221545
-0.282947
-0.487157
-0.32306
0.428644
0.0606268
0.235486
0.256681
-0.269593
-0.277023
-0.0459231
0.423101
0.165627
0.202676
0.123322
-0.186456
-0.362145
0.0379828
-0.0950283
0.571328
0.033951
-0.355196
0.376508
-0.300127
-0.273647
0.323631
0.215043
0.186714
0.501078
0.204633
-0.416766
0.326518
0.417688
0.303794
-0.398067
0.393359
-0.40577
-0.360872
-0.132987
0.137344
0.24124
0.352568
0.0834056
-0.124108
-0.102234
0.443901
0.15288
0.27173
-0.342062
-0.0851095
-0.501914
-0.508039
-0.271026
0.0377734
0.133952
-0.00389309
-0.0142997
0.00709712
-0.120187
-0.259101
0.158323
0.0935544
0.128267
-0.400575
0.17869
-0.360625
-0.503157
-0.280889
-0.0756573
-0.308117
-0.334725
-0.434326
0.44244
0.401233
-0.409197
-0.145348
-0.387067
0.262959
-0.347065
0.221069
0.514006
-0.313281
0.107137
-0.155691
-0.107261
-0.0476735
-0.109168
-0.185656
-0.387486
-0.391472
-0.134844
0.121148
-0.676506
0.0480349
-0.0397407
-0.136124
0.290795
0.379954
0.404709
0.492897
0.241789
-0.4151
0.289376
0.0585709
-0.403752
-0.442649
0.395504
-0.289757
0.346258
-0.171975
0.328567
0.360236
-0.101371
0.0941364
-0.196928
0.470952
0.163039
-0.367975
-0.111656
0.577345
0.376577
-0.191382
-0.415173
0.486668
-0.240445
-0.0645388
0.191283
-0.116553
-0.208988
-0.381353
0.477808
-0.178537
0.29592
-0.166967
0.375149
0.0234517
-0.187542
0.0935362
-0.489602
0.304406
-0.110677
-0.352743
0.261889
-0.252101
0.20146
-0.0351509
-0.493351
0.229443
0.239137
-0.509096
-0.151048
-0.108004
-0.609637
0.227659
-0.093873
-0.360522
-0.152025
0.176749
-0.531256
0.290922
-0.34874
-0.442768
-0.118724
0.391158
-0.0495318
-0.219146
-0.0638522
-0.0662429
0.230382
0.377423
0.224646
-0.0906648
-0.180749
0.345313
0.343741
0.338072
0.0894764
-0.246166
0.0381168
0.052389
0.139215
0.237951
-0.219591
-0.00539932
0.101709
-0.106216
0.434452
-0.354053
0.145991
-0.0673681
0.204838
0.403908
0.0739199
0.250669
0.41832
0.68749
0.11299
0.252061
-0.200497
-0.00681386
-0.38143
-0.214771
-0.301318
0.174116
-0.351078
0.0602196
-0.0411999
0.069172
-0.473468
-0.269179
0.0762541
-0.372471
-0.503733
0.161451
-0.050831
0.326326
0.00571868
0.235927
0.330508
-0.00387828
0.0839132
-0.0739538
-0.270539
-0.554112
0.205279
-0.14564
0.0761967
-0.379476
-0.129593
-0.207249
0.175956
0.11553
0.135327
-0.0740699
0.0528821
0.126968
-0.337593
-0.309212
-0.320724
-0.124312
0.75168
0.106419
0.493982
-0.101281
-0.0327199
0.256022
-0.0639645
0.459128
0.208855
0.227855
0.238542
-0.0151552
0.119862
-0.330192
0.338358
-0.423815
-0.365097
-0.44913
0.307118
0.0767714
0.157696
0.385834
0.168769
0.149401
0.0314427
-0.467388
-0.0778807
0.0962641
-0.126489
0.463533
-0.116764
0.406341
-0.0232658
0.305164
0.231282
0.405739
0.255101
-0.743793
0.386837
-0.417387
-0.256617
-0.0667617
-0.213627
0.429061
-0.0372553
-0.368502
-0.516581
0.183932
-0.155497
-0.0782861
0.32938
-0.491591
0.228467
0.409717
-0.245324
-0.0294165
0.0837207
-0.297021
-0.10459
-0.308081
-0.101828
-0.0682214
0.361616
0.121388
-0.186087
0.157869
0.0955148
0.258008
0.790803
-0.334244
-0.205009
0.175386
0.150262
0.00564081
-2.34959
-1.37483
-0.391532
-0.0186728
0.136267
0.360853
-0.0121392
0.0727506
-0.213323
0.341114
-0.134633
0.0755054
-0.060238
0.0852797
0.156758
0.283275
-0.0100552
0.0339106
-0.155733
0.253182
-0.219024
-0.339947
0.161752
0.178089
0.251968
-0.15167
-0.0965399
-0.209833
-0.0528838
-1.55908
0.300214
0.0844521
0.455183
0.0247598
0.132457
-0.549057
-0.0636424
-0.739352
-0.536862
-0.0807517
0.0450013
0.0988056
0.553917
-0.36005
0.429718
0.430403
-0.2124
-0.143728
-0.382835
0.0632699
0.390707
0.3168
-0.0847256
0.461904
0.364273
0.0300151
-0.243736
0.390718
0.439173
0.450946
0.122491
-0.351969
0.115502
0.04147
-0.177674
-0.346777
-0.618198
-0.0895849
0.30639
0.0544088
0.326144
-0.216258
-0.122018
-0.143733
-0.775973
0.0936247
0.734373
0.347772
-0.207341
0.0949711
0.227982
-0.191743
-0.379365
0.189408
0.644103
0.15639
-0.39972
0.0964716
0.148692
-0.227424
-0.0941354
-0.136392
0.468992
0.0955464
0.238122
-0.237506
-0.187064
-0.379256
-0.206434
0.221178
0.0983948
0.352939
0.086839
0.494612
0.0935921
-0.332704
-0.229355
-0.00813833
0.132128
0.0712094
0.000338724
1.20527
0.705006
-0.34883
-0.264093
-0.158107
0.00240643
0.217355
0.0969205
-0.190203
0.231903
-0.189619
0.23372
0.196481
-0.116894
-0.204522
0.0342807
0.0379313
-0.398117
0.105685
-0.306938
-0.327422
0.103254
-0.190956
-0.186907
0.248772
-0.294248
-0.430823
0.268994
0.130258
1.73857
0.00915894
0.136197
-0.0475424
0.650475
-0.236191
0.0632271
-0.406931
0.137959
-0.100893
-0.24282
-0.20285
-0.622995
-0.0152207
0.457175
0.295975
0.0503219
-0.0544874
-0.306921
0.328346
0.096524
-0.332253
-0.198428
-0.0289271
-0.354221
0.500595
0.151063
0.351079
-0.138161
0.267277
-0.177994
-0.167708
0.324168
-0.252467
-0.0832902
-0.243133
0.595853
-0.0485629
-0.0619726
0.700483
-0.219956
0.0201927
-0.014025
0.13833
-0.129391
2.33526
4.07015
-0.0817245
-0.0114627
-0.208323
-0.176594
0.203486
-0.330008
0.243294
-0.151492
-0.18915
0.0758801
0.0543838
-0.0395351
0.315701
0.0196459
-9.96183e-05
0.0757154
-0.0319638
-0.281089
0.1868
0.0726367
-0.0266403
-0.0669098
0.0639955
-0.0782842
-0.16673
0.537891
-0.0294983
-1.20852
-0.268922
0.145065
0.141693
-0.246067
0.435253
0.204151
-0.294271
-0.928805
0.330143
-0.130188
-0.295635
0.201466
-0.0662053
0.400549
-0.18413
-0.133666
-0.109619
-0.0842555
-0.124402
0.369391
0.301623
-0.0115812
0.112001
-0.309532
-0.103327
-0.183057
0.0967216
-0.221143
0.175285
0.368164
-0.049486
0.241252
0.283716
-0.267964
-0.0168313
0.09579
-1.06996
-0.123092
0.0654096
0.211406
-0.429283
-0.0861047
0.284434
0.23757
-0.108259
0.106316
0.0215533
-0.21001
0.113618
0.370425
0.0501644
-0.181903
0.438442
0.389838
0.417634
0.121624
0.031592
0.149137
0.422734
0.257103
-0.21353
0.312855
0.0300493
0.264845
-0.516162
-0.0435411
0.313448
0.508608
-0.229581
0.255221
-0.0476382
0.36203
0.0561032
0.488714
-0.131591
0.36577
-0.0747022
-0.0606772
-0.0866977
-0.0795718
-0.415342
-0.424133
0.0683145
0.253285
-0.971722
0.170268
0.172539
0.314732
0.316526
0.128855
-0.31409
-0.287074
-0.103954
-0.095125
0.361332
-0.533219
-0.000182018
0.303847
-0.0512731
0.041977
0.110352
0.0755028
-0.140175
0.0776706
-0.243964
-0.184161
0.0555196
0.0317927
-0.308612
0.127868
-0.140701
-0.45492
0.105946
0.399955
0.306947
0.0704883
0.0072067
0.118875
-0.674279
0.0571959
0.139777
-0.709157
-0.846553
0.163191
-0.583659
-0.0035149
-0.309041
-0.193914
0.237579
-0.308484
0.383913
-0.0602672
-0.409101
-0.336339
0.430321
0.108078
-0.370599
-0.354996
-0.363833
0.135673
0.268631
-0.121076
-0.186837
0.157716
-0.469308
-0.0761416
0.143909
0.301004
-0.160949
-0.414978
-0.147269
0.272001
0.343621
0.0462344
0.189901
0.206735
-0.322634
-0.452099
-0.230463
0.265777
-1.72208
-0.233623
-0.25215
-0.18948
-0.225409
0.189213
0.374855
-0.104777
0.0762491
-0.356645
0.151805
-0.234007
-0.34516
-0.186626
0.309934
-0.119721
-0.199382
0.0806625
0.263415
0.0849452
-0.214154
-0.55925
0.517353
-0.318575
-0.202227
0.275765
0.0842671
-0.438946
-0.763965
-0.34821
-0.0983128
0.375326
0.461087
-0.169512
0.177503
-0.295135
-0.353353
0.248767
0.0345051
0.517709
-0.182828
0.332979
-0.324813
0.0304496
0.127885
0.484871
0.0749182
-0.0803446
0.567918
-0.329344
0.20661
-0.23362
0.207292
-0.196088
0.423772
0.243043
0.425904
0.530973
-0.0693369
-0.0494767
0.196109
-0.186683
-0.0541518
0.289264
0.48653
-0.250665
-0.13156
-0.157604
0.316452
-0.0167675
0.50634
-0.118506
0.193514
-0.450744
-0.0658465
0.385922
-0.296179
-0.373022
0.068404
0.232995
0.354281
0.0104156
0.342361
-0.42376
0.200025
0.556179
0.126904
0.288665
-0.173479
0.576991
-0.207062
0.505638
-0.199894
0.471927
0.0760338
0.092513
-0.432869
-0.0383413
-0.150426
0.012602
-0.0140719
-0.26744
0.190495
0.0244678
0.0275884
0.180603
0.453624
0.316538
-0.0446114
0.0161651
0.321012
-0.581939
0.12312
-0.261117
1.66904
-0.359977
0.462414
0.203754
-0.00567682
0.469739
0.0201945
0.414296
0.407203
0.617211
-0.0927372
0.796428
-1.22952
-0.334959
-0.260588
0.258447
0.0470625
0.0773118
0.297764
-0.484179
-0.387023
0.156008
-0.252418
0.125712
-0.303958
-0.175243
0.236293
0.192148
1.27952
-0.0620673
0.322271
0.626938
0.49249
0.201074
0.236312
0.357304
0.144336
0.40728
0.102919
0.187581
0.485908
-0.0581148
-0.0251253
-0.257801
0.299253
0.0158967
-0.0553657
0.0127238
0.397632
0.467411
0.282027
-0.149231
-0.101177
0.0600136
-0.303882
0.23651
0.00807606
0.240768
0.0228326
-0.298128
-0.260175
0.132988
-0.186776
-0.348839
0.17666
-0.388602
-0.418484
0.407989
-0.293709
0.421909
-0.0167931
0.444562
0.0819601
0.105632
0.0580435
-0.532805
-0.311696
0.0954872
0.0924153
-0.419816
-0.40738
0.486443
-0.137459
0.244643
-0.272824
-0.0459233
-0.286348
0.137101
-0.321493
0.360897
0.157956
-0.00372575
-0.28572
0.0980823
0.534442
-0.0424908
0.103894
-0.474651
-0.156165
-0.644122
0.461716
-0.119988
0.355339
-0.0339503
-0.0784024
-0.271188
-0.128838
-0.353886
0.201065
-0.453126
0.340241
0.483482
0.525894
0.127048
-1.05631
-0.0764043
0.408274
-0.0488718
-0.23474
-0.357338
-0.00508852
0.266497
0.177722
-0.0301993
-0.48406
0.245112
0.300563
-0.460185
-0.170185
-0.400033
0.323583
-0.459955
0.161472
-0.375583
0.327675
-0.128172
-0.163753
-0.0268515
-0.598862
0.120456
0.542982
0.418965
-0.0350352
0.00938331
-0.316726
0.133573
0.153493
-0.271261
-0.657642
-0.101289
0.114461
0.100239
-0.32778
0.235044
0.373158
-0.259931
-0.180013
0.0670145
-0.139551
0.2676
0.189995
-0.671474
-0.00921836
0.304619
-0.132547
-0.306855
-0.478736
-0.206702
-0.0133535
0.2736
0.40354
0.017763
-0.201521
-0.347783
0.0754257
0.523215
0.383205
-0.166028
-0.660034
-0.497054
-0.246257
-0.205253
-0.28482
-0.19524
-0.19842
-0.194403
-0.14553
-0.585986
0.378834
0.441758
1.72694
0.198094
-0.292587
-0.123422
0.320678
-0.522901
0.187878
-0.196909
0.185038
-0.0229831
-0.29137
0.0167483
0.110847
0.26087
-0.0918148
-0.0616882
-0.31157
-0.307398
0.0776343
0.0133885
0.0620324
0.168482
-0.0502776
0.735125
0.296186
0.676442
-0.124315
-0.361377
0.58646
0.279461
-0.233213
0.128012
0.312013
-0.404064
-0.121826
0.574668
0.229364
0.333039
1.27529
-0.0843922
-0.22854
0.493968
-0.420928
0.0548026
-0.395267
-0.204194
-0.164051
0.175458
0.380138
0.239297
-0.112162
0.614159
0.126005
-0.153145
0.0235637
-0.0151921
-0.201833
0.413746
-0.111801
0.295855
-0.132916
-0.326679
0.169903
-0.136617
0.165886
0.0497807
0.285973
0.567284
0.216331
-0.296576
0.296465
-0.0899921
0.221449
-0.411899
-0.136788
-0.0702626
-0.841882
0.313134
0.0686424
0.0593857
-0.254417
-0.389609
-0.435029
0.0944318
0.326538
0.480171
0.418971
0.290334
-0.118821
-0.394891
-0.504665
0.280796
0.353683
-0.0190252
0.1184
-0.221336
0.00141324
0.0185617
-0.398215
-0.64927
-0.0666872
0.390347
-0.310765
-0.364683
-0.30333
0.0291151
-0.183594
0.152215
0.181902
0.0781536
0.15815
-0.241644
-0.329602
-0.0543738
0.620836
-0.0823328
-0.227231
-0.0516725
0.241656
-0.0908321
0.127852
-0.0566527
0.0534577
0.519867
0.503709
-0.374268
0.454545
-0.0952037
0.44879
-0.0594546
-0.207317
0.0156182
0.359899
-0.360555
-0.168228
-0.351489
-0.526076
0.228553
-0.131611
0.569651
-0.0671724
-0.147838
-0.000370979
-0.193037
-0.117374
-0.091368
-0.134613
-0.249028
0.325068
0.455402
-0.0817831
-0.0775181
0.0249873
-0.143743
-0.356187
0.121859
0.294463
-0.05275
-0.440423
-0.212956
-0.146196
0.0974569
0.383695
-0.0952196
-0.333785
0.111062
0.309044
0.267892
0.401821
0.0550039
0.102655
-0.577026
-0.00354701
-0.169457
-0.4014
-0.395147
0.560209
-0.277937
-0.32395
-0.0281019
-0.12427
-0.142287
0.439027
-0.334816
-0.695009
-0.152788
-0.0723844
0.0376863
0.091748
0.39524
0.107288
0.356728
-0.00510877
-0.0182372
-0.0818136
0.399161
0.498699
-0.407169
0.305415
0.0170964
0.253222
0.0435073
-0.154168
0.0423144
0.37586
0.474894
0.000350475
0.0682113
-0.17535
0.555248
-0.204667
0.241806
0.133944
-0.821746
-0.0306115
0.0707695
0.591901
0.115035
0.305378
-0.218923
0.0753119
-0.122
-0.000394164
-0.182236
0.234086
0.561931
0.106132
0.259206
0.524474
0.325105
0.183231
-0.235572
0.352517
0.314002
0.265998
0.0496358
0.330295
-0.0269811
-0.254105
0.458554
-0.0519666
-0.0229114
-0.0981044
0.234139
0.439347
0.285952
0.516838
0.0729434
-0.0797692
0.11582
-0.0309297
0.402781
-0.23837
0.177019
-0.0795917
0.31756
0.147724
0.311946
0.364138
-0.181548
0.32255
0.33009
-0.0167515
0.246758
0.139756
-0.172565
0.0197432
-0.434878
-0.445972
0.121377
0.523887
0.259403
-0.0500959
-0.326873
0.141979
0.582108
0.32748
0.474886
-0.421923
-0.0112059
0.457867
-0.151127
0.0432482
0.335401
-0.0589494
0.401899
0.0601089
-0.372895
-0.18972
0.122928
0.434264
0.0164653
0.495002
-0.255117
-0.302123
-0.428268
-0.50804
-0.300762
0.377924
-0.687811
-0.363526
0.718224
-0.436092
0.336752
0.597201
0.187803
-0.228256
0.295524
-0.637185
-0.498281
-0.687586
-0.18543
-0.513449
-0.501796
0.403573
0.496019
0.0945791
-0.252171
-0.166724
-0.469588
-0.249606
0.0911742
0.0471249
0.222836
0.00610034
-0.518787
-0.251486
-0.134384
-0.0386576
0.214231
-0.497645
0.183393
-0.364092
-0.106304
-0.559207
-0.247349
0.373187
-0.252293
-0.274633
-0.549789
0.126258
-0.230475
0.134933
-0.393539
0.100503
0.515999
-0.359327
0.284758
0.412832
0.461575
0.305249
-0.296972
0.0846784
0.0667045
-0.431905
0.293122
-0.523589
0.0588829
-0.172622
-0.26763
0.217505
-0.445055
-0.280136
0.47373
-0.36862
-0.0373402
-0.0655818
-0.0976574
0.159002
-0.545342
-0.393897
-0.0387747
-0.426543
0.44825
-0.304846
-0.52135
-0.224336
0.247592
-0.590146
-0.00916079
-1.14457
0.292638
-0.209778
0.155972
0.474403
-0.293515
-0.0849256
-0.505657
-0.378451
0.121446
0.125183
0.0659192
0.46662
-0.285858
-0.34891
0.361543
0.488409
-0.244635
-0.175034
0.0636891
-0.40125
-0.295041
-0.0433485
0.0708994
-0.290088
0.0353512
-0.188554
-0.337059
-0.730395
-0.371101
0.208171
-0.126861
0.39893
0.0363791
0.523919
0.386102
0.223456
-0.441392
0.477029
-0.01627
0.0625039
-0.494548
0.261833
0.0138745
-0.235014
0.248561
0.328699
-0.0833681
0.136999
0.149288
0.0944567
-0.0876599
0.612983
-0.282038
-0.201237
0.0668908
0.17098
0.23941
0.0339228
0.234886
-0.197466
-0.261966
0.111656
0.499536
-0.166154
-0.295315
0.0461243
0.36494
-0.316477
-0.406496
-0.225813
-0.452041
0.284154
0.14503
-0.0920839
-0.190664
-1.03162
0.116798
-0.219112
-0.249312
-0.501333
-0.3224
0.019197
-0.470542
-0.548295
-0.291733
0.101111
-0.0753207
0.100392
0.212351
-0.321322
0.191718
-0.0767749
-0.0995403
0.0335924
-0.322547
0.252825
-0.0349024
0.35579
0.58305
0.364459
0.230903
0.42034
-0.252437
-0.388598
-0.181417
0.0259874
-0.485088
0.0939754
-0.234764
0.197896
0.221268
-0.55855
0.230927
0.159579
-0.289237
-0.0665043
0.327414
-0.304323
-0.278804
0.178048
0.277704
0.290273
-0.355414
0.262045
0.283523
0.188393
-0.19453
0.229251
-0.0157796
0.477306
-0.465321
0.164576
-0.320045
-0.490041
-0.392184
-0.354393
0.133326
-0.429439
-0.236938
-0.0122315
0.469468
-0.32161
-0.0497954
-0.168099
-0.0411979
0.323394
0.747933
-0.471525
-0.604633
0.343946
0.239471
1.16672
-0.617014
0.226249
-0.269401
-0.300247
0.52314
-0.198149
0.282546
-0.245059
0.816088
0.169611
0.676799
-0.434278
0.370463
0.245843
0.102648
0.197623
-0.558203
-0.201878
-0.0449565
0.106228
-0.156508
0.309837
-0.351159
0.228071
0.085395
0.0994469
0.0569496
1.21967
-0.131894
-0.254824
-0.373545
-0.0758967
-0.22401
-0.0644027
0.106611
-0.323857
0.183423
0.184644
-0.117828
0.246952
-0.566412
0.402637
-0.215887
-0.0941165
0.313749
-0.440211
-0.321962
0.383778
-0.0850531
-0.162716
-0.0390658
-0.1682
-0.395787
-0.183656
-0.186792
-0.0406668
0.198017
0.129173
-0.0108954
0.292258
0.248832
0.123302
-0.289484
-0.206692
-0.193409
0.272197
-0.258253
-0.246111
0.3164
0.440936
-0.0403844
-0.0321258
-0.219344
0.561888
-0.0601027
-0.358837
-0.181379
0.264737
0.537675
-0.163474
-0.294518
0.322309
-0.482988
0.158682
0.48269
0.0226994
-0.277806
-0.26238
-0.0204265
-0.427383
0.0576439
-0.230489
0.0783241
-0.144415
0.0918594
-0.460764
-0.0110835
0.281981
-0.442175
0.480658
-0.111619
-0.0931188
0.122955
0.339724
-0.183277
-0.34772
0.291635
-0.111529
0.483407
-0.165229
0.112888
0.388654
-0.0494468
-0.74187
-0.145401
-0.485611
-0.48426
-0.0535447
0.479134
0.158142
0.296415
-0.372938
-0.265246
-0.520553
-0.0511088
0.406668
0.431041
0.265058
-0.285248
-0.169073
-0.204773
-0.0621566
0.211004
-0.0133569
0.275674
-0.497814
-0.308488
0.340191
-0.195099
0.0381836
-0.231029
-0.463667
-0.613924
0.240979
-0.15383
-0.408575
0.0476635
0.117571
-0.222277
-0.356221
0.408937
-0.311789
-0.295517
0.516377
0.212016
0.395529
0.200155
0.330507
-0.0832805
-0.142045
0.0276291
-0.445207
0.169127
-0.340672
-0.331013
0.092506
-0.0899801
0.26774
-0.0136948
-0.0765243
-0.296078
-0.238153
0.473273
-0.0537653
-0.200614
-0.00896449
0.307576
0.228734
0.264162
0.379437
0.300952
-0.301165
0.0969878
-0.376477
0.321647
0.0524851
0.459855
0.463912
0.214477
0.0593912
-0.195716
0.173926
-0.225636
-0.241416
0.0668233
-0.238276
0.431791
-0.235128
0.217337
0.228319
0.424257
0.186197
-0.0471802
0.0634184
0.297067
0.128112
0.279187
-0.332966
-0.219173
-0.310584
0.373404
0.449496
0.166189
-0.181802
-0.43617
0.30787
0.229542
-0.293653
-0.426153
-0.129337
-0.203823
0.298953
-0.378762
0.188672
0.341592
-0.336396
0.224027
0.195609
0.233538
0.173262
-0.0866152
-0.301537
-0.317695
-0.223667
-0.0781996
0.448393
-0.335778
-0.069878
0.50427
-0.224333
-0.0780237
0.307576
-0.484034
-0.366051
0.357965
0.167519
0.24422
0.0720924
-0.0177027
-0.399436
-0.530373
0.400263
0.314497
-0.0272971
0.258507
-0.49479
0.165805
-0.0508525
-0.510417
-0.24329
-0.00810894
-0.355857
0.0552734
0.441044
0.358131
-0.663105
0.149294
-0.521179
0.371861
0.218038
-0.389273
-0.103388
0.0316488
0.133009
-0.348103
-0.141341
0.0493179
-0.499735
0.267742
0.246754
-0.197864
-0.126338
0.17574
0.137807
-0.526088
0.397892
0.0314363
0.410898
-0.67479
-0.158098
0.177593
0.0906467
-0.451122
0.445093
0.26111
-0.182103
-0.326933
-0.0784339
0.604064
0.364143
-0.421581
0.44451
-0.338123
1.58344
-0.2325
-0.0588755
-0.193947
0.194552
0.328142
-0.0986062
0.482962
0.545162
0.487003
-0.334561
0.366014
-0.731442
0.136499
0.388425
-0.0157169
-0.233829
-0.514847
0.359184
-0.024759
-0.153975
0.171221
0.0168093
-0.545806
0.0960307
-0.020447
0.0256957
-0.273058
1.26042
-0.297593
-0.0213723
-0.233696
0.241147
-0.471335
-0.367611
-0.366083
-0.143241
0.129567
0.233621
0.151021
-0.181894
0.126415
0.151645
-0.43107
-0.42021
0.156878
0.327002
-0.742689
-0.312367
0.520901
-0.0267009
-0.136627
-0.0377458
-0.377934
-0.130772
0.363865
-0.264859
0.0426208
-0.113874
-0.369166
0.383257
0.241448
0.268285
0.0708971
0.256553
-0.551396
-0.0705075
0.290469
0.360367
0.183391
-0.0939334
0.465762
0.668345
-0.338778
0.31707
0.304574
0.652322
0.48818
-0.0893487
0.212424
0.0720683
0.144814
0.089046
0.269924
-0.177757
0.615915
0.644736
0.0998889
-0.739411
-0.2205
-0.300698
0.365351
0.324755
-0.223481
-0.00860501
0.301518
0.553208
0.541694
-0.394279
-0.166094
0.170549
-0.176613
0.507115
-0.219771
0.333919
-0.295654
-0.185439
-0.278594
-0.0199225
0.282291
-0.0313044
-0.446165
-0.0576136
0.285447
0.532953
0.0597935
0.197379
0.0401772
0.356845
0.00904607
-0.246089
0.0116758
0.415434
0.312036
-0.125703
0.344947
-0.295346
0.197905
0.387323
-0.329576
-0.122416
-0.0623535
0.378224
0.464044
0.421623
-0.0897075
0.477616
-0.137796
0.414827
-0.288844
0.159448
0.506917
-0.124482
0.129039
-0.322815
0.131323
-0.116716
1.014
-0.265914
0.158365
-0.816682
-0.138504
0.525405
0.344208
-0.668916
-0.540915
-0.103053
0.732395
-0.30175
0.166631
0.733508
-0.103247
0.157753
-0.748618
0.420084
0.383156
0.21989
0.363725
-0.0681738
-0.243638
0.0413169
0.374102
0.280385
0.229423
-0.0155808
0.0961488
0.19769
-0.740221
-0.127125
0.179542
-0.133372
