#input normalization
0.161111 0.272713
55.8776 59.6663
9.67791 37.4879
7.93437 31.5603
0.0110227 0.0436671
0.00882482 0.0338465
0.542988 1.36901
0.823511 1.27769
1.05267 1.47112
1.29982 1.67897
1.57855 1.87949
1.86027 2.06281
2.12999 2.22636
2.39629 2.3791
2.64341 2.50023
2.87854 2.5868
3.10222 2.64749
3.30893 2.68228
3.48879 2.68793
3.62724 2.6498
3.75209 2.59835
3.85097 2.5101
3.92847 2.41397
3.96982 2.29961
3.99558 2.16779
3.98964 2.01953
3.9519 1.86013
3.89572 1.68228
3.7862 1.48252
3.65921 1.28429
3.54441 1.09538
3.42333 0.906903
38.1053 49.985
1 -1
#output normalization
1 0
#neurons weights
0.180071
0.33141
0.352106
0.241013
0.0645504
0.375472
0.340834
0.466518
0.431618
0.133569
-0.2742
-0.00957564
-0.215552
0.377727
-0.107412
0.101247
-0.356346
-0.493953
-0.399417
0.00726631
-0.33294
-0.387933
-0.194748
0.210676
0.236821
0.365094
-0.277675
0.333651
-0.468122
0.184046
0.441822
-0.381756
-0.47301
0.408346
-2.74519
0.404413
0.417699
0.133163
0.268961
1.61095
-0.128832
0.0438304
-0.120052
-0.413952
-0.0731306
0.832739
-0.0118641
0.333242
-0.344261
0.0264733
-0.404778
-0.614226
-0.357202
0.460573
-0.309906
0.41425
-0.0678173
0.254682
-0.11011
-0.141655
-0.0266832
-0.281969
-0.923533
-0.387253
-0.159133
-2.01907
-0.0290721
0.96083
-0.413596
0.471741
0.0129347
-0.424206
-0.263984
-0.125831
-0.0161581
0.00851884
0.260588
-0.829644
0.0185159
0.463458
0.402469
-0.0631568
0.187509
-0.0462684
0.0232291
-0.749242
-0.200287
-0.231397
0.756931
0.163051
-0.328157
-0.243569
-0.0527611
0.0141622
-0.602299
-0.220103
-0.147589
-0.259316
0.216366
0.300904
0.452047
0.460048
0.160665
-0.275027
#synapses weights
1.05948
-0.296932
-0.174044
-0.00282473
0.125273
-0.0466618
-2.76158
-4.70998
0.154954
0.160634
0.173699
0.0381081
0.0595056
-0.151882
-0.0424982
0.0659622
0.0534095
0.0784429
0.197131
-0.0134194
0.0886561
0.0411063
-0.0775387
-0.299904
0.221549
-0.018052
0.173371
0.0640852
-0.0216422
-0.104635
-0.0829982
0.266801
-1.76548
-0.299263
0.0571729
-0.156794
-0.534623
0.13579
0.249049
-0.0489112
0.746039
0.864286
-0.0146022
-0.0980282
-0.224516
-0.0758091
-0.271884
-0.127054
-0.186848
-0.22163
0.324304
0.190666
0.322801
0.196846
-0.290321
-0.456797
0.186568
0.0959682
0.334191
0.111026
0.141841
-0.0835019
-0.391775
0.436629
-0.0557716
0.404805
-0.182407
-0.404853
-0.109295
-0.0476746
0.141012
0.348716
-0.121751
-0.308409
0.997208
0.668347
-0.305542
0.359916
-0.375267
-0.248749
-0.182932
0.0662044
0.0942621
0.0793722
-0.0270932
0.0619503
0.104098
-0.435846
-0.00240349
0.234565
0.49319
0.241773
-0.0326721
0.0139029
0.156282
0.326116
-0.0688954
-0.0293415
-0.313664
0.101021
0.700333
-0.472059
0.443459
-0.268687
0.146958
-0.0377547
0.095033
-0.0977713
2.5358
0.0673699
0.0325759
0.119776
0.347023
-0.19488
-0.107666
0.0391503
0.00233608
-0.108956
-0.205693
0.434371
0.0544717
0.217338
0.0699853
-0.114181
-0.190401
-0.00106725
0.117881
0.11701
-0.469782
0.280252
0.26152
0.153374
-0.197583
-0.0508024
-0.161729
-0.319221
-0.64478
0.427531
-0.168507
-0.0975739
-0.012092
-0.101298
2.32062
-0.167305
0.0183173
-0.0300687
-0.108941
-0.0592285
0.394644
0.10509
-0.170027
-0.231942
0.172124
-0.275444
-0.270019
-0.0100583
0.259571
0.00415612
-0.0563923
-0.404236
0.242281
0.0585838
0.0239821
-0.0488687
0.0216253
-0.0388445
-0.0499203
-0.503099
1.21536
0.384453
-0.916098
-0.103155
0.0831253
-0.161728
-0.415985
0.126885
2.42947
1.14059
0.197927
-0.100411
-0.150638
0.146464
-0.0917992
0.0638797
0.054215
0.127988
-0.357646
0.0981903
-0.278749
0.0554144
-0.0418062
-0.255944
0.11978
0.242397
-0.0663356
-0.326298
0.0779079
-0.236225
0.201665
0.274583
0.178042
-0.284923
1.96759
-0.289341
-0.321905
-0.264777
0.0102716
-0.321561
0.314592
-0.0264496
0.18054
-0.389751
-0.287128
-0.030151
-0.443237
-0.502728
0.312676
-0.499459
-0.484348
0.128478
0.288789
-0.448633
0.0792101
-0.0878454
0.410742
-0.282418
-0.00756019
-0.252085
0.510091
0.547323
-0.0695597
-0.0992837
0.478455
0.216735
0.499345
-0.133592
-0.273298
-0.230223
0.250355
0.261361
-0.144352
0.389325
0.212736
0.0480139
-0.222976
0.160379
0.522354
-0.146112
0.0395369
-0.131549
0.086454
-0.14769
0.775722
-0.33191
-0.277404
0.60864
0.203057
0.174815
0.537171
0.152634
0.454684
0.32313
-0.115752
0.526475
-0.100957
0.320967
-0.0319623
0.524846
0.488674
0.393141
-0.646326
0.0984822
0.397803
0.0226056
0.419205
-0.567298
0.463862
-0.562988
0.486755
0.308992
0.21688
0.0652488
0.130773
0.00869147
0.165944
0.363124
0.254948
-0.475294
0.0885557
0.108141
-0.401225
0.218458
0.385508
0.428398
0.293727
0.21138
0.275953
-0.143477
-0.258146
-0.197885
-0.158326
0.0442584
-0.166926
0.413922
0.083376
0.383634
0.568761
0.32663
-0.616953
0.273024
0.131902
0.3288
-1.52929
-0.994699
-0.392794
0.233999
-0.12531
-0.157951
-0.017307
0.21078
-0.0169873
-0.0264093
0.211042
-0.102857
-0.243336
0.390424
-0.335503
0.319979
-0.206546
0.0216943
-0.00417064
-0.239561
-0.412333
-0.161374
0.288347
-0.325147
0.229505
0.12249
-1.29993
0.213529
-0.505857
0.135092
0.0808241
0.20095
-0.408915
0.188112
-0.0414682
0.214509
-0.328242
0.198826
0.071009
-0.162493
0.0877303
-0.112717
-0.175537
0.276696
0.0541796
0.0147349
-0.363459
-0.213594
-0.184506
0.491395
0.136887
-0.122666
-0.358012
0.35813
0.0644105
0.134817
0.120268
0.141797
0.0954799
0.618038
0.134944
-0.232496
-0.514842
-0.0242473
0.0177099
0.0153268
0.148789
-0.176029
2.87653
0.540776
0.218339
-0.0838447
0.117293
-0.13982
0.0835012
0.0340051
-0.34537
-0.214044
0.182972
0.0848721
0.249223
-0.150965
0.130004
-0.293502
-0.206524
0.119927
0.0712834
-0.408875
-0.103297
-0.381199
0.0302392
0.0768564
-0.516902
-0.0809213
1.65143
0.101247
0.610328
0.425286
-0.281187
0.183465
0.020532
0.000948452
0.314665
-0.336274
0.119158
0.207126
0.107835
-0.353446
0.224296
0.127063
0.103919
-0.216701
0.369249
-0.0207002
0.124497
-0.495729
0.244324
0.0296743
0.389594
0.133119
-0.168954
0.199618
-0.378101
-0.458764
0.0013048
0.229046
-0.524118
-0.199864
-0.624787
0.280918
-0.116694
-0.150103
-0.247561
0.411602
-0.117816
-0.0224199
-0.824627
-0.0234917
-0.118065
0.365889
-0.441121
0.335732
0.513268
-0.304368
-0.244181
0.129014
0.577901
0.551568
0.0655056
0.0968177
0.240257
0.479222
0.193618
0.526531
0.244485
0.560473
0.635151
-0.116692
-0.395627
-0.336266
0.118452
0.149583
0.440266
0.406511
-0.0415214
0.179557
-0.352904
0.17827
0.230185
-0.596416
0.0934751
0.607986
0.00776461
-0.252768
-0.155355
0.341847
0.340017
-0.184675
0.0581633
-0.340216
-0.0371904
-0.264665
-0.330268
0.309495
-0.472919
-0.169587
0.0667916
-0.0324244
-0.351962
0.276319
0.164525
-0.532094
-0.292408
-0.41683
-0.180001
-0.0220238
-0.260025
-0.390713
0.331678
0.377715
-0.302848
0.40453
-0.100046
0.183075
-0.803859
-0.565673
-0.420565
0.18229
0.319829
0.179048
0.373614
-0.152548
-0.00527554
0.160806
-0.0426435
0.278641
0.0709348
0.0636961
0.40703
-0.1856
0.500665
0.0731794
0.222683
0.114197
-0.476131
-0.0570718
-0.187544
0.439228
0.27889
-0.118219
-0.305363
0.428741
0.0854581
0.321699
-0.413062
0.155507
0.0925094
0.50386
-1.40793
0.299659
-0.408848
0.0702901
-0.142664
0.0622246
0.218356
0.292064
-0.11271
-0.416483
0.113612
0.161459
-0.392848
-0.396542
0.0750855
-0.296707
-0.108195
0.0440818
-0.394729
-0.00203782
-0.392
0.0392494
0.190977
0.175352
-0.124116
0.0903058
-0.519123
0.0438584
0.482027
-0.266915
-0.157152
-0.162148
0.180328
-0.0380205
-1.50926
-0.321648
0.121855
0.162918
-0.249261
0.00389632
0.0877907
-0.193419
0.123226
0.298353
-0.0444672
-0.322557
0.306498
0.356909
-0.211246
-0.447375
-0.133216
0.228842
-0.230527
-0.178318
0.25898
-0.327538
0.184763
0.270806
0.0508321
-0.00988972
-1.12482
-0.368306
-0.263856
-0.379923
-0.122523
-0.383906
-0.0404415
-0.457341
-0.60855
-0.19193
-0.233217
-0.236533
-0.0117239
0.0490005
0.347802
-0.153156
-0.00984212
-0.211884
-0.160548
-0.0339685
0.122355
-0.303856
0.327024
-0.42573
-0.113787
-0.301496
0.479649
0.0672122
0.256717
-0.269744
-0.0805196
-0.0886453
0.0602191
-0.0438218
-0.122354
-0.0637234
0.0630826
-0.326597
0.0132157
0.440984
-0.0229499
-0.320256
-0.660227
-0.248441
-0.228594
0.544355
0.142074
0.137185
0.0318324
-0.148408
-0.00700031
0.264538
-0.212016
0.104661
0.392603
-0.357931
0.417465
0.018385
0.0538544
0.137751
-0.174775
-0.481509
-0.161592
-0.0867656
-0.247855
-0.0973317
0.340011
-0.126221
-0.0325395
0.429604
-0.665829
-0.355762
0.184073
0.390319
0.393251
-0.143802
0.291692
0.0896751
0.487276
-0.301876
-0.0198327
0.0944076
0.325075
-0.176075
0.061988
0.178595
-0.342573
0.28768
-0.361172
0.403232
-0.159151
-0.0385651
-0.286485
0.333404
-0.434808
0.320452
0.0542724
0.237977
-0.033359
-0.393674
-0.393208
-0.1636
0.849981
-0.209432
-1.00597
-0.330907
-0.384981
0.0461109
0.0365057
0.25466
-0.325768
-0.741664
0.244222
-0.264203
0.198992
-0.377611
0.209282
0.322769
0.0988217
0.296826
0.0224051
-0.347686
-0.120594
-0.0624689
0.120398
-0.325322
0.368801
0.254642
-0.41694
0.123808
-0.398668
0.240568
0.234525
0.45122
-0.382028
-0.318647
1.36903
-0.223201
0.43047
0.334724
-0.430429
0.151745
-0.253958
0.192081
0.609195
0.1612
0.798577
0.360102
0.088718
-0.154732
-0.144221
0.477238
0.0928944
0.0748096
-0.0757784
-0.450146
0.216891
0.0971769
-0.103446
-0.220321
-0.324661
0.267898
-0.388405
0.282351
0.213711
-0.0962691
0.0998843
-0.355759
-0.324027
0.333154
-0.659025
-0.218779
-0.19923
0.161623
-0.185693
-0.244927
-0.381989
0.278483
-1.04139
-0.180056
-0.226446
-0.112809
-0.212477
0.269433
-0.358505
-0.278491
0.380226
-0.0524156
0.346353
0.424832
0.333847
0.213007
-0.104073
-0.163287
0.304825
0.225671
-0.305985
-0.343464
0.0259849
0.494239
0.117179
0.358771
0.0374415
-0.106819
0.0728188
0.43426
0.729927
0.209516
-0.0584491
-0.189343
0.0903116
0.00386932
-1.01873
0.395814
0.0875132
0.140062
0.122743
0.0253859
0.0236707
0.263775
-0.0706584
0.00153741
-0.361979
0.0523226
0.305609
0.00701156
-0.473957
-0.449686
0.450463
0.125848
-0.24289
0.228685
-0.109817
-0.181352
0.274049
-0.199026
0.143268
-0.421029
-0.432832
0.251453
-0.302026
-0.294607
0.435987
-0.453934
-0.382547
0.0252743
0.62044
-0.199569
0.0357845
-0.256975
0.23021
0.247394
-0.303028
-0.0794132
-0.490121
0.21662
-0.457629
0.216476
-0.500372
-0.243288
-0.269062
-0.28997
0.351533
-0.430442
-0.114787
-0.346748
0.215205
-0.430218
-0.208986
-0.156556
-0.57825
-0.205553
0.425075
-0.115658
-0.439576
0.477819
0.0561641
0.132133
0.133916
-0.148392
0.166617
0.276506
0.410219
0.127997
-0.26768
-0.452903
-0.349525
-0.311264
0.389456
-0.433717
-0.353305
-0.316162
-0.141739
-0.0925723
-0.151404
0.0449226
-0.0636023
-0.160715
-0.263719
0.413961
-0.1248
-0.512256
0.36655
0.0622733
0.0987395
0.197904
0.65511
0.0755267
0.355893
0.150807
0.235758
0.103262
-0.0330387
-0.086073
1.01052
0.852317
0.428783
0.182739
0.184218
-0.510166
-0.37406
-0.332175
-0.541501
0.00380879
0.0088679
0.0420508
-0.237988
0.101611
-0.027596
-0.0948809
0.12937
-0.452736
-0.201917
-0.279953
-0.0594532
-0.111074
-0.415594
-0.171796
0.0727924
0.186019
-0.279581
-0.0609126
0.681711
-0.0880247
0.0489568
0.131226
-0.28312
-0.0573996
-1.20408
0.275198
0.156092
-0.255933
0.23548
-0.207746
0.248073
-0.053825
0.0250749
-0.376113
-0.153751
0.093336
-0.222471
-0.125438
-0.107459
0.229684
0.382255
0.111326
0.0805332
0.0958505
0.140459
-0.243471
-0.414121
0.307222
-0.389441
0.220644
-1.48444
-0.222574
0.280972
-0.0998885
-0.316317
0.576923
-0.282783
0.193121
-1.45493
-0.276977
-0.645208
0.0538347
-0.0452564
-0.411362
-0.0440845
0.423968
0.0643848
-0.215845
0.181831
0.259546
-0.223766
0.153619
0.221137
0.20285
0.364538
-0.194615
0.490871
-0.139749
0.335411
-0.226022
0.407954
0.275341
-0.0143633
0.31457
-0.635909
0.0427016
-0.325863
-0.569357
0.00686466
0.052948
0.271759
-0.0121497
-0.203873
0.289769
-0.0560332
0.436002
0.16603
0.142851
-0.327634
0.221806
-0.317693
0.323527
0.242466
-0.00148815
0.165003
0.106557
0.27371
0.193818
-0.322928
0.241149
-0.151797
-0.0433563
-0.351673
-0.436608
-0.181198
-0.495739
0.350261
-0.261507
1.21984
0.30413
2.8067
-0.0337195
-0.0285797
0.0407354
0.286963
-0.419272
-3.39573
0.406899
-0.0606644
-0.0257698
0.0874177
-0.0802335
0.0472079
0.114388
-0.0434735
-0.0115722
0.0235739
0.0897664
0.0644021
-0.0587779
-0.0255393
-0.00212973
-0.0549639
-0.00322762
-0.0228966
0.144138
0.0667564
-0.139966
-0.0971725
-0.0462469
0.0809683
0.0688675
-4.74747
-0.463302
0.517032
-0.43842
0.559129
0.2197
0.261274
0.0698744
0.505414
0.492394
0.35274
0.220236
-0.516972
0.270089
0.0742177
-0.218852
-0.512523
-0.336632
0.259015
-0.117097
-0.261068
-0.532753
-0.2422
-0.359393
-0.514125
-0.158111
0.213188
-0.103241
-0.523341
-0.482257
-0.171656
-0.147148
-0.285546
-0.202805
-0.242126
0.474395
-0.87567
-0.173923
0.273971
-0.276029
-0.438562
0.426318
1.02472
0.0209348
-0.16177
0.0734679
0.164794
0.115864
-0.0545857
0.289538
0.247577
-0.232298
-0.287376
-0.257447
0.397631
0.308133
-0.54248
0.0996237
-0.0117371
0.281507
-0.147011
-0.194735
-0.102805
0.343037
0.019691
-0.234061
0.31719
-0.205382
1.79483
0.492344
0.594605
0.153077
-0.172255
-0.154262
0.503592
0.438569
0.401276
0.181923
0.0983831
-0.26962
0.440942
0.145038
-0.0779131
0.331984
-0.200745
-0.179361
0.0786084
0.0520135
0.36356
-0.30005
0.392527
0.0187379
0.0786523
-0.130276
0.431723
-0.329234
0.4447
-0.155604
-0.309022
0.394718
0.36644
-0.352074
-0.380525
-0.0745061
-0.0127197
0.450405
-0.120939
0.0956897
-0.393584
0.137214
-0.134795
0.528981
-0.33682
0.417855
0.431455
0.304326
0.100559
0.347704
0.432547
0.529818
-0.258855
0.531889
-0.0149236
0.0489653
0.463654
-0.129627
0.541311
-0.258291
-0.104233
0.260345
-0.341573
0.218797
0.44542
0.414405
0.19223
-0.179839
-0.0685564
0.206534
0.558356
0.109515
-0.665047
0.10471
-0.0379399
0.127514
-0.0549461
0.437444
-0.125645
-0.0241573
-0.43107
-0.0338036
-0.0085654
-0.2204
0.251003
-0.528064
0.088322
-0.541612
-0.312131
0.588283
0.0181771
-0.394831
-0.187591
-0.480531
-0.401862
0.177084
0.0867295
0.0880312
-0.0421356
-0.715493
-0.131467
-0.462878
0.306474
-0.652351
0.303915
-0.409983
-0.135483
-0.279179
0.216559
-0.351971
0.175187
-0.246297
0.00515186
-0.0605793
-0.11221
0.119835
0.219832
-0.257402
0.333841
-0.196138
-0.133692
-0.0712365
-0.41408
0.0125969
0.193748
-0.326273
0.142206
0.335885
0.0756853
-0.0856304
-0.331717
0.202795
0.153457
-0.265646
0.145345
0.129971
0.11519
-0.553554
-0.140695
0.144329
0.0174723
-0.415202
0.041069
-0.544869
0.243504
-0.333164
0.243034
-0.129232
0.17616
-0.379942
0.325001
0.410304
0.0818288
0.0307528
-0.0477146
0.157449
9.57301e-05
0.186723
-0.344133
0.106986
-0.23192
0.354752
-0.492821
-0.436022
0.202924
-0.125676
0.367362
-0.22177
-0.395365
-0.262011
-0.286161
-0.326913
0.149176
-0.61223
-0.526605
-0.22272
-0.015614
-0.0427204
0.458774
-0.361971
-0.206945
0.93506
-0.215119
0.37374
0.246564
-0.501486
-0.150895
0.317994
0.101843
-0.395187
-0.107543
-0.243861
0.262091
-0.27265
0.511565
-0.391533
0.409441
-0.694062
-0.171703
0.268682
-0.0831569
0.360208
0.215875
-0.0133109
-0.559878
0.55356
-0.0882804
0.0584516
0.229074
-0.0789822
0.418875
0.355049
-0.155642
-0.347083
0.375752
-0.123445
-0.0145777
-0.291616
-0.182602
0.221524
0.450099
0.184004
-0.368314
0.0284785
-0.290128
0.190763
-0.464856
0.248788
-0.270226
-0.244902
-0.0671122
-0.107946
-0.0789968
0.365732
0.00164052
-0.0666847
0.454003
0.113303
-0.23078
0.543703
-0.282025
0.512472
0.282306
0.204198
-0.0800648
-0.121746
-0.579337
-0.449114
0.245463
0.60707
0.882682
1.1176
-0.149365
0.0420983
-0.149362
-0.016209
-0.0768849
1.03847
0.0937985
0.249783
-0.454213
-0.188218
-0.36188
-0.659769
0.303105
-0.0126097
0.229936
0.538595
0.315054
-0.170898
-0.422839
0.3832
0.229304
-0.253564
-0.652203
0.0612069
0.146073
-1.5908
-0.358751
0.763522
0.312889
-0.389267
0.0355248
0.219463
0.0217288
0.465223
0.339733
-0.150716
0.274941
0.101085
0.221518
-0.414859
-0.189171
0.332952
0.308255
-0.390265
0.155342
-0.388845
0.382893
0.284755
0.149585
-0.116555
0.423078
-0.0281788
0.0290144
-0.0423889
-0.292794
0.326965
-0.152256
-0.322079
0.495081
0.118547
-0.108359
0.16764
-0.111274
0.381015
1.15042
-0.492578
-0.465319
-0.548685
-0.397828
-0.7631
-0.485075
-0.467336
-0.13537
0.226613
0.321323
-0.143276
-0.171283
0.243581
-0.37904
-0.308148
-0.364606
-0.13515
0.364354
0.133978
0.211618
0.923953
-0.502587
0.345215
-0.198188
-0.230468
0.266389
-0.578108
-0.467272
0.187747
0.486484
0.902621
0.0227134
0.108989
-0.510049
0.253744
0.468794
0.257056
-0.552803
-0.133192
-0.326456
0.0972239
0.198833
0.283709
-0.220132
0.122971
0.254414
-0.0959854
0.387637
-0.380764
0.0595474
0.146498
0.0506663
0.278105
-0.335774
-0.0603798
-0.233304
-0.109928
0.353498
-0.200213
-0.0585646
-0.362901
-0.22626
0.0814596
-0.454606
-0.211596
-0.182533
0.287334
-0.513005
-0.317548
-0.460832
0.344764
-0.0506388
0.624076
0.178273
1.02951
0.431122
0.0869209
0.429757
-0.185844
0.240536
-0.143227
0.867603
-0.296619
-0.255537
0.409449
-0.424341
0.593271
-0.360167
0.0230809
-0.61676
0.248763
0.386243
-0.307604
-0.0610183
-0.331409
-0.097303
0.142559
0.136653
-0.0610713
-0.511563
-0.251638
0.201197
0.195823
0.345386
-0.0217284
-0.267202
-0.409964
-0.349503
-0.329129
-0.416615
-0.478976
-0.0254778
0.0219446
-0.340219
-0.103016
0.0420668
-0.26575
-0.0840246
-0.0782233
-0.311377
0.364184
-0.0125451
-0.131714
-0.21089
0.2828
-0.417794
-0.536705
0.0385013
-0.201341
0.171105
0.0299991
-0.410067
-0.312169
0.15706
-0.311334
-0.343487
0.274125
-0.101518
-0.314591
0.655525
0.0467627
0.39442
0.267602
0.36697
0.883448
0.234978
0.202196
0.39759
0.338679
-0.288203
0.363748
-0.210879
-0.180314
0.0673601
-0.0175443
0.325617
0.21711
0.379205
-0.126895
-0.133762
-0.267761
0.400374
0.127538
-0.15902
0.216199
0.173208
0.185436
0.0694539
-0.19757
-0.15191
0.440812
-0.209263
-0.0390002
0.0846103
-0.0428517
-0.0133318
0.345694
-0.0483641
-0.225606
-0.013977
0.337284
-0.145469
0.146724
0.109981
0.420675
0.335458
-0.576894
0.157466
0.096732
0.139755
0.0804125
-0.161437
0.309846
0.00740273
0.310894
-0.345062
-0.428369
0.193069
0.0536364
0.145407
0.25783
0.523054
0.808419
0.144541
-0.241276
-0.255869
-0.358434
0.193725
0.327685
-0.426459
0.552747
-0.115871
0.0409298
0.116287
-0.506374
-0.283253
0.270859
0.145235
-0.267193
-0.498963
-0.424534
0.306222
0.0783509
-0.426753
-0.418615
-0.30955
-0.0956522
-0.413387
-0.19819
0.0914016
-0.65878
-0.303447
-0.215269
0.0895153
-0.288863
0.31579
0.014304
-0.505056
0.177543
-0.147291
-0.126925
0.102084
0.436535
0.0473381
-0.134645
-0.0812973
-0.0231869
0.29065
0.248518
-0.0978428
-0.611096
0.198397
-0.0750699
0.349184
-0.0783012
-0.129722
-0.389345
0.424805
-0.0385102
-0.403338
-0.181164
0.137622
0.143387
-0.0827087
0.589672
0.257924
-0.0681105
-0.119292
0.653759
-0.159931
-0.15316
0.66361
0.373183
-0.128774
0.587245
-0.237886
-0.313929
-0.416612
-0.281124
1.72502
-0.440721
-0.128977
-0.0591634
-0.827002
-1.46111
-0.125469
-0.438451
-0.399696
0.44534
-0.476495
-0.960015
-0.0723279
-0.122323
-0.315584
0.363916
0.280788
-0.092976
0.163436
-0.0838642
-0.125246
0.396612
-0.479333
-0.110534
-0.0957354
-0.294202
0.458721
-0.0987463
0.169976
0.341987
-0.0819925
2.03624
-0.160412
-0.682737
0.0833969
-0.295696
0.161175
0.316977
0.449923
-0.439023
-0.109153
-0.0126344
0.300427
0.135459
0.00391141
-0.29939
-0.222948
-0.0949332
-0.223024
0.129276
-0.134225
0.169155
0.425263
0.0958612
-0.349965
-0.0305262
-0.0178711
-0.161476
-0.303182
0.0239214
-0.316311
0.679846
-0.21165
0.623974
-0.0252415
0.290889
-0.254752
0.252466
-0.496412
0.424615
0.124194
-0.0768643
0.307747
0.29823
-0.173932
-0.194694
0.287056
0.288478
-0.242917
0.447797
0.301517
0.248797
0.0369116
-0.188606
0.491162
-0.0975867
0.139333
-0.536246
0.48708
-0.01191
0.176667
-0.139813
0.223004
-0.262259
0.306754
0.481746
0.268873
-0.386348
0.0609731
-0.0514614
0.0468462
0.0165168
-0.329852
0.323187
-0.052826
0.107348
0.022474
0.313978
0.210046
0.264884
0.707203
-0.12326
0.0289494
0.336152
0.0215364
0.607285
0.6969
0.288282
0.177688
-0.13917
-0.126274
-0.410769
-0.320074
0.0442729
-0.316077
0.284735
0.490619
-0.296659
-0.23592
0.170372
0.44846
0.402496
-0.532215
-0.341837
-0.319389
0.624762
-0.374552
-0.463206
0.78593
-0.299246
-0.44029
-0.316086
-0.231677
0.000284709
-0.426828
-0.467584
-0.156323
0.127557
-0.290743
-0.0567818
0.162089
-0.0588846
-0.0864631
0.132838
0.199062
0.177333
-0.0752556
0.188637
-0.38701
-0.390517
-0.543949
-0.461674
-0.300918
0.0192995
0.0654796
-0.0513083
-0.31892
-0.12491
-0.481518
-0.299048
0.287646
0.338913
0.422618
-0.0973361
-0.318986
0.171846
-0.212806
-0.161214
-0.0984425
0.0468402
-1.32611
-0.234701
0.0935606
0.324381
0.258967
-0.0762302
-0.615273
-0.205432
-0.0612775
-0.504987
0.415931
0.331135
0.519541
-0.457048
-0.152836
-0.129481
-0.079843
-0.541349
0.414491
-0.0512878
0.0712662
0.178345
-0.127481
0.0560285
-0.133173
-0.353757
-0.219208
0.207428
-0.292375
0.488625
0.0596302
0.369342
0.348034
0.110991
0.105659
-0.415354
0.164357
-0.227374
0.384884
0.313884
-0.102882
-0.0696976
-0.303661
-0.19045
-0.447469
0.163322
-0.155816
-0.166769
0.136893
0.123372
0.302456
-0.163848
-0.224719
-0.143245
-0.0882966
-0.294987
0.300038
-0.0197882
0.738715
-0.362708
-0.0203026
0.468551
-0.233505
-0.397582
-0.311996
0.529308
0.124818
0.0290701
0.117848
-0.467594
-0.639634
-0.165974
0.395326
0.26615
0.037572
0.185596
0.027946
0.0146806
0.11291
0.503312
-0.385856
0.015568
0.337895
-0.0603735
0.185477
-0.247022
-0.155588
0.301242
0.353161
0.482106
-0.00623918
-0.0556773
0.274771
0.230081
0.424662
-0.0462372
0.73465
-0.0497625
-0.329046
0.319727
-0.273527
0.438352
0.0904934
-0.292948
0.773402
0.66694
0.206958
0.579331
-0.241772
-0.237309
0.359486
0.387865
-0.175155
-0.0467449
-0.0259461
0.274567
0.00554332
-0.252467
0.189077
0.63514
0.0378793
0.538306
-0.223145
0.616388
-0.550282
-0.0942957
-0.0885545
0.0403689
-0.0709264
-0.0159641
0.430018
-0.293035
0.28033
0.879598
0.278643
-0.269211
-0.683963
-0.0838746
-0.302819
-0.452325
0.387568
0.436341
0.0969822
0.262064
0.00532505
0.395376
-0.221854
-0.13052
-0.4801
-0.145057
-0.216933
-0.548052
0.299501
0.0867494
-0.163031
0.0997704
-0.509662
-0.133687
0.314333
0.04194
0.038942
0.0338617
-0.77279
-0.784799
0.430706
0.158087
0.0733845
-0.0405859
0.101223
-0.518923
-0.931489
0.344391
-0.0820179
0.456826
0.788602
0.454851
-0.061698
0.280811
-0.172984
-0.0366447
0.23283
0.818613
-0.0603333
-0.0512858
-0.203325
0.0901579
-0.279961
-0.573907
-0.102522
0.464791
0.0857565
0.681533
0.291953
0.299103
-0.555184
0.522304
0.13701
-0.835839
-0.790496
-0.104986
0.40949
-1.31973
-0.257307
0.844461
0.0133857
-0.0764615
0.294701
0.385435
0.115205
0.700221
0.894971
0.472581
0.0714252
-0.314178
-0.44029
0.217531
0.0867469
0.256492
0.40494
0.26883
0.188258
0.392741
0.0869519
-0.0633883
0.167882
0.475301
0.334134
0.224284
-0.221867
-0.591664
-0.176071
0.198275
-0.13507
-0.233991
-0.381205
0.327533
0.449369
-0.351022
0.108007
0.427408
0.0863601
-0.545538
-0.281099
-0.456903
0.168711
-0.286349
-0.0950475
0.249083
-0.0118169
-0.18694
-0.0621427
-0.434326
0.0590767
-0.243616
-0.111197
-0.136064
-0.280207
0.172575
-0.00747068
0.0214947
-0.374965
-0.59648
0.0826068
-0.0652039
0.345327
-0.210028
-0.228572
-0.00783262
0.798088
0.205947
-0.592626
0.245772
0.554294
-0.87589
0.271533
0.220118
-0.0401873
0.610934
-0.096609
-0.0936459
0.220866
-0.320424
-0.135012
0.060436
-0.266293
-0.279573
0.242929
0.386811
-0.00796044
-0.204203
0.170276
0.853922
-0.108631
0.110072
-0.0828492
0.784815
-0.151365
0.251708
0.162423
0.803839
0.0149868
0.714484
0.621633
0.120526
-0.178986
0.126979
0.335929
0.176841
0.456373
0.147744
0.250509
-0.28428
0.357076
-0.139592
0.170795
-0.138498
0.259392
-0.0807886
-0.452253
-0.123927
0.379536
0.186768
-0.216326
0.31806
-0.231114
0.25191
0.197223
0.464397
-0.203354
-0.375661
0.545642
0.607607
-0.474239
0.662791
0.209408
-0.138104
0.0978523
0.00288937
0.0530798
0.421359
0.0577745
0.857994
0.680597
0.248427
0.1303
0.153517
0.319837
0.0113169
0.0131126
0.322994
0.795886
-0.100405
-0.100359
0.0979018
-0.114455
0.299472
-0.0649108
-0.332922
0.383232
-0.109731
0.28251
-0.134672
-0.407084
-0.408002
-0.382553
0.499216
0.636761
-0.153248
0.393237
-0.392878
0.26579
0.553704
0.436894
-0.462687
-0.350687
0.162592
-0.00130997
-0.365835
0.600789
-0.0499861
0.14107
0.580415
0.0941027
0.485788
0.582199
-0.0196687
-0.440646
0.198042
-0.163587
0.184904
0.272246
0.31485
0.585309
-0.370336
0.453704
-0.230742
-0.225336
-0.09154
0.305687
0.396508
-0.308836
-0.312563
-0.244352
0.295918
0.397803
-0.328767
0.118017
0.339646
0.282175
0.274808
0.464309
0.259912
0.108196
0.136442
0.0182907
0.686186
0.1177
0.610827
-0.243578
0.721085
0.803864
0.546135
-0.0624661
-0.0737081
-0.41574
0.00115116
0.227028
-0.247249
0.574949
0.0694556
0.241494
-0.335325
-0.496695
0.116468
0.131257
0.630038
0.686394
0.0983408
-0.055641
-0.352801
-0.0790922
0.100911
0.0178572
-0.0013439
-0.152428
-0.0237274
0.218728
0.325991
0.649276
0.158288
-0.0527301
-0.352438
-0.266827
-0.118134
0.445311
-0.298918
-0.98879
-0.0721155
0.366998
-0.272224
-0.127629
-0.0645722
0.41477
-0.105586
0.279684
-0.441501
0.638773
-0.244254
-0.146356
1.39419
-0.539028
-0.452053
-0.570058
-0.10087
1.11051
0.0133742
-1.29932
0.400822
-0.817823
-0.59282
-0.714219
0.637031
0.151347
0.78139
