#input normalization
0.160243 0.266923
51.2522 48.4865
11.3861 40.4572
8.93581 32.4712
0.0123392 0.0429662
0.00982546 0.0322973
0.520158 1.28763
0.832379 1.03645
0.991316 1.21263
1.16895 1.38694
1.39874 1.52105
1.62261 1.63223
1.84173 1.72982
2.04536 1.79733
2.25024 1.85106
2.41615 1.87723
2.58665 1.88488
2.73665 1.8753
2.84581 1.83066
2.93473 1.76169
3.00705 1.68894
3.07934 1.60339
3.10235 1.50531
3.13346 1.3978
3.11719 1.27351
3.07258 1.13723
3.02069 1.0002
2.9514 0.853891
2.86458 0.70572
2.75419 0.548952
2.66243 0.417383
2.52778 0.281187
2.41465 0.149772
2.26422 0.025704
2.12872 -0.0911483
2.01058 -0.194513
1.8681 -0.28792
1.74852 -0.377007
1.63998 -0.44925
1.51756 -0.526472
1.3959 -0.599241
39.1164 50.8802
1 -1
#output normalization
1 0
#neurons weights
0.221156
0.00989817
0.485107
0.399811
-0.0883731
-0.2047
-0.0334535
-0.0654324
-0.498138
-0.299921
0.216065
-0.476715
-0.495651
-0.366492
0.491061
-0.344035
0.476471
0.205975
0.446002
0.0221591
0.43066
0.0491789
-0.432534
-0.104662
0.0960209
0.114729
-0.462504
-0.00906726
0.145554
-0.0451951
-0.0831234
0.415673
0.0975325
-0.0271651
0.347037
0.310492
0.4114
-0.100935
-0.102221
-0.0163014
0.25869
-0.458138
0.1352
-0.306025
-0.797761
0.230362
1.05293
-0.422191
0.105555
-0.930787
-3.18918
0.166964
-0.789325
0.370835
-0.0493697
-0.0310302
0.160255
-0.502515
0.0316577
-0.797545
0.46796
0.364166
-0.179933
-0.493273
-0.433391
-0.189308
0.0408717
-0.126345
0.0974644
-0.360342
-0.21682
-0.267952
0.558063
-0.495966
0.17606
0.0168507
-0.267588
-0.134465
0.400234
0.676239
-0.0409973
0.03993
-0.229132
-0.469861
-0.145361
0.704026
0.465535
-0.0392615
0.243846
-0.253757
0.156709
-0.394124
-0.491623
0.225238
-0.146598
-1.05014
-0.362734
0.00322834
-0.553907
0.318655
0.0852943
0.286206
0.486503
0.255426
-0.260052
0.1097
0.277127
-0.287069
-0.335889
0.157211
-0.00313214
0.220731
-0.288464
0.197157
-0.329352
-0.232361
-0.579745
-0.227713
-0.0272665
0.494724
-0.366082
-0.238437
-0.364741
0.140669
-0.650612
0.275596
0.193019
-0.403084
-0.47455
-0.417312
-0.383874
#synapses weights
-0.432342
-0.167094
-0.224549
-0.347461
0.367004
-0.0543639
0.00698527
-0.157688
-0.396671
0.0469261
0.496958
-0.228019
0.532729
0.264063
0.416152
0.46206
0.213607
-0.181992
-0.355866
0.313935
0.171689
-0.119565
0.143164
-0.270481
0.103238
0.180861
-0.262253
-0.00500011
0.25541
0.201276
-0.366377
0.167546
-0.309747
-0.367524
0.281344
-0.238736
-0.0301063
-0.337402
-0.281453
-0.307424
0.398171
0.493914
0.0206584
-0.60285
-0.254034
-0.174609
-0.0424302
-0.29999
0.308742
-2.30032
-0.756992
-0.763081
-0.549996
-0.118187
-0.0262244
-0.160985
0.0843163
0.307488
0.28906
-0.155877
0.139023
0.0655666
0.0196014
0.0981706
0.130931
-0.335363
0.193687
0.383723
0.418606
-0.241981
0.440176
-0.153346
0.438525
0.082519
0.042258
0.344896
-0.188208
-0.226025
0.387935
-0.239016
-0.43285
-0.0191043
0.225519
0.218109
-0.381895
0.180398
0.380387
0.0270302
-0.0664491
0.0629876
0.431607
0.0582031
0.337442
0.309019
0.397271
-0.513467
0.101185
0.152985
-0.383847
-0.434705
0.282072
0.366996
-0.115676
-0.0911848
-0.199506
0.342664
-0.310806
0.341519
0.216595
0.163901
0.0456419
0.0801533
-0.0803736
0.421885
0.150968
-0.170549
-0.446964
0.283451
0.509866
-0.443584
-0.198383
-0.293957
-0.195669
0.372044
-0.41356
-0.301381
0.496992
-0.423151
0.298177
2.31231
0.04851
-0.0903079
-0.0776812
0.160756
-0.409904
-0.431857
-0.152377
-0.139361
0.075074
0.116826
-0.0955238
0.160755
0.187163
-0.0806582
0.138877
-0.0978139
0.0459769
0.0230979
-0.0178851
-0.00274165
-0.0396382
0.0802417
-0.435019
0.121225
0.16261
0.110598
-0.193892
0.120163
0.0630576
-0.0967316
0.0658133
-0.142565
-0.0762373
-0.0108264
0.278461
-0.0432491
-0.196848
0.150613
0.149779
-0.0341352
-3.73344
-0.173597
-0.374664
0.328482
0.110245
-0.169832
-0.407979
-0.386774
-0.19618
-0.163312
0.525713
0.31914
-0.144844
0.365881
-0.268481
0.116787
0.377432
0.319089
0.42739
0.409321
0.00070855
-0.197319
0.366377
-0.444288
0.440819
-0.255672
0.0738704
0.411657
-0.301314
0.483601
-0.304599
0.43803
-0.320637
0.0986354
0.444257
0.470266
-0.251012
-0.141374
-0.346562
-0.376323
0.563271
-0.423378
0.0597708
0.592692
0.44309
0.521729
-0.0521254
0.288933
0.0711333
-0.421256
-0.101814
-0.399721
0.0177559
0.410346
0.367539
0.158646
-0.111752
0.221573
0.503826
0.132049
-0.0459701
0.188189
0.431477
0.560157
-0.391484
0.478737
0.0966878
0.244641
-0.281236
0.413377
-0.124632
0.332843
0.329918
0.210847
0.279082
3.76659e-05
0.0303075
0.207642
0.399872
-0.120037
0.493849
-0.395344
0.0767879
0.240168
-0.0491787
0.149656
-0.830824
-0.438675
0.674847
-0.209526
-0.157234
-0.0703527
0.0823938
0.188361
-0.513775
0.0880502
-0.0685219
-0.0390262
0.216787
-0.070728
0.0661157
0.407171
-0.295537
-0.205676
-0.029548
0.122402
0.492191
-0.281245
0.151024
0.115719
-0.159098
-0.394467
0.0937882
-0.0139903
0.343682
-0.22826
-0.172927
0.380317
-0.146098
-0.18554
0.318277
0.0341556
-0.492185
0.0433565
0.131657
-0.0392858
0.148653
-0.207765
-0.300089
-1.51167
0.487309
3.33818
0.322138
0.0433668
-0.142802
0.133898
-0.0839983
-5.33699
0.0128492
-0.0370378
-0.0169389
-0.0732471
-0.0960959
0.0322765
0.052848
-0.0243012
-0.093391
0.00309268
0.0365993
-0.14425
0.0615475
-0.00712045
-0.0739428
-0.00221929
-0.189051
0.151014
0.047003
-0.0474431
-0.0536382
0.0393142
-0.0551756
-0.0271964
0.205451
-0.105465
-0.0883748
0.0904477
0.0590959
-0.0579555
-0.0100906
0.0574754
-0.0118809
-0.0887176
-6.15088
0.325494
0.406198
0.104459
0.0185298
-0.505135
-0.0531782
-0.165284
0.177566
0.702105
-0.292699
0.468738
0.444251
0.212319
-0.231096
0.35638
0.145908
0.0103631
0.376816
-0.20985
-0.355222
0.196811
-0.237766
0.0603974
0.317729
0.315352
-0.132778
0.0572189
0.130593
-0.159677
0.120166
-0.276894
0.0768573
-0.269375
-0.0627796
0.0558957
0.0375032
0.324821
-0.233684
-0.182081
-0.0768541
-0.317664
0.416538
0.267177
-0.114241
0.965894
-0.311497
0.200145
-0.169671
-0.204662
0.13233
-0.613292
-0.183192
-0.0104569
0.0442701
-0.0763964
-0.142395
0.084394
0.214769
0.209623
-0.171715
-0.164878
0.166591
0.0311167
-0.0917385
0.22268
-0.176357
0.098419
-0.311203
0.0935
0.0022754
-0.163559
0.192809
0.147698
0.0304097
-0.00685511
0.304535
-0.22511
-0.253474
0.100572
0.0588174
0.0915943
-0.142203
0.324805
0.105968
0.367778
-1.58979
0.137808
-0.807024
0.0271538
-0.269508
-0.219109
0.0324879
0.250906
-0.0529233
-0.627691
-0.335548
-0.26063
-0.0803134
-0.00488889
0.273555
-0.00696696
-0.285426
-0.288184
-0.0287421
0.0560848
-0.0833603
0.088737
0.256144
-0.27506
0.265047
0.288816
-0.56669
-0.343985
-0.344276
0.421263
-0.383426
0.249771
0.00242346
-0.181238
0.132602
0.053086
-0.369828
0.0299043
-0.233252
0.262666
0.0692417
-0.113559
0.207657
1.39882
0.280976
0.270169
0.138532
0.408498
-0.0849865
0.0783931
0.235035
0.486115
0.221824
0.682693
0.544394
-0.140292
0.345442
0.308162
-0.195237
-0.192597
-0.495892
-0.026346
0.509965
-0.430911
0.251062
-0.0658762
-0.0357278
0.520799
-0.334055
-0.243341
-0.382501
0.412427
-0.0845371
-0.0215176
-0.27083
0.306072
-0.230263
0.428231
0.177376
-0.108179
-0.479582
0.159003
0.343428
-0.24405
0.387474
-0.188525
0.292585
0.487708
-0.0400552
-0.0892889
-0.139396
-0.287368
-0.424237
-0.410845
-0.00548271
-0.329982
-0.615651
0.209381
-0.235285
0.102823
-0.093748
0.0413409
0.0141616
0.0141824
-0.454762
-0.175289
-0.172706
-0.0878256
-0.087999
-0.323043
-0.371349
-0.292993
-0.0554406
0.261096
-0.490758
-0.163237
0.104009
0.453417
-0.0548815
-0.348263
-0.0227336
0.452805
-0.196545
0.334692
-0.430029
-0.0389786
-0.3995
0.276238
-0.0182835
-0.069742
0.426701
-0.130247
0.0303005
-0.0969122
-0.179733
0.267925
0.0966307
0.00244017
0.0701294
0.433055
-0.382784
-0.454657
-0.145139
-0.291056
-0.0461359
-0.521318
-0.500606
0.0133201
-0.525524
0.435725
-0.309297
-0.530598
-0.684195
0.282289
-0.0428323
0.43563
-0.505633
-0.425955
-0.183489
-0.100773
0.0400281
0.319884
0.153495
-0.556653
-0.27293
0.360315
-0.406551
-0.277442
0.157023
-0.0234168
0.158686
-0.219497
0.306152
-0.243707
-0.125349
-0.346498
0.570252
-0.034915
-0.346634
-0.221373
0.290825
0.140646
0.326322
0.0403419
-0.291095
-0.595897
0.143599
-0.291697
0.301304
-0.367082
0.283924
0.416036
-0.375425
-0.0779452
0.245562
0.419033
-0.23466
-0.0535324
-0.339007
-0.435408
-0.430407
0.381627
0.182472
0.351029
-0.0144396
0.182772
-0.155615
-0.153127
-0.441281
-0.32976
0.102563
-0.0450889
-0.400331
-0.294869
0.325694
-0.0520407
0.448422
0.0430359
0.189818
-0.402198
-0.346406
0.37749
-0.447544
0.0882192
0.532182
0.475602
0.402659
0.00045853
-0.0405607
0.417117
0.244413
0.414079
-0.0158526
0.436482
-0.41029
0.241596
0.401198
0.348461
-0.123072
0.45305
0.399604
0.490286
0.470004
-0.174318
0.187557
-0.0898317
-0.03356
0.0398937
0.246986
0.298932
-0.333357
0.545946
0.39721
-0.0738259
0.110558
0.522532
0.34339
0.46494
0.113361
-0.104771
0.34423
0.394934
0.227359
-0.0620737
-0.227448
0.133675
-0.961206
-0.490177
-0.354958
-0.336174
0.346506
0.322686
-0.216309
-0.124197
0.338155
0.254591
0.343214
-0.0881987
-0.218213
0.334748
-0.179598
-0.139625
0.254754
0.612953
0.272107
0.0120282
-0.194235
-0.257295
0.107641
0.122406
-0.185459
0.757534
0.279472
0.262614
0.306628
0.105035
-0.0541842
0.480638
-0.295448
-0.0335094
-0.214976
-1.32426
0.421225
-0.280131
-0.401833
-0.408941
0.180381
-0.405536
0.484033
-0.146163
-0.52556
0.145551
0.189807
-0.123874
-0.28555
-0.260478
-0.16683
0.156618
-0.122078
-0.388958
0.0670049
-0.237535
-0.13848
-0.248831
0.316844
0.00241642
0.404326
-0.0654707
-0.149904
-0.282002
-0.326754
-0.455432
0.486827
0.318649
0.342254
-0.427851
-0.0182165
0.083653
-0.170965
0.321886
-0.312158
0.326736
-0.0608089
0.320377
-0.905931
-0.474198
-0.592464
0.199454
-0.0314167
0.282627
-0.42267
0.381513
0.759563
0.0631764
-0.23984
0.0394294
0.246384
-0.243374
0.19255
0.167753
-0.182014
-0.0803637
0.0435761
-0.084507
0.360259
-0.437807
0.317475
0.0505083
-0.437294
-0.157465
0.00763678
-0.127412
0.256967
-0.130309
0.398236
0.224633
0.331315
0.225206
-0.191102
-0.255042
0.0963551
-0.40155
0.069151
0.180527
-0.0796045
-0.273892
-0.27833
0.973465
0.189744
-0.256181
-0.0232264
0.0470324
0.308865
-0.447583
-0.0931933
-0.166093
-0.228098
-0.304484
0.114522
0.0398844
0.362169
-0.291876
0.114666
0.280471
-0.000341812
0.0474901
0.043418
0.457318
0.506334
-0.0951927
0.31117
0.171745
-0.291902
-0.288017
-0.0516052
0.0056745
0.460235
0.201167
-0.161991
-0.0396116
0.383894
0.593088
0.249662
0.206709
-0.356207
-0.242404
-0.272324
-0.057668
0.36909
0.203972
0.882246
-0.234563
-0.282428
0.245639
0.0495756
-0.136455
-0.0670137
0.27716
0.0408888
0.149906
0.312948
0.315598
0.00129941
0.356923
0.0562376
-0.0883692
0.195087
0.285566
-0.188157
0.475416
-0.395699
-0.283853
0.460212
-0.00367842
-0.36589
0.031395
0.460129
0.359744
-0.325001
-0.0578763
-0.0457809
0.28674
-0.356838
0.226501
-0.212745
-0.444594
0.297426
0.080361
0.272263
0.333897
0.424912
-0.0394511
0.153188
-0.288375
-0.169626
-0.793746
-0.29258
-0.321261
-0.254968
0.0344423
-0.215421
-0.841648
0.10209
-0.170888
0.0739766
0.226473
-0.180931
-0.430847
-0.168383
-0.245231
-0.0738522
-0.11164
-0.23918
-0.28133
0.366969
0.00183044
0.345326
-0.175674
-0.29096
-0.100274
0.412393
0.328179
0.241874
-0.17791
-0.133154
-0.512125
-0.332814
0.285435
-0.0648517
0.532891
-0.00506081
0.00455082
-0.234388
-0.315452
0.302715
0.071808
-0.12746
-0.236667
0.167949
-0.30288
0.349821
-0.408673
-0.334075
0.0663866
-1.15111
-0.590127
0.296749
-0.291488
-0.419809
0.247889
0.0628337
-0.480363
-0.227341
-0.104506
0.276761
0.227643
-0.318363
0.414553
0.0219884
0.142846
0.133927
0.0606293
-0.272338
-0.524856
0.436541
0.123396
-0.0195498
0.384392
-0.37389
-0.0852703
-0.0756296
0.17744
-0.3003
-0.00537651
0.349612
0.17393
0.130541
-0.286473
0.140303
-0.203614
0.0620793
0.324215
0.0525039
0.331823
-0.338071
-0.380734
0.0190025
0.326177
-0.108216
0.300599
-0.533305
-0.138029
-0.459815
-0.183553
-0.311154
-0.378202
-0.444428
0.0744702
0.298455
-0.370471
0.064575
-0.0121129
-0.387776
0.346587
-0.361767
-0.198331
-0.172722
-0.216046
0.238736
0.171862
-0.244909
0.384594
0.133304
0.555842
0.244481
0.274093
-0.248487
0.288647
0.167716
-0.147833
-0.235987
-0.102991
-0.243678
0.393666
-0.581896
-0.405381
-0.144108
0.587163
0.440884
-0.30351
-1.70133
-1.0687
-0.729568
-0.322523
-0.349152
0.0930162
0.0676315
-0.242958
-0.04705
0.0539234
-0.183109
-0.479475
0.306991
-0.188011
0.378804
-0.242857
0.0558157
0.0742489
0.465367
0.24882
-0.236708
-0.381481
1.69038e-05
0.369008
0.13862
-0.283758
0.226982
0.052365
-0.192069
0.428616
0.416467
-0.301491
-0.199652
-0.298055
0.11317
0.729868
-0.432673
0.636466
0.0816878
0.417617
0.1493
-0.447548
-0.517756
1.16666
0.122911
-0.0240121
-0.200955
0.250372
-0.0108617
-0.448643
0.203167
0.420754
-0.157843
-0.120421
-0.187568
-0.468491
-0.108713
0.309912
0.311443
-0.0189249
-0.467735
-0.24044
-0.292921
0.18422
-0.196925
0.390737
0.448924
-0.0696732
-0.297756
-0.36378
-0.261055
-0.253698
0.0914307
-0.254826
0.202663
-0.0414372
-0.21332
-0.18133
-0.198321
-0.0949111
-0.203039
-0.167863
0.440812
-0.377449
-0.340128
0.12199
-0.247555
0.574291
0.357699
0.297076
0.318674
0.309303
-0.187981
0.0170398
0.442449
-0.324985
-0.481919
0.104457
0.25972
-0.238529
0.180821
0.405777
0.180923
0.159837
0.175445
-0.36936
-0.254055
-0.158967
-0.301736
-0.161873
-0.476572
-0.260297
0.449856
0.231889
-0.217309
0.299732
-0.0922012
-0.226204
0.18642
0.10305
0.294147
1.28331
0.422702
-0.013413
0.0847006
0.439471
0.0873951
-0.346576
-0.486134
0.371125
0.434827
-0.366491
-0.131566
-0.101209
0.0697031
0.262502
0.185772
0.308776
-0.296024
-0.206633
0.0149184
-0.188045
0.130636
0.384525
0.155249
-0.00798943
0.253934
0.475536
0.223487
-0.04456
0.167531
0.227355
-0.420876
-0.130838
0.0061903
0.188038
0.265717
0.229041
-0.257884
-0.201025
-0.302664
0.325121
-0.00962067
0.0742212
-0.105197
-0.420388
0.677236
-0.0087044
0.323636
-0.132324
-0.197391
-0.108601
-0.133449
0.301394
-0.141204
0.393754
0.371632
0.462613
-0.0871932
-0.0704406
-0.476521
0.191443
0.121255
0.250082
0.226375
0.00887292
0.434974
-0.0925958
-0.220332
0.141337
-0.131098
0.135625
0.145062
-0.239088
-0.0352511
-0.325019
-0.1345
0.256256
-0.150143
0.145089
-0.0444223
0.257318
-0.0237534
-0.278845
-0.0526458
0.121513
-0.118629
-1.32767
0.360794
0.283206
-0.207128
0.0820918
-0.321111
0.151485
-0.265338
-0.176792
-0.211223
-0.167083
-0.357288
0.126575
-0.320688
-0.00188934
-0.33767
0.292183
0.187081
-0.301699
-0.269508
0.10006
0.335635
0.0644814
-0.0670964
0.0737873
-0.47067
0.235894
-0.566
0.288317
0.485524
-0.525226
-0.108674
-0.351135
-0.32119
-0.416426
-0.271729
-0.395327
0.347256
-0.504581
-0.0523082
0.190612
-0.196541
-0.103304
0.287244
0.310323
0.267103
-0.0369024
-0.196248
0.136514
0.0587992
0.298547
-0.0821308
0.198558
-0.196282
0.0600269
0.442648
0.210392
0.0873183
-0.110074
0.324492
0.379708
0.313211
-0.565058
0.309321
-0.518512
0.0848781
0.198178
0.39878
-0.0618498
-0.105685
0.328133
-0.27508
-0.462786
-0.0312788
0.363547
-0.47593
-0.33255
-0.220136
0.14856
0.239961
0.184454
-0.0145676
0.421196
-0.530959
-0.414906
-0.36081
-0.392284
-0.332272
0.177713
0.0580684
0.397013
0.464993
0.515651
0.391318
0.570478
0.484011
-0.00996178
-0.214594
0.0375928
0.288237
0.196436
-0.321739
0.170737
-0.128971
0.467359
-0.0955585
0.0712775
0.281948
-0.338329
0.090618
-0.291547
-0.349588
-0.117372
0.317177
0.2642
-0.364031
0.20051
-0.0889973
-0.115851
0.017152
-0.395799
-0.4176
0.129314
0.0285527
-0.392448
-0.354533
-0.118932
-0.0769765
-0.128828
0.11048
0.253776
0.134548
-0.0736453
-0.175574
0.307065
0.309222
-0.06972
0.597221
-0.320541
-0.390072
0.403765
-0.178242
0.0313852
0.0381438
0.407009
0.205483
0.0152548
-0.347212
-0.000673371
-0.183329
-0.446423
0.459666
0.507052
-0.204975
-0.325788
0.141553
0.392516
0.0877784
-0.219796
-0.0987654
-0.382632
-0.0919014
0.00422394
0.159477
0.0755539
-0.348515
0.251968
-0.0486597
-0.165021
0.215953
-0.2034
0.0247315
0.634773
-0.108334
0.242189
0.175435
0.379495
-0.275323
-0.0472245
-0.165749
-0.495091
-0.205852
0.285001
0.086926
-0.384876
0.0704065
0.574974
0.430598
0.144915
-0.137588
-0.144497
-0.187698
-0.0424607
0.208814
0.069144
0.289927
-0.271141
-0.251266
0.242157
-0.531286
-0.277531
-0.315432
-0.15439
0.0496529
-0.306436
-0.306504
-0.395215
0.511095
-0.107808
-0.365703
0.200057
-0.166653
0.0346688
-0.133675
0.167057
-0.644298
-0.472162
0.570517
-0.11892
-0.0600567
0.453794
-0.11242
-0.143296
0.0580196
0.151352
0.3074
-0.154246
-0.280443
-0.119398
-0.297946
-0.183209
-0.0490522
0.426431
0.26829
0.0552333
0.33662
0.156841
0.0782471
-0.114931
-0.327518
0.394992
-0.20799
-0.0545426
-0.00209684
0.161178
0.332642
0.0709987
-0.0288248
-0.21826
-0.1748
0.383848
0.410361
0.361885
-0.157333
-0.371429
0.177884
0.115856
-0.161777
-1.39676
0.0668415
-0.104995
0.154438
0.316711
-0.208219
0.183649
-0.338051
0.246966
-0.0435012
0.171418
0.103242
0.178381
-0.0416516
0.169243
-0.29299
-0.503703
0.189699
0.273737
-0.494281
0.372269
-0.400125
0.206095
-0.0103951
0.36661
0.150584
-0.183296
-0.305935
-0.221136
0.0118325
0.000634866
0.395561
-0.00192793
-0.184198
0.519699
-0.0860795
0.202675
-0.43304
-0.0531013
0.479906
0.135058
0.000395793
0.441353
-0.193154
-0.117905
-0.753289
0.29907
-0.285285
-0.151476
0.037011
0.0556904
3.35732
0.694158
0.640182
0.380811
0.232775
0.157886
0.165924
-0.229203
0.320132
0.125731
0.0948459
0.276124
-0.0622816
-0.176567
0.0579169
-0.0934233
-0.190438
-0.127222
-0.171542
0.213616
0.332912
0.0369227
0.123707
-0.0252965
0.280289
-0.368149
-0.0760035
-0.150553
0.272159
0.190014
-0.164339
0.454683
0.295631
-0.0700279
-0.0961683
2.50238
0.23161
0.587802
-0.24282
-0.287951
-0.156761
0.372875
-0.344662
0.373342
0.330852
-0.38391
0.358335
0.131172
-0.126306
0.31819
-0.373051
-0.193574
0.056766
-0.230527
-0.454718
-0.215145
0.30863
-0.0129773
0.0174116
0.0518782
-0.229364
0.025578
0.0670221
-0.091108
0.142285
0.510066
-0.282661
0.260626
0.451106
0.238853
-0.358394
0.196392
0.223929
0.14727
0.239847
-0.171428
-0.30949
-0.259002
-1.04726
-0.282537
0.139569
0.137035
-0.386318
0.130079
0.117478
0.501493
-0.664826
0.0948898
0.239308
-0.143073
0.483117
0.305401
-0.235459
-0.0324959
0.42029
-0.185242
-0.306699
-0.268256
-0.129467
-0.325361
-0.0879286
-0.239501
-0.331387
-0.19656
0.277548
0.371485
-0.392897
0.00150614
-0.349325
0.398475
0.0119494
0.304607
-0.295444
-0.399753
0.0295422
0.050517
-0.148473
-0.440122
0.271805
-0.263461
0.189985
-0.606515
-0.222617
-0.51339
-0.0244644
-0.404478
-0.423962
-0.0552291
-0.175208
-0.283807
0.1712
-0.366039
-0.347958
-0.0859381
-0.131037
-0.215223
0.287302
-0.311847
-0.159427
-0.482722
0.317713
0.219669
0.279852
-0.531667
0.283643
0.201103
0.161559
0.0521573
-0.0942361
-0.542682
-0.502095
-0.0154922
-0.232013
-0.00283376
0.173221
-0.206553
-0.000645036
-0.395365
-0.436762
0.000998565
0.103648
-0.335639
-0.29304
-0.403284
0.196837
0.102848
0.236494
0.168833
-0.414509
-0.311312
-0.329592
-0.00739151
0.553222
-0.306816
-0.209792
-0.331858
0.219912
-0.0791526
-0.0528858
0.318691
0.141644
-0.312894
0.179576
0.450599
-0.134618
0.195688
0.27125
-0.151022
0.386741
0.0535085
-0.423499
0.445213
-0.186082
0.225737
0.00641002
0.162819
-0.183684
0.0925796
0.12871
0.399851
-0.35454
-0.284062
0.310391
-0.300909
0.00901511
0.310403
-0.278257
0.189934
-0.32524
-0.655743
0.0502324
0.339337
-0.424568
-0.379482
0.138018
0.839849
-0.144004
0.260953
-0.0459832
0.173317
-0.132102
0.262958
-0.216885
0.0851937
-0.156575
-0.0509212
0.104371
0.443959
0.164447
-0.189226
-0.324422
-0.1568
-0.169349
-0.322774
-0.369004
-0.0296107
-0.433227
-0.0601794
0.0554226
-0.0560673
0.201348
0.16049
-0.0984471
-0.111902
0.530762
0.150031
0.0778723
0.402056
0.251845
0.37799
0.365688
0.448495
-0.0126176
-0.341578
-0.0714204
-0.099795
0.187836
-0.181295
-0.460072
-0.304013
-0.158773
-0.184705
-0.228037
-0.0158724
-0.45532
0.363413
0.419863
-0.55341
0.321095
0.359742
0.0156054
-0.323113
-0.0348811
-0.366469
-0.0780917
-0.526255
0.346189
0.378232
0.486282
-0.0857928
-0.447762
-0.164961
0.340387
0.0148324
0.26633
-0.144525
0.0782534
0.187558
-0.0101365
-0.222428
0.597937
0.401599
-0.276501
0.217187
-0.239756
0.627462
0.44802
0.0163428
0.367981
-0.196576
0.131199
-0.782622
-0.0541213
-0.381585
0.104251
-0.318292
-0.301891
0.370821
-0.441175
-0.26116
0.20211
0.0878461
-0.205738
-0.249956
-0.023799
-0.216749
-0.262643
-0.0295407
0.326776
0.23366
0.0913797
0.295597
-0.296089
-0.150538
0.0296442
0.114803
-0.285882
0.401982
-0.0741396
0.414672
-0.187769
0.0134813
-0.322774
-0.180956
0.391547
0.00410901
0.263758
0.436136
0.446784
0.144645
-0.0915561
-0.559363
-0.137963
-0.291886
0.132472
-0.621625
0.309187
0.0729955
-0.151418
0.475479
0.44321
0.146958
-0.0552339
0.340702
0.302156
-0.160056
-0.435291
0.0277316
-0.416976
-0.257045
0.317899
0.195865
0.465561
0.339895
0.158424
0.481851
-0.209764
0.125368
0.156387
-0.504155
0.154536
0.28716
0.247774
0.174002
-0.311317
0.438246
-0.0296803
0.195007
-0.404815
-0.0368624
-0.293715
0.716459
-0.171059
0.132273
-0.36077
0.138429
0.00190243
0.163487
0.435063
-0.0135388
0.158989
0.248229
0.142856
0.283471
-0.336834
0.43897
0.176137
0.203933
-0.186343
-0.121156
-0.0209235
-0.423879
-0.342573
0.191059
0.366067
0.48328
0.215189
0.00806504
0.0670299
0.0535402
0.387074
0.0428981
-0.215031
0.396372
-0.460053
0.394045
-0.0496603
-0.0202049
0.353401
-0.37941
-0.508892
0.352734
-0.249362
0.383823
0.50724
-0.0284775
-0.427658
-0.220591
0.362491
-0.0126375
-0.225666
0.385724
-0.370059
-0.379661
-0.401964
0.483682
0.0144886
0.359442
-0.355567
0.172818
0.0523313
-0.38427
0.07302
-0.378659
0.0367566
0.352582
-0.253122
-0.350058
-0.194381
0.0416756
0.164106
-0.239928
0.105344
-0.353916
-0.373969
0.29159
-0.152899
-0.434018
-0.386497
-0.165628
0.455853
-0.0781306
-0.519228
-0.311398
0.150657
-0.0838529
0.349944
0.0357988
-0.487351
0.0943441
-0.0134028
0.133232
0.177737
-0.175081
0.21261
0.169459
-0.157781
-0.39207
0.107998
-0.0652898
-0.246184
-0.357458
0.257508
0.0458237
-0.478996
-0.400512
0.0070023
0.225521
-0.339103
0.452307
-0.395197
-0.133903
-0.400837
-0.108276
-0.286155
0.290672
-0.168059
0.108877
0.442019
-0.45404
0.470099
0.181685
0.4404
-0.376879
-0.199329
-0.0532457
0.331647
-0.0401932
-0.0621338
0.12269
0.266149
0.0926432
0.428064
0.0290615
-0.0469538
0.0958987
0.453642
0.0948142
0.2994
-0.318957
0.0340981
0.398358
-0.172668
0.37779
0.297425
0.0601912
0.167259
-0.352119
0.464148
-0.0575772
-0.14828
0.328267
0.213331
0.366402
-0.312672
-0.430283
0.345882
0.273292
-0.0776904
0.200501
-0.334502
-0.0771276
0.0978292
0.350711
0.280992
0.576578
-0.147257
0.538215
-0.375429
0.247149
-0.130715
-0.439968
0.363747
-0.442373
0.219683
0.370998
-0.267047
0.407688
-0.383751
-0.108302
-0.00305079
0.611003
0.0206813
0.610775
0.0897697
0.839316
0.204367
0.253031
-0.35855
0.378118
0.119997
0.0775183
-0.256577
-0.085606
-0.257495
0.471597
-0.460131
0.112559
0.246974
0.365986
-0.05902
0.420274
-0.121473
-0.0223709
-0.124053
0.393409
-0.367951
0.0693285
0.511086
0.571748
-0.0776229
-0.335404
0.289442
0.0537996
-0.463898
0.160889
-0.249338
0.158512
-0.205669
0.28311
0.165975
-0.0477471
-0.0747343
-0.268894
-0.344722
0.121335
-0.135844
-0.414324
-0.0565034
-0.664055
0.161858
0.249991
0.0885985
-0.383183
0.309752
-0.416363
-0.406281
-0.363899
-0.240007
0.257558
-0.519288
0.42175
-0.455995
-0.367113
0.389731
-0.0677524
0.0951214
-0.24815
0.227948
0.104987
-0.216396
0.103774
-0.324758
-0.261359
0.0201106
0.25327
-0.0138681
-0.151712
-0.00430138
0.270864
0.456278
-0.242722
-0.355534
-0.0248993
-0.145437
-0.211336
0.35522
0.436925
-0.46285
0.0978527
-0.452972
-0.168825
0.0295708
0.460517
-0.22835
0.0364263
0.380395
-0.369673
0.396118
-0.0677471
-0.0537873
-0.0584762
0.0407901
0.0152783
-0.0691889
-0.437421
0.287616
0.0267705
-0.223817
-0.181213
-0.113486
-0.277564
-0.302654
0.0887618
0.0760573
0.125529
0.303058
-0.517543
-0.442551
0.276633
0.234715
-0.386462
0.258115
-0.641379
-0.245314
-0.274319
-0.211861
-0.0974495
-0.250383
-0.313955
-0.391741
0.163727
-0.460057
-0.13036
0.110968
-0.263335
-0.123569
0.608316
0.286744
-0.113392
-0.786957
-0.458735
-0.642225
-0.117792
0.286277
0.22011
-0.295792
-0.137862
-0.289592
-0.666127
0.0441553
-0.0560054
-0.578696
-0.320257
0.114368
-0.46317
-0.265369
-0.365444
-0.566302
-0.679643
0.117905
0.229708
-0.491778
-0.193679
-0.00698395
-0.186262
-0.448039
-0.660839
-0.263063
-0.0888999
0.161384
0.0338949
-0.465272
-0.153055
0.32984
-0.11366
0.471059
0.0847067
-0.00356672
-0.313251
0.104024
-0.48886
-0.269246
0.316681
0.143674
0.164622
0.24535
0.191755
0.312666
-0.135777
0.446396
-0.363203
0.367695
-0.0868304
-0.00568802
0.456254
-0.216763
-0.190089
0.314679
0.122141
-0.0966188
0.452007
0.0321495
0.392974
0.0202364
0.16823
-0.116207
-0.384625
0.329421
0.496757
-0.111253
0.513717
-0.109686
-0.175901
-0.0386856
-0.0407738
0.285697
-0.246238
0.17755
0.345798
0.469152
0.467906
-0.202805
-0.08355
-0.313659
0.609712
0.391355
-0.280642
-0.479621
0.347221
0.510558
0.356403
-0.185303
0.0364845
0.477978
-0.041491
-0.131842
-0.102343
0.104943
0.0720659
-0.355114
0.445542
0.0559342
0.607057
-0.205861
0.237878
0.447038
0.386557
-0.182144
-0.0389819
-0.199621
-0.0797521
0.243105
0.494566
-0.339337
0.137302
-0.275621
-0.550769
-0.29686
-0.250054
0.10328
-0.0758531
0.0155211
-0.398861
-0.184366
0.103385
0.213154
-0.143284
-0.474347
0.839856
-0.0156475
-0.161971
-0.0434824
0.424403
0.235247
0.14767
-0.356311
0.0782957
-0.192939
-0.456987
0.447232
-0.260644
0.214423
-0.00903906
0.142948
-0.250419
0.432265
-0.0209676
0.511335
0.136321
0.0949581
-0.485201
0.357444
0.0138941
0.424281
-0.441034
0.391696
0.298563
-0.0512856
0.201985
-0.104406
0.137527
-0.244619
0.580367
-0.352403
-0.0902807
0.492598
-0.290998
-0.194473
0.409182
0.0311116
0.399394
-0.0536249
0.536468
0.450291
0.277357
0.0119378
0.664016
-0.20466
0.375468
0.381674
0.312246
-0.0605132
-0.483525
0.436613
0.153682
0.482897
0.31636
0.291097
-0.283513
0.142985
0.255505
0.296855
-0.0384318
0.120058
0.108631
0.412825
-0.189534
0.235105
0.193729
0.214288
-0.157496
-0.392273
-0.205125
0.335567
-0.404714
-0.0216572
-0.110955
-0.0124915
0.362381
-0.0278575
-0.125182
-0.038663
-0.16876
-0.342842
0.0706437
0.572797
0.262128
-0.0208711
0.375408
-0.740746
-0.5439
-0.0636417
-0.0476287
-0.275364
0.226993
-0.131431
0.21792
-0.676433
-0.499583
-0.292217
-0.355536
0.326736
-0.397573
-0.181176
-0.18246
-0.39771
0.120645
0.49493
-0.194269
0.443967
-0.174216
-0.183239
0.640188
0.0590641
-0.307118
-0.451573
0.221443
-0.0627634
-0.230016
0.105765
0.0455486
-0.0993532
-0.238247
-0.195362
0.424389
-0.195883
0.38633
-0.145462
-0.440617
0.0442846
0.348791
-0.150365
0.189154
-0.196028
-0.151863
0.113063
0.39257
-0.314003
-0.365394
0.178122
-0.177072
0.171328
-0.0339592
0.27192
-0.416709
0.0114622
-0.327444
0.0726489
-0.00398647
-0.188906
-0.0763823
-0.380678
-0.142085
-0.158565
-0.426682
-0.458038
-0.211834
-0.123469
0.0182539
-0.0810621
0.152127
-0.391995
-0.305241
0.379781
-0.118979
-0.0169644
-0.411804
-0.324083
-0.257088
-0.310531
-0.219034
-0.0377548
0.10455
0.239176
-0.475163
-0.457714
0.374912
0.018921
-0.231935
-0.0243062
-0.468447
0.255941
-0.428135
-0.0586963
0.3832
0.170873
-0.520736
0.267261
0.0578499
-0.333725
0.35562
-0.258714
-0.192904
-0.561618
-0.0590722
-0.282297
-0.393173
-0.156401
-0.286091
0.482662
0.244837
0.220028
-0.276818
-0.0248072
-0.334467
0.504309
0.366112
-0.0206316
-0.0411579
0.342658
-0.256076
0.199696
-0.344775
-0.162276
0.936073
-0.219442
-0.0654989
0.102104
0.41353
0.212363
0.184836
-0.476125
0.214165
-0.187714
-0.0893712
0.185388
-0.101443
-0.267542
0.595215
-0.452915
-0.325446
-0.0662654
-0.298091
-0.0243733
-0.0966767
0.254339
0.486297
-0.229063
0.174891
0.35556
0.347624
0.293744
-0.356361
-0.446531
0.435124
0.453911
-0.203856
-0.257394
-0.212095
0.057233
0.405442
0.382726
-0.0141543
0.359957
0.132527
0.121116
0.150719
-0.318591
-0.150959
-0.162807
0.198958
-0.0114057
0.607055
-0.255299
0.00076967
-0.813527
-0.21497
-0.0767902
0.163543
-0.0799536
0.286394
0.335017
0.201145
0.0540242
0.287581
-0.0589943
-0.156695
-0.415833
-0.510279
0.095009
-0.0689078
0.349669
0.17854
-0.572568
-0.334866
0.379453
-0.418493
-0.502526
-0.38644
-0.28388
0.250994
-0.299562
0.163466
-0.385613
-0.419432
0.00650734
-0.340105
-0.568241
-0.0245232
-0.231778
0.00286453
-0.19864
-0.497646
0.0418943
-0.521915
0.386172
-0.325467
-0.31134
0.193743
-0.064272
0.0246746
0.0857699
0.146777
-0.384221
-0.391709
0.304924
0.247353
-0.284828
0.292634
-0.49305
-0.269987
-0.260333
0.104452
0.406657
0.106482
0.136593
0.225311
-0.165345
0.267304
0.00584827
-0.406405
0.0975192
-0.128632
0.432365
0.0905428
-0.137298
-0.224472
-0.358021
-0.313233
0.287889
0.278685
-0.254987
0.3269
-0.0830829
-0.281918
0.274599
0.318008
-0.493639
-0.280379
-0.10429
0.461298
0.255874
-0.121517
-0.113841
-0.0420186
0.214933
0.309197
0.209839
0.292083
-0.290795
-0.231069
-0.493744
0.177081
0.212105
0.356995
0.400087
0.0467355
-0.198487
-0.17028
-0.600804
0.354449
0.375656
0.176182
0.461285
-0.190973
0.0840808
0.273805
0.285815
0.387566
-0.123298
0.202205
0.613809
-0.327192
0.270113
-0.405363
0.215707
-0.0482693
0.439225
-0.514138
-0.181461
0.208665
0.00567187
-0.102756
-0.476305
-0.275426
-0.181565
-0.0100062
0.526353
0.458921
-0.0496322
0.125926
-0.0700867
0.0615401
0.389196
0.0856051
0.263377
0.415147
0.347084
0.108775
-0.122311
-0.250232
-0.0605027
0.115464
-0.231447
0.0627017
-0.176932
0.357276
0.210375
0.359721
-0.229418
-0.128097
0.26903
0.170154
0.176622
-0.0547881
0.342123
0.456786
0.318702
0.324922
-0.1002
0.519007
-0.157581
-0.325309
-0.370364
-0.470165
0.240265
0.211942
0.115592
0.0288001
-0.118312
0.441326
-0.430674
-0.0799515
-0.35455
0.171055
-0.212643
0.108727
0.00912719
0.153362
0.0863769
0.424714
-0.0776634
-0.168812
0.128601
0.0466919
0.361239
-0.597137
0.0659546
0.0391659
-0.325589
-0.212426
-0.119605
-0.387965
-0.588583
-0.340175
0.162938
0.159175
0.077154
-0.470983
-0.52399
-0.270043
0.157443
-0.0771949
-0.351455
-0.203621
-0.417738
-0.386002
-0.390006
0.0917361
0.467188
0.262986
-0.0569896
-0.14902
0.179897
-0.0783242
0.059413
0.262741
0.19716
0.484498
0.0421739
-0.339919
0.0166182
-0.408088
0.477282
0.280347
0.272315
-0.0544624
-0.326076
-0.00285505
-0.16158
0.280604
-0.3
-0.453122
0.346788
0.119074
0.30924
0.178617
0.0699745
-0.16093
0.176695
-0.38182
-0.423578
0.256093
0.197896
0.374022
0.273171
0.169776
-0.10857
-0.232561
0.2692
0.335088
0.256123
0.309996
0.236804
0.165236
-0.541808
0.361415
-0.0782611
-0.432965
0.147562
0.40176
0.369227
-0.339914
0.16362
0.344978
0.00941017
-0.179175
0.34685
-0.243956
0.250238
-0.0738421
-0.375058
-0.0494766
-0.402149
-0.414248
0.431671
0.466596
-0.192284
-0.117045
0.193726
0.171461
0.0242427
-0.237403
0.0925229
-0.195751
0.0593953
-0.530961
-0.0142211
0.0238146
-0.0465254
0.501817
-0.17911
0.212834
0.306069
-0.144226
0.209861
-0.0649484
0.356281
-0.181687
-0.116858
-0.7546
-0.147788
0.473354
0.249965
0.402034
-0.316212
-0.0165557
0.145419
0.371024
0.436872
-0.15492
-0.100962
-0.2313
0.381599
0.359715
0.354479
-0.456935
-0.378821
-0.450831
0.220849
0.347431
0.156143
-0.0707955
0.456761
-0.364573
-0.435287
-0.353526
-0.513885
-0.00890156
0.490406
-0.120185
0.335351
-0.308164
0.00857241
0.104135
-0.2306
0.232736
-0.000176652
-0.148395
0.443255
-0.0569456
0.391631
0.118811
0.373318
0.389957
-0.285938
0.359065
0.137247
0.195356
-0.211575
-0.0424424
0.302217
-0.238644
-0.429088
-0.0411115
0.43597
0.414509
0.328097
-0.159913
0.212216
-0.0545107
0.541111
0.593669
0.105555
-0.160129
0.103912
-0.252718
0.190805
0.43886
0.385813
-0.244388
0.0960763
-0.508611
-0.0883012
0.0345498
0.260872
-0.255444
0.333153
0.00693494
-0.278996
0.267238
-0.453594
0.421852
0.301031
0.184449
-0.454678
-0.0307185
0.254547
0.409191
0.347078
-0.0645248
-0.386814
0.145989
0.0413202
-0.188086
-0.151563
-0.22873
0.56525
0.0298298
-0.145919
0.37589
-0.342262
0.133305
0.22335
-0.0208999
0.0225399
-0.49137
-0.00189898
0.137191
-0.246821
0.344185
0.364081
-0.121311
0.291475
0.491382
0.238115
0.527887
0.325253
0.476645
-0.00666664
-0.31268
0.152486
-0.00119319
0.375703
-0.0917472
0.379087
0.319693
-0.345325
0.269114
0.0220526
-0.0446223
-0.494899
1.49473
-0.6852
-0.155668
0.534225
-0.610325
-0.225644
0.0954666
-0.25847
-0.659836
0.24645
0.199658
-0.0527138
0.328769
-0.232372
0.32731
0.11523
-0.0474585
0.379083
-0.456741
-0.131635
-0.0427592
-0.507255
-0.216012
0.00657497
-0.131981
-0.0197602
-0.024376
-0.314954
0.0032796
-0.435921
-0.15532
-0.212132
0.467574
0.216631
0.0260707
0.286652
0.0206022
0.0481245
-0.0240448
0.420728
0.346245
-0.238327
0.386763
-0.595517
0.72101
0.217064
-0.509782
0.169154
0.163624
-0.123241
0.155703
0.0133241
-0.198419
-0.225839
-0.41981
0.0681799
-0.00982375
-0.304656
-0.436673
-0.0746083
-0.0395377
0.565323
0.266259
0.387999
0.359089
-0.446394
0.363225
-0.284157
-0.132267
0.368469
0.104568
-0.426974
0.177641
0.0773278
-0.15775
-0.237424
-0.164993
0.534948
0.401022
-0.27703
-0.31434
0.461052
-0.294196
-0.300359
0.190396
-0.105214
0.121604
0.0428692
0.853595
-0.0315523
-0.585703
0.00660859
-0.455115
-0.227969
-0.111852
0.301856
0.241309
0.0350893
-0.273524
0.142121
-0.341831
0.207632
0.197001
-0.0396669
-0.530599
0.494731
-0.240458
-0.240043
-0.409747
0.0569623
-0.322597
0.0788846
-0.106025
0.084911
-0.266579
-0.266051
-0.665745
-0.0219709
-0.589637
0.392098
-0.280699
0.32451
-0.0355535
0.411537
-0.0846105
0.166599
-0.0674045
-0.0592061
-0.227523
-0.357162
-0.1967
-0.344249
-0.0573454
-0.355299
-0.22953
-0.452792
-0.275841
-0.235102
-0.0332408
-0.113461
0.286385
-0.562329
-0.00207601
-0.417186
0.128504
-0.054859
-0.146512
-0.564595
0.102992
0.221773
0.0807393
0.490107
0.420628
-0.323549
0.168562
-0.454135
0.113536
0.468902
-0.285885
0.0198018
0.131174
0.0799501
0.182034
-0.456211
0.279499
0.457503
-0.125054
-0.348729
0.0149213
0.334475
-0.50033
-0.31865
0.532556
-0.112544
-0.416443
-0.0860056
0.0639985
-0.280747
-0.471046
0.550327
0.129205
-0.197674
0.395695
0.205671
0.50377
-0.452509
-0.285172
0.621343
-0.00848468
-0.208539
0.39386
0.19646
-0.0810291
0.58179
0.119961
0.554014
0.427829
-0.484243
-0.217484
0.185513
-0.069423
-0.177095
0.115688
0.249485
0.26056
0.612993
-0.139711
-0.243937
-0.126373
0.233089
0.126362
0.0021437
0.241247
0.494376
-0.402274
0.460656
-0.264642
0.466035
0.0114399
0.438366
-0.355113
-0.271404
-0.0501324
0.172486
0.0433795
0.256781
0.112051
0.466394
-0.448921
-0.162031
0.0432484
0.337636
-0.186044
0.408982
0.0877593
-0.372356
0.344478
0.290831
-0.291064
-0.260791
0.188685
0.270536
-0.226474
0.368719
0.0943574
0.112575
0.340897
0.320569
0.528319
-0.279802
-0.129765
0.406317
-0.380919
0.373251
-0.181802
0.474432
0.316435
0.0209927
0.226875
-0.357056
0.387394
0.426002
0.160103
0.039973
-0.428833
-0.149455
0.361784
-0.369953
0.0872557
-0.329658
-0.182737
-0.184331
0.27714
-0.0589052
-0.380047
0.0969888
-0.365984
-0.295257
0.00786339
0.045668
0.133053
-0.2376
-0.203292
0.3699
0.227331
0.218369
0.000490986
0.173081
0.379213
0.418929
0.143965
-0.13562
-0.373914
-0.297115
-0.303568
-0.26069
-0.518686
0.0590767
-0.264627
-0.2358
0.164172
0.367929
-0.452269
-0.0645603
0.100755
-0.0475832
0.351006
0.208931
-0.275892
0.278218
0.0478137
0.443563
0.210571
0.146684
0.422308
0.361266
-0.182546
-0.109319
-0.0319189
0.24868
-0.0707275
0.177568
0.260597
0.444088
0.147814
0.509603
-0.267193
-0.51577
0.452149
-0.317841
0.315526
-0.305285
-0.177657
-0.0853996
0.422439
-0.423116
-0.164848
0.28719
0.0265707
-0.195306
0.479005
0.240106
-0.269047
0.0931165
0.320239
0.102797
-0.452457
0.579855
0.146734
0.368416
-0.0307746
0.366574
-0.970961
0.305709
0.0494842
-0.077126
0.454712
-0.0106543
0.145345
-0.11738
0.0133582
-0.126604
0.140182
-0.165193
-0.461544
-0.443579
-0.40435
-0.182426
-0.25408
-0.420989
0.49702
0.134616
0.167842
0.296558
0.301293
0.325715
-0.17433
-0.15656
0.00543014
0.208859
0.483319
0.16953
0.413535
-0.211646
0.23392
0.419005
0.231862
-0.140431
0.059368
0.530487
0.455576
0.10608
-0.00801914
-0.411633
0.265752
-0.231233
-0.107053
-0.166463
0.572694
0.272821
-0.143481
0.240872
-0.156948
-0.314561
0.281614
-0.0693076
-0.318225
0.435032
-0.0601587
-0.339052
0.464581
0.220306
-0.290052
0.202469
0.0740882
0.44764
0.154043
0.283392
-0.212222
0.444093
-0.176441
0.0665692
0.549223
0.39981
-0.270189
-0.0312392
-0.171821
0.109246
0.503032
0.195997
-0.468447
0.371621
0.150257
-0.268461
0.402231
0.216487
-0.0693973
0.392437
0.0300071
0.088419
0.746026
-0.0190403
-0.322656
0.158338
-0.0620486
-0.10524
-0.13222
-0.476486
0.131141
-0.173279
0.250677
-0.397635
-0.26355
-0.240886
0.50519
0.372135
-0.442855
0.565662
-0.184681
0.574165
-0.644114
-0.241528
0.42492
-0.0389268
-0.212044
-0.0623956
-0.0158618
-0.406322
0.204872
-0.246275
-0.315701
0.159079
-0.204522
-0.368006
0.0307316
-0.0289925
-0.403106
-0.31759
-0.107713
0.157126
0.304321
-0.306417
-0.170186
0.314962
1.1021
-0.337301
-0.526704
-0.465983
-0.333401
0.0845044
0.454858
0.451821
0.0616983
0.24744
-0.25772
-0.139294
-0.280383
-0.025844
0.0869307
0.161228
0.282726
0.244991
-0.0206163
0.270555
-0.010833
0.316044
-0.083605
-0.0253486
-0.292835
-0.448441
0.242582
-0.11082
0.123264
-0.433576
-0.167649
0.175723
0.04797
-0.458681
-0.428848
-0.0855886
0.412894
0.389534
0.217833
0.283764
0.779162
-0.33809
-0.232114
0.0110313
0.657359
-0.124304
0.482382
-0.29441
0.344272
0.0129981
-0.340345
0.0586915
-0.114001
0.139937
-0.100491
-0.13288
-0.168936
0.267456
-0.0179655
0.0497431
0.543551
-0.154877
0.132173
0.491857
0.205337
0.432184
-0.387077
0.0285444
0.427289
0.168058
0.421728
0.266293
-0.205629
-0.588678
0.380809
0.40376
-0.43593
-0.0775756
-0.128746
-0.305239
0.279246
0.427023
-0.110555
0.478384
-0.595753
-0.201924
0.316138
0.26502
-0.279981
0.296576
0.202333
0.336068
0.348914
0.456319
-0.0366761
0.301871
0.0590378
0.329363
-0.272199
-0.481395
-0.0948728
0.274277
0.474588
-0.224287
0.415417
0.217724
0.214767
-0.0536102
-0.0120634
-0.328081
0.155044
0.403328
0.109686
-0.386857
0.360716
-0.0239156
0.354565
0.0939193
-0.385158
0.392694
-0.0492351
-0.354182
-0.392355
0.496735
0.0744681
0.316045
-0.220416
0.201945
-0.448357
-0.139184
0.255207
0.301134
-0.215623
-0.382978
-0.413959
-0.159246
-0.454156
-0.4721
0.302437
0.148657
-0.49547
-0.164426
-0.263084
0.190219
-0.0487695
-0.402271
-0.0254385
-0.27642
0.253506
-0.183238
0.295143
-0.152374
-0.481258
0.481174
0.450761
-0.408658
-0.256033
-0.166131
-0.569693
-0.338793
0.291396
-0.096741
0.372305
0.312778
-0.365368
-0.310365
0.249339
0.355132
-0.238269
0.308226
-0.419984
0.218701
-0.591318
-0.392669
-0.144549
0.254376
-0.370942
-0.454428
-0.117356
-0.0835993
0.109471
0.352442
-0.549588
-0.000997914
0.126725
-0.395864
-0.0788516
-0.125207
0.151242
-0.162452
0.156788
0.0805293
-0.401293
0.369913
-0.538023
0.232616
0.167893
-0.153488
0.176259
0.347957
0.280348
-0.0338874
0.32646
-0.422564
0.153977
0.119821
-0.366986
-0.372622
-0.00124124
-0.16254
-0.487738
0.105894
-0.200392
-0.496458
-0.343496
-0.067066
-0.0616877
-0.00910615
0.313052
-0.160689
-0.129529
0.485586
-0.427896
0.401113
0.388331
-0.266988
-0.890061
-0.054411
-0.231535
0.320329
-0.0696242
-0.310222
0.502276
0.178996
-0.0626118
0.15634
0.675231
-0.486515
-0.275249
0.0721872
0.594581
0.546126
0.557685
-0.0816802
0.538579
-0.222684
-0.148609
0.25203
-0.312166
-0.344252
0.440909
0.247572
0.564297
-0.563094
-0.0137641
-0.120936
