#input normalization
0.16031 0.266872
13.1034 20.1196
12.6719 34.2177
9.93444 29.651
0.0126024 0.0360438
0.0105386 0.0295755
0.51009 1.27706
0.81698 1.01849
0.970592 1.18721
1.15303 1.36175
1.37751 1.4934
1.60213 1.60896
1.81592 1.70013
2.01916 1.76833
2.22458 1.83245
2.39232 1.85731
2.56748 1.8594
2.75786 1.8017
39.4778 50.7951
1 -1
#output normalization
1 0
#neurons weights
-0.123959
-0.436572
0.120049
0.492847
0.139351
0.365572
0.117377
-0.0179624
-0.389702
0.405466
0.02815
-0.278527
-0.298095
0.29298
-0.0162115
0.230172
0.310078
0.333733
0.162303
0.319585
0.272533
0.107253
-2.51484
-0.761381
-1.031
-0.209436
1.32798
-0.706471
0.140816
0.0792236
-0.47383
-0.850748
0.062663
-0.193842
0.611821
-0.767493
-0.34474
0.264745
0.310006
0.321859
0.000658191
-0.286157
-0.745174
0.0901574
-0.0976863
-0.152301
0.706869
-0.166995
-0.408419
-0.0420366
0.109254
0.739496
-0.666536
0.429373
0.182621
0.184623
0.515732
0.434044
0.0446309
0.321437
0.277727
-0.0149674
#synapses weights
-0.694261
-0.552401
-0.404865
0.114625
0.156446
0.311991
-0.543016
-0.243861
-0.354984
-0.0845659
0.046336
0.0679008
0.123297
-0.193538
0.162542
-0.0975691
-0.209219
0.0963723
1.23119
-0.400157
0.0625712
0.155269
0.222308
-0.118985
0.338946
-0.157715
0.955048
0.219968
0.629482
0.37157
-0.335275
0.184297
-0.0634311
-0.371316
0.00946279
-0.193175
0.179007
-0.207991
0.66728
-0.372835
2.79634
-0.0113981
-0.106199
0.0435192
0.353074
-0.118362
-4.11095
-0.0790301
0.034808
-0.00946584
-0.0569687
0.106192
-0.127762
-0.0700495
0.0510811
-0.0276894
0.0908646
0.00449763
-5.26354
-0.221156
-0.37169
-0.300149
0.627419
-0.0126561
0.0609469
0.274143
0.647068
-0.151358
-0.176078
0.048436
0.120885
0.313768
-0.289694
0.151755
0.21272
0.0973565
0.435512
-0.214377
-0.423153
-0.0992066
1.69808
0.37528
-0.0588143
0.191684
-0.0758576
0.262795
-1.62192
-0.0669442
-0.196078
-0.0454834
-0.0192654
0.082061
-0.0296134
0.210679
0.215011
-0.0191819
0.0552062
-0.126633
-1.90544
0.0105065
1.59145
-0.310062
0.0894775
0.101293
0.32014
-0.172566
-2.05934
0.128011
-0.312052
0.235455
-0.153927
-0.11438
0.263153
-0.0583199
-0.137464
0.154447
0.112934
-0.050162
-2.59931
-0.312526
-2.11941
0.42878
-0.349226
0.263662
-0.156139
0.189271
3.27032
0.0770573
-0.0859596
-0.205838
-0.053506
-0.057736
-0.0558214
0.0538946
-0.0813229
0.15636
0.100857
0.222316
3.63659
-0.339115
0.0927213
0.0416776
0.489182
-0.276296
0.401295
-0.04386
0.402334
-0.170245
-0.305431
0.268032
0.249529
-0.255426
0.363873
-0.203305
0.142799
0.039776
-0.117247
0.218953
-0.698333
0.0692077
-0.372899
0.450234
0.337471
-0.309744
0.282067
-0.213639
1.05063
2.54444
1.38611
0.265561
0.30029
0.235504
0.0785313
-0.156169
0.0798289
0.0202206
-0.326403
0.0537169
1.4988
0.230298
0.273987
-0.388087
0.0919379
-0.354186
0.314104
-0.316131
-0.227226
-0.3954
-0.13311
0.0286209
0.0110861
0.107446
0.108734
0.304839
-0.192855
-0.376777
-0.142834
-0.0350083
-0.00396153
-0.134444
0.627715
-0.227098
-0.667909
0.0700526
0.0436036
-0.535137
-1.29466
-0.417145
-0.175331
-0.111864
0.180366
-0.530604
0.0319714
-0.3955
-0.0678996
0.138906
0.286231
-0.12578
-1.1683
-0.0401934
0.57172
-0.0113457
-0.0277796
-0.137994
-0.0369736
0.16474
-0.659789
0.033932
0.205029
0.0121391
0.110101
-0.120397
-0.00450691
0.0761586
-0.0690238
0.329192
-0.130573
-0.162
-2.30081
0.113381
-0.300509
0.108043
0.0954032
0.0202779
0.385343
-0.379954
0.464613
0.0306771
0.302552
-0.0866531
-0.326482
0.257392
-0.173591
-0.0408094
0.0811253
-0.579155
-0.0121789
-0.177401
0.884822
0.204105
-1.02468
-0.1244
-0.189386
-0.186353
0.267821
0.148516
0.351015
-0.468348
-0.220722
0.0830393
-0.0224263
0.242411
0.199745
-0.109259
-0.432415
-0.391617
0.325473
-0.17828
0.414137
-0.402095
-0.732133
0.235679
-0.284945
0.352689
-0.0100725
-0.262175
0.359979
-0.281082
-0.142536
0.00472944
0.0478495
-0.192883
0.523792
0.0220177
-0.388618
0.307799
-0.159388
0.109141
1.51699
-0.310965
0.855399
0.283858
-0.517281
0.278537
0.170491
-0.184615
-0.688864
-0.176337
-0.128786
0.0778922
-0.0241496
0.189975
0.0851928
0.0247135
-0.375637
-0.168566
0.0987196
-0.126738
-1.75994
0.0525252
0.559059
0.367388
0.430985
0.284035
-0.144591
-0.423455
1.02564
0.0621313
0.677546
0.450646
0.149427
-0.171898
-0.0298164
0.293309
-0.324983
0.178982
-0.0932829
-0.101806
0.257546
0.388166
0.198769
0.19102
0.359745
-0.182668
0.0148605
-0.176384
1.22409
0.185756
0.374631
0.101791
0.100174
-0.285599
0.193377
-0.313118
0.263081
-0.222079
0.00833104
0.201753
0.440796
0.0376176
-1.32819
0.120549
0.154823
-0.282677
-0.11565
0.183681
-0.534134
0.171754
-0.0683137
0.154243
0.0674416
-0.000864874
-0.189151
0.180994
-0.00353408
0.147622
0.0407593
-0.143096
2.0727
0.303672
0.716014
0.421857
-0.44356
-0.029991
0.407106
-0.00243076
0.413044
0.456448
0.494489
0.0364593
0.31644
-0.0169259
-0.234583
0.332029
-0.34749
-0.0443496
-0.519628
0.10934
-0.593816
0.430767
-0.511058
0.530256
-0.37944
0.211828
-0.394419
0.0608109
0.0119102
0.395278
0.175238
-0.0641744
0.280111
-0.0689399
0.383762
0.129761
-0.228254
0.0322708
0.337043
-0.130202
0.280689
0.155749
-0.208902
-0.388117
-0.29614
0.46543
-0.148094
-0.218031
-0.73266
-0.230157
-0.291709
0.0841777
-0.387392
-0.463398
0.228637
0.22888
-0.0102645
-0.486158
-0.394989
-0.408989
-0.601984
-0.243112
-0.274397
0.38174
0.0691897
0.963025
0.153724
-0.286999
-0.108293
-0.923227
0.10877
-0.339931
0.455131
0.560234
-0.54761
-0.342566
-0.216592
0.398944
-0.462458
0.196851
0.0449374
-0.707428
0.164545
-0.299171
0.720946
-0.331246
1.5839
-0.549038
-0.250511
0.190338
-1.59451
-0.63744
-0.677951
-0.631527
-0.0791832
0.0265742
-0.0982639
-0.0184334
-0.0282341
-0.225468
-0.525175
-0.494437
0.96491
-0.472666
-0.203062
0.139574
0.492236
-0.929035
-0.137701
-0.239408
0.218409
0.435694
0.270325
0.284118
-0.139767
0.33512
-0.300329
-0.206709
0.364313
0.0584296
-0.205188
0.036983
0.16399
0.137372
-0.34379
-0.130503
-0.544031
0.0815616
0.877196
0.562856
0.573067
0.520773
-0.807314
0.315179
-0.18499
-0.200689
-0.345228
0.196771
0.233926
-0.152469
0.298218
-0.439152
-0.396136
0.100253
-0.126858
0.11112
-0.39492
0.913905
0.0112956
-0.551689
-0.0296665
-0.825809
-0.599157
0.97934
-0.227294
0.367122
0.146131
-0.29213
-0.83364
0.586636
0.546746
0.952536
-0.86811
-0.0988498
0.375496
1.83675
-0.338791
0.174426
-1.08326
-0.0454424
1.68053
-0.0834424
0.898518
0.155076
-0.964354
0.317247
-0.489856
-0.769487
0.0343953
0.368882
-0.547534
-0.236596
-0.239783
0.281156
0.332954
-0.474645
-1.24862
0.339729
0.124053
-0.26142
-0.111504
0.2075
0.216032
0.0701801
-0.0545437
-0.928535
-0.250194
-0.657375
0.157041
0.232573
-0.0214689
-0.508124
0.0259719
-0.157299
0.0384167
0.047586
0.013619
-0.836273
-0.144042
-0.0291459
-0.0050031
-0.358886
-0.587868
0.00354279
0.523679
-0.187478
-0.330548
-0.249059
0.324483
-0.824663
-0.402701
0.541747
-0.224341
-0.398684
-0.615164
0.656617
-0.403567
-0.329606
-0.11619
-0.334475
0.33737
0.404568
-0.227724
-0.0706652
-0.286517
0.105572
-0.194522
-0.209807
-0.480842
-0.469983
-0.327635
-0.181384
-0.266686
0.247268
-0.28337
0.096968
0.266782
-0.208844
-0.128667
0.298427
-0.392946
-0.132188
0.0619639
0.540284
-1.05804
0.060607
0.408983
-0.177831
0.87781
0.520551
0.61252
0.581129
0.324434
0.338362
-0.122317
0.424115
-0.212907
0.956228
0.92028
0.757462
-0.128765
0.747465
-0.542212
0.137861
-0.221545
1.15722
-0.585461
0.146719
0.171948
-0.800486
-0.680677
-0.490923
0.235687
0.177175
-0.712351
-0.46054
-0.336748
0.279594
-0.147529
-0.246855
-0.0561678
-0.440737
0.0688841
0.388707
0.26396
0.473032
-0.825876
-0.117194
-0.922838
-0.291032
0.589264
0.191453
-0.257264
0.454688
0.290627
-0.216607
-0.246597
0.0289202
-0.719253
-0.334249
0.228216
0.302308
0.086498
0.245046
0.42637
-0.178907
-0.249033
-0.301933
-0.305598
0.0911901
0.491488
0.567623
-0.128043
-0.410931
0.5196
-0.279121
-0.372268
0.29933
-0.231926
0.260409
0.136614
0.305376
-0.0279225
0.646248
-0.300286
0.196999
0.0783013
0.336236
0.145404
0.194535
0.548707
0.43474
0.179247
0.392943
0.109808
0.378925
0.264878
-0.0293157
-0.452425
-0.0697825
0.513319
0.184723
0.171409
0.518049
0.470513
-0.246799
-0.296156
0.728443
0.00809133
0.710794
-0.182981
0.838466
0.34994
-0.198441
-0.136681
-0.0233485
0.420753
-0.035008
0.151607
-0.0122717
0.329876
0.45171
0.254653
-0.28302
0.0582302
0.818808
-0.412413
0.330369
0.317448
0.349383
-0.679153
0.309367
-0.876302
-0.0386259
0.77518
-0.0258631
0.46328
-0.315399
-0.471621
0.11092
-0.106805
-0.366277
-0.1244
-0.182099
-0.0189246
0.158801
-0.177876
-0.34341
0.0565435
-0.173522
-0.240166
-0.214433
-0.150364
0.0347328
0.25385
-0.409393
-0.261337
0.264101
0.0618537
0.231665
-0.525847
-0.495812
-0.0743123
0.139386
0.351288
0.479594
-0.0889855
-0.570871
0.195735
-0.224817
-0.244346
0.12354
0.116968
-0.230765
-0.0894925
0.034038
-0.695853
-0.458255
-0.159401
0.278814
-0.0714747
-0.129601
-0.536799
0.280955
0.0418534
-0.507767
-0.0460496
-0.279509
-0.157207
-0.285565
0.297922
0.535434
0.553548
-0.153215
0.532408
-0.670809
-0.106995
0.420963
-0.240509
-0.0298369
0.31135
0.0220958
-0.735306
0.931951
0.3435
0.161384
-0.194944
0.303336
0.281708
0.711615
-0.145042
0.680902
0.109078
0.565553
0.841894
-0.193681
0.209431
2.05312
1.60041
-0.603085
-0.670983
-0.339111
-1.03003
0.633866
-0.115054
-0.123564
-0.330823
-1.00878
-0.298757
-0.0274109
-0.167697
0.76331
