#input normalization
0.160302 0.266861
17.0933 24.3485
12.2402 35.7513
9.46601 30.5037
0.0122699 0.0380325
0.0101832 0.0306926
0.51009 1.27706
0.81698 1.01849
0.970592 1.18721
1.15303 1.36175
1.37751 1.4934
1.60213 1.60896
1.81592 1.70013
2.01916 1.76833
2.22458 1.83245
2.39232 1.85731
2.55904 1.86856
2.7106 1.85718
2.82556 1.81216
2.95998 1.71159
39.4778 50.7951
1 -1
#output normalization
1 0
#neurons weights
0.387833
-0.0368405
-0.385553
-0.410329
0.36408
-0.109508
0.174418
-0.217038
0.0349663
0.123138
0.245711
-0.250833
0.238531
0.352727
-0.296823
-0.24347
-0.0253133
0.1897
0.118805
-0.233795
-0.410233
-0.095935
-0.244109
-2.5921
-0.51099
0.633766
0.412184
-0.304336
0.587453
0.189989
-0.211107
-0.388734
0.617795
0.137798
-0.0626243
0.229945
-0.109077
-0.511142
0.0612252
0.390722
0.514435
-0.173745
0.0885861
0.0307766
0.106997
0.38565
-0.330765
0.501035
-0.334722
0.525859
-0.200413
-0.39352
-0.00829877
0.281935
-0.492133
-0.308004
-0.336881
0.337944
-0.129846
0.00793547
-0.471353
0.571776
-0.0788389
-0.0310259
-0.238693
0.509653
0.334934
0.51147
#synapses weights
0.213478
-0.041049
-0.347269
0.17402
0.287245
-0.233444
-0.570524
0.128395
0.218344
0.104997
-0.0204889
0.232871
-0.459547
-0.0246667
0.196115
0.17478
0.0083588
0.231836
-0.145135
-0.258395
-1.25846
-0.310165
3.1618
0.162595
0.0144067
-0.027152
0.125502
-0.117053
-4.46662
-0.0233252
-0.0105687
-0.0168805
0.000374663
-0.0939511
-0.0183533
-0.0112949
0.0359219
0.074855
-0.0704591
-0.0540992
-0.00731467
-0.0153288
-5.64641
-0.407558
-0.0992406
0.149339
0.244724
-0.171906
0.405844
-0.0230839
0.342163
0.159979
0.149535
0.19717
0.579501
0.0626231
0.1678
-0.0285311
0.270933
0.00991531
0.220689
-0.139326
0.245523
-0.220616
-0.507376
0.402691
-0.576439
0.00841916
0.306375
0.0675935
0.168859
-0.0630282
1.81116
0.271233
0.64507
0.0663667
-0.129545
-0.525818
0.349844
0.0802652
0.438004
-0.212457
-0.418968
0.139532
-0.289196
-0.198743
1.67975
-0.16795
-0.487637
-0.131087
0.0619285
0.372558
-0.015565
0.0657514
0.773705
0.282831
0.582068
0.22834
0.144196
0.285797
-0.169705
0.384948
-0.275465
0.319333
0.098306
0.19769
-0.411668
-0.11353
0.277806
-0.179282
-0.0606253
0.102953
-0.0607624
0.148615
0.139875
-0.125117
0.573775
0.65853
0.550049
0.2174
0.201836
0.0537312
0.358829
-0.216744
0.283716
0.522466
-0.172823
-0.186777
0.374512
-0.346643
0.184084
0.3366
-0.895212
0.0016542
-0.279004
0.0469895
0.176677
-0.239456
-0.223267
0.0710151
-0.219863
-0.0250153
0.174462
-0.227028
0.173475
-0.316772
0.238086
-0.353496
0.318921
0.0791604
0.0342941
-0.250059
1.53877
0.0169147
0.440671
-0.183509
-0.361602
0.0347926
0.0488467
0.0971152
-0.513648
-0.527401
-0.996658
-0.669122
-0.560716
-0.294415
-0.0855538
-0.304831
-0.413633
-0.562871
0.259854
-0.0952416
-0.138557
-0.0679754
-0.815667
0.366805
0.973574
0.0869079
-0.17019
0.0415857
0.435692
-0.104945
0.511711
-0.558368
0.325484
0.233526
-0.0340651
-0.268919
-0.102567
0.25187
0.292042
-0.231549
0.210022
-0.3372
0.169846
-0.179216
-1.01045
-0.182331
0.73531
-0.0123827
0.10373
-0.175302
-0.0493005
0.32649
0.746424
0.378908
0.0256664
-0.187722
0.153468
0.153894
0.0652871
-0.253915
-0.249693
0.245543
-0.1553
0.169407
-0.239583
0.16734
-1.66105
0.20357
-0.574804
0.263823
0.445681
-0.234384
-0.364731
0.125595
3.28006
2.48053
0.255387
0.0608308
-0.0317149
-0.0928062
0.27078
-0.191107
0.0942451
0.087935
-0.215039
0.218337
-0.0554336
-0.143867
1.71584
0.297556
0.326622
-0.218874
-0.133357
0.100074
0.144499
-0.0741211
0.296435
0.119803
-0.375685
-0.382961
-0.361812
-0.278477
-0.410667
-0.295148
-0.748493
-0.345019
0.125303
-0.325989
-0.00586552
0.0277933
-0.157573
-0.440443
0.650074
-0.0588889
0.272967
0.251818
-0.357388
0.408861
-0.455063
0.37415
-0.033478
-0.132758
0.027462
-0.325865
0.127873
0.358257
-0.172248
-0.255353
0.147086
-0.104532
0.241247
0.163135
-0.123983
-0.132063
0.733204
0.162669
-0.428524
0.18021
-0.417341
0.293126
-1.23332
-0.398788
0.0773408
-0.043174
0.11451
-0.412627
0.112036
0.357418
0.271744
-0.386642
-0.0648438
-0.162699
0.250417
0.101142
-1.40573
-0.281389
0.754309
-0.102678
0.324681
-0.0891736
-0.144437
-0.35891
0.685525
0.122319
-0.0861452
0.216233
0.134497
0.0935782
0.13187
0.399282
-0.0562471
-0.106509
0.459352
0.0559335
-0.242759
-0.200564
-0.629766
0.391408
0.297689
-0.171531
0.190192
-0.35821
0.360395
-0.143608
-0.725881
-0.461389
0.130236
-0.567135
0.369989
0.250988
-0.155468
-0.255482
-0.101113
-0.306642
0.367301
-0.042549
0.302883
-0.148892
-0.788313
-0.455362
-1.13206
0.0524922
0.385793
-0.207335
-0.18057
0.1331
3.46239
0.158479
0.749627
0.127368
0.239593
0.00979982
-0.000953756
-0.0712917
0.0863235
0.51747
-0.152259
-0.0374558
0.213167
-0.148165
2.68659
0.207613
0.00807581
0.126173
-0.175781
-0.0294977
-0.182766
-0.467572
0.923522
0.534303
0.511614
0.0861802
0.0478743
-0.0900069
-0.122481
-0.19508
-0.110286
0.0722313
-0.0143797
0.131481
0.0327714
0.135429
0.705934
0.104412
0.0519497
0.417383
0.243491
-0.518727
-0.000275186
-0.36036
0.832127
0.796427
0.29583
0.61846
0.0396787
-0.0552107
0.514869
-0.265422
-0.0602233
0.149271
0.0934406
-0.592827
-0.0521202
-0.0143197
-0.0318816
-0.0837154
-0.0345226
0.227791
0.396511
0.249244
0.0858788
-0.271624
-0.634951
-0.240894
-0.535874
-0.501473
-0.0442926
-0.0461339
0.211811
-0.428372
-0.354323
0.100156
0.378208
0.314619
-0.0277451
-0.58367
-1.1087
-0.0951392
-0.660394
-0.306214
0.173058
-0.120563
0.264459
0.420828
-0.400631
0.0204292
0.125986
-0.0768969
0.199431
0.118327
-0.17966
0.082838
-0.141166
0.301777
0.125025
-0.0541318
0.105907
-0.305472
1.35061
0.0476918
0.484309
0.128655
-0.292328
0.34034
-0.0253198
0.228844
-0.56816
-0.0381273
-0.418014
0.15456
-0.131073
-0.325215
-0.0491534
-0.30358
-0.110104
0.116706
-0.0841178
-0.264828
-0.244253
-0.314715
-0.180932
-0.483201
0.378752
-0.0368042
-0.0141082
0.186646
0.275906
-0.115492
0.439142
0.351897
-0.316736
0.301323
0.00941933
-0.665485
-0.13118
-0.086107
0.434311
-0.163343
-0.109953
0.296615
-0.0692888
-0.151087
-0.380033
0.258827
-0.219414
-0.421917
-0.104118
-0.0347591
0.123374
-0.299066
0.258277
-0.0795412
0.244884
0.555323
-0.54835
-0.191291
-0.371079
0.365918
0.0369486
-0.191513
-0.370936
-0.338348
0.403107
0.0684803
0.188685
0.343387
-0.341794
0.253198
1.08121
0.433173
-0.197038
0.341078
0.279615
-0.230821
0.388513
0.367238
0.181112
-0.0820872
-0.0780461
-0.124587
-0.425263
0.188319
0.142438
0.0308814
0.595266
0.394483
0.0710283
-0.28054
0.423808
0.247761
0.197779
-0.862026
0.174271
-0.603302
0.289979
0.338363
-0.0955275
0.209336
-0.0772305
-0.045795
0.243496
0.179055
-0.111282
0.0564293
0.575801
0.186678
0.259696
-0.0732416
0.143008
-0.330285
-0.321503
0.328147
0.486221
0.324249
-0.801741
0.00866396
-0.0157877
-0.148447
-0.0777874
0.300308
-0.310968
0.438916
0.125136
-0.220332
-0.203564
-0.160436
-0.604523
0.105153
-0.211748
0.2318
-0.624703
0.00745555
0.30014
-0.580623
-0.326132
-0.25877
0.609626
0.353534
-0.278597
0.372533
0.386684
-0.331808
0.365121
0.351143
-0.321272
-0.394266
0.176839
0.141916
0.486776
0.428675
-0.395524
0.000415927
-0.24303
-0.128966
0.351502
0.260018
0.389509
-0.172518
0.278532
0.145919
0.0346882
0.420836
-0.272997
-0.336765
0.253387
-0.687656
0.198362
-0.0184624
-0.10501
-0.961332
-0.28818
0.0401677
0.0305172
0.396212
0.323552
-0.305037
-0.523519
0.114035
0.099172
-0.409728
0.0283021
0.113751
-0.161558
-0.665511
0.200458
0.309045
0.165226
-0.466159
0.0881958
0.0172034
-0.0343922
-0.256551
-0.133618
-0.383302
-0.124399
0.0644239
-0.621794
-0.14062
0.0322104
0.255322
-0.0348903
0.468528
0.00253832
-0.354313
-0.567089
-0.458542
0.366075
-0.0643292
-0.0320936
-0.123171
-0.501471
-0.162026
0.0305811
-0.432393
0.0998223
-0.221798
0.0501098
-0.318714
-0.253187
-0.0358938
0.0671171
0.125336
0.233059
-0.53428
0.257858
-0.152756
0.301195
-0.195244
0.559105
-0.567167
0.398476
0.149085
-0.314436
-0.144114
-0.041923
-0.501013
0.0185902
-0.216749
0.095863
0.201644
0.0904723
-0.125761
0.291344
0.359531
0.201342
-0.301233
0.156377
0.321379
0.248984
0.424997
-0.189233
-0.0238328
-1.56708
-0.512401
0.0434928
-0.0566037
0.0425312
0.171505
0.00857739
-0.526463
-0.678429
0.331238
0.0179374
-0.399888
-0.624719
-0.419731
0.082407
0.387357
0.133966
-0.863631
-0.453728
0.725658
-0.0385438
-0.650325
-0.487866
-0.0794988
-0.136748
0.547911
0.450533
0.0748022
0.211893
-0.30104
0.168334
-0.0320751
0.168244
-0.0871264
-0.258905
-0.152197
0.414957
0.212591
0.51536
-0.0852171
0.0466624
-0.0899403
0.581241
0.348486
0.216189
0.322654
0.255439
-0.512654
0.0133167
0.336681
0.0719674
0.127263
0.391061
0.428447
-0.254193
0.53711
0.277956
-0.404889
-0.034139
0.112385
0.510868
0.293934
0.330681
0.0760584
-0.0509245
0.408483
-0.276557
0.428431
0.00609221
-0.256235
0.338468
0.283392
-0.265138
-0.315617
-0.286451
-0.296474
-0.249551
-0.392574
0.24241
-0.0709111
-0.237397
0.219793
-0.639741
-0.281688
-0.145656
-0.554361
0.0283734
-0.263563
-0.0363988
0.279983
-0.412899
0.0885039
1.28811
0.050163
-0.337207
0.176006
0.0680268
-0.284723
-0.217249
0.154309
-0.151209
-0.860733
0.383069
-0.174601
0.456344
-0.050566
-0.432166
-0.827492
-0.0942783
0.159424
-0.347732
0.154374
0.535315
-0.0530606
-0.214427
-0.955092
-0.238813
-0.101937
-0.17736
-0.288421
0.13588
-0.557721
-0.330201
0.0518283
-0.119203
-0.141673
-0.381583
0.0916305
-0.267389
-0.455718
-0.365136
-0.421298
-0.385344
-0.343932
0.221706
-0.243129
-0.0809643
-0.625818
-0.0691171
0.487691
-0.15082
-0.0294513
-0.00329971
0.314398
-0.337836
0.0722052
-0.178862
-0.140533
-0.288734
0.233558
-0.514567
-0.0753102
-0.378525
-0.316673
0.265894
0.144736
0.283302
-0.437675
0.235177
-0.160155
0.252987
-0.0928536
0.108143
-0.210106
-0.0354552
-0.070135
0.0614819
0.12097
-0.0796737
0.355412
0.0731992
0.127106
-0.158238
0.128979
0.160364
-0.0482563
0.706232
0.0439316
-0.0323814
-0.106226
0.127677
-0.209
-0.113911
-0.35374
-1.47129
-0.670915
-0.270196
0.170482
0.0866445
0.551354
-0.483683
-0.308428
-0.631732
0.372518
-0.33188
-0.0339506
-0.335658
-0.245557
-0.178162
0.374901
-0.338463
-0.0381058
0.0495287
0.365067
0.100552
0.0455129
-0.373627
2.25467
-0.200431
-0.215359
0.10598
-0.0159565
0.911885
0.0155206
-1.13436
-1.47846
-0.96974
-0.166077
0.0938204
-0.152419
-0.579284
-0.34175
-0.982687
-0.264671
-0.124431
-0.498721
0.754654
-0.253684
-0.596636
0.226743
0.652922
-0.351599
-0.16919
0.173305
-0.028967
-0.120233
0.496921
-0.500197
0.0518577
-0.782276
0.0741085
0.0187025
-0.203024
0.385486
0.0822806
-0.597501
-0.189952
0.0162887
0.0422353
-0.130865
-0.329823
-0.436813
0.266546
0.317765
0.183571
-0.1864
0.0181102
-0.361339
0.271582
0.0746881
-0.460116
0.289514
0.220867
0.370419
0.107662
0.228774
0.281267
-0.519065
-0.11472
0.0272811
-0.274947
0.235442
0.226018
-0.443378
-0.299699
-0.152445
-0.00279929
0.0491721
0.156177
0.403202
-0.00631212
0.686313
-0.0261883
-0.410646
0.0757578
0.1049
0.209689
-0.286952
-0.508767
0.282343
-0.310683
1.01474
0.0138701
0.0271198
0.177097
0.574116
0.0308734
0.248604
-0.521982
0.114307
-0.72698
0.4317
-0.44925
-0.654727
-0.131134
0.4598
-0.306452
-1.04808
0.479585
0.350813
0.0325036
0.0429594
-1.17
0.0994896
-0.0458613
-0.717259
2.44801
-0.0276023
-0.216736
0.740024
