#input normalization
0.160549 0.269443
42.3994 47.3081
10.5883 38.0507
8.4137 31.7024
0.011521 0.0426486
0.00932653 0.0330789
1 -1
1 -1
1.01646 1.32786
1.23048 1.51654
1.47696 1.68552
1.73 1.83539
1.9743 1.96587
2.21076 2.0781
2.43718 2.17557
2.63908 2.23007
2.83415 2.26984
3.01462 2.27938
3.15896 2.26461
3.28283 2.21551
3.38211 2.15303
3.46272 2.06189
3.51676 1.96916
3.54752 1.85503
3.5578 1.72878
3.54351 1.58884
3.49301 1.43749
3.43884 1.27514
3.3546 1.08322
1 -1
1 -1
#output normalization
1 0
#neurons weights
-0.0296562
0.481961
0.142259
-0.350381
-0.0451376
-0.0435012
0.1098
-0.196628
0.210893
0.217587
-0.408509
0.198186
0.440166
-0.132497
-0.077254
0.0494167
0.441102
-0.147382
0.283955
-0.385145
0.394817
-0.258053
0.214153
-0.208257
-0.263607
-0.364205
0.49519
-0.482214
-0.148899
-0.359631
-0.432992
0.268845
-0.817071
0.317032
0.262255
-0.319295
0.136386
-0.536849
0.352314
0.380325
-0.461758
0.35074
-0.598635
-0.24916
-0.208034
0.219496
-0.975897
-0.292838
0.372861
0.0376176
0.143446
0.0638467
-1.06346
0.53039
-0.236335
-0.141009
0.402553
0.0546674
0.531189
0.26055
-0.118396
0.462476
-0.349038
-0.271427
-0.125629
0.251798
-0.247463
-0.284351
0.411511
-0.0422854
-0.483536
-0.263303
-0.0200083
-0.476435
-0.0670822
-0.0225194
0.256968
0.287465
0.312971
-0.460148
0.412039
-0.33002
-0.459338
0.40114
-0.0229141
0.182632
-0.355141
0.32295
-0.512313
0.442092
0.408306
-0.572361
-0.339827
-0.427446
0.116228
#synapses weights
-0.552716
0.6578
-0.0248921
-0.00648823
-0.468515
0.26153
0.215578
0.143763
-0.382756
-0.350047
-0.0198888
0.375065
0.520037
0.395631
-0.432672
0.240293
0.186944
0.255069
-0.160054
-0.0474397
-0.178615
-0.0363782
0.0697711
-0.0103674
0.440263
0.27474
-0.136232
0.116207
-0.0471322
-0.0289382
-0.379461
-0.129537
-1.46669
-0.432652
-0.170428
0.0981212
-0.314094
-0.0890753
0.142098
-1.45992
-0.337985
-0.292997
0.116427
0.277943
0.360601
0.21312
-0.0324721
-0.136146
0.0109725
0.0679922
-0.0151628
0.3247
0.280232
0.409548
-0.283499
0.227258
0.469809
-0.205261
-0.0263491
0.38005
-0.389853
-0.36219
0.348626
-0.442199
0.513306
0.0264636
-0.48517
0.499365
-0.287355
-0.0124541
0.975115
0.630967
-0.053951
0.159166
0.538
-0.0993021
-0.37203
0.169582
-0.29713
-0.110741
-0.500897
0.227787
0.359853
-0.245304
0.184472
0.0273356
0.173165
-0.499797
-0.0415928
0.201521
-0.359373
0.0839803
0.185192
-0.0744367
-0.834314
-0.25631
-0.174591
0.120216
0.496446
0.0884889
-0.351327
0.175229
-0.352911
0.306716
-0.120542
-0.245518
-0.0194407
-0.311786
-0.321406
0.224656
-0.135052
-0.351297
0.277193
-0.038674
-0.376485
0.236389
-0.202369
-0.142372
0.324676
0.28666
0.107738
-0.0686612
0.10878
-0.292124
-0.431708
0.213261
0.510831
0.234142
0.30284
0.337671
-0.127036
-0.235234
-0.2914
0.469473
0.0552246
0.0175949
-0.19098
-0.263574
0.372932
0.322959
-0.330123
-0.45681
-0.0718532
-0.422399
0.176447
-0.456199
0.0520607
-0.321184
-0.0136068
0.163095
-0.0864678
-0.234218
0.172628
-0.383517
0.458917
-0.177362
-0.967784
-0.446283
-0.450682
0.411133
0.148314
0.36196
0.281044
0.025672
-0.216804
-0.285526
-0.496898
-0.0903601
0.29166
0.501955
-0.122324
0.470782
-0.414901
-0.062916
-0.180445
0.580941
-0.0748702
0.404931
-0.138172
-0.429308
0.16105
-0.4091
0.595258
-0.0973576
0.330028
0.414711
0.144567
-0.980397
0.280465
-0.268397
0.417958
-0.283654
0.388134
-0.377457
-0.435816
-0.193315
0.377147
-0.0131026
0.226278
0.0830593
-0.433943
0.04662
-0.443608
0.311956
0.105057
-0.0643105
-0.159937
-0.11561
0.223309
0.197184
0.418352
-0.0335304
-0.138131
0.255649
0.333049
0.34161
-0.468826
0.214995
-0.457825
-0.417881
0.0324292
-0.0171803
0.0655871
-0.377333
0.409798
0.328141
0.326028
-0.11579
0.588953
-0.493462
0.547355
0.294775
0.222961
-0.139782
-0.359703
0.0874115
-0.101699
0.406796
0.0157679
-0.127457
0.0777907
-0.0019111
0.677558
0.152396
-0.0792098
0.231281
0.15607
0.126278
0.111659
-0.632865
-0.385053
0.314648
0.0199477
0.0776631
0.362089
0.111602
0.192827
-0.241813
-0.0294273
0.13617
0.577673
0.489356
-0.0844388
0.506968
0.134033
0.271013
0.30343
0.0891726
0.00538365
0.42032
0.188913
-0.215742
0.248234
0.317904
0.0595865
0.172962
0.231336
-0.224847
0.378391
-0.0271568
0.590179
0.257222
0.229196
-0.269636
-0.25933
0.381677
0.35376
0.775018
-0.441159
0.36594
0.314653
-0.210252
0.0832598
0.445568
0.00503852
0.50063
0.308207
-0.312131
-0.250657
0.01423
0.145281
0.31837
0.0597064
0.0204631
-0.0104076
0.483194
-0.360495
-0.243982
-0.315934
0.163166
0.157672
-0.0482367
-0.0419747
0.356428
-0.181591
0.0929925
0.403598
0.00283012
-0.396432
0.251808
-0.320805
0.0519002
-0.364898
0.331762
-0.358668
-0.531559
-0.0668651
0.0220559
-0.280363
-0.455702
0.0601788
-0.488621
0.0733938
-0.317852
0.132451
-0.333625
-0.289469
0.260468
-0.371185
-0.401269
0.48055
-0.286092
0.0157684
0.0854588
0.310134
0.131992
0.134947
0.228468
0.246177
0.165353
-0.201498
-0.256983
-0.334107
-0.0855162
0.389009
-0.0952283
0.545554
0.218334
0.513286
0.372243
-0.0597438
-0.296041
0.277234
0.360823
0.0628508
-0.187792
0.529861
0.464276
-0.27346
0.229019
-0.323281
0.17645
-0.044247
-0.913595
-0.078847
0.0304665
-0.676685
-0.26998
-0.142213
-0.0346358
0.18658
0.508371
-0.16862
0.107206
0.424795
0.294623
-0.190057
0.189116
0.286064
0.578781
-0.277184
-0.0191516
0.267098
0.425046
-0.0664176
0.379827
-0.304689
-0.278664
0.272076
0.176861
-0.0774333
0.0854542
-0.167367
0.103945
0.454587
0.260266
0.194143
-0.267309
-0.428594
0.0817339
0.24565
-0.452119
-0.287117
-0.258739
0.168232
-0.459019
-0.0371764
-0.42932
-0.363131
-0.645941
-0.471119
-0.510442
-0.441871
-0.113744
-0.00971877
-0.0652764
-0.208787
-0.119037
-0.403042
0.0916046
0.19996
0.433063
0.155572
0.0801882
0.244968
-0.234828
-0.217348
-0.290112
-0.498158
0.131021
-0.0258508
-0.440823
0.11072
0.563081
0.337337
0.345423
0.500928
0.0476164
0.0889903
0.172338
0.215818
-0.058496
0.193626
0.186264
-0.101732
-0.151882
0.551173
0.331702
0.284643
0.208241
-0.0879543
-0.419591
0.345589
0.123936
-0.431434
-0.159122
-1.59418
-0.133863
-0.348043
0.380933
0.0155511
-0.448162
-0.0633435
-0.991269
-1.78486
-0.631952
-0.287147
0.420506
-0.00430852
-0.0421962
0.261018
-0.0331371
0.130271
0.406998
-0.0774325
0.186976
0.0333616
-0.0239811
0.177258
-0.0268462
-0.0977028
0.527047
0.0187927
-0.0303242
0.267544
0.476589
-0.108971
-0.730628
0.5178
0.111703
-0.348029
0.247217
0.320534
0.317722
0.21711
0.139791
0.382038
-0.57513
0.119866
-0.34356
-0.25769
0.0888972
0.311448
-0.3417
0.0153198
-0.0583602
0.362032
-0.285752
0.383933
-0.0904467
-0.214781
0.166973
0.0753085
0.00719019
0.303777
0.376333
-0.30597
0.347975
0.220755
-0.0915273
-0.0303476
-0.111116
0.417639
-0.104274
-0.211369
1.22401
0.349574
0.285164
-0.190002
-0.0997612
-0.564324
0.290124
0.280711
-0.488526
-0.31967
-0.114023
0.310934
0.122494
-0.0393469
-0.228683
-0.563838
0.135999
-0.0306007
0.0975691
-0.0160211
-0.178708
0.447929
-0.143854
-0.366448
-0.206235
-0.159812
0.177616
0.236213
-0.308444
0.0546685
0.158056
-0.456227
-0.414119
0.471466
-0.00851807
-0.13785
0.0205598
-0.295987
-0.0858708
-0.141883
0.523718
-0.331648
0.28395
-0.231219
-0.309731
0.0182034
0.0273648
0.0569958
-0.430539
-0.14309
-0.317844
-0.0107651
0.408158
-0.158133
-0.479329
0.482718
-0.150724
-0.266578
-0.0711689
-0.240612
-0.297813
-0.477161
-0.313462
-0.286852
0.234723
-0.184771
-0.104486
-0.406226
0.274257
0.0823772
0.0351018
0.322536
-0.362683
0.406306
0.177435
0.461333
0.00924435
0.308738
0.375466
0.352951
0.0951219
0.419801
-0.0495033
0.00400112
-0.0952142
-0.0123955
-0.453991
0.0837693
0.160667
-0.281918
-0.100879
0.404423
-0.0911458
0.396811
0.274794
0.518827
0.718882
0.037547
0.047852
0.287899
0.273833
-0.276978
0.0670795
0.25599
-0.453149
0.174617
-0.521012
0.0358358
-0.344534
-0.58304
-0.582961
-0.324301
0.0730806
0.194656
0.261584
0.162192
0.000941168
-1.65824
-0.0656272
-0.158596
-0.234862
0.230575
0.136125
-0.394961
-2.70006
-0.738674
-0.13286
0.267617
-0.157692
0.118308
0.0725403
0.198071
0.147213
0.184943
-0.0886253
0.13801
-0.262287
0.412457
0.0406798
0.0937564
0.0442218
0.146278
0.187819
0.396688
0.0895298
-0.47186
-0.209403
0.167413
1.44869
0.138333
-0.302047
-0.104546
0.0912199
0.347146
-0.144657
2.88886
-0.22766
-0.440174
-0.0326532
-0.167925
-0.0194408
-0.0403568
-0.0852275
0.126643
-0.27399
-0.087466
-0.104955
-0.182294
0.0379632
0.085919
-0.303474
-0.229029
0.14871
-0.149697
-0.102792
-0.351454
-0.113847
-0.0458717
-0.25543
0.912621
0.285106
0.329652
0.103382
-0.396636
-0.0113258
-0.00820345
0.722329
-0.33094
0.54707
0.304567
0.126713
0.114321
0.370093
-0.232929
0.300208
-0.0625746
-0.39348
0.24244
0.131584
-0.167876
0.475436
-0.275498
-0.238158
0.262259
-0.437763
-0.410837
-0.122066
0.31049
-0.170026
-0.0356314
-0.170119
-0.216593
-0.322857
0.225266
-0.356862
0.0940759
0.420957
0.940345
0.527297
0.245933
0.229168
-0.0498588
-0.290535
-0.184599
0.276081
0.283725
-0.249654
0.216992
0.101505
0.129484
0.0739548
-0.300566
0.13601
-0.210459
-0.455923
-0.247117
0.160686
-0.401461
0.261838
0.00336646
0.330455
0.666203
-0.261685
0.100693
0.654175
-0.400789
0.250261
0.401355
0.000769324
-0.142523
-0.0612306
0.302373
-0.106894
-0.0205731
0.404018
-0.0454854
0.181207
-0.192158
-0.438842
0.222725
0.206005
0.437698
-0.513585
0.373677
-0.447272
0.229595
-0.192005
-0.126935
-0.461736
0.201507
0.0824359
-0.0845159
2.2071
0.0758291
-0.231416
-0.194232
0.0688943
0.328511
0.133948
-0.596478
-0.266977
0.042021
-0.322057
-0.149352
0.0968992
-0.257497
-0.176786
-0.255224
0.173521
-0.236338
-0.396014
-0.238327
-0.0507242
0.00348444
-0.320203
-0.325069
-0.298965
-0.0710522
-0.103075
-0.264913
-0.334921
-0.289123
-0.208538
-0.0530566
-0.0803514
-0.666006
-0.297595
-0.557041
0.0249052
0.0285583
0.427191
0.28378
0.32306
-0.469314
0.295484
0.0810232
-0.517666
0.1517
-0.540456
-0.242224
-0.297785
0.0630964
0.168324
-0.0773634
-0.299213
0.264951
0.413221
-0.0763558
0.269841
0.19848
-0.328235
-0.257661
-0.143631
0.0831998
-1.49457
-0.159708
0.012991
0.14802
-0.0804729
0.232019
0.15462
0.0543497
-0.698919
-0.102258
0.115474
-0.0876576
0.204483
0.230697
-0.175567
0.138242
-0.107706
0.360627
-0.425789
0.120686
0.0299581
0.217785
-0.0329451
0.280698
0.533277
0.033573
-0.0558226
-0.166872
-0.100758
-0.349053
-0.233771
-0.634539
-0.284251
-0.399826
-0.364375
-0.448856
0.332399
-0.453122
0.0487833
0.0119294
-0.124705
-0.0448446
-0.0252976
0.344792
-0.294442
0.24824
-0.448632
0.151565
-0.539356
-0.468049
0.352424
-0.412737
-0.349392
-0.0945035
-0.118016
-0.236203
0.161039
-0.380539
-0.155448
0.161614
0.0460285
-0.385821
-0.11387
0.184794
-0.393343
-0.521307
0.0910284
0.444961
-0.316747
-0.5394
-0.507044
-0.274867
-0.435146
-0.141805
-0.0382124
-0.51332
0.135114
-0.0899711
-0.338566
0.241997
-0.379389
-0.425718
-0.069336
0.137166
0.215263
-0.0176107
-0.0922505
-0.292859
0.328721
-0.014636
-0.420959
0.0996054
0.0299058
2.19381
-0.0627659
-0.0854999
0.175403
0.10619
0.227719
-0.284713
-1.08239
-0.722198
-0.270786
0.0897892
0.0503054
-0.0625319
-0.0423847
-0.0449704
-0.0940882
-0.275649
0.0913777
-0.391527
-0.074311
-0.493516
-0.056694
-0.294154
-0.265949
0.0654371
-0.321932
-0.310945
0.0302696
-0.432351
0.118939
0.187966
0.588437
-0.113721
-0.208242
0.480709
0.0797881
0.0484118
-0.479381
0.296216
-0.0820876
0.168621
0.132337
0.268729
0.0938384
0.298898
0.210675
-0.0509325
-0.687949
-0.0281613
0.0575937
-0.144974
0.507922
-0.371054
-0.389212
-0.0111277
-0.22236
-0.412912
-0.362077
0.577747
-0.243438
-0.0589868
-0.00557392
-0.360485
0.357195
0.180369
0.365938
0.116776
0.33091
0.52278
0.0382352
-0.106904
0.0703694
0.359349
-0.262265
0.518292
-0.273083
-0.0508354
-0.264115
-0.32044
0.25109
0.325579
0.27035
0.3483
0.275575
-0.0923235
-0.460853
-0.387645
-0.214196
-0.0436735
0.0251356
0.0695608
-0.44392
-0.390973
-0.0488129
-0.233257
0.00583813
-0.234628
-0.290301
-0.121652
-0.379813
-0.188935
0.518415
-0.500633
0.140122
-0.286445
0.133045
0.212184
-0.649002
0.321594
0.354894
0.127024
-0.445257
0.232622
-0.139138
0.268872
0.32006
0.027802
0.197621
0.400196
0.413291
0.375537
-0.141585
-0.296335
0.0796474
-0.198025
-0.107665
0.37455
0.091737
-0.0114293
-0.309965
-0.0820964
-0.0853141
0.534412
-0.0368955
0.389513
-0.0859172
-0.162648
0.352654
0.413468
-0.500185
-0.108959
-0.489411
-0.427095
-0.064315
0.450655
-0.0763487
-0.251979
0.293262
-0.186108
-0.155371
0.178567
0.338575
-0.824969
-0.521681
0.328498
-0.100008
0.308932
-0.625171
-0.445475
0.205498
-0.66014
-0.29826
-0.362404
0.179633
-0.0115152
0.215167
-0.0146046
-0.403167
-0.202386
0.140918
-0.443638
0.518214
-0.598016
-0.500633
-0.397948
-0.615051
0.106781
0.029434
-0.68694
0.0294549
-0.354861
-0.509779
-0.273141
0.395922
0.674555
0.225133
-0.2905
0.274355
0.241191
1.01216
0.0543318
0.487993
0.511693
0.121892
-0.368067
-0.0477455
0.271492
0.0568939
-0.121206
-0.458908
-0.146609
0.0220088
0.489696
0.154112
-0.131503
0.67098
-0.076137
-0.0914252
0.0684726
-0.39278
-0.397582
0.422118
-0.244278
0.0677452
0.0496585
-0.0874293
-0.527295
0.0279063
-0.156775
0.0773798
-0.0658562
-0.54899
0.363324
0.17093
0.115771
0.309723
0.203497
-0.323702
0.27622
0.183711
0.400057
-0.27622
0.0770993
0.0266654
0.319402
-0.0341789
-0.281576
-0.178181
-0.0275971
-0.0796926
0.18131
0.19319
-0.401384
-0.381921
-0.240341
0.442701
0.0145325
-0.314324
0.40848
0.0103913
-0.173079
-0.483567
-0.139175
0.443738
0.0162762
-0.155877
-0.295212
0.523948
0.143544
0.227257
0.495829
0.236564
-0.38334
0.134204
0.00634348
0.276875
0.300316
0.0974533
0.417989
0.540575
0.0689125
0.0391524
0.0860355
-0.180193
-0.064203
0.0785401
-0.659462
-0.473574
-0.257595
0.180446
-0.339989
0.346652
-0.122846
0.200898
0.203347
-0.598756
0.21473
-0.327393
0.25624
-0.390593
-0.555605
0.0905601
0.306961
0.106612
-0.474191
-0.196664
0.148748
-0.0499996
0.152567
-0.378379
-0.203218
-0.111532
-0.27747
0.177465
-0.455673
-0.108781
-0.355866
-0.285069
0.31104
0.297748
0.213644
-0.0378257
-0.502499
-0.70166
-0.378661
-0.195065
-0.290511
-0.208176
-0.312646
-0.182982
-0.603608
-0.270229
0.469688
-0.516862
0.165762
-0.486172
-0.231149
-0.0312029
0.406481
-0.2819
-0.482091
0.49139
0.326581
0.36817
-0.224358
-0.325373
0.397604
0.544549
-0.435717
0.284862
-0.20762
-0.0667552
-0.579201
0.581303
0.613364
-0.340049
-0.564474
-0.58783
-0.436793
0.651814
-0.0599021
0.343629
0.334087
0.264341
0.393959
-0.508377
-0.156939
0.117918
-0.196577
0.56963
-0.477541
0.168356
-0.126978
-0.275069
-0.236424
0.212121
-0.299068
0.0944144
0.126562
-0.518002
0.387832
-0.363156
-0.286082
-0.315455
-0.252684
0.339202
0.301149
-0.217154
-0.411581
-0.528699
-0.252083
0.0680168
-0.164804
0.10189
-0.543573
-0.470391
-0.441616
0.302126
-0.117266
0.0854498
0.441896
0.245459
-0.385841
-0.301308
0.274429
-0.0412936
0.610371
0.18045
-0.0747188
-0.164889
0.156595
0.441102
0.268517
0.629123
0.649465
0.0351452
-0.0454817
0.371875
0.416474
0.240242
-0.366375
-0.00061936
0.125177
-0.00115151
0.308277
-0.387753
0.564242
-0.368664
0.158491
0.0373977
-0.0255696
0.431628
0.4707
0.538854
-0.140325
-0.216229
0.169312
-0.430963
0.618444
-0.376421
-0.0239228
0.675771
0.0604236
0.664979
-0.358144
-0.463846
-0.0429942
0.149738
0.37875
0.730947
-0.108383
0.135909
-0.255009
-0.507095
0.174977
-0.0283034
0.035155
0.152933
-0.0639059
-0.173327
0.15564
-0.258858
0.253229
-0.242581
0.00616742
0.0639328
0.440321
0.45883
0.256653
0.483754
-0.356333
0.124333
0.231008
0.299743
-0.240159
-0.0055519
0.248176
0.41917
0.053141
-0.31842
0.426701
-0.145484
0.247177
-0.167706
0.391046
0.169882
0.161377
0.490763
-0.0777302
0.237657
-0.2859
-0.31543
-0.243284
-0.475039
-0.446538
0.0685731
0.075516
-0.154934
-0.202441
0.200818
-0.0997039
0.162991
0.3612
-0.1933
-0.480501
0.352761
-0.00562056
-0.442834
0.270831
0.378808
0.319875
0.436635
-0.325207
0.134885
0.100715
0.326585
0.380572
-0.202796
-0.201748
-0.389223
-0.41951
-0.135266
0.0231263
-0.131658
0.379242
-0.229279
0.375704
-0.26633
0.334889
-0.10158
0.0748732
-0.0269172
-0.148708
0.231771
-0.0347246
-0.276503
0.220475
-0.0110004
-0.19629
0.153291
0.122875
0.379603
-0.330541
0.304443
-0.711727
0.0193103
-0.245682
0.227779
0.382278
-0.107871
0.219601
-0.107671
0.144882
-0.22525
0.641088
-0.333302
0.191248
0.338993
0.162894
0.46934
0.324869
-0.0995025
0.100414
-0.33083
-0.0595417
-0.124249
0.44872
0.26721
0.504826
0.393394
0.277734
-0.177513
0.13667
0.243689
-0.123464
-0.232496
-0.0602756
-0.143249
-0.489759
0.406906
0.382543
-0.0462744
-0.525734
-0.732384
0.367521
0.11586
0.278251
-0.284937
0.165727
0.386791
0.5451
0.0204417
0.413455
0.217287
0.0683925
-0.137726
-0.29984
-0.416393
0.552897
-0.0589487
-0.0848771
-0.425808
-0.254642
0.604218
0.454578
0.159738
0.34042
-0.00583929
0.113864
-0.287795
-0.295791
0.134315
-0.107559
-0.280697
0.324738
-0.0447739
-0.38024
0.428627
0.666384
-0.36127
-0.338035
-0.106394
0.140174
0.417081
0.257869
-0.275748
0.291449
0.156977
0.492172
-0.0706251
0.35251
0.192325
0.167029
-0.209094
0.00528122
-0.125098
0.345374
0.573309
-0.461289
0.374702
0.251465
0.127337
-0.263017
-0.170176
-0.0264926
0.0597991
0.0661991
-0.676047
-0.167723
0.290467
0.304781
-0.158467
0.342614
-0.211903
0.165197
0.394674
-0.407182
0.484878
-0.338339
0.347913
-0.497594
0.337223
0.00114858
0.0727845
-0.181031
0.344193
-0.220207
0.205085
0.0651774
0.184938
0.419033
0.314019
-0.235372
-0.131366
-0.165474
0.0605929
-0.212533
0.154952
-0.265913
0.390571
0.501079
0.386968
-0.168928
-0.347562
-0.195545
-0.349833
0.478825
0.160938
-0.37255
-0.112646
0.323944
0.00793929
-0.222185
0.192202
0.142045
-0.130874
0.0365867
0.0342998
-0.142904
-0.169731
0.160282
0.349681
-0.124576
-0.28968
0.441954
0.124387
-0.0314402
-0.205223
0.293304
0.462863
0.248431
-0.304217
0.847972
-0.28884
0.318727
-0.32027
-0.0369565
-0.0920134
-0.210791
-0.140284
0.401309
-0.10305
0.269749
0.267577
0.617582
-0.131146
0.706125
-0.332749
0.510066
0.619694
-0.323784
0.525665
0.355318
-0.511755
-0.030651
0.280535
-0.10593
-0.00568418
-0.183282
0.359507
-0.289806
-0.445971
-0.0575563
-0.261581
0.029624
0.081914
-0.0754863
-0.425882
-0.215994
-0.151098
0.350477
0.00361034
0.131365
-0.371635
0.488505
0.019806
-0.292959
-0.138443
-0.367252
-0.527112
-0.240372
-0.143167
-0.546172
0.0514856
0.111921
0.394615
-0.355626
-0.218599
-0.435048
-0.0288224
0.391066
0.16826
-0.194342
-0.392983
0.00513349
-0.199006
-0.0585827
0.485666
-0.218058
0.164441
-0.438549
-0.0983348
-0.13636
-0.43097
0.16698
0.27694
0.1492
-0.260984
0.412077
-0.443329
-0.402383
0.146851
0.259032
-0.281115
0.148235
-0.308545
-0.320005
0.166146
0.141784
0.308077
-0.124154
0.481927
0.0846186
-0.389483
-0.356031
0.110384
-0.345071
-0.531934
0.372879
-0.336339
-0.317089
-0.293987
0.302927
0.362054
0.362848
0.299187
-0.288969
-0.424368
-0.0927156
0.477214
-0.44339
-0.526166
0.0213032
-0.167598
-0.586504
0.175855
0.280204
0.471418
0.0595005
0.192059
-0.682558
-0.677691
-0.288286
0.0177173
-0.635208
-0.413022
0.327522
-0.0297333
-0.0375436
-0.228826
-0.321076
0.259186
-0.370908
0.126902
0.123896
0.373102
0.345226
0.122355
-0.415101
0.23779
-0.17908
-0.291155
-0.329181
0.335118
-0.0372452
0.317975
0.453129
0.293166
0.517835
0.221217
-0.118837
0.562051
-0.192868
0.185839
0.29049
0.0558512
-0.396957
-0.657042
0.538377
0.102998
-0.190431
-0.409444
0.402194
-0.500053
0.189665
0.105104
-0.0575136
0.221821
-0.0919736
0.333425
-0.399145
0.184484
0.310919
0.0683731
-0.313185
0.32042
-0.24227
-0.592739
-0.126687
0.0604991
-0.127225
-0.00414892
-0.0622401
-0.0901551
-0.260025
0.416924
0.21821
-0.421495
0.376388
-0.0585035
0.309607
-0.176902
0.111218
0.190853
0.277643
0.0759111
0.187724
0.133522
-0.376389
-0.00749673
-0.334708
-0.460286
0.0384621
-0.299568
0.107386
-0.236467
-0.105151
0.362224
0.0805043
-0.352991
-0.353999
0.0573651
0.200818
-0.0759707
-0.270982
-0.0646706
-0.0104735
-0.254828
0.347605
-0.00795983
-0.019766
0.284445
0.291628
0.395367
-0.00569845
0.335582
-0.203773
0.350832
0.202891
0.0420219
-0.17861
-0.201537
-0.392718
-0.269243
-0.0603956
-0.330351
-0.0143044
0.415884
-0.315561
-0.186997
0.0405694
0.462552
0.18334
0.0728697
-0.475076
0.313704
-0.0145004
0.292402
-0.00404146
-0.106142
0.242728
0.166229
0.42436
0.00851636
-0.284139
0.210513
0.235228
0.0351342
0.0665828
0.474947
-0.513259
0.0323877
0.00488489
-0.0876057
0.362844
-0.275606
0.183951
-0.562461
0.0126208
-0.232942
-0.0068268
-0.381372
-0.104655
-0.290969
-0.314336
0.189227
-0.335309
-0.0915864
-0.376058
-0.45789
-0.202226
0.11851
-0.411474
0.186855
0.0377083
-0.398752
0.122432
0.446937
0.203248
-0.223976
-0.47435
0.611045
-0.768919
0.34017
-0.303046
0.278562
-0.0502403
0.212695
0.159359
0.0801433
-0.618597
0.407576
0.0823962
-0.121287
0.247846
0.676425
-0.387778
-0.255263
-0.267823
0.593729
-0.151324
0.793014
-0.39265
-0.0198106
-0.217223
-0.59136
-0.713981
-0.267469
0.187275
-0.43872
-0.314367
-0.916826
0.302454
0.250774
-0.0955734
1.02235
-1.23339
0.620975
-0.485743
0.716735
-0.184354
-1.14787
-0.143842
-0.50791
-1.04643
-0.230537
-0.00626908
0.357442
0.726627
-0.0138913
0.489024
0.0401585
0.126942
-0.233388
-0.421309
0.334042
0.642321
1.06773
-0.374986
-0.143287
-0.27765
-0.239512
1.40839
