#input normalization
0.160589 0.269496
10.882 17.9622
12.4773 30.703
10.3841 27.8963
0.0127932 0.0334656
0.0108986 0.0284936
1 -1
1 -1
1.01646 1.32786
1.23048 1.51654
1.47696 1.68552
1.73 1.83539
1.9743 1.96587
2.21076 2.0781
2.44645 2.16709
2.69244 2.17746
1 -1
1 -1
#output normalization
1 0
#neurons weights
-0.301273
0.0595765
0.482458
-0.187508
0.439844
0.460189
-0.398893
0.0869215
0.192862
-0.371924
-0.425907
-0.176518
0.466422
-0.462138
0.0574711
0.0954704
-0.494237
-0.145652
0.104805
-0.0684039
0.257777
-0.822777
0.104694
-0.68565
-0.240746
0.675262
-0.322557
0.168241
-0.119347
-0.514697
1.30956
-0.0918896
0.239551
-0.565349
0.535461
0.125355
-0.456796
-0.286913
0.46276
-0.105153
0.134296
0.267682
0.249738
0.36123
-0.424257
0.0443483
-0.264215
0.120993
0.580198
-0.00113312
-0.316151
0.16391
0.00313994
-0.395472
0.612812
0.0316399
#synapses weights
0.0120268
2.02014
-0.0177195
0.606522
0.0812721
-0.36553
0.478555
0.216512
0.718828
0.889526
0.155902
0.0434615
-0.140768
-0.123539
-0.256809
-0.365467
0.28888
-0.458677
-0.0397068
-2.49941
-0.405709
0.334972
-0.289305
-0.109187
-0.394703
0.219637
-0.830299
-0.526114
0.00320968
0.242188
0.184983
0.458813
0.420765
0.692627
0.171666
-0.0965735
-0.137704
-0.630866
-0.195783
0.018612
-0.531138
0.508468
-0.181754
0.472514
-1.60951
-1.1318
-0.883935
-0.377936
0.280041
-0.0721076
-0.193153
-0.0184355
-0.0269212
0.131696
-0.0328912
-1.34944
-0.0888665
-0.0369294
0.0581448
0.256093
-0.205953
-0.295356
0.135734
0.402102
0.201563
0.0616104
0.149496
-0.0216592
-0.0618305
-0.497251
0.286004
-0.139773
0.650806
1.04257
-0.144056
-0.214852
-0.380604
0.509157
-0.0342794
-0.34974
-0.111993
0.0106346
0.0141913
-0.0783451
-0.137801
-0.257105
-0.178689
0.192107
0.140051
0.336574
0.355882
-0.885725
-0.149546
0.27834
-0.239367
0.316871
-0.168882
0.461611
-0.033581
0.209452
0.231968
-0.0647131
-0.231536
-0.00341588
-0.416132
-0.0413473
-0.00386356
-0.322876
-0.166668
0.275999
0.583427
0.0919111
0.416534
-0.237211
-0.33451
-0.40353
1.14805
1.18243
0.545849
0.158327
0.718214
0.0803528
0.0775814
-0.262914
0.361327
-0.0289818
-0.0314656
1.36432
0.465822
-0.123159
0.0896388
-0.420147
-0.289053
-0.478898
0.734549
-0.0352226
-0.434266
-0.359559
-0.147174
-0.826274
-0.0630224
-0.664533
-0.331252
0.349889
-0.13998
1.53954
0.163351
0.0703448
-0.510451
0.168442
-0.271269
0.403813
-0.429253
-0.104198
-0.430126
-0.0993612
-0.149345
0.0683888
-0.0601456
0.210208
-0.321907
0.183122
0.0651873
-0.245427
0.0610791
-0.00839045
0.145116
-0.447526
-0.213948
0.323034
0.00236891
0.267248
-0.40549
-0.564057
-0.793117
-0.288385
-0.353063
-0.385955
0.348563
0.00319717
-0.292949
0.361582
0.161521
-0.0512885
-0.211341
0.092127
0.377274
-0.478059
-0.429294
-0.321804
-0.517694
0.545879
-0.479276
0.196941
-0.165908
0.0804382
-0.0290137
-0.0589589
0.0498196
0.298473
0.14604
0.229557
0.12721
-0.0710112
0.349248
-0.0503145
-1.01526
-0.552888
0.0413665
-0.330297
0.308163
-0.283353
0.247782
-0.282412
-0.0217384
-0.0274388
-0.167201
0.929231
0.419499
0.00959753
-0.0495777
0.123615
0.317974
-0.193722
0.0649495
-0.135784
-0.121299
-0.122417
-0.40294
-0.116784
-0.672795
-0.506786
0.248869
-0.244651
-0.0230327
1.03174
0.109571
-0.225484
0.250699
-0.349552
-0.0485873
-0.248718
-0.177074
-0.172085
-0.280171
-0.0214532
0.122745
0.00135133
0.262393
0.0615579
0.1092
0.415564
-0.152608
1.93617
-0.187147
0.0422116
0.320505
-0.14616
-0.192025
0.209696
-0.132621
-0.0411289
-0.0514848
-0.283907
-0.205353
-0.14531
-0.0435632
0.161053
0.294635
0.0797459
-0.023587
-2.52113
-0.0795852
0.115458
0.0438275
-0.062492
-0.217143
-0.115098
0.257297
0.383468
0.233762
0.522132
0.569751
0.967607
1.1802
1.63754
-0.18243
0.0506564
0.295226
0.225201
0.176326
-0.194875
0.516204
0.368748
-0.350293
0.494235
0.303169
-0.254509
0.0250933
-0.307575
0.179215
0.0349332
0.174515
-0.449524
-0.0934602
0.254973
-0.0784699
-2.45515
-0.69335
0.132405
-0.143627
0.529311
-0.0935253
-0.37661
-2.37824
-0.685558
-0.250824
0.0462601
0.285027
0.357955
0.303868
0.549664
0.0350738
-0.267164
-0.421508
-1.11076
-0.612611
-0.0613642
-1.07341
0.221815
-0.210599
0.141294
-1.90634
-0.961674
-0.228251
-0.0342625
0.336443
-0.0172254
0.497195
0.631345
-0.35755
-0.195326
-0.292888
-0.446695
0.211292
-0.238757
-0.162331
0.204798
0.0403677
0.456227
-0.11652
0.475086
-0.00112023
-0.135896
-0.152194
-0.224869
-0.527094
-0.586666
-0.412916
0.173528
-0.357595
0.496272
0.390569
0.27798
-0.244516
0.425049
0.0306921
-0.149294
0.068378
-0.00248021
-0.199315
0.221417
-0.315895
0.451358
0.402913
0.0224326
-0.17175
0.0293128
0.427427
-0.340361
-0.141929
0.553116
-0.451646
0.824121
-0.324252
0.680393
0.738524
0.274908
-0.526937
0.178996
0.0715083
-0.221431
0.254501
-0.207081
-0.534106
0.387625
0.510696
0.13686
-0.455474
0.644785
-0.629572
0.0863908
-0.977594
0.520313
-0.605982
0.18651
0.0648271
0.201558
0.266268
0.0288995
0.436746
0.619541
0.47979
1.32934
-1.20977
0.382653
-0.113584
-0.150562
-0.321134
-0.507796
-0.0848837
-0.482504
0.240123
-0.0732267
-0.02687
0.127424
0.726799
0.312446
0.371454
-0.208004
0.422194
-0.428394
0.848188
-0.636474
0.255351
-0.474959
0.22717
-0.669722
0.885451
-0.779776
0.502897
-0.792237
-0.350828
0.473807
-0.677628
-0.822478
-0.752039
-0.0841413
-0.278107
-0.880114
-0.461212
-1.2891
2.54382
-0.397817
1.04434
0.787777
-0.217676
-0.333033
-0.0594753
0.0735112
-0.322442
0.199153
-0.125675
0.267277
-0.476858
0.311081
0.256814
0.399061
0.121984
0.441544
-0.437788
0.448987
-0.537937
0.14126
0.404793
-0.106055
-0.00139514
0.213071
-0.0923255
-0.360778
-0.458673
-0.00864019
-0.244481
-0.579442
0.291696
-0.0206003
-0.0881896
-0.0501577
0.0684871
0.182364
-0.297011
-0.508974
-0.267032
0.32145
0.189194
-0.18425
0.000684533
-0.483136
-0.283906
-0.329702
0.186892
0.43734
0.300384
-0.293215
0.602694
0.261832
-0.507348
0.0911324
0.642328
0.0643774
0.151933
-0.560246
-0.31071
0.436253
0.0508447
-0.121377
-0.578901
0.0198178
-0.135737
0.179171
-0.407765
-0.0781719
-0.466162
0.380409
-0.561324
-0.755519
-0.40081
0.252732
-0.475242
0.375416
-0.333525
0.0518287
-0.337049
-0.132517
0.319516
0.0808766
0.0383289
-0.120738
-0.666159
0.646153
0.0388323
-0.122672
0.541942
0.388305
0.0751803
-0.098748
0.0697836
-0.383298
-0.383745
-0.420945
-0.287236
-0.372852
0.0945465
0.389713
0.294676
-0.447662
0.0343513
-0.00482669
-0.398872
-0.129468
0.082384
0.260019
0.348171
0.121469
-0.0910416
-0.103938
-0.212146
0.245968
0.273917
0.37324
-0.349153
-0.292654
0.293283
0.0679233
0.00337213
-0.0676383
-0.15694
0.097429
-0.405224
0.253224
-0.272413
-0.429402
0.451446
0.334443
-0.376696
-0.297929
0.389954
0.315746
0.203083
-0.12163
-0.295125
0.393061
-0.463945
-0.280425
0.0526644
0.077011
0.39286
-0.415737
0.122277
0.210065
-0.0120619
0.0564158
0.463237
0.132705
0.273335
-0.390154
-0.108242
0.0420374
-0.355097
-0.221016
0.115471
0.188161
0.0651019
-0.020536
0.618207
0.401939
-0.517902
-0.0952635
-0.485076
-0.334313
-0.00573113
0.381879
-0.190528
1.24757
0.181436
0.340848
-0.387025
-0.485872
0.429958
-0.177889
-0.261906
0.124589
0.467554
-0.121596
-0.181198
0.0362418
-0.151175
0.103291
-0.121089
0.0473099
-0.170081
-0.116216
0.679159
-0.465654
0.62808
-0.15818
-0.422342
-0.0971555
-0.425637
-0.237855
0.457784
-0.145996
-0.0487577
-0.0966122
0.193734
0.0178421
-0.326178
0.0932434
-0.719899
-0.0414476
-0.249111
-0.0684138
-0.278594
-0.523615
-0.397925
-0.513964
0.37327
-0.120306
0.591648
-0.0951148
0.107097
0.0987025
-0.0810919
-0.538627
0.547123
-0.395355
-0.154206
0.631657
-0.190638
-0.0296219
0.328715
-0.284152
0.320576
0.179286
0.469403
0.27584
1.4129
-1.54125
-0.813889
2.3141
0.218431
-0.598474
0.241499
0.296551
0.302893
-0.356881
-0.00652225
0.0543727
0.660117
-0.386953
0.740163
-0.0698709
