#input normalization
0.160547 0.269438
61.128 58.1686
10.441 39.2449
8.39557 32.1605
0.0117429 0.0436342
0.00929544 0.0331978
1 -1
1 -1
1.01646 1.32786
1.23048 1.51654
1.47696 1.68552
1.73 1.83539
1.9743 1.96587
2.21076 2.0781
2.43718 2.17557
2.63908 2.23007
2.83415 2.26984
3.01462 2.27938
3.15896 2.26461
3.28283 2.21551
3.38211 2.15303
3.46272 2.06189
3.51676 1.96916
3.54752 1.85503
3.5578 1.72878
3.54351 1.58884
3.49301 1.43749
3.43716 1.27838
3.34482 1.10378
3.22632 0.928516
3.11153 0.763094
2.98535 0.603665
2.85542 0.455468
2.7088 0.310791
2.56201 0.17409
2.42284 0.0454989
2.26875 -0.0723995
2.13826 -0.178038
1.99733 -0.27396
1.86229 -0.366118
1.72947 -0.454308
1 -1
1 -1
#output normalization
1 0
#neurons weights
0.174956
-0.0999889
0.418521
0.094115
-0.0468541
0.384105
0.130282
0.0756749
-0.0404215
0.30008
0.247496
-0.334046
-0.299359
0.0354912
-0.277396
0.0710804
-0.407966
0.121238
0.16875
0.1095
-0.430967
0.346015
0.422742
-0.233404
-0.290779
-0.166318
0.0285934
-0.021613
0.346615
-0.241292
0.384956
0.161171
-0.0464684
0.421893
-0.0765316
-0.0248267
-0.223299
0.231447
-0.409366
-0.285965
-0.0204525
0.0498404
-0.453451
0.101012
-0.88708
-0.22592
0.442391
0.451403
-0.383653
-0.0965749
-0.553102
0.318586
-0.276973
0.423387
0.230447
-0.115011
-0.133235
0.0665248
-0.0533852
0.18834
0.258173
-0.175212
0.254327
0.468886
0.26032
0.227886
0.465971
-0.110997
0.922868
0.200069
0.114969
0.190829
-0.374944
-0.489459
-0.282065
-0.373798
-0.459113
0.134015
-0.0186997
-0.0667
-0.157611
-0.0920562
0.0760569
0.22516
0.134567
0.412662
-0.00561761
0.361476
-0.422824
0.401019
-0.451234
-0.399278
-0.492792
-0.0566462
0.351969
0.371969
-0.08477
0.319182
-0.570943
-0.273262
-0.363299
-0.559361
-0.394677
-0.401105
-0.0613923
0.0136741
0.0901568
0.324728
0.46947
-0.135009
0.0172317
-0.468899
-0.246494
-0.0305729
-0.454167
-0.0579058
-0.547954
0.246798
-0.146162
-0.4663
-0.219424
0.0378921
-0.137468
-0.431801
-0.000904679
-0.412688
0.380832
-0.533925
0.440816
-0.122888
0.447177
#synapses weights
0.120573
-0.611233
-0.186368
0.247363
0.20295
-0.556418
0.138338
0.266656
0.362484
-0.00871294
0.388593
-0.243863
0.290072
0.281283
0.213937
-0.0316346
0.0150556
0.0315243
0.0371517
0.0411937
0.0583381
-0.278113
-0.317437
0.179243
0.0582162
0.0611524
0.175481
0.21106
0.0349342
0.169023
-0.250114
0.402092
0.342927
0.251774
0.339175
0.390477
0.0134311
-0.46403
-0.174179
0.186978
-0.0913437
-0.315264
0.351022
-0.0274109
-0.0701894
-0.188796
0.387564
0.179546
0.561243
-0.378902
0.351083
0.427192
-0.175659
-0.515349
-0.440053
0.0780835
-0.284978
-0.215151
-0.0685831
-0.0618099
0.226272
-0.139337
0.281841
0.374406
0.427245
-0.0313838
0.416246
-0.0487299
-0.260775
0.512654
0.399395
0.00362436
-0.288654
0.0434087
-0.0866358
-0.327855
0.320526
0.396726
0.0320789
-0.241143
-0.131661
-0.205977
0.0919705
0.476675
0.334374
0.288028
0.0365159
-1.12024
0.317931
0.163076
0.417604
0.207393
0.0901914
-0.149912
0.633138
-0.388753
-0.239554
0.244322
-0.394494
0.0474997
0.427439
0.0772632
0.409361
-0.483415
0.348266
-0.271023
-0.0275222
0.205651
0.159855
-0.574405
0.331094
0.256785
-0.3097
-0.0392597
-0.489091
-0.208675
0.0939616
-0.445597
0.00403243
0.165017
-0.230535
-0.308504
-0.286163
0.46798
0.105732
0.249765
-0.162832
-0.37794
0.177872
0.462601
-0.22341
0.288625
-0.181339
-0.04928
-0.128658
0.0766373
0.200105
0.0961788
-0.301597
0.112427
-0.417529
-0.359195
0.00641155
-0.4075
-0.0232321
-0.12635
-0.366368
-0.306506
0.524225
-0.480792
-0.256747
0.408937
-0.365127
0.464847
-0.12182
0.0577031
0.348554
-0.340088
-0.194795
-0.179047
0.427299
-0.499664
-0.507081
0.261171
-0.311271
0.254341
-0.31734
-0.543671
-0.0984968
0.0592907
0.0157633
-0.438421
0.475789
-0.0484599
0.591439
-0.0242586
0.797282
-0.242422
-0.316894
-0.185261
0.295914
0.593567
0.56741
0.152043
0.20285
-0.0556697
-0.359283
0.248812
-0.0538722
-0.360907
-0.0693849
-0.324007
-0.343376
0.376261
0.493288
0.324324
-0.26673
0.16859
0.239017
0.0655101
0.0636141
0.0288756
-0.417733
0.207914
-0.28066
-0.0573404
0.289029
-0.313226
0.452522
0.0281871
-0.436636
0.449652
0.0297302
-0.495136
0.263061
-0.326005
0.568003
-0.361245
0.129111
-0.135822
0.302171
0.063833
-0.17524
-0.625236
-0.00229516
-0.438515
-0.058347
-0.485633
0.0970816
0.253291
0.480322
-0.121652
-0.0548017
0.330811
-0.508749
0.324525
-0.354653
-0.305721
-0.506872
-0.399259
-0.162458
-0.288929
0.332387
0.371968
-0.275249
-0.0204452
-0.0742108
0.271254
0.175946
-0.311492
-0.189499
0.0273775
0.408861
0.0577905
0.306653
-0.284244
0.49708
-0.284056
0.373719
0.414738
0.0472209
0.307694
0.616203
-0.322673
-0.132659
-0.331803
-0.163271
-0.208334
0.298657
-0.152661
-0.240799
-0.356088
0.268697
0.108881
0.14011
0.279986
-0.230658
-0.326858
-0.454056
-0.453834
0.0605851
-0.47925
-0.351431
-0.209967
-0.106711
0.330244
0.306028
-0.0375033
0.0708986
-0.277082
0.201541
0.323647
0.0566888
-0.051639
-0.414144
0.0700986
-0.322238
-0.269809
-0.170333
0.349637
0.433871
-0.0743298
0.965028
0.0189296
-0.233004
0.585029
-0.287119
-0.0708513
0.0758846
0.116694
0.508543
-0.164737
-0.368022
-0.0429402
0.360978
0.295033
0.181808
-0.287705
0.221763
0.106821
-0.391126
0.106424
-0.575297
-0.208577
0.163615
-0.345887
-0.216796
-0.0110006
0.288599
-0.151129
-0.321965
0.128305
-0.114807
-0.256643
0.0941273
-0.163096
-0.223169
0.168625
-0.181266
0.258701
0.0391477
-0.0452868
0.0858609
-0.0165359
-0.39356
-0.186301
0.0145521
-0.0140376
0.457372
0.544645
-0.347987
-0.434527
0.218742
-0.246339
0.104524
0.562159
0.207957
-0.0261433
0.0383401
0.602402
0.118882
-0.390691
-0.0729463
-0.202778
0.167248
0.412125
0.485622
-0.208646
0.322523
0.249216
0.105239
0.0924254
-0.157108
0.445879
0.314874
-0.374
0.358823
-0.417199
0.283415
0.342718
-0.393785
0.058687
-0.020952
0.420576
-0.149733
-0.0566247
0.247315
0.291827
-0.392631
0.592384
0.0800279
-0.0559743
0.179432
0.414477
-0.261939
0.380705
0.617309
-0.124603
-0.342662
-0.3919
-0.342421
-0.0965758
0.124669
-0.443003
-0.254662
0.0463361
-0.145312
0.391003
-0.207909
0.0465088
0.315708
-0.264713
-0.329537
0.17004
-0.0280753
0.303697
0.35714
0.497488
-0.449416
-0.224071
0.0315273
0.271036
0.145346
-0.10498
-0.0423848
-0.1688
0.0197829
0.194482
-0.123476
-0.110845
0.211301
1.34664
-0.0334231
0.0695586
-0.00279705
0.204264
-0.206918
-0.429605
4.11626
0.77054
-0.0552799
-0.162704
0.129742
-0.00528956
-0.113977
-0.141785
0.0235849
-0.0118121
-0.214351
-0.0566389
0.151716
-0.235818
-0.0385965
0.0421378
-0.357635
0.185888
-0.346731
-0.399971
0.247582
-0.161087
-0.134473
0.0620775
0.259467
-0.337407
0.0132575
0.0227546
0.185642
-0.346375
-0.0500711
-0.14233
0.0441989
0.261638
0.182429
0.0466241
-0.621559
-0.127652
-0.0808045
-0.312071
-0.522592
-0.217316
-0.270734
-0.18061
0.053138
0.227587
-0.0602462
0.160773
0.522212
-0.105944
-0.274366
0.324211
0.190639
0.212786
-0.0547824
0.493249
0.102371
0.340379
0.365862
0.33083
0.399203
0.492416
-0.151047
0.091022
-0.0954433
-0.395666
-0.0502126
-0.250024
0.233792
0.0147753
0.294787
-0.333978
-0.268282
0.505553
0.223056
0.0192813
-0.153973
-0.182756
-0.010392
0.516805
-0.0327267
-0.183107
0.426808
0.130101
0.327993
-0.38152
0.46119
-0.0590132
-0.18796
0.127621
0.220617
-0.205435
0.173909
-0.404997
-0.0603036
0.0550126
0.20433
-0.064017
0.246803
-0.316798
0.207778
-0.422296
0.369995
-0.0682485
-0.0610893
-0.292346
0.397982
0.199655
-0.402762
-0.260342
-0.377334
-0.275654
-0.0672304
-0.543225
-0.495267
-0.20722
0.38804
0.00679871
0.158228
0.39243
0.143788
-0.361397
0.182363
0.395948
0.336532
-0.199887
-0.0679969
0.273052
-0.387282
0.0422132
0.109526
0.557441
-0.308067
-0.228967
0.234336
-0.164628
-0.035195
0.305274
0.359346
0.215471
0.38913
0.392223
0.272715
0.233673
0.460498
-0.0511692
0.0147091
0.272223
0.0788836
-0.0980069
0.0559423
-0.555187
0.120652
-0.463124
0.141237
-0.135282
-0.256103
-0.470284
0.23182
-0.426264
-0.467929
-0.0069154
0.14913
0.190846
0.520903
0.563682
0.0917126
-0.0586684
-0.0465289
0.237696
0.259524
-0.122699
-0.0977356
-0.154504
0.303849
-0.0117345
0.278775
-0.273867
-0.180716
0.261524
-0.187831
0.432366
-0.341375
0.378087
-0.193371
0.0287086
-0.311864
-0.153361
-0.0164713
-0.070252
-0.441319
0.596512
-0.246936
-0.291571
-0.0032273
0.249829
0.0162911
-0.110198
-0.17251
-0.456257
-0.32599
0.39667
-0.145459
-0.0810856
0.0708567
-0.0293725
0.361862
0.124013
-0.657656
0.356126
0.0295387
-0.636584
-0.0377743
-0.383539
0.486662
0.90426
0.420758
0.318541
0.166562
0.299401
-0.428325
-0.118587
0.00987993
0.193213
-0.108531
0.36624
0.312992
-0.201363
-0.522214
-0.287764
0.36635
-0.338842
0.376089
-0.471709
-0.10312
0.258802
0.362746
0.438876
0.192986
0.27921
0.117712
0.174227
0.211753
-0.0725932
0.127753
-0.0161917
-0.427641
-0.00773932
0.399133
-0.24816
0.158648
-0.391514
0.00649694
0.352611
-0.503867
-0.384477
-0.126333
-0.269501
0.247301
-0.0290897
0.434099
-0.389107
0.26648
0.478461
0.266082
-0.299862
-0.0986971
0.268924
0.383823
-0.000745249
0.291648
0.000393342
0.447648
0.155659
-0.475908
-0.179424
-0.223928
0.412952
-0.0570117
-0.133798
-0.0888559
-0.0821513
0.140793
-0.265002
0.185732
-0.579699
-0.509881
0.489717
0.359073
-0.0962864
-0.162386
-0.19743
0.288993
0.275779
1.38513
0.413625
-0.0711738
0.402703
-0.110222
-0.0990876
0.398649
0.0715402
-0.494915
-0.282499
-0.0501453
-0.201423
0.0930072
-0.18621
-0.237669
0.517002
-0.340018
-0.466094
-0.0281841
-0.0959338
0.193434
0.283519
0.307603
-0.207851
0.574472
-0.350222
-0.371213
-0.107583
-0.342662
0.201387
-0.272833
0.162401
-0.0430185
0.259912
-0.45109
0.140642
-0.263288
-0.377276
-0.16455
0.177617
0.0770387
0.0961094
0.439521
-0.516575
-0.576761
-0.386996
0.0138884
0.411401
-0.114752
0.395434
0.11788
0.224207
0.0348285
-0.220914
-0.305197
-0.0144083
-0.290957
-0.322596
-0.211885
-0.0283387
-0.0913555
0.136665
0.211569
0.514308
0.426187
0.0713714
-0.463387
-0.179289
-0.447949
-0.45045
-0.0758868
0.0260274
0.185678
-0.219807
-0.217996
-0.0864159
0.430408
-0.0778578
0.143384
0.349706
0.204951
-0.29989
-0.0866861
0.245419
0.351085
-0.237008
0.721875
0.206278
-0.440843
0.309864
-0.0946019
0.489799
-0.349647
0.30665
-0.0561272
0.099784
0.166615
-0.102674
-0.248757
0.171931
0.152485
-0.115802
0.0295786
0.107762
0.1014
-0.307556
0.0495722
0.301589
0.117185
0.505945
-0.185753
0.342934
0.505226
0.0383485
-0.263975
-0.236814
-0.127016
0.122373
-0.0417688
0.347637
0.249712
0.233284
0.499542
0.250244
-0.125674
-0.483362
0.155653
0.031569
0.351712
0.00286008
-0.0490015
-0.47055
-0.185788
0.381501
0.201226
0.0900302
-0.436787
-0.261288
-0.0293791
0.215903
-0.458786
-0.05952
0.13911
-0.0333002
-0.310632
-0.214019
-0.303681
-0.445352
-0.117578
0.261798
-0.12742
0.188276
-0.0411365
0.00642065
0.131387
0.188996
-0.498778
-0.099919
0.0192218
-0.517394
0.0358814
0.358728
-0.539224
0.235395
-0.0172659
-0.476499
0.244858
0.0583274
-0.314012
0.286671
0.372089
0.127644
-0.285315
0.651411
-0.185961
-0.594055
0.0954188
-0.203383
0.433525
0.421306
0.453856
-0.186587
0.330691
0.156558
-0.141859
-0.305545
0.139339
-0.15996
0.07785
0.0106687
0.0122378
-0.537548
0.351809
0.0161052
-0.398032
0.163371
0.322063
0.430191
0.127291
-0.558826
-0.296105
-0.525743
0.499384
0.377262
-0.212587
0.0954972
-0.310028
-0.531608
0.189253
0.321795
-0.0444528
-0.350094
-0.252116
-0.113982
-0.134305
-0.817327
0.0670792
-0.0712554
0.267585
0.332687
0.476183
0.449259
0.525521
0.0739234
0.111327
0.0939093
0.395973
0.399543
0.0132812
0.430426
0.198131
-0.424142
-0.138091
-0.169948
-0.398775
-0.220179
0.325403
0.0808921
0.261885
0.0570797
0.258624
0.298068
0.248733
0.417596
-0.224564
0.197245
-0.179825
0.19205
0.0674622
0.038902
0.300199
-0.304807
0.433698
-0.363307
0.0634882
0.407359
-0.133982
-0.241457
-0.238136
0.0677566
0.20259
-0.471353
0.179865
0.0605004
0.131188
0.618368
0.169174
0.512943
0.417447
0.391509
-0.00623517
-0.140679
-0.0895288
-0.387992
0.209507
0.408694
-0.135022
0.170789
-0.194814
-0.323013
0.0594003
0.0412907
-0.288938
-0.408969
0.455449
-0.144728
0.034974
0.506351
-0.0131218
-0.025885
0.0626326
0.347041
0.14817
0.267993
-0.523997
-0.00237393
-0.416458
0.0253594
0.017388
-0.151378
0.374493
-0.233068
0.404018
0.0988246
0.228684
0.0696186
-0.221557
-0.294903
-0.240202
0.286083
-0.358892
-0.352555
-0.28278
0.284965
0.150252
-0.30158
0.46359
0.196495
0.0173453
0.0782851
-0.217817
0.0635643
0.394333
-0.351301
0.0430917
0.238359
0.353348
0.320723
-0.172679
-0.322193
0.170257
-0.230082
-0.00706315
-0.072869
-0.213622
-0.157192
0.192094
-0.0283143
0.0754166
0.0282642
0.111574
-0.380056
0.414073
-0.0317188
0.640067
0.298617
0.245802
0.174071
-0.330471
0.390641
0.123223
1.56036
1.11188
0.4174
-0.00481504
0.15693
-0.153676
0.0766658
-0.119804
0.241517
-0.21819
0.0706698
-0.0375809
-0.1803
-0.329633
-0.229663
0.299245
-0.102067
0.225443
-0.130432
0.282054
-0.259769
0.277054
-0.277551
0.151798
-0.382527
0.277062
0.268463
0.0243281
-0.523257
0.0608138
-0.384049
0.32854
0.15792
-0.382313
-0.164693
-0.0462483
0.495966
0.371145
0.219634
-0.267264
0.0721763
0.238099
-0.311975
0.366858
-0.201905
-0.491923
0.215638
0.346359
0.176005
0.298886
-0.346173
-0.414897
-0.480009
0.313845
0.22095
-0.34751
-0.154051
-0.149646
0.130409
0.119113
-0.421159
-0.400086
-0.339024
-0.167388
-0.384325
-0.404451
-0.154991
0.453023
0.0301202
0.429677
0.30059
-0.0243777
0.283703
0.0993712
-0.152938
0.160969
-0.300834
-0.46878
-0.161516
-0.666041
0.0117802
0.382151
-0.252933
0.107712
-0.0211196
0.485576
0.0184453
0.517372
-0.44029
-0.164063
-0.216684
-0.0756618
-0.0733329
-0.0393583
0.533395
-0.000867736
0.291224
-0.430818
0.271026
-0.119271
-0.378401
0.198241
-0.194938
0.316572
0.284647
-0.337418
0.0881959
0.312656
0.34828
0.345218
0.404048
0.0710728
-0.187752
-0.26848
-0.12508
-0.0187206
-0.0489191
0.387837
-0.174245
-0.440356
-0.32609
-0.178659
0.548971
-0.404604
-0.177907
-0.730794
0.237413
0.361315
0.390388
0.601729
0.236971
0.187419
-0.162197
-0.307677
-0.178325
-0.328401
0.0787578
-0.136113
-0.434809
0.170142
0.0226778
-0.0328284
0.268221
0.259681
0.25212
-0.204138
0.0595602
-0.341865
0.190363
-0.100079
-0.420785
-0.52313
0.124849
-0.228274
0.0759023
0.0909533
0.224875
0.302479
0.0882524
-0.0258758
0.383462
0.457863
0.150163
-0.0657342
-0.157245
0.169692
-0.305075
0.0304829
0.436813
0.458027
-0.0343829
-0.141494
0.502444
0.355241
0.106143
0.171761
-0.191013
0.163313
-0.291635
-0.315095
-0.221727
-0.233302
0.432879
0.476156
0.176612
0.388772
0.340063
0.141217
-0.0220406
-0.27768
0.37271
0.421622
0.428404
0.368043
0.263253
-0.473466
0.3771
0.488508
0.303992
0.140682
0.251047
0.355423
0.306098
0.436478
0.29121
-0.205653
-0.151656
-0.222043
-0.076008
-0.322122
0.489016
0.101463
-0.108167
0.147775
-0.342149
-0.536621
0.0345076
0.137678
0.12802
-0.524445
0.292348
-0.0571542
0.396755
0.0939231
-0.18573
-0.178517
-0.215745
-0.209224
0.131689
-0.100545
-0.207448
0.120074
-0.314201
-0.287872
0.282507
0.0198667
-0.152729
-0.279079
0.0566641
0.448993
0.212148
0.0974676
0.0478696
-0.231206
-0.236625
0.267922
-0.330418
0.292471
0.000270958
-0.272242
-0.21457
0.000430035
0.0855898
-0.177782
-0.434135
-0.0540746
-0.32969
-0.425395
0.184336
0.156466
-0.24469
0.539021
0.151451
0.0423803
0.189031
0.439672
0.0217805
0.122972
-0.00531955
0.361703
-0.0751392
0.192763
-0.352904
0.377727
0.258395
-0.018842
-0.522067
0.163364
0.38959
-0.503526
-0.334911
-0.0293821
0.440087
0.35947
-0.132535
-0.119482
0.288577
-0.0485957
0.494354
0.31998
-0.360903
-0.498452
-0.429342
0.0907572
0.352003
-0.00533628
-0.278478
0.442919
-0.374072
0.200648
-0.412762
0.169731
0.234152
-0.0839782
-0.0423947
-0.427566
0.0991794
0.228975
-0.328986
-0.0909995
-0.389824
-0.289265
-0.381774
0.304275
0.259433
-0.0730636
0.029088
-0.236682
-0.463289
0.301166
0.23586
0.236176
-0.409524
0.402125
-0.444275
0.123953
-0.311811
-0.094342
-0.231927
-0.293671
0.233174
-0.149567
0.345891
-0.189656
-0.203509
0.468632
-0.20109
0.377623
0.192004
-0.295347
0.391727
-0.197362
-0.344163
0.0471774
-0.368557
-0.145769
0.292224
0.0186537
-0.0756013
-0.11034
-0.507971
-0.617563
-0.645402
0.0604273
-0.294083
0.0691164
-0.490037
-0.115217
0.334153
-0.28848
0.0316038
-0.213744
0.16585
0.0615953
-0.055072
0.263853
-0.316483
-0.276948
-0.026511
-0.192833
0.211142
-0.117963
0.363823
-0.262793
0.0696832
-0.478066
-0.128037
-0.223133
0.478599
-0.172938
-1.15294
0.00184876
-0.40032
0.476939
-0.258866
0.374939
-0.423843
0.44007
0.358455
0.320698
-0.377809
-0.274649
0.377061
0.122201
0.0311386
-0.352699
0.423195
-0.354584
0.303832
0.299399
-0.0150591
0.220575
0.397166
-0.240849
0.260717
0.00798584
0.421816
0.291542
-0.347267
-0.157693
-0.257914
0.270033
0.0618832
-0.0363853
-0.0264888
0.349691
-0.48392
-0.278834
0.0610782
0.236675
0.149311
0.158867
-0.106673
-0.297785
-0.149503
-0.0723321
-0.123136
0.0867079
-0.355546
-0.400273
-0.277063
0.428845
0.235629
0.249563
-0.0348805
0.0170957
-0.160484
0.199199
0.428281
-0.250548
0.0390364
0.147435
0.00504299
-0.298441
-0.255336
0.430194
0.333845
0.257082
-0.062957
0.00763386
-0.239598
-0.490919
-0.407225
-0.0633733
-0.476524
-0.420977
-0.238399
0.099727
-0.377875
0.00496832
-0.239152
0.454124
-0.408093
-0.450371
-0.366164
0.583865
-1.12441
0.411877
0.218887
0.108097
-0.101845
-0.146641
0.352202
0.360757
-0.250274
-0.245799
0.237651
-0.222896
0.105458
0.300346
-0.346427
0.0497141
0.00178451
0.00878573
-0.010321
0.400539
0.0429221
0.0123848
0.515553
-0.335015
-0.476668
-0.351262
0.443669
0.306878
-0.0970317
-0.00864396
0.185075
0.493288
0.248718
-0.424243
0.015867
0.00895887
-0.354515
-0.113527
0.244874
0.416616
0.171002
0.162051
0.352695
-0.643685
-0.224018
0.224778
-0.160043
-0.414456
0.412191
0.260728
0.347517
0.677655
0.528433
-0.08486
0.30117
-0.0517472
0.170101
0.170498
-0.184857
0.0248657
0.232243
0.135731
-0.308135
0.105075
-0.352945
-0.0779758
0.421951
0.335854
-0.0807229
-0.509018
0.260076
-0.168739
0.130406
-0.625233
0.476582
0.391053
-0.266384
-0.114782
0.0855113
-0.0486158
0.256921
-0.379739
-0.0615277
-0.0812042
-0.0828
-0.20476
-0.695664
-0.130007
-0.18905
0.0513404
0.152468
0.333471
0.439477
-0.227197
-0.0399392
0.0210553
-0.00333859
0.11234
-0.148383
-0.0583915
0.138584
-0.208284
-0.224427
0.243104
-0.132325
0.363717
-0.498914
0.283298
-0.395608
0.178982
0.38567
-0.377531
-0.376296
-0.253557
0.451118
-0.186908
-0.190303
-0.265225
-0.419581
0.193889
-0.184502
0.313663
0.136186
0.360686
0.456877
0.344702
-0.395339
-0.365984
-0.0792867
-0.133148
-0.346815
-0.190847
0.0361365
0.3832
0.444082
0.0279781
1.32499
0.124858
0.129315
0.0467464
0.556272
0.409151
-0.240396
0.287222
0.0207027
0.198767
-0.175663
-0.226679
-0.244008
0.294049
-0.288553
-0.504228
0.242278
0.0655426
-0.155587
0.378706
-0.0532069
-0.376003
0.117043
-0.0414892
0.436154
-0.415727
-0.0377517
0.205257
-0.103546
-0.0993916
-0.0166229
-0.177686
-0.259824
0.204756
-0.328339
-0.210411
-0.888414
0.177157
-0.480822
0.179119
0.463988
-0.33084
-0.331002
-0.226526
0.151725
-0.448249
0.194411
0.422395
-0.267871
0.229404
0.109986
0.313368
0.033177
0.203622
-0.311668
-0.431711
-0.259429
0.0965024
0.410333
0.368475
0.0521442
-0.0456219
-0.108135
0.260075
-0.328736
0.0396815
-0.107035
0.352312
-0.119502
0.464996
-0.304877
0.493461
0.209123
-0.408847
0.409703
-0.242817
-0.106173
0.0578227
-0.182974
0.699293
-0.103489
0.513122
-0.416154
0.3478
0.419084
0.300161
-0.0669394
0.696832
0.571435
0.233213
0.703945
0.295501
-0.319262
0.544648
0.325257
-0.19737
-0.0561734
0.331666
-0.203349
0.0613424
0.125869
0.568344
-0.230588
-0.0756031
-0.278353
-0.1748
0.0889044
0.56723
-0.324406
-0.224626
0.45758
0.386163
-0.266709
0.351918
-0.28537
0.241241
-0.216686
0.524531
0.0709312
-0.258429
-0.222808
0.205514
0.43956
0.0591586
0.349535
-0.860344
0.306207
-0.388614
0.492622
0.442173
1.24489
0.862334
0.235166
0.282646
0.0742884
0.0365993
-0.107687
-0.0252366
0.13809
0.378856
-0.379183
0.302818
0.210916
-0.287293
-0.360639
0.0785613
0.118451
-0.1029
-0.166391
0.0824323
0.12793
-0.118026
0.0634681
0.292221
0.166374
-0.307361
0.115144
-0.232997
-0.319621
-0.47102
0.227649
-0.200283
0.0145718
0.326302
-0.404009
0.0676576
-0.348269
-0.555474
0.396698
0.230324
-0.0253734
0.234102
-0.171642
-0.208933
-0.392282
-0.0333806
0.0822813
-0.409882
-0.598725
0.0625973
-0.306036
-0.467107
-0.102689
0.121094
-0.393871
-0.391667
0.010391
0.21074
-0.316939
0.0769663
0.4128
-0.363773
0.421895
0.287058
-0.476321
0.348677
0.341899
-0.261029
0.294758
-0.121351
-0.339698
0.464744
-0.197234
-0.30673
0.459671
0.231229
0.058911
0.420007
-0.0896033
-0.10888
0.359937
-0.174715
0.41763
0.409935
-0.0359411
0.45574
0.121614
0.189339
-0.139959
0.0782447
0.306465
-0.434101
0.52045
0.378013
0.0466113
-0.428858
-0.0478314
-0.168761
-0.149458
0.260815
0.304321
-0.483414
-0.0590564
-0.0941327
0.306475
-0.198655
0.544104
-0.131411
0.279145
0.102748
0.0332021
-0.0242004
0.220301
-0.0895009
0.348212
0.229426
0.560684
0.0440794
-0.387531
0.299134
-0.0922447
-0.000649887
0.347173
-0.564677
-0.224791
-0.438446
0.0738337
0.278693
-0.198367
-0.32634
0.116659
-0.329689
-0.215977
0.0302335
-0.301478
-0.43448
-0.023545
0.32715
0.472681
0.0413188
0.341784
0.239172
-0.374228
0.262989
0.379531
0.0707747
0.163773
-0.21175
0.143304
0.329434
-0.323778
-0.109399
0.49832
-0.41058
0.342286
0.024044
-0.554497
0.186558
-0.276752
0.126776
-0.11658
0.320454
0.247095
-0.0289055
0.462948
0.0604293
-0.339624
0.442284
0.114795
0.0802098
0.291772
-0.243762
0.230918
0.0054259
0.317411
-0.259637
0.109707
0.211543
0.360797
0.0487409
0.112853
-0.246736
-0.0896086
0.389461
-0.258901
0.514142
-0.190631
0.198888
-0.481357
-0.169471
0.249014
0.156076
-0.201704
0.262477
0.0133242
-0.077223
-0.0140687
-0.218317
-0.00800805
0.0517451
0.000478238
-0.292006
0.105562
0.349145
-0.482231
-0.155513
-0.30172
0.501411
0.246349
0.134533
-0.330872
0.451
-0.211573
0.0452159
0.223035
0.425222
0.423221
-0.126045
-0.0592625
0.516068
-0.350247
0.276386
0.229791
0.132737
-0.130169
-0.0489278
0.505474
-0.165198
0.341425
0.116265
-0.0897945
0.110338
0.382185
-0.246845
0.34332
-0.0324989
0.180906
0.284789
0.26883
0.448615
-0.393454
-0.245153
0.404267
-0.54991
-0.017247
0.100802
0.0520729
-0.10429
-0.282278
0.405319
-0.124943
0.330666
0.153935
-0.490095
-0.588863
-0.533018
0.319168
-0.306074
0.544914
-0.156722
0.190437
-0.506283
-0.163043
-0.208198
0.0272639
-0.113924
0.198522
-0.402164
-0.293838
-0.488391
0.570546
-0.414623
0.118942
0.349143
-0.56149
-0.0633919
-0.360367
-0.281585
0.0471117
0.229626
-0.408272
0.0182535
-0.077424
-0.168106
-0.113048
0.568637
0.543227
-0.0196649
0.129216
-0.369548
-0.387824
-0.359326
0.300892
-0.591122
0.402753
0.478387
0.208742
-0.179593
0.0587
-0.437817
0.138662
-0.212269
-0.303381
0.00947552
0.0685438
-0.254973
-0.437624
-0.528842
0.366016
-0.477138
0.261448
0.202018
0.396366
-0.36387
-0.229241
-0.0459568
0.401646
0.182986
0.0779756
-0.318281
-0.264805
0.0986069
-0.411489
-0.153164
-0.075247
-0.063093
0.227418
0.400327
-0.135611
-0.365877
-0.10835
0.0131954
-0.448309
-0.314492
0.129165
0.279589
0.368384
-0.240693
-0.155175
-0.256056
-0.0804137
-0.260681
-0.177853
-0.276668
-0.427471
-0.298609
-0.292957
0.154798
0.26765
0.379705
-0.0975195
0.355777
-0.306988
0.429993
0.443074
0.442571
-0.408448
0.250043
0.533237
-0.2835
0.407127
0.115672
0.0778968
-0.0662183
0.254913
-0.243672
0.49347
0.0676567
0.0264137
0.544496
0.09929
-0.238717
-0.235922
0.0798665
-0.113242
-0.11582
0.422776
-0.345279
0.0382577
-0.230902
-0.138097
-0.477965
0.149962
0.270499
-0.00109308
0.368065
-0.166147
-0.486056
0.0610969
0.310146
0.324934
-0.0497917
0.307541
-0.474664
0.374421
0.355427
-0.492199
0.428251
-0.0404527
0.125013
0.204192
-0.153278
-0.202326
0.375547
-0.39807
-0.160994
-0.438909
-0.389713
-0.370411
0.20786
-0.307519
-0.471424
-0.00856354
0.133701
0.340139
-0.33518
0.188203
-0.0876307
-0.00237585
0.301438
0.194243
-0.336341
-0.520237
-0.539877
-0.136234
-0.450031
0.344928
0.279132
-0.264065
0.444756
0.0229687
0.439939
-0.203186
-0.16797
0.0266278
-0.328581
-0.145468
-0.303217
-0.372459
-0.183717
0.124321
0.118553
-0.0653809
0.225778
-0.0870152
0.265302
-0.375286
0.44228
0.349277
0.398889
0.0423044
0.253671
0.521056
0.506265
-0.311523
0.351365
0.43251
-0.421764
0.196935
0.495568
0.148993
0.118341
0.208391
0.473218
-0.0750653
0.207835
0.318608
-0.225256
-0.419084
-0.400321
0.132449
0.421143
0.121445
-0.416337
-0.175411
0.00439764
-0.0708252
0.437148
0.213073
0.143548
-0.368575
-0.162778
0.233315
0.0666431
-0.0410346
0.249968
-0.0857676
-0.191029
0.0463032
-0.343114
-0.428845
0.380907
-0.0436725
-0.409489
0.0885729
-0.222147
0.469943
0.201236
0.265885
0.0095682
0.142262
-0.442934
-0.389934
0.163141
-0.298857
0.205839
0.298514
0.295071
0.00788538
-0.120547
0.133952
-0.345516
0.275032
0.20562
0.145994
0.173004
-0.262176
0.407884
-0.205789
-0.342594
0.116732
0.590139
0.0363968
0.220745
0.305655
-0.346027
-0.290934
0.505365
0.0639345
0.428416
0.0697601
0.329772
0.417112
0.135468
0.444711
0.401495
0.00155253
0.21003
-0.148575
0.193448
-0.34386
-0.253843
0.170902
-0.144433
0.236634
-0.347666
0.470497
-0.234534
-0.0883158
-0.0486937
-0.0955619
-0.143843
-0.186355
-0.0756104
-0.0455996
-0.063787
-0.194223
0.0356874
0.0984005
0.345482
-0.162211
-0.446681
-0.021484
-0.24195
0.0666472
0.049416
0.203094
-0.411063
0.448244
-0.0666327
-0.276963
-0.181255
-0.434578
-0.523385
-0.256371
-0.282391
0.0716349
0.189103
0.383676
-0.51958
0.000580385
-0.168688
-0.410704
0.22352
-0.464817
-0.38976
0.0506239
0.37109
-0.235855
-0.039009
-0.311605
-0.318426
0.000906129
0.348165
-0.150038
0.338281
0.0417969
0.277244
-0.491729
0.211376
-0.180851
-0.109456
0.356901
-0.28495
0.0855337
-0.247343
0.243683
-0.279353
-0.123657
-0.508755
0.106662
0.195168
-0.0788123
0.305497
-0.248892
-0.161552
-0.0776187
0.333941
0.287775
-0.132348
-0.515239
0.29107
-0.526428
-0.382874
-0.0844781
-0.0259441
-0.171538
-0.0687915
-0.145303
0.257382
-0.534529
-0.472591
0.0741755
0.157761
-0.242443
0.232504
-0.0504378
-0.389168
0.088397
-0.215772
0.183179
-0.32928
-0.212397
-0.177857
-0.347058
-0.0296171
-0.465684
-0.232677
0.326512
-0.395302
0.166722
0.363333
0.313176
0.0545802
-0.515266
-0.301354
0.0420377
0.347159
-0.0868805
-0.309374
0.0993036
0.433891
0.477317
0.347968
0.627915
0.0438806
-0.381119
-0.19103
0.0487208
0.071546
0.697699
0.454474
0.473768
-0.0807852
-0.0469495
0.0844158
0.362188
0.557218
-0.143424
-0.203075
0.308351
-0.0223352
-0.395263
0.44125
-0.145904
0.347022
0.12713
-0.317889
0.655952
-0.10361
0.299327
-0.151352
0.244629
-0.432724
-0.0358651
-0.188549
0.516604
0.0139757
0.0256226
0.143145
0.426367
0.0277774
0.244355
-0.424698
-0.426886
0.233971
0.162133
0.39637
0.164822
0.0710826
-0.380691
-0.36066
-0.167265
-0.0280921
-0.0206778
0.412372
-0.0445258
0.312061
-0.0537783
-0.461355
-0.329525
-0.468919
0.333606
-0.202539
-0.234903
-0.20159
0.299601
-0.158715
-0.322815
-0.359484
-0.211836
0.0159155
0.0814687
0.223894
-0.409227
0.0905024
-0.0352721
-0.420456
0.197744
-0.387761
-0.325232
-0.384822
-0.0575571
-0.462936
-0.26135
0.327507
-0.237481
0.0808429
0.075788
-0.456276
-0.165798
-0.0870127
-0.0913094
-0.373082
-0.11666
-0.308608
-0.343876
-0.495152
-0.362287
-0.347831
-0.421581
0.170498
-0.252631
0.205105
0.293146
0.281606
0.236298
-0.223884
-0.335911
-0.423176
0.0910383
-0.401946
-0.50012
0.0972704
0.00930088
0.137328
0.116624
-0.236531
0.250985
-0.20347
0.320567
0.0701914
-0.512493
0.460268
-0.194494
0.16048
-0.27855
-0.214147
0.48386
-0.301449
-0.107004
0.293407
-0.364817
0.0558284
0.306524
0.395557
-0.274084
0.209922
-0.318547
0.450183
0.528085
0.327074
-0.419248
-0.0463882
0.00947939
0.0150263
-0.117153
-0.0158234
-0.238514
-0.211074
0.426447
0.332707
0.0807291
0.222475
0.332652
-0.32697
0.285533
0.115745
0.439611
0.359944
-0.372686
0.300275
0.395799
-0.108651
-0.205285
0.300086
-0.151648
0.279013
-0.00744345
0.325573
-0.385572
-0.0552249
0.159594
-0.26424
0.488527
-0.169815
0.228874
-0.131444
-0.509754
0.0145612
-0.323437
0.408056
0.330868
0.0495529
0.17779
0.479377
0.0780963
0.196014
0.453045
-0.390947
-0.00320389
0.422125
0.108912
0.0234545
-0.0820368
-0.514414
0.347369
-0.413479
0.240321
-0.306642
-0.23438
0.0329362
-0.344641
-0.507356
-0.0990537
0.293322
0.147634
0.263885
0.139411
0.355255
-0.150154
0.0257974
0.438787
0.50674
-0.306118
-0.102855
-0.406983
0.326358
0.138235
0.517458
0.182119
0.250159
-0.494667
0.0624741
0.292444
0.193548
0.596619
0.389375
0.473582
0.0583879
0.405083
-0.0778333
0.440478
0.23076
0.176791
-0.44672
0.392285
0.184376
-0.234728
-0.210924
-0.126464
0.165994
0.441574
-0.0352382
0.277485
-0.314039
0.527371
-0.0334238
0.311959
-0.512539
0.277912
-0.28767
0.032932
0.443374
0.35333
-0.2839
-0.132201
-0.170758
-0.138495
0.147344
0.379772
-0.300063
-0.464375
0.368827
0.215909
0.498249
-0.290995
0.114163
-0.309507
0.306382
0.450766
-0.292046
-0.29917
0.31712
0.12608
0.325221
-0.319337
-0.0488481
-0.371629
-0.245327
-0.188078
-0.0298181
0.0248485
-0.267717
-0.419025
-0.160263
0.404494
-0.36077
-0.344006
0.10813
0.0825822
0.443586
-0.122717
0.323123
-0.230197
-0.201126
-0.479995
0.416883
0.397851
0.434876
-0.332512
-0.449486
-0.461176
-0.0392927
-0.153213
0.45009
0.454024
0.0723868
-0.389499
-0.355081
0.399134
-0.154846
0.438201
-0.330699
0.377007
-0.0052086
-0.452967
0.317065
-0.427391
-0.478792
-0.302934
-0.409707
-0.36035
-0.258297
0.342478
-0.0784753
0.072039
-0.389972
0.445192
0.36915
-0.17517
-0.333882
0.00668876
-0.0910558
-0.416675
-0.437418
-0.104564
0.212364
0.222842
-0.0194548
0.0889768
0.442586
0.339374
0.20385
0.190537
-0.116856
-0.33395
0.382075
0.143743
0.114628
0.415527
-0.0103235
0.421602
-0.396569
0.263762
-0.332552
0.191127
0.39329
-0.499503
-0.000431728
0.14512
0.3459
0.423192
-0.134012
-0.353338
0.430726
0.171496
0.252657
-0.0807133
0.239492
0.0221895
-0.152907
0.230171
0.339869
-0.375577
-0.305351
-0.0525873
0.310816
0.222725
-0.275438
0.370134
-0.051245
0.00621955
0.332838
0.486607
-0.271064
0.216754
0.00787864
0.0140795
0.0101198
-0.10782
-0.41233
-0.170746
-0.214829
-0.4045
0.138472
0.144773
-0.0981222
0.0722242
-0.119053
-0.334033
-0.0448278
0.174913
-0.321426
-0.219316
0.121314
0.053129
0.190146
0.45684
0.317586
-0.354918
-0.563781
-0.0901598
-0.345908
0.312105
-0.447481
0.129575
0.205967
-0.152597
0.0237334
0.405302
0.484182
0.269959
0.138181
-0.286838
0.268239
-0.0115241
-0.358383
0.27545
0.276654
-0.338377
-0.114407
-0.602926
0.488293
-0.242518
0.423039
0.379658
-0.287419
0.296649
1.00232
0.513645
0.216935
-0.16492
0.481246
-0.260872
-0.419927
0.577081
0.13341
0.0830572
-0.253863
0.589001
0.186993
-0.0512726
0.379493
0.831705
-0.0332755
0.147611
-0.0197034
-0.185698
-0.247129
-0.355924
-0.11722
0.406339
0.422047
-0.39184
-0.401613
-0.0252472
-0.140434
-0.287483
-0.0488578
0.402487
0.595681
0.180408
0.0911727
0.231162
0.0207114
0.154501
0.081008
-0.0971537
0.408024
0.0542498
-0.0236794
-0.307171
-0.200134
0.300932
0.160262
-0.248443
0.275482
0.143442
-0.118494
-0.551693
0.0909743
0.115672
0.274396
-0.114196
0.394702
-0.343271
-0.290193
-0.348286
-0.399536
-0.410947
-0.340816
0.412199
0.202937
-0.218389
-0.225005
-0.365779
-0.240226
-0.343667
0.33761
-0.121287
0.496639
-0.141453
0.510409
0.293507
-0.42271
-0.209026
-0.251473
0.175868
-0.344764
0.379717
-0.609904
-0.0428803
-0.431269
-0.100871
0.142426
-0.183691
0.664332
0.0368506
-0.42421
0.096074
0.338238
0.373433
0.242748
0.412149
-0.283603
-0.0686248
0.33714
0.267841
0.0344634
0.220217
-0.312607
0.354763
0.463984
-0.3247
0.508879
0.0550478
0.201364
0.301543
-0.115911
-0.289601
-0.584506
-0.204831
-0.405504
-0.292759
-0.162408
0.35346
-0.511392
-0.161968
-0.0130125
-0.37757
-0.305179
-0.343721
0.327179
0.190142
-0.176481
0.391262
-0.190494
0.0365622
-0.40411
-0.0317472
0.272782
0.220307
-0.461997
-0.068668
-0.181813
-0.0464223
-0.189828
-0.219913
-0.225452
0.234309
-0.323565
-0.000429005
-0.333268
0.102174
-0.304553
-0.21225
0.282495
-0.0625864
-0.104312
0.239139
-0.329241
-0.318963
0.208479
0.367723
-0.178697
0.0107566
-0.353914
-0.182915
-0.189699
-0.284632
0.281012
0.39406
0.104599
0.130927
-0.423061
0.107137
0.38759
-0.303634
0.474427
0.303469
0.0233398
-0.130346
0.195327
0.091548
0.24441
0.0868721
-0.381562
-0.467224
-0.235702
-0.0968244
-0.266812
-0.124326
0.116648
0.209698
-0.338954
-0.333984
0.44615
0.31441
-0.238746
-0.210017
0.25328
0.333907
0.158898
-0.209687
-0.187295
-0.0425125
0.0144763
-0.119827
-0.123569
0.25071
0.527631
-0.259917
-0.0780339
0.535481
-0.0438432
-0.456881
0.54643
-0.369018
-0.316747
-0.107104
-0.135345
0.106184
0.0317776
0.625374
0.260822
0.0278422
-0.091553
0.176597
0.291133
-0.477267
0.297298
0.0967587
-0.179971
0.0877431
-0.206294
-0.118269
-0.270911
0.469895
0.313966
0.36162
-0.338714
-0.234574
0.318932
-0.434459
0.475446
-0.301225
-0.288935
-0.149725
0.122287
0.287361
0.124789
-0.393007
0.00983171
-0.509348
-0.442609
0.0996258
-0.329771
-0.062768
-0.149154
0.337864
0.0685239
0.0098356
-0.439187
-0.0560732
0.0365916
0.159893
-0.609805
-0.00656995
-0.0673152
-0.448675
-0.0462624
-0.216615
-0.490466
-0.0553883
-0.301726
0.140871
-0.216168
-0.428463
-0.0847056
-0.208495
-0.333129
-0.101482
0.074836
-0.0618269
0.283691
0.350935
-0.421796
-0.202629
-0.168477
0.0716853
-0.0903409
-0.533105
0.344648
-0.0656046
0.411589
-0.0940799
0.538023
0.241922
0.109005
-0.249069
-0.130871
0.320026
0.400843
0.336785
-0.334847
0.194136
0.564231
-0.299992
-0.366882
-0.0517452
-0.0315872
-0.234205
-0.337798
-0.353812
-0.0297217
-0.391521
-0.593281
0.40871
-0.297049
-0.192365
-0.178657
-0.3761
0.0904413
-0.0611283
0.123307
-0.271834
0.447467
0.1069
0.0955845
-0.255072
-0.218976
-0.354528
-0.284101
0.324823
-0.205721
0.161765
-0.211051
0.220961
-0.134346
0.138581
0.0679216
-0.0758234
0.262544
0.394423
0.229077
-0.140797
-0.347524
0.14396
-0.222409
0.535491
0.0465376
-0.148568
-0.250667
0.410566
-0.440887
0.122297
0.367199
0.175828
-0.183373
-0.339491
0.332266
0.317473
0.0900887
-0.129712
-0.217717
-0.422304
-0.164108
-0.287955
0.359039
-0.170142
0.400801
-0.217557
0.366569
-0.156845
0.0211762
-0.243451
-0.00156034
0.28647
0.117154
0.414104
-0.365147
0.457949
-0.365431
-0.128758
-0.0968563
-0.234487
-0.00175956
-0.305739
0.0574293
-0.35795
0.342258
0.0243069
-0.360121
-0.19625
0.0534417
0.316889
0.571252
-0.346926
-0.594517
0.0269767
0.213672
-0.239427
-0.520869
-0.340609
-0.584558
-0.526592
-0.501648
-0.61569
-0.381753
0.283131
0.196791
0.266593
0.407303
-0.47191
0.113006
-0.139714
0.00475286
0.119251
-0.187512
0.291103
0.258366
0.344714
0.105881
0.1642
-0.0911247
-0.480116
-0.444838
0.356408
0.530028
-0.131398
0.383199
-0.0271396
0.124673
-0.437997
0.0755246
-0.391895
0.0781282
0.153108
0.480103
0.444268
-0.0110833
0.0286864
-0.247077
0.302168
0.218114
-0.227094
-0.15732
0.34957
-0.224989
0.0815995
0.0241114
-0.353994
0.0891855
-0.150454
0.145332
0.368387
-0.343624
-0.186776
-0.0872316
0.0237057
0.345298
0.117468
-0.292777
0.16212
-0.0949817
-0.280566
-0.431937
0.409492
-0.456799
0.156883
-0.173083
-0.0743995
0.157958
0.0846149
0.206672
0.317238
0.492551
0.0435494
-0.0926989
0.141523
0.328571
-0.0819951
0.503496
0.528703
0.304721
0.274866
0.440592
-0.284737
-0.165054
0.175482
-0.175329
0.301363
0.0301718
0.155722
0.126891
0.54885
0.481391
-0.130841
0.49175
0.330784
-0.273905
0.331069
0.275337
-0.0769802
0.537884
-0.209158
-0.0376337
0.163943
0.313666
-0.0798608
0.403943
0.12669
-0.20588
-0.318939
0.172574
0.020243
-0.0225281
0.391426
0.105018
-0.117665
-0.22281
0.672167
0.408475
-0.147191
0.0354721
0.168445
0.413355
0.268057
0.206874
-0.152569
0.244407
-0.334407
-0.18656
0.0707772
0.25608
0.26278
0.344835
0.492533
-0.0474609
0.408925
0.0665222
0.547724
0.111849
-0.631527
0.29325
0.224847
0.113077
0.315044
-0.132368
0.418963
0.355111
-0.297516
-0.0727163
-0.373046
0.125314
0.141286
-0.41645
-0.47822
-0.345319
-0.247078
0.513547
-0.404561
-0.000471162
0.381959
-0.31065
-0.214261
-0.334963
-0.365707
-0.223101
0.382069
0.38336
-0.204974
0.615775
-0.448269
0.225445
0.0247531
0.326481
0.29836
-0.176709
0.335985
-0.142783
0.299832
0.0158958
0.200164
0.0639053
0.487314
0.278033
0.0697945
0.355045
-0.117167
-0.35632
0.580759
0.568211
0.117514
0.269477
0.262363
-0.0466873
0.250862
0.367647
0.166464
-0.168968
0.24259
-0.463864
-0.319125
0.438843
0.352712
-0.339821
0.500219
-0.047968
-0.00133284
0.255633
-0.047054
-0.416129
-0.187323
0.258008
-0.288304
-0.107215
0.152041
-0.138756
0.138229
-0.346907
-0.345632
-0.0247166
0.428055
-0.305514
0.0136615
0.450898
0.0327078
-0.265398
-0.0369575
-0.398862
-0.284343
-0.344857
-0.402356
0.341571
-0.0362845
-0.136668
0.277571
-0.460465
0.0432678
0.160527
0.459359
0.313024
-0.0204438
-0.188655
-0.0232786
0.13804
0.224133
0.388351
0.115726
-0.150479
0.180015
-0.0632584
-0.315862
0.0295522
-0.275758
0.186255
0.0928337
0.433178
-0.0775649
0.0391964
-0.177676
0.401014
0.167748
0.39982
-0.028862
0.2474
-0.438613
-0.522659
-0.182885
-0.406875
0.182276
0.014014
-0.16546
-0.136887
-0.0111551
0.116644
0.039677
0.311252
-0.488979
0.0819447
0.193488
-0.00165498
0.148966
-0.502244
-0.365252
0.0749152
0.231776
-0.0126784
-0.151488
0.484529
-0.313094
0.283643
0.358331
-0.386671
0.0780283
0.121779
0.122649
-0.350403
0.229499
-0.313437
-0.136879
-0.159923
-0.1026
-0.202765
0.148709
-0.330923
0.134916
-0.292898
0.337356
-0.113703
0.0567851
-0.373913
-0.054916
0.141119
0.084539
-0.511116
0.453981
-0.277535
0.0963857
-0.113676
0.0272707
-0.141309
-0.330263
-0.1731
-0.475205
-0.292968
-0.0252196
-0.14484
0.00037823
0.357086
0.298797
0.484171
0.28529
0.154669
0.366274
0.228617
-0.120092
0.341867
-0.16357
-0.282932
0.0346877
-0.408388
-0.00242361
-0.0630871
0.522449
0.427033
0.027539
0.063411
-0.484512
-0.0485673
0.513504
0.0743255
0.194311
-0.0786352
-0.270931
0.474697
0.280468
0.336724
-0.366784
-0.430993
-0.233627
-0.24277
-0.276402
-0.382384
-0.174592
-0.557432
0.211244
-0.373294
0.366113
-0.00287618
-0.222605
-0.193242
0.301986
0.43914
0.021092
-0.400546
0.119321
0.132843
-0.0437786
-0.170824
0.350963
0.191328
-0.159736
-0.261271
0.30376
-0.584635
0.113938
0.0598849
0.259771
-0.30972
-0.392532
0.165686
0.50435
0.206951
0.290379
-0.459082
-0.139108
-0.0405868
-0.141998
0.126304
-0.0980968
0.290284
0.302883
-0.420805
-0.403574
-0.390962
0.0876005
0.341515
-0.226992
0.415544
0.382523
0.324935
0.0503279
0.115953
0.360152
-0.467826
0.114973
0.30176
-0.422762
0.293806
-0.0398979
0.36529
-0.399792
-0.147851
-0.286507
0.0765884
-0.271195
0.101731
-0.373216
0.113181
0.319852
0.45585
0.357085
-0.558177
-0.150074
0.295654
0.100924
0.180754
0.193542
0.056588
0.336488
0.400419
0.190528
0.0453708
-0.257812
-0.353521
0.21344
-0.327898
-0.0353265
0.21549
-0.299804
0.445158
0.124066
-0.521167
-0.18511
0.288134
-0.360877
-0.203929
0.637145
-0.0837376
-0.270609
0.114379
0.395785
0.320228
0.369453
0.0780888
-0.312174
-0.433387
0.24043
-0.0283254
-0.213729
-0.116845
0.342032
-0.508404
-0.0917967
0.360726
-0.146603
0.24035
-0.0229795
0.0790736
-0.424397
-0.950056
0.0482407
-0.607383
-0.269475
-0.0452933
0.279489
-0.1951
-0.270781
0.25234
0.596572
-0.0975275
0.279978
-0.188467
-0.191684
-0.383249
-0.129855
0.0448712
0.254463
0.154827
-0.791799
0.194789
-0.52983
-0.0750582
0.131549
-0.380325
0.416149
0.348332
-0.0237616
0.617867
0.232262
0.217285
0.307826
0.762907
0.0143446
0.144619
-0.0576689
-0.214498
0.116779
-0.0279942
