#input normalization
0.160547 0.269438
64.3766 59.5316
10.4336 39.3512
8.39625 32.2047
0.0117703 0.0437018
0.00928977 0.0331949
1 -1
1 -1
1.01646 1.32786
1.23048 1.51654
1.47696 1.68552
1.73 1.83539
1.9743 1.96587
2.21076 2.0781
2.43718 2.17557
2.63908 2.23007
2.83415 2.26984
3.01462 2.27938
3.15896 2.26461
3.28283 2.21551
3.38211 2.15303
3.46272 2.06189
3.51676 1.96916
3.54752 1.85503
3.5578 1.72878
3.54351 1.58884
3.49301 1.43749
3.43716 1.27838
3.34482 1.10378
3.22632 0.928516
3.11153 0.763094
2.98535 0.603665
2.85542 0.455468
2.7088 0.310791
2.56201 0.17409
2.42284 0.0454989
2.26875 -0.0723995
2.13826 -0.178038
1.99733 -0.27396
1.8622 -0.364877
1.72921 -0.445283
1.62029 -0.512972
1.49571 -0.578128
1.37986 -0.637372
1.26643 -0.689392
1.15266 -0.739653
1 -1
1 -1
#output normalization
1 0
#neurons weights
0.123213
-0.153234
-0.0778219
-0.0403598
-0.132545
0.355581
-0.0179298
0.483756
-0.464789
0.0572563
-0.09128
0.111841
-0.0462325
0.083311
-0.0959648
-0.434558
0.259045
-0.107726
0.0286964
0.292847
0.269387
-0.402008
0.229397
-0.211076
0.489883
0.0942438
0.330173
-0.0629459
0.489746
0.348832
-0.365501
0.160863
-0.129285
-0.191988
0.462905
0.114205
0.421909
-0.392388
0.186134
-0.251908
0.238602
0.00344924
-0.49358
0.110956
-0.207883
0.258102
0.180855
-0.299429
0.254461
-0.218243
-0.129617
-0.182659
0.326767
-0.237968
0.163437
0.24844
-0.432648
0.444196
-0.436985
-0.0795059
-0.0180667
0.0285581
-0.391539
0.103752
-0.367261
-0.375024
0.413339
0.146491
-0.590481
-0.0594121
-0.173044
0.449876
0.446535
0.199865
0.330125
0.000947812
0.495061
-0.0386845
-0.264666
0.394801
0.532694
-0.155499
-0.259638
-0.14173
0.436039
-0.181194
-0.225042
-0.480398
-0.153479
0.731975
-0.779205
-0.0835928
0.342826
-0.112
0.242628
0.551334
0.356918
-0.363204
-0.35027
0.289752
-0.1303
0.511713
0.118138
0.496765
0.187332
-0.304819
0.0812095
-0.409894
-0.0733402
0.319828
-0.23154
0.488686
0.215356
0.502969
-0.095375
-0.40474
-0.017238
-0.670692
-0.189231
-0.0886633
0.312122
0.00826271
0.137372
-0.0674962
0.527717
-0.231742
-0.395752
0.385203
-0.387299
-0.12864
-0.109926
-0.345612
0.316467
0.110428
0.146248
0.13591
-0.186719
-0.449744
0.391439
0.209955
-0.0791937
-0.339734
-0.304582
-0.243172
0.418369
0.130177
#synapses weights
0.450959
-0.850003
-0.456895
0.0695536
0.0145202
0.0290723
-0.165093
-0.397971
-0.0650064
-0.16776
-0.330054
0.0949934
-0.525612
0.289837
0.105313
-0.0547642
-0.568789
-0.013998
-0.0858661
-0.264276
-0.200326
-0.0903181
-0.435195
0.40205
0.038231
-0.227628
0.0789401
-0.00722186
0.324372
-0.169373
-0.0525331
0.00533822
-0.0867071
-0.405575
-0.17031
-0.00506661
-0.395539
-0.463887
0.489245
-0.203756
0.209311
-0.586826
0.16608
0.283398
0.135051
-0.00673138
-0.420638
-0.0369243
-0.181307
-0.660108
0.0881957
0.164885
-0.523542
0.153102
-0.120191
-0.0250446
0.39176
0.0144276
0.0832649
0.072019
-0.209463
0.136947
0.514054
0.214011
0.268776
-0.399942
-0.0242806
-0.411656
-0.107097
0.268335
-0.520162
0.141317
-0.250021
0.0627444
-0.263962
0.267247
-0.0378726
0.517638
0.588808
-0.30436
0.435418
0.647388
0.245325
-0.105614
0.338053
0.221757
0.0126214
0.375593
-0.102278
-0.194387
0.286932
-0.164913
-0.307087
-0.516111
0.01043
-0.320692
0.463673
-0.316798
0.492647
0.242134
-0.386148
-0.419122
-0.0504322
-0.308385
0.0379962
-0.0852632
-0.214486
-0.295165
-0.30053
0.37093
-0.163384
-0.454383
-0.267494
-0.24516
-0.0603335
0.270774
-0.123485
-0.130961
0.114337
-0.00565292
0.311545
-0.0903494
-0.0899943
-0.350206
-0.0310807
-0.412534
0.491449
0.382988
0.427537
0.439413
-0.386191
0.441984
0.329247
0.135685
-0.194996
0.319354
-0.123716
-0.260592
0.386509
0.305484
-0.359812
-0.354451
-0.197935
-0.411925
-0.224469
-0.289546
-0.45962
-0.322294
0.428845
-0.43294
0.156159
-0.178989
-0.202902
-0.296725
-0.556106
0.170251
0.298282
0.474375
0.315351
-0.220803
-0.204812
-0.339774
-0.177324
0.191763
-0.344467
0.294452
-0.250484
0.347809
-0.0490055
-0.326361
0.34725
0.253708
-0.38361
-0.163969
-0.274954
-0.388537
-0.365651
-0.282067
0.128905
0.156206
0.40112
0.173249
-0.443768
-0.439308
0.473625
-0.0338858
-0.444487
-0.39519
-0.0487926
0.0076908
0.487156
0.0943064
0.118955
0.111766
0.593814
-0.315174
-0.559184
0.691543
-0.0481099
-0.00636224
0.400865
0.319174
-0.271977
0.269401
0.571462
0.12899
0.0581158
-0.385159
0.362058
-0.114408
0.22029
0.0805892
-0.131983
0.0523833
0.0225561
-0.290373
-0.468537
0.0921648
0.0452221
-0.368109
-0.3208
-0.104947
0.462317
0.129642
-0.285405
0.206398
-0.205104
0.232571
0.42084
0.455791
0.360131
-0.412289
0.0495835
-0.0385877
0.341429
0.0250362
0.334657
0.118503
0.2589
-0.0767185
0.32158
0.166855
-0.0934566
-0.213143
0.0106013
0.0560141
0.475293
-0.301981
0.130699
0.10698
-0.376085
0.346741
0.202443
-0.161663
0.0398381
0.447895
0.379425
0.345944
-0.276194
-0.0609958
-0.00620634
-0.490599
-0.097476
0.383481
0.205487
0.503341
0.351685
0.092491
0.401339
-0.017815
0.0725272
-0.369406
0.0124152
0.240458
0.37306
-0.383528
0.0614478
-0.18272
0.274367
0.197984
-0.120191
0.491363
0.450484
0.134569
0.138239
-0.125595
-0.372636
-0.271933
0.292015
0.643266
-0.304603
-0.40464
-0.254
-0.293335
-0.163688
-0.0214329
-0.25075
0.331059
0.225241
-0.379914
-0.123134
-0.387418
0.413355
-0.402566
0.456287
0.0474718
0.127766
0.121638
0.370799
0.101785
0.306512
-0.391622
0.378249
-0.0503564
0.107822
0.276012
-0.0965082
-0.360883
-0.328915
-0.380943
-0.0614581
0.158202
-0.200721
-0.291373
-0.311063
0.372302
-0.156502
0.266868
0.203064
-0.343763
0.362498
-0.11967
0.0629175
0.367179
0.487942
-0.102568
-0.146604
-0.324809
0.131462
-0.0265338
0.365855
0.403823
-0.18669
-0.172327
-0.14601
0.252205
-0.230235
0.433285
0.232227
0.361707
0.0838094
-0.335859
-0.250488
0.0951488
0.0869741
-0.0358574
-0.277081
-0.287707
0.132669
0.445271
0.522278
-0.0249492
0.0506055
0.27285
0.0245542
0.355533
-0.390026
0.189421
-0.082601
0.431609
0.309795
-0.0947348
0.432502
-0.0868753
0.423089
-0.108811
-0.0513627
-0.0607108
-0.136808
0.286864
0.419026
0.248931
-0.208784
-0.26051
0.273396
-0.0645432
0.379319
0.105837
0.213622
-0.0587623
-0.273316
-0.284525
1.06752
0.614324
-0.161819
-0.100725
0.105683
-0.0277066
-0.440576
0.258028
0.200936
-0.139492
-0.199019
0.133692
-0.0305282
0.256109
0.389706
0.346125
-0.206354
0.182439
-0.236232
-0.161088
0.213534
-0.27147
-0.427627
0.0103644
0.421138
0.047727
-0.339857
-0.11099
-0.107411
0.389507
-0.484861
-0.0628695
-0.138083
-0.293236
0.406839
0.0915407
0.184017
0.302343
-0.326715
-0.0499148
0.0870303
0.47502
0.308869
-0.443788
-0.517823
0.0279277
-0.00269717
0.215956
-0.468142
0.0633707
-0.0604322
-0.125997
-0.116687
0.102661
-0.243208
0.267097
-0.445601
-0.0999322
-0.0696994
0.0153177
0.140207
-0.389547
-0.0274344
0.147304
-0.28739
0.24489
-0.0923752
-0.435123
0.308584
0.33519
-0.405504
-0.390038
-0.133441
-0.00636975
0.227961
-0.0909257
-0.128008
0.159307
-0.234395
0.236782
-0.391783
0.183811
0.222708
0.0105949
0.122602
-0.380157
-0.408609
-0.233103
-0.362107
-0.681949
-0.00418306
0.209996
-0.0595638
-0.0394983
0.169612
0.427355
-0.273369
-0.251729
-0.179805
0.236692
0.349999
0.0690906
0.162538
-0.0968917
0.0437825
0.0966674
-0.263934
-0.0301093
0.392813
0.537613
-0.156196
0.295779
0.46397
-0.271346
0.475489
0.480863
0.0663641
0.164089
0.0972805
-0.241624
-0.188633
-0.26064
0.0433454
0.301885
-0.219577
-0.238051
-0.388478
0.309564
-0.219781
0.122349
0.0973539
0.370924
-0.43856
0.361173
0.0781298
0.058813
0.0785879
-0.167053
-0.49095
0.399756
0.302348
0.227211
-0.0451978
0.401568
-0.666624
-0.0597904
-0.135523
0.267623
-0.0981006
-0.26552
0.091401
-0.209862
0.141331
-0.148337
0.246804
0.414717
0.191872
0.254628
-0.15427
-0.340451
0.395677
0.0748934
-0.41563
-0.029023
-0.294102
-0.296773
-0.00774056
-0.108014
0.400117
-0.325753
-0.272776
-0.398819
0.301491
-0.430131
-0.341836
0.548034
-0.0447714
-0.0235158
0.306012
0.407114
0.0100754
0.272392
-0.241537
-0.456359
0.425633
0.235475
-0.0978525
-0.170092
0.295325
0.159939
-0.0639405
-0.00847318
0.923972
1.02862
0.741736
0.517926
-0.0417635
0.254866
0.276666
-0.249381
-0.236413
0.128598
0.210282
0.0411919
0.371616
0.0530771
-0.301082
-0.110566
-0.161672
0.232518
0.0720068
-0.0178157
0.100628
-0.401999
0.0418377
-0.429677
-0.130178
0.170884
-0.104683
0.0138723
0.0896425
0.380709
-0.0678457
-0.0105912
0.12275
-0.10901
0.0490643
0.162866
-0.319901
-0.190725
0.178242
0.347006
-0.0868337
0.994353
-0.136444
-0.336689
0.642368
0.248366
-0.320422
0.305428
0.628418
-0.410942
-0.377855
0.310709
0.0447497
-0.427211
-0.485907
0.0647287
-0.0371171
0.114125
-0.156975
-0.0884929
0.247892
-0.234943
-0.469621
0.052763
-0.436708
-0.122717
-0.445918
-0.19843
0.0126968
-0.100273
-0.116707
0.270527
-0.370009
0.360692
0.534458
-0.0359161
-0.272449
-0.246621
-0.309464
0.451996
0.0713497
0.348529
0.265131
-0.321407
-0.395771
-0.158738
0.303253
-0.439945
0.237457
-0.9759
-0.109385
-0.487709
0.133058
0.362869
0.422746
-0.00103688
0.346704
-0.51773
-0.165171
-0.203346
0.310768
-0.256655
-0.322729
-0.287681
0.373556
-0.220335
0.446859
0.364789
-0.104671
-0.223437
0.00660743
-0.197025
-0.150426
0.374785
-0.42841
-0.302908
0.28851
0.441721
-0.191075
-0.14181
0.063588
0.16449
0.334951
0.0236472
-0.0264483
0.0772964
0.168548
0.301574
0.145114
-0.339707
0.276716
-0.230454
0.121381
-0.281209
0.107968
0.243727
-0.333903
0.163603
-0.546663
0.297122
-0.456587
0.213697
0.32794
0.130625
-0.408765
-0.319003
-0.0595111
-0.422089
0.317125
-0.189226
-0.185081
-0.252551
0.105186
0.226692
0.479608
-0.0353731
0.426347
-0.314272
-0.36576
-0.332094
0.0893052
-0.257235
-0.262679
-0.203562
-0.37525
0.18172
0.235264
-0.0897164
0.274927
0.462261
-0.221323
0.281733
-0.416605
-0.0325033
-0.380994
0.0142531
0.0235528
0.386059
-0.257486
-0.285084
-0.333123
0.363183
0.470772
-0.153079
-0.0609792
-0.368902
-0.062224
-0.250614
-0.0762284
0.0410375
0.146679
0.174658
-0.21787
0.139116
-0.384207
-0.228601
-0.095073
0.145164
0.343247
0.377586
-0.23436
0.233191
-0.0981554
0.0628805
-0.225058
-0.27699
-0.312172
0.0893019
0.304014
0.474636
-0.388935
-0.443127
0.130818
-0.285061
0.192016
0.122525
-0.44577
-0.17063
0.0188904
0.36593
0.341495
0.0816061
0.338302
-0.0775056
-0.419687
0.188019
0.408542
-0.252475
0.0975939
-0.375105
0.443976
-0.096349
0.48628
-0.158148
0.0419394
-0.425208
0.657384
0.0165388
0.413696
0.0379359
0.244453
-0.20233
0.190974
-0.400987
-0.0015496
-0.472983
0.231687
-0.564949
-0.211859
-0.262655
-0.404812
0.164215
0.114871
0.207186
-0.0189873
0.342727
0.243969
-0.183031
0.398025
0.277102
-0.430677
-0.287207
0.397465
0.33647
-0.429452
0.205592
-0.279022
0.0604719
-0.462942
-0.550657
0.252609
-0.0785839
0.424712
-0.353881
-0.177998
-0.283245
0.225961
0.427203
0.310663
0.0678853
0.27248
-0.022292
0.258746
-0.0484129
-0.345877
-0.0492739
-0.0487406
0.416276
0.274927
-0.284384
-0.0574317
0.336113
0.507491
-0.0464261
-0.324405
0.363375
-0.384827
0.0729676
0.360027
0.109885
0.0776632
-0.456733
-0.411849
0.0564172
0.280599
-0.380721
-0.141074
0.435952
-0.394116
-0.500433
-0.0876849
0.289029
0.381346
0.22175
0.270541
0.0836599
-0.0385731
0.201039
0.25844
0.0297347
-0.150815
-0.00178062
-0.319165
-0.317828
-0.356106
0.313256
0.160077
0.499537
0.210285
-0.417087
0.11886
-0.0174789
0.131012
-0.0132431
-0.410649
-0.242733
1.15042
0.606109
0.593298
-0.161213
0.358688
0.332708
0.305197
-0.261197
-0.0232872
0.350327
0.0924369
-0.156033
0.0548496
-0.498253
-0.368023
0.25078
-0.361178
-0.10787
-0.177985
-0.0647977
-0.3721
0.112568
0.124419
0.232996
0.258141
0.127278
-0.540008
-0.222424
0.00578982
0.231097
0.235566
-0.0771776
0.208052
0.358027
0.181297
-0.215555
0.21461
-0.447115
0.400305
0.454116
-0.242706
-0.376139
-0.423033
-0.0529571
0.338014
-0.294437
-0.416659
-0.457022
-0.513475
-0.786443
-0.606469
-0.300941
-0.39232
0.166037
-0.207942
-0.368462
-0.503567
-0.0368859
-0.183201
0.367632
-0.337933
0.174858
-0.111926
-0.298756
0.297569
0.0561362
0.415296
0.0234735
-0.433348
-0.0521085
0.0218244
0.0254511
0.216508
0.34615
0.159042
0.107809
0.23779
-0.000847472
0.101822
-0.111243
-0.388303
0.1111
-0.0801559
-0.333317
-0.163155
0.4375
0.18449
-0.325615
-0.295128
0.063558
0.0774573
0.355761
-0.482457
0.1174
0.458017
-0.211935
0.456346
0.678461
0.192331
0.581192
0.72815
0.317538
0.340999
0.564488
-0.249085
0.098079
-0.23841
0.102163
0.39637
0.0186779
0.0792939
0.0628766
0.317241
0.300475
-0.490461
0.158824
-0.53821
0.411009
-0.0939876
-0.442323
0.174159
0.0852551
0.432329
-0.232475
0.024579
-0.132397
0.33012
-0.0426576
-0.3912
0.15559
0.140358
0.0549667
-0.499188
0.325288
0.0436579
0.233973
0.139208
-0.123926
0.164013
-0.158141
-0.479703
-0.0871735
0.235995
0.178652
0.460204
0.108252
0.530511
-0.0426276
0.281745
-0.416139
0.379363
0.388871
0.405004
-0.13467
0.127931
0.337439
0.2403
0.171176
-0.320746
-0.311106
-0.162576
-0.320494
0.0581387
-0.365404
-0.406171
0.271417
-0.255077
-0.0623325
-0.337956
0.46839
-0.215422
-0.351308
0.216368
-0.0462507
0.00918299
-0.0248432
-0.347946
0.40398
-0.118664
0.0242264
0.306316
0.244676
-0.0489535
0.204181
-0.103837
-0.0407511
0.00526819
0.255839
-0.0633413
0.554839
-0.0309495
0.460316
0.367043
0.490551
-0.0673023
-0.299812
-0.189427
-0.503199
-0.492717
-0.0816
-0.0058352
0.410049
-0.212142
-0.327652
0.351583
0.252894
0.111458
0.494861
-0.391077
-0.210272
-0.287216
-0.341427
0.368109
-0.548043
-0.358238
0.054858
-0.371057
0.000662644
0.216222
0.305467
-0.40617
0.571587
-0.061208
-0.364685
-0.323223
-0.384435
0.239411
-0.00665763
0.651037
0.105975
0.0868577
-0.314094
-0.0999771
-0.16762
0.241567
0.323724
0.0431502
0.441182
-0.0785109
-0.226338
0.359345
0.620613
0.248258
0.365561
0.167241
-0.0398579
0.241732
-0.54853
0.20733
-0.477465
0.314422
-0.31313
0.0692554
-0.357791
0.12174
0.427459
-0.0483541
-0.428049
-0.465089
0.197225
-0.0663592
0.282505
-0.334412
0.188947
0.348231
-0.497404
0.150925
-0.186649
0.321737
-0.337378
-0.51067
-0.0108012
0.0271754
-0.1449
-0.525303
-0.503827
0.245181
0.387817
0.138833
0.366248
-0.184249
0.749869
0.0677312
-0.0835482
-0.320145
-0.075204
-0.163335
-0.329642
0.458355
-0.0213077
-0.218168
0.430713
0.420194
0.152652
-0.352144
-0.686709
0.0444466
0.17344
0.248387
-0.0805911
-0.356714
0.0666782
-0.26855
0.233281
0.10417
-0.456078
-0.204972
-0.359125
-0.445241
0.0971676
-0.382828
0.252107
-0.0683321
-0.137812
-0.345311
0.108591
-0.216438
-0.105703
0.355471
-0.53533
-0.41872
-0.470113
-0.346993
-0.0485535
-0.244287
-0.11745
0.473443
-0.476698
0.0755833
0.550485
0.272457
-0.122193
-0.189543
-0.263801
-0.37217
-0.25266
-0.18436
-0.0487748
0.270286
0.428151
-0.0601186
0.0329827
0.181936
-0.104617
0.00916196
-0.348101
-0.069587
0.0606124
-0.244905
-0.472035
-0.434921
-0.193401
-0.352719
-0.0371306
-0.256524
-0.176495
0.267455
0.395028
-0.415484
-0.130205
-0.195437
-0.282679
-0.244958
0.0737798
-0.164616
-0.177539
-0.123657
0.126252
-0.442704
0.370028
-0.00385555
-0.218002
-0.134778
-0.245551
-0.314427
-0.262489
0.0492709
-0.931979
0.497411
-0.282039
-0.242508
-0.190672
0.124979
-0.203204
0.701262
0.877099
0.407965
0.38446
-0.069635
0.049954
-0.383677
-0.143373
0.0562774
-0.114981
-0.406096
0.226486
0.171416
-0.0381909
0.158329
0.316478
0.235792
0.167216
-0.364063
0.270428
-0.0701577
0.107967
0.233029
-0.159686
-0.285031
-0.486491
0.0821936
0.324423
0.395153
-0.0102032
-0.51635
-0.362394
0.143435
-0.381888
-0.371844
0.262817
-0.344892
-0.301932
0.367513
0.449988
-0.280448
-0.426213
-0.0257736
0.369234
0.0372936
0.431682
0.380177
-0.0541352
0.426862
-0.0237679
0.0757393
-0.165303
0.0445111
-0.0153667
-0.321801
0.369602
0.0432031
-0.129986
0.159534
0.122193
0.0490246
-0.438993
-0.135781
0.300064
0.220341
-0.23078
0.226759
-0.376424
0.315213
0.280404
0.145991
0.410398
-0.0397805
-0.233515
0.0647013
-0.0827942
0.324514
0.0443387
0.468104
0.345541
-0.0152535
0.333888
-0.481527
0.00327011
-0.199369
0.0513674
0.241069
0.0645458
0.371989
-0.41093
-0.360752
-0.454345
-0.342484
0.452719
-0.030618
-0.0887108
0.0469494
0.01806
-0.351428
0.333973
0.313268
-0.330509
-0.375651
-0.389325
0.417694
-0.139317
0.305087
-0.143397
-0.188436
-0.140056
-0.409155
-0.368998
-0.435107
0.107495
0.450841
0.024949
-0.291295
-0.165864
-0.359806
0.0708062
0.184336
-0.0757914
0.470146
0.190622
-0.345041
-0.158838
0.0635785
-0.0836737
0.0996511
-0.449697
0.39935
-0.228897
0.463861
-0.192198
0.0894649
-0.19269
0.238575
0.362023
-0.127361
0.195183
0.14773
0.431414
-0.315975
0.0285722
0.200763
-0.694742
0.225183
-0.515219
0.186302
-0.573775
-0.0616773
0.284337
0.27097
0.352875
-0.475451
-0.267951
0.10653
-0.228912
0.238006
0.45491
-0.158903
0.345427
-0.0602317
0.33562
-0.388644
-0.500238
0.340122
-0.453247
0.234192
-0.506304
-0.0465814
0.0962708
0.0828185
-0.284004
0.384653
0.250678
-0.40905
-0.15549
0.0954837
-0.0457813
-0.196187
-0.0269777
0.340974
-0.0253442
0.00124394
-0.790617
0.118743
0.194849
-0.130463
-0.479119
0.129156
0.376797
0.394406
0.309078
0.502907
0.0278815
0.141484
-0.0202472
-0.00848318
0.0707604
0.209372
-0.548478
0.0621588
-0.378763
0.344734
-0.0564339
-0.306178
-0.512502
0.462706
0.252836
-0.414139
0.00994882
0.0115701
0.0985314
0.367765
0.454447
0.113484
-0.240937
0.330624
-0.169921
-0.372866
0.194846
0.275836
0.266491
-0.171135
-0.0831235
0.286598
-0.0256444
0.293443
-0.331927
-0.130038
-0.351707
-0.162517
0.190813
0.587477
0.0387174
0.268521
-0.150326
-0.383228
0.224965
0.13254
0.36597
-0.197626
-0.460474
-0.0086741
-0.158123
0.183157
-0.389094
-0.0982112
-0.244107
-0.462814
0.0399714
-0.177733
0.0353549
-0.0685864
0.33873
0.220023
-0.0817941
0.349492
0.341204
-0.0658531
0.205453
-0.046611
0.453701
0.478019
0.118012
-0.384143
-0.431112
0.223855
0.342488
0.140529
0.515716
0.0460683
-0.112496
-0.42421
0.38067
0.0489296
0.0603919
-0.171052
-0.299484
0.365431
-0.398334
-0.385686
-0.0328678
0.480004
0.454129
0.240463
0.30704
0.191707
-0.394407
-0.264227
0.317431
0.237451
0.369738
0.406417
0.451969
-0.44065
0.546305
0.207002
-0.410588
0.254463
0.348633
-0.166155
0.191648
-0.432801
0.00326759
0.123468
-0.11799
-0.244948
-0.22616
-0.145766
-0.442246
-0.135322
0.316047
-0.0488359
0.338394
0.0170767
-0.0682987
0.302954
0.220144
0.348847
0.381644
-0.0282257
-0.088974
0.154597
-0.132244
-0.33721
0.0664616
0.152082
0.492323
-0.335064
-0.263366
0.0445326
-0.00746646
-0.0507498
-0.352995
0.914638
-0.086939
-0.164119
0.487264
-0.228517
0.153036
0.512994
-0.0427917
0.0689922
0.0456481
0.0171108
-0.0824608
-0.494929
-0.371435
0.470824
-0.0057239
0.414947
-0.492904
-0.24671
0.110383
-0.0633188
0.127411
-0.382748
0.186259
-0.174022
0.226287
0.0551181
-0.376726
-0.378261
0.00538618
0.334066
0.0252964
0.3685
-0.352625
0.181657
-0.287948
-0.111665
-0.0375016
0.0782844
-0.0330565
-0.205777
-1.2026
-0.116903
-0.0812043
0.104702
-0.288259
-0.0835783
0.0550827
-4.34979
-0.709091
-0.0630586
-0.0297623
-0.111995
-0.155524
-0.0674792
-0.0339127
0.132821
0.0685301
0.0577072
-0.0539049
0.083072
0.056629
0.0910992
0.151302
0.147236
-0.0392915
0.139336
0.0293405
0.207547
0.206817
-0.255132
0.0137552
-0.024381
0.20467
0.136196
0.266657
-0.314045
-0.0555036
0.319347
0.125543
-0.299804
0.0683417
0.362077
-0.16198
0.0278798
-0.0810389
-0.244235
0.413812
-0.109437
-0.874938
0.158221
-0.61302
0.0841855
0.231332
-0.391194
0.270907
0.238119
0.117482
-0.18852
0.109939
-0.150245
-0.257876
0.0211444
-0.131684
-0.128511
0.394021
0.281294
0.295416
0.345759
-0.0853558
-0.423245
-0.296621
-0.0110408
-0.34613
0.148858
0.177303
0.457677
-0.520389
0.323863
0.271835
0.462024
0.363984
-0.0323526
0.340565
0.442388
-0.396128
-0.430445
0.34859
-0.466285
-0.457864
-0.437452
-0.179618
0.303884
0.393293
-0.46775
0.444293
-0.115312
0.179315
-0.339696
-0.0690258
-0.317329
0.0163236
0.425924
0.234883
-0.182785
0.0469815
-0.320551
0.314871
-0.352243
0.317725
0.00463269
0.332208
-0.0953286
0.0765572
0.539242
0.247882
-0.413086
-0.350089
-0.274731
0.0484806
-0.331171
-0.417995
-0.345816
-0.0648625
-0.0494472
-0.15508
0.495146
0.205278
-0.313195
-0.319881
-0.204569
-0.0282677
0.216072
0.190541
-0.142935
0.23489
-0.378108
-0.127425
0.243875
-0.461274
-0.00296356
0.336786
0.403921
-0.283869
-0.0890431
-0.448994
-0.388573
0.24438
0.0143822
0.0325716
0.121981
0.177596
-0.0145069
-0.0266977
0.415909
-0.230633
0.421345
0.0373426
-0.164871
0.419181
0.358862
0.624083
-0.249137
0.505869
0.368952
-0.135096
0.538187
0.319718
0.178546
0.133759
-0.183636
0.286106
0.155292
-0.355171
-0.271162
0.0297542
-0.246153
0.247322
0.00661044
-0.192712
-0.358568
0.354627
-0.231188
-0.461494
0.179492
0.477429
-0.214527
0.105807
-0.341681
-0.183035
-0.465435
0.248852
-0.509671
0.416899
-0.0114641
0.153898
-0.108666
-0.241892
0.363545
0.0694744
0.279616
-0.27235
-0.117344
-0.452691
0.508891
0.346999
0.323392
-0.0129305
0.246154
-0.0518542
-0.0119586
-0.140603
0.0154043
-0.0751036
-0.10643
0.312449
0.176014
0.11656
0.369808
0.393008
-0.391375
0.183444
-0.146795
0.0968449
-0.456996
-0.286457
0.507717
-0.168781
-0.376163
0.0475814
-0.431727
0.274669
-0.229289
-0.142964
0.239103
0.248966
-0.384479
-0.0306408
0.0238488
-0.0667866
0.234992
0.0840881
0.191722
0.317068
0.0685859
-0.473911
-0.436015
0.24574
-0.620784
0.212047
0.296827
0.372754
0.418885
0.324337
0.195752
0.442475
-0.418084
0.289738
-0.115175
0.105217
-0.184948
0.170891
-0.311908
-0.380445
-0.105601
0.242595
-0.0519913
-0.356136
0.248888
0.223406
0.380521
-0.199522
0.119013
0.251403
0.473323
0.348166
0.398357
0.135149
0.468648
-0.177761
0.14797
-0.242503
0.396738
-0.484433
-0.0355557
-0.345301
0.0551609
-0.308835
-0.000908411
-0.0157164
0.336474
-0.390899
-0.288339
-0.699698
0.126159
0.471692
0.854121
0.00606648
0.392523
0.101539
0.133142
0.203503
-0.486424
-0.0206642
-0.176351
-0.144786
-0.344871
0.214704
-0.421547
-0.0760493
-0.0212213
-0.180943
0.101934
0.238922
-0.306809
0.425494
0.0603365
0.527415
0.0803025
-0.294883
-0.138135
-0.216679
0.36745
0.291584
-0.21369
-0.0698226
0.43312
-0.253083
-0.167514
0.364998
-0.301362
-0.298385
-0.0817053
-0.00422478
-0.299878
0.481932
0.0228088
-1.1844
-0.289011
-0.0700197
0.00300618
0.28858
0.239674
0.317911
-0.867533
-0.794581
-0.67802
0.0890041
-0.283225
-0.133009
0.177237
-0.0189271
-0.439885
0.32554
0.324832
0.018197
-0.102606
-0.092434
0.573373
-0.376822
0.200351
-0.320812
0.290459
0.381945
0.499966
0.201967
-0.148958
0.171226
-0.0109896
-0.0624005
0.194939
-0.017186
0.152307
0.0323274
-0.0269391
-0.175851
0.528911
0.358754
-0.455799
-0.0642114
-0.292743
0.376802
0.0631952
0.126934
0.263077
0.467028
0.112349
-0.102426
0.0676463
-0.376564
0.29396
-0.271012
-0.707086
-0.194258
0.654775
-0.331882
0.156
-0.152833
-0.507408
-0.392471
-0.238592
0.301593
-0.340399
-0.281242
-0.294071
0.322848
-0.447553
-0.301063
0.214644
-0.0270354
0.408229
-0.0874486
0.0814326
-0.22337
-0.050327
-0.209196
0.129415
-0.309214
-0.0087143
0.469163
-0.28235
0.0441577
0.274261
0.0535312
-0.286025
-0.356904
-0.275957
0.170955
0.257051
-0.51895
-0.333928
-0.0562062
0.348984
-0.887624
0.0995216
0.014239
-0.0564564
-0.00104718
-0.373955
0.383701
0.422571
0.704765
0.544338
0.0554356
-0.0608041
-0.414445
0.0376609
-0.101845
0.363531
-0.203837
0.240149
-0.326634
-0.190327
-0.562255
0.200115
0.20598
-0.152036
0.121957
0.309492
-0.342493
0.0821051
-0.164409
-0.0248649
-0.29936
0.0496029
-0.06043
0.28398
-0.231324
0.235129
0.240645
-0.203582
0.096632
-0.396693
-0.241558
0.593112
0.0234333
0.236758
0.43273
-0.496233
0.424646
0.269943
0.817181
0.0629004
-0.214575
0.0988584
0.00683645
-0.243209
0.0226514
-0.321105
-0.240778
0.317238
0.167475
-0.150258
-0.36724
0.189058
-0.229536
0.0562353
-0.408981
-0.10612
0.155421
-0.307979
0.0478152
0.208083
-0.174712
0.261564
0.0868633
0.247561
0.175916
0.410492
0.0795089
-0.201692
-0.297766
-0.317146
0.032314
0.365821
0.144584
0.380597
0.0714663
0.272501
0.410434
-0.23777
0.0434015
-0.0550295
-0.062622
0.197812
0.0104548
0.272291
-0.0515688
-0.0427244
-0.556558
-0.318732
0.440934
0.37455
0.273417
0.121394
-0.455978
0.164903
-0.201105
-0.154047
0.1825
-0.106297
-0.230322
-0.502876
-0.560607
0.119953
0.411411
0.345804
0.156719
-0.129239
-0.0575942
0.393083
0.0928597
0.347355
0.522714
0.181439
0.0442563
-0.324309
-0.204753
-0.498899
-0.186664
-0.437423
-0.130561
-0.216898
0.47398
-0.461128
-0.00683425
-0.163758
-0.219683
-0.293124
0.0851537
0.378
0.132825
0.283946
-0.0392604
0.32018
-0.259707
0.0831671
0.0379411
-0.103982
-0.0132404
-0.155031
0.00419773
0.192777
0.0974992
-0.0575545
0.398673
0.0994736
-0.32823
0.47309
0.265683
0.14111
-0.0925103
0.31276
-0.113664
0.178232
0.223772
0.465447
0.370073
0.420176
0.0141996
0.518219
-0.091136
-0.354827
-0.413822
0.515973
-0.206108
0.43069
-0.27453
-0.0893875
0.0772984
0.408785
0.24688
0.107654
0.551103
0.347743
-0.276432
-0.353636
0.512778
0.253765
-0.15141
-0.298551
-0.189341
0.44944
-0.303977
0.346241
1.00605
0.0612021
-0.103383
0.412476
0.133985
-0.284815
0.342091
0.260066
0.550967
-0.330794
-0.170148
-0.30362
0.217206
0.227646
-0.310046
-0.158508
-0.301116
0.158762
-0.170834
-0.305917
-0.28174
0.0427752
0.389269
0.0180272
-0.0216649
0.31304
0.49292
0.150318
0.147538
0.302833
0.360537
0.0368616
0.0760572
0.351543
0.0372973
-0.413544
0.181357
-0.42936
-0.419848
0.397544
-0.357139
-0.0864576
-0.0758238
0.0138871
-0.181094
0.223949
-0.216295
0.353925
0.0662494
-0.12717
0.186453
0.308708
-0.2471
0.317039
-0.311975
0.0333991
0.286796
-0.00685329
0.0883593
0.386389
0.035601
-0.217499
-0.0901033
0.33089
0.179965
-0.347272
-0.399174
0.314051
-0.277284
-0.410687
-0.157279
0.347793
0.261528
0.36498
0.273481
0.445669
0.474831
-0.354426
-0.252766
0.379855
-0.359994
0.499676
0.426916
-0.0978262
-0.396865
0.363772
0.19245
-0.398476
-0.229747
0.2619
0.344168
-0.240442
-0.126891
-0.368389
0.335594
0.409791
-0.0477922
0.0081039
-0.323452
-0.131011
-0.341328
-0.334827
0.199461
0.369742
-0.146491
-0.504927
0.186174
-0.0177237
0.36807
0.0195149
0.471717
-0.452538
0.463657
0.0123458
-0.348678
0.246732
-0.12758
-0.105218
-0.345446
-0.382397
-0.253851
0.218927
0.0488291
-0.231155
-0.0413186
-0.431881
0.153813
0.200218
-0.0922181
-0.0876676
-0.363912
0.307481
-0.466032
-0.322157
-0.259968
-0.443992
-0.494141
-0.0506423
-0.258416
-0.253557
-0.252809
-0.118765
-0.00635478
0.190364
-0.340049
-0.309723
0.168322
0.300818
0.46463
0.432806
-0.341493
-0.0819611
-0.205631
-0.126891
0.494423
-0.0562213
0.471158
-0.0273236
0.0406559
0.333491
-0.469622
0.0304015
0.22942
0.43748
0.109056
0.052695
0.333426
-0.00365251
-0.00389323
0.0694438
-0.151892
-0.466278
0.11253
-0.411824
0.0993763
0.247198
0.489085
-0.00201179
-0.307255
-0.0449481
0.431009
0.237188
-0.177137
-0.267005
-0.41867
0.406372
0.106098
0.120671
0.0956994
-0.325617
0.0215246
0.467572
-0.390316
-0.11146
-0.0441866
-0.244456
0.262389
-0.279576
-0.456059
0.364038
-0.0782202
0.341289
0.48336
0.309395
0.0804876
0.295041
0.336082
-0.24082
0.233213
-0.13601
0.147746
-0.395436
-0.357666
0.410632
0.0948101
0.313395
0.389983
-0.278748
0.214763
0.326956
0.267808
-0.451265
0.0442496
0.0880681
-0.0606215
0.242267
0.287377
0.0138789
0.182201
0.369189
-0.188802
-0.0751945
-0.0773194
-0.233144
-0.223285
-0.0242708
0.254759
0.173383
0.258959
0.285997
-0.0211647
0.301505
0.104249
-0.201253
-0.416968
-0.332051
0.533401
0.421244
0.335331
-0.0990116
0.316781
0.142145
0.0213012
-0.30238
0.222755
0.282555
-0.159295
0.336833
-0.364532
-0.324937
-0.305917
-0.104203
0.037405
0.27905
0.527514
-0.211744
-0.117981
0.35879
0.369416
-0.0464987
-0.317421
0.519783
0.426465
0.0130178
-0.333615
0.235759
0.471353
-0.107227
0.212115
-0.0562745
-0.508612
-0.398791
-0.21503
0.513334
0.453198
-0.0866729
0.187212
0.372843
0.013196
0.0228844
0.386103
0.407417
-0.187297
0.0234684
0.187869
0.0629009
0.117475
-0.205823
-0.294745
0.351711
-0.037018
0.449354
0.276991
-0.485559
-0.273393
-0.27556
-0.419463
0.324317
0.46753
-0.0853488
-0.0368627
0.414102
-0.256812
0.0211853
0.309943
0.0439885
-0.00610191
-0.138177
0.498565
-0.205422
-0.130174
0.0340562
-0.351828
-0.142388
0.153133
-0.411661
-0.15758
0.0669096
-0.172534
-0.194274
-0.318298
0.15488
-0.241808
0.417074
0.0355296
0.182735
-0.183625
0.399886
-0.343902
-0.167593
0.0845423
-0.424347
0.107698
0.184965
0.407356
-0.477453
-0.0323359
0.269724
-0.24593
-0.217441
0.197542
-0.313135
0.270922
-0.489988
-0.240224
-0.628863
0.338722
0.344267
-0.610317
-0.11944
-0.0196576
-0.559082
-0.386526
0.0132409
0.478776
-0.379194
-0.00828755
0.414497
-0.661585
0.0369135
-0.0131014
-0.328141
-0.333163
-0.138092
-0.223385
0.376926
0.00809956
-0.164358
0.394342
-0.223626
0.0212931
0.1558
0.0702281
-0.393202
0.0061606
-0.604201
0.378269
-0.234555
-0.309305
0.16789
-0.43492
-0.206741
0.244881
-0.140377
-0.515059
0.307745
-0.137957
-0.157693
-0.402479
0.215693
-0.322342
-0.154054
-0.13157
-0.465319
0.405353
0.219322
-0.313968
-0.0901105
-0.250163
-0.0934696
0.0468634
0.278762
-0.310637
-0.473732
0.405085
-0.481766
-0.455707
0.0130155
-0.1756
0.422151
-0.265381
-0.0928739
-0.508365
0.0983425
0.0764134
0.167347
0.120463
0.0307486
0.0311174
-0.376475
-0.49564
0.43712
-0.371798
-0.113308
-0.517679
-0.300909
0.15405
-0.503023
-0.500469
0.288422
-0.318884
0.337806
-0.351871
0.336983
0.123473
0.289387
-0.212
-0.206947
-0.00638481
-0.367599
0.256204
-0.083805
-0.167448
0.282047
-0.038612
0.423162
-0.263128
-0.203585
0.0577066
0.111946
-0.321652
0.134888
-0.238184
-0.460638
-0.41195
-0.297612
-0.283276
0.00291059
0.455808
0.252847
-0.409359
0.181724
-0.0581152
-0.310351
-0.519447
-0.250662
-0.00497969
-0.252272
0.202725
-0.0999045
-0.535514
-0.155179
-0.371796
-0.295879
0.343949
0.279816
0.241134
-0.212451
0.0311152
0.41279
-0.27546
-0.167171
-0.508059
0.435772
0.0596622
-0.361301
-0.581039
-0.294148
0.498227
0.535242
-0.458324
0.212822
-0.143545
0.178358
0.321983
-0.245313
0.3307
0.00152947
0.386762
-0.288633
0.114484
-0.337844
-0.086463
-0.294408
-0.268352
-0.207613
-0.191182
-0.13039
-0.349488
-0.365255
-0.407999
0.418899
0.298446
0.75601
-0.226599
0.304098
0.134431
-0.207425
0.205017
0.0220401
-0.311458
-0.368008
-0.481226
0.115964
-0.468979
0.0201761
-0.589741
-0.299278
0.3473
-0.385449
0.388558
-0.472674
0.169483
-0.249082
0.533903
-0.233198
0.24694
0.0893875
0.00995165
0.504705
0.116667
0.400932
-0.305347
0.0472239
0.424999
-0.513685
-0.036687
-0.355514
0.21609
-0.46815
0.318584
0.177999
-0.118689
0.308787
0.0479378
-0.205031
0.152979
-0.270366
-0.0572953
0.402653
-0.445683
-0.431731
-0.321433
0.00576402
-0.255276
0.0152782
-0.391963
0.315879
-0.465624
-0.342496
-0.434939
-0.132919
-0.163343
0.124242
0.0618808
-0.114298
0.0823777
-0.139808
0.254458
0.0807864
0.360745
-0.446975
0.320376
0.0199381
0.238958
0.447852
-0.313428
0.233001
-0.232271
0.388971
0.332645
0.22917
-0.0420715
0.501926
-0.0540553
0.0926701
0.548153
0.313529
-0.407375
-0.211271
-0.371501
0.379303
0.172303
-0.478485
0.275152
-0.215477
0.37061
-0.0908055
-0.400183
0.00940362
0.351747
-0.115003
0.175366
0.282615
-0.134335
-0.340386
-0.116052
0.154778
0.0878012
0.121
0.248488
0.098165
0.118203
0.225283
0.513729
0.481841
0.145463
0.427457
-0.306997
-0.0526123
0.42904
0.0309168
-0.216102
0.114958
-0.191164
0.334487
0.461458
0.084316
0.0410059
0.309808
0.446301
-0.195348
0.43528
-0.160902
0.0451566
-0.0858301
-0.354128
0.375741
-0.0333544
0.390447
-0.165049
0.324475
-0.164889
0.203194
-0.161483
-0.44935
0.126414
0.0728269
-0.311051
-0.0707406
0.289765
0.0297268
-0.102131
-0.270389
-0.233449
0.222231
0.0819197
0.338573
-0.0915587
0.388222
-0.0436397
0.212591
0.212133
-0.245031
0.0832576
0.150764
-0.242947
-0.0834342
0.28024
0.283981
-0.0477762
0.236471
0.209969
-0.422295
-0.507254
-0.107351
-0.375597
0.34177
-0.355471
-0.198242
-0.334653
-0.0766351
0.170597
-0.406919
0.194362
-0.196092
0.215388
-0.299129
-0.340499
0.0924536
0.115311
-0.106311
-0.205988
-0.363972
-0.275157
-0.147553
-0.292358
-0.263098
-0.0930612
-0.502471
0.316142
-0.171429
-0.0269734
-0.439312
0.0433582
0.13047
0.356262
0.236013
0.353771
-0.214199
0.328569
0.267781
-0.0464231
-0.0572039
-0.294156
0.275657
0.485624
0.501619
-0.500924
-0.27077
0.134257
-0.351157
-0.125798
-0.256864
0.33156
0.122957
0.0366316
-0.0642211
0.408682
0.429939
-0.174653
-0.247799
0.128013
-0.489428
0.242306
0.0849353
0.441147
0.526602
0.236257
-0.0090023
0.148225
-0.164358
-0.373066
0.107713
0.242536
0.404776
-0.0412035
0.105589
-0.341489
0.167313
-0.192295
-0.113513
-0.0436625
-0.461891
0.144778
0.0500967
-0.159595
0.198988
0.240283
-0.470116
-0.182584
0.0853151
-0.139696
-0.121281
0.251211
-0.0795601
-0.359488
0.479277
0.422296
-0.131217
0.469147
0.121028
0.195259
-0.41027
-0.0875943
0.143534
-0.340954
0.066204
-0.428552
0.376822
0.0463683
-0.499318
-0.252461
-0.216409
0.421686
0.275729
-0.160801
-0.147148
0.414891
0.269513
0.21746
0.116827
-0.0197969
0.361989
-0.44281
0.192418
-0.00812413
0.102634
-0.187262
0.378281
0.308253
0.259173
-0.0939348
-0.206676
-0.405399
-0.417791
-0.00690314
-0.0348461
0.51241
0.0135155
0.182371
0.230049
0.470148
-0.219633
0.514277
-0.160048
-0.20052
0.101572
-0.460411
0.258978
0.306912
0.0784442
-0.50551
0.3149
0.03607
0.187817
-0.160857
0.54857
-0.21866
0.307088
-0.0282711
0.00339309
0.282698
0.337817
0.464566
-0.0639154
0.557118
0.296015
0.106775
0.263723
-0.164676
0.151557
-0.113844
-0.0309179
0.37283
0.377277
-0.0388232
0.546595
0.374268
-0.151366
0.160373
0.0594575
0.360314
0.12765
0.486993
0.0881243
-0.297168
0.232292
-0.421306
-0.308527
-0.181762
-0.0622559
-0.0316396
0.282332
-0.528462
-0.340912
0.277436
-0.00341479
-0.290887
0.10252
-0.0813906
-0.302688
0.486705
0.112937
0.0266643
0.141749
0.392276
0.227587
0.066594
0.451362
-0.404345
-0.4049
-0.36015
-0.366185
-0.116504
0.370854
0.267178
0.186448
-0.37281
0.0735541
0.445404
-0.417899
0.104128
-0.283062
0.269102
-0.179741
0.109761
0.349051
-0.283112
-0.262514
0.170134
0.36688
-0.241311
0.344025
-0.433048
-0.265531
-0.00896711
-0.273128
-0.237975
0.347345
-0.0698742
0.178602
-0.398509
0.193849
-0.461766
-0.396333
0.0153998
0.37411
-0.207515
0.0642314
-0.255535
-0.428058
-0.166751
-0.314437
-0.521789
-0.50597
-0.416767
0.134197
0.0643045
0.392427
0.174788
-0.0619379
-0.372019
0.231516
-0.197362
-0.428938
0.348577
0.147812
-0.301224
0.0595262
0.115511
-0.168322
-0.425658
-0.0379399
-0.370221
-0.49778
0.389268
-0.114055
-0.472646
-0.342274
-0.434899
-0.180675
-0.460838
0.361072
0.115106
0.472744
-0.218184
-0.032442
0.309219
0.0439191
0.020036
0.283575
0.147526
-0.0147117
-0.159209
0.503203
0.381627
0.215465
-0.464676
-0.272811
-0.105691
-0.104382
-0.0316156
0.257218
-0.291417
0.25164
-0.252011
0.308395
-0.373542
-0.138213
0.0100371
-0.380723
-0.329033
0.026415
0.232176
-0.0973359
-0.17528
0.501118
0.312722
0.0288832
0.584838
0.149652
-0.430446
-0.159934
-0.0875905
-0.41866
-0.00723802
0.0581929
-0.0277968
0.42168
0.427642
-0.395237
0.264142
0.227284
-0.0166264
0.13624
-0.475196
0.416472
0.498406
0.223626
0.357281
-0.55036
-0.100662
-0.289396
-0.119862
-0.350709
-0.264536
-0.0340067
-0.317899
-0.303387
-0.628476
-0.0192673
0.242448
0.08979
-0.276601
-0.116954
-0.609357
-0.00612676
-0.166699
0.0663596
-0.118374
-0.604916
-0.18378
-0.476592
-0.190147
0.360076
-0.112761
-0.158177
0.0631677
-0.454474
0.447736
0.329396
0.831394
0.551436
-0.245117
0.0857466
0.37028
-0.373194
-0.374874
0.699086
-0.163713
0.370705
-0.447167
0.0971033
-0.677875
-0.537484
-0.185526
0.588578
0.242204
-0.259755
0.796524
0.390644
-0.383595
0.0742229
0.553158
0.229197
0.3931
-0.0861309
-0.305381
-0.638829
0.0499721
-0.368888
-0.218069
-0.0602306
0.344952
0.422361
-0.385696
-0.241754
0.755695
0.305643
0.164455
-0.170933
-0.272041
0.638927
0.437768
0.28931
0.00758818
0.595579
-0.309577
0.500781
0.0969112
0.206759
0.574375
-0.182987
0.493351
-0.514383
-0.239144
-0.0821216
0.244424
-0.53701
0.434099
0.111285
-0.135087
0.45349
-0.303452
0.140869
-0.0601434
0.012129
0.409395
-0.266623
-0.133565
-0.185568
0.364528
-0.234177
-0.0915906
0.230398
-0.0465076
-0.425965
-0.393293
0.1541
0.0157916
0.0420511
-0.300349
-0.413351
0.356723
0.0932716
-0.102832
-0.247708
-0.0376274
-0.489966
-0.127395
-0.583318
-0.123416
0.110404
-0.0905686
0.158334
-0.0319603
-0.226833
0.509839
-0.336914
0.621883
0.0959048
0.507949
-0.0302992
0.0434381
-0.288749
0.208206
0.311087
-0.0509985
0.0148624
0.0160685
-0.1585
-0.522267
-0.456898
0.288004
-0.157706
0.17392
0.488695
0.141885
0.318281
-0.261052
-0.419687
-0.248883
0.0912272
0.507165
-0.0722549
0.174369
0.540858
0.275894
0.208274
-0.404635
-0.0349342
0.2592
-0.22902
-0.0399595
-0.111174
-0.262372
-0.255275
0.370324
-0.282914
0.508492
0.12056
0.0871248
0.000467551
0.305559
0.352042
0.153403
-0.219806
-0.461989
0.057514
0.467704
0.604969
-0.0392938
-0.144915
-0.302056
0.170009
0.373701
-0.284656
0.581641
0.25139
-0.240122
0.348595
0.526318
0.14804
-0.209729
0.0864822
0.319607
-0.143774
-0.00101676
-0.0810886
0.229454
0.494822
-0.255848
-0.214383
0.146925
-0.249515
-0.086451
0.0518295
0.175703
0.334227
-0.133299
-0.299173
-0.279156
0.20466
-0.323684
0.14142
0.308855
-0.0910111
-0.179482
-0.519301
-0.0247341
0.0931293
0.447298
-0.588314
-0.105221
0.260654
-0.290371
0.275464
-0.317574
0.0779506
0.306557
0.304311
-0.316226
-0.41141
-0.146125
0.192127
-0.19296
0.375651
-0.459261
0.429152
0.393941
0.375365
-0.238314
-0.0213536
0.161172
-0.152765
0.0460125
0.365984
0.354537
-0.0837409
0.207274
-0.142251
0.148799
-0.136967
0.394741
0.332982
-0.448589
0.0710132
0.0411489
0.441944
-0.392196
0.211968
0.363026
0.126764
0.461672
-0.336716
-0.236326
-0.0943003
-0.45169
-0.034949
-0.0916328
-0.0119038
0.158322
-0.284682
0.219662
0.427723
-0.110074
-0.0545354
0.205957
0.366043
0.272796
-0.219592
-0.145908
0.268641
-0.399434
-0.511292
-0.0598774
0.592504
-0.138317
0.246774
0.277979
-0.477863
-0.0970946
-0.350944
0.451094
-0.204085
-0.161312
-0.0527373
-0.337011
-0.0676442
-0.286525
0.42954
0.33051
0.310621
-0.28653
-0.304144
-0.275952
0.0886017
-0.131072
-0.0096114
-0.395602
-0.246804
-0.367706
0.0419709
-0.385661
-0.0272925
0.297935
0.354181
-0.286747
0.408781
-0.129803
-0.471763
0.420046
-0.523134
-0.107432
0.256028
0.567478
0.310411
0.373636
-0.316193
-0.0739569
-0.50828
-0.362101
0.161244
0.405774
-0.141385
-0.430528
-0.43172
0.0887176
-0.340005
0.0356945
-0.467047
0.358958
-0.201816
0.373695
0.384314
0.261847
-0.041792
0.386582
0.22251
-0.0914827
0.255322
0.010213
0.253934
-0.454122
0.137717
-0.00607254
0.0467712
-0.219841
0.451524
-0.521225
0.0350474
-0.147318
0.000956691
0.0423148
0.0987795
-0.0881623
-0.172536
0.497069
-0.211876
0.316672
-0.384227
0.444137
-0.152771
-0.120505
-0.374905
0.445081
0.217856
-0.344983
-0.400038
0.0937149
0.474744
-0.222289
-0.0210764
0.196106
-0.148766
-0.164047
-0.0622088
0.408821
-0.35866
0.185035
-0.199415
0.0145877
0.00478261
-0.370009
-0.308623
0.0172463
-0.250547
0.304434
0.317867
0.121436
-0.132612
0.458609
-0.238413
-0.233221
-0.319094
0.441698
0.403193
-0.59743
-0.0983302
0.343927
-0.014021
0.276246
0.262207
0.343242
-0.229233
-0.43016
-0.118294
0.387685
-0.148808
-0.389947
-0.08653
0.0863353
0.163571
-0.506852
-0.0282426
0.29989
-0.318701
0.0295783
-0.393291
0.046095
-0.286464
0.401332
-0.442639
0.287556
-0.416309
-0.249117
-0.0112824
0.0788425
-0.362921
-0.190118
0.0123485
-0.0879399
0.055111
0.339265
0.312566
-0.143067
0.415527
0.289003
0.39075
-0.388488
-0.248904
0.198105
0.144515
-0.253826
-0.375505
0.305222
0.127487
-0.540381
-0.291422
-0.0816877
0.0799976
0.177917
0.437188
0.542112
-0.0520272
-0.212255
-0.239575
-0.0510364
0.161304
-0.40799
-0.0060888
0.388748
-0.484967
-0.300975
0.437547
0.464185
0.0984769
0.130848
-0.242838
-0.430171
0.340954
-0.00765357
-0.287614
-0.406719
0.158205
0.36805
0.130511
-0.456082
-0.000280854
0.16829
0.341996
-0.181201
0.150693
-0.0414678
0.0263167
-0.151962
-0.162789
0.49163
-0.100111
-0.240938
-0.123122
-0.371812
0.186147
-0.0916859
0.092964
0.416009
0.109778
-0.0656141
0.199284
-0.00974255
-0.407284
-0.404342
0.432775
-0.492364
0.135488
-0.208912
0.104246
0.0500861
-0.359267
-0.431298
0.453903
0.497988
0.426919
0.441636
-0.336239
-0.132223
-0.123408
-0.141901
0.447812
0.455323
0.343034
-0.346889
0.402477
0.0989822
0.329069
-0.143831
-0.071692
0.152303
-0.36303
-0.172802
-0.070408
-0.360819
-0.319717
0.130675
0.296325
-0.241757
0.033607
-0.187525
0.0797068
0.457626
0.122312
-0.0238291
-0.262497
0.330542
-0.471585
-0.00990422
0.0656398
0.446175
-0.0743865
0.405608
-0.114092
0.385978
0.307703
-0.179722
0.449187
-0.394453
0.293256
-0.222139
-0.30103
0.235217
0.0454929
-0.167772
-0.104645
-0.244801
-0.313251
0.296604
0.362923
0.0919668
0.154613
0.178542
0.192547
-0.335977
-0.177893
-0.238749
-0.0132108
0.459097
0.138993
-0.0869189
-0.0531541
-0.306276
-0.463423
-0.457599
0.410544
0.384461
0.504506
-0.244435
-0.231781
-0.326252
0.434442
-0.207502
0.225858
0.4689
0.443099
-0.0608456
-0.336372
-0.401444
0.132341
-0.35969
-0.0962986
-0.00699089
-0.161785
0.466157
0.0554687
-0.0291384
0.406022
-0.165417
-0.466119
-0.333923
0.353499
0.279002
0.0723481
-0.127205
0.32459
0.3979
0.312574
-0.140446
0.371509
0.009279
0.264744
-0.0280316
-0.00836
-0.220511
0.147252
0.0728735
0.115683
0.339564
0.133462
0.138819
-0.109304
-0.181314
-0.44279
0.197734
-0.364015
0.399629
-0.0501259
0.203436
0.598122
0.381627
0.0109137
-0.355756
0.0843796
0.316982
0.215192
0.0293276
0.102076
0.0350894
0.284208
-0.0850432
-0.284898
-0.207689
-0.0366066
-0.178547
-0.291375
-0.291139
-0.240077
0.343642
0.158651
0.503349
-0.327046
-0.135754
0.0075307
-0.152854
0.236739
0.220605
0.511789
-0.461504
-0.26299
0.211183
-0.0931419
-0.102646
0.566401
0.463459
-0.385226
0.0140864
-0.142288
0.338103
-0.141638
-0.041356
0.0510558
-0.488395
-0.560536
0.22919
0.193306
-0.372836
-0.238129
0.444714
0.26642
0.520908
-0.182694
0.28423
-0.44213
0.215568
-0.386504
-0.159789
-0.0224993
-0.258126
-0.336786
0.17183
0.161279
-0.672679
0.377813
-0.26493
0.0794498
-0.085021
-0.584061
-0.224116
0.309608
-0.610707
-0.349487
0.267364
-0.0626726
-0.277909
-0.19011
0.095817
0.109886
-0.17197
-0.221565
-0.0672098
0.103048
-0.0256499
-0.410596
0.241397
0.429989
-0.417068
0.424957
0.303801
0.416808
-0.119343
-0.223175
0.0561992
0.494332
0.407251
0.377165
-0.0264551
0.248338
-0.3434
0.168538
0.343563
0.293141
0.385719
0.27876
-0.4286
0.319639
-0.213435
0.201971
0.254135
-0.460974
0.202427
0.130913
0.336786
-0.386244
0.340599
-0.354323
-0.396728
-0.172686
-0.367674
-0.221526
0.133286
0.100745
-0.230136
-0.10081
0.311569
0.360179
0.124523
0.194211
-0.202515
0.238548
0.445254
0.383716
-0.42923
0.130458
0.430352
-0.354171
0.101964
0.379971
-0.286705
-0.0313738
0.0542672
-0.273755
-0.458238
0.138852
-0.406786
0.371904
0.171225
0.420651
-0.0788045
-0.294547
-0.06301
0.375313
-0.146022
0.0890496
-0.168675
-0.393182
-0.397349
-0.224633
0.199411
-0.469814
-0.2713
-0.468038
-0.219039
0.131705
-0.302382
0.0207503
0.156141
-0.253153
0.402121
-0.279542
-0.407051
-0.00611075
-0.169643
0.209997
0.420468
-0.0700415
0.471136
-0.361345
-0.206634
0.305772
-0.315249
-0.453456
-0.266988
-0.226703
0.198903
-0.21184
-0.0289633
0.0665122
-0.179764
0.423704
0.00335055
-0.234257
0.0339149
-0.254522
-0.414721
0.365162
0.184735
0.327599
0.294126
-0.247817
0.157858
-0.18559
-0.332469
-0.546415
-0.393863
0.0225693
0.295199
0.0155422
-0.186074
0.0707548
-0.0104747
-0.292484
0.0894843
-0.00454813
0.0969987
-0.133474
0.271196
-0.178139
0.048735
-0.100505
-0.299774
-0.0386168
-0.474744
0.207156
-0.307753
0.139516
0.116241
-0.283538
0.127272
-0.377182
0.366799
-0.107205
-0.341324
0.450484
0.198284
0.290087
-0.341639
-0.238855
-0.257456
-0.154981
0.374705
0.448409
0.323691
-0.420147
-0.429377
0.35203
-0.0165545
-0.0758583
0.340106
-0.298198
-0.260777
0.336475
0.0687706
0.472646
0.424745
0.396641
0.283071
-0.0301255
-0.350935
0.0104033
0.223862
0.057578
0.201886
-0.342596
-0.197912
0.346773
0.322316
-0.383832
-0.403164
-0.0116198
0.434019
-0.0294892
0.370608
0.0882472
0.50499
-0.121769
0.363926
-0.217173
-0.414733
-0.319828
0.120599
0.37078
-0.479823
-0.362796
-0.268062
-0.153234
0.087701
-0.32212
-0.0360103
0.509871
-0.376034
-0.0742632
0.592606
0.325021
0.204403
-0.207454
0.413828
0.247484
0.385896
0.251885
-0.156377
-0.178092
0.177557
-0.179219
0.375501
-0.239558
0.565466
-0.389482
0.327951
-0.477279
0.0232537
0.202318
0.254532
0.375522
0.0289849
-0.41243
0.343284
0.00658908
0.291121
0.107801
-0.272685
0.110669
-0.509316
0.199369
-0.06272
0.413643
-0.206867
-0.296615
0.159647
-0.140056
-0.497187
0.358741
0.170929
-0.0659445
0.0458186
-0.0281889
0.321412
-0.109228
0.0424156
-0.209058
0.30566
0.286168
-0.129712
-0.0131211
0.375193
-0.322418
-0.456951
0.371287
-0.211905
-0.423222
-0.249295
0.263554
0.484661
0.245398
0.490132
0.332061
0.380796
-0.351532
-0.188876
0.104999
-0.314088
-0.236775
-0.277741
0.000362712
0.0654477
0.375561
-0.257144
-0.123598
0.212052
-0.286886
-0.0819967
-0.124465
0.23968
-0.252204
-0.336634
-0.0709371
-0.473725
0.342863
0.113398
-0.101072
-0.0597339
0.167858
-0.0710332
-0.326809
0.244644
-0.173524
0.355977
0.106973
0.179735
0.0521595
0.353599
-0.209424
0.0525381
0.354613
0.218286
-0.389612
0.139803
0.231697
-0.0997424
-0.167053
-0.308427
-0.296719
-0.409449
0.0634052
0.482219
-0.30671
-0.0984456
0.176436
0.0680141
0.479393
-0.499691
0.485834
0.00950794
0.245335
0.0116904
0.101023
0.168806
0.391476
-0.407534
0.0368105
0.465925
-0.23705
-0.397007
0.198713
-0.279178
0.172241
0.364623
0.4089
-0.292347
-0.29442
-0.397534
-0.400679
-0.0622927
-0.0877311
-0.310161
-0.179351
-0.375466
-0.157046
-0.292818
0.110165
-0.376046
-0.355272
-0.29562
-0.22068
-0.11154
0.151179
-0.214
-0.0947497
0.418455
-0.489612
0.0838586
-0.31449
0.319293
-0.081892
0.27135
0.12968
0.0021102
0.0824761
0.283033
0.194868
-0.0474447
-0.00490565
0.0794935
-0.240876
0.0216204
-0.0915695
-0.275051
-0.255222
0.390785
0.0949813
-0.0193559
-0.488489
0.159383
-0.0207539
0.365702
0.128079
-0.454749
0.308301
0.0937222
-0.166351
0.459086
0.451948
-0.321345
0.273257
-0.134595
0.283416
0.109831
-0.36525
0.370031
0.0637474
-0.104691
-0.313098
0.0644335
-0.0664213
0.204148
-0.390243
0.228868
-0.170664
0.0870667
-0.246153
0.217698
-0.0994624
0.416058
-0.0498055
-0.373784
0.0848954
-0.220879
-0.00430147
0.368451
0.160871
0.257157
-0.455788
0.0749751
-0.149381
0.279932
0.49462
0.0448746
-0.307962
-0.291565
-0.390697
-0.0384223
0.0911248
0.116598
-0.191774
-0.246737
-0.306542
0.16513
-0.341046
-0.394939
0.432401
0.131072
-0.447096
-0.307525
-0.142145
0.264796
-0.298561
0.215303
0.35944
0.134385
0.418774
-0.00910152
-0.315751
-0.342595
-0.209048
-0.365927
0.414258
-0.356748
-0.289031
0.225904
-0.455482
0.0350063
-0.254012
-0.11708
-0.00703852
0.272638
-0.0863899
0.167636
0.349668
0.238882
-0.198594
-0.0433188
0.3692
0.153842
0.280815
0.0253605
-0.419848
-0.51473
0.375108
-0.457091
-0.474261
-0.299319
-0.361691
0.120051
0.0819338
-0.373378
-0.0526527
-0.14689
-0.356008
-0.161037
0.333592
-0.23726
0.163388
-0.310138
-0.159196
-0.322057
0.0392139
-0.320136
0.132338
0.234686
0.11893
0.121108
0.244442
0.160571
0.0603808
0.133463
-0.553088
0.165312
-0.317098
0.123298
0.0962712
0.277937
0.0949949
0.243303
-0.135725
-0.539969
0.512546
-0.202892
0.383217
-0.147739
0.431301
0.0690457
-0.100201
-0.42629
0.102775
-0.049596
0.323101
0.1443
-0.155886
-0.217597
-0.262912
0.403644
-0.372913
-0.373535
-0.335135
0.0273553
-0.128802
-0.241742
-0.286498
0.149405
-0.163471
-0.109273
-0.252319
0.58759
-0.547194
-0.0502731
0.106143
0.539801
-0.53077
0.0568778
0.207564
0.277393
-0.196615
0.0793482
-0.217698
0.0251292
-0.179248
-0.412241
-0.322389
-0.381983
-0.211336
-0.657958
-0.370643
0.178645
0.526456
0.267449
-0.0972079
-0.217627
-0.295296
0.242176
0.369335
-0.0764836
-0.171842
0.0684184
0.0849367
-0.530025
0.321989
0.434278
0.112535
0.153039
-0.0467631
-0.461716
-0.0697082
0.355581
0.447055
-0.246156
0.235063
-0.0604736
-0.351919
-0.153191
0.226517
-0.308942
0.213481
-0.0179098
0.23836
-0.41279
-0.318598
-0.28076
0.309419
0.267327
0.252293
-0.303
-0.294265
-0.277016
-0.100635
-0.111106
-0.0688804
-0.120736
-0.105855
-0.255525
0.328671
0.336579
0.177881
-0.0125083
0.160995
0.552005
-0.134094
-0.232037
-0.108737
0.000361799
-0.222053
-0.320738
0.257272
-0.0463767
-0.109507
-0.190577
-0.451144
0.0194855
0.0812951
0.346657
-0.451689
0.343754
-0.110277
0.141219
0.192034
0.119935
-0.356254
-0.0918527
-0.993187
0.016259
-0.134275
0.226385
0.431571
0.0528865
0.352015
-0.333227
-0.257179
-0.161852
-0.241813
0.347754
-0.176002
0.0530808
1.08957
1.21765
0.447848
0.373421
0.234225
-0.284398
0.250205
-0.374545
-0.717382
-0.23799
0.188089
-0.00868588
0.200225
-0.146835
-0.480902
0.00817232
0.128569
-0.0137635
-0.146431
-0.23046
-0.309411
0.0930703
-0.280376
-0.134746
0.0135995
0.141341
-0.622012
0.103645
