#input normalization
0.160547 0.269439
58.083 56.7218
10.4523 39.118
8.39576 32.1089
0.011711 0.0435463
0.00930066 0.0331971
1 -1
1 -1
1.01646 1.32786
1.23048 1.51654
1.47696 1.68552
1.73 1.83539
1.9743 1.96587
2.21076 2.0781
2.43718 2.17557
2.63908 2.23007
2.83415 2.26984
3.01462 2.27938
3.15896 2.26461
3.28283 2.21551
3.38211 2.15303
3.46272 2.06189
3.51676 1.96916
3.54752 1.85503
3.5578 1.72878
3.54351 1.58884
3.49301 1.43749
3.43716 1.27838
3.34482 1.10378
3.22632 0.928516
3.11153 0.763094
2.98535 0.603665
2.85542 0.455468
2.7088 0.310791
2.56201 0.17409
2.42284 0.0454989
2.26911 -0.0743224
2.13999 -0.189748
1 -1
1 -1
#output normalization
1 0
#neurons weights
-0.263922
-0.415461
-0.078162
-0.34603
-0.394779
0.0739614
-0.327149
-0.205457
0.021182
0.404108
-0.295176
-0.353956
0.490885
0.497947
-0.143167
0.0355044
-0.235235
-0.307624
0.322037
-0.431412
-0.103349
-0.371497
-0.173306
-0.222568
-0.089296
0.0392999
-0.259612
0.231498
-0.419163
-0.0417568
-0.280357
-0.266455
0.349915
0.448732
0.102153
-0.0711273
0.448921
0.0247158
0.358414
-0.251883
-0.254428
-0.448541
0.192206
-0.378972
-0.286119
0.168795
-0.213267
0.548002
0.106617
0.169499
0.342379
0.207501
0.100166
0.0759522
0.496399
0.132446
0.116939
0.387048
-0.134263
-0.147269
-0.17463
-0.199845
-0.0281654
1.02855
0.401287
0.142067
0.350493
0.408951
-0.30188
-0.0748685
-0.445517
-0.350553
0.417005
0.434944
0.220142
-0.192821
0.0974892
-0.21997
0.158693
-0.344269
0.282929
0.41901
-0.339476
0.248845
0.0303899
-0.103307
0.292839
0.520525
0.185456
-0.0218061
-0.377931
0.0572587
-0.0111127
0.174168
0.136663
-0.292985
-0.0756697
0.187633
-0.472721
-0.0382216
0.0816168
0.17702
-0.428508
0.319377
-0.337322
-0.340875
-0.133059
0.0532586
-0.121253
0.107635
-0.222937
-0.0669276
0.0546378
-0.485058
-0.219223
0.274637
-0.173798
0.104024
-0.258236
0.323078
-0.234817
0.2459
#synapses weights
-0.0495352
-0.333843
0.0720755
0.483775
0.274035
-0.00812146
-0.262126
-0.316587
1.13866
0.337372
-0.0281084
-0.281565
-0.390535
-0.367445
0.280119
0.0545585
0.358734
-0.0836322
-0.490814
-0.0036208
-0.416854
0.483713
0.18671
-0.355597
0.198797
-0.30363
0.247818
-0.119337
0.177442
0.277057
0.21365
-0.295351
0.39247
0.108416
0.241694
-0.29916
0.0496355
0.262774
0.379615
0.284048
0.105788
-0.179323
-0.223844
-0.694563
-0.311625
-0.437438
0.079492
0.0567072
-0.523176
0.235914
0.0680692
-0.470244
-0.0602841
0.204037
0.21267
0.0113056
-0.516198
-0.185767
-0.523671
0.140989
0.103763
-0.244334
-0.34353
-0.428155
0.0703312
-0.433755
-0.29789
-0.398239
-0.223328
-0.222971
-0.400279
0.230986
0.116114
-0.125737
-0.0417332
-0.0911044
-0.423357
-0.305794
-0.225036
0.20579
0.419924
0.540015
-0.0135281
0.041138
-0.0870324
-0.0482343
-0.352941
0.0610461
-0.293659
-0.184095
0.0120285
0.369307
0.241421
-0.259879
0.0342822
0.031419
0.121594
0.47933
0.199281
0.204771
0.163922
0.388991
-0.0534261
-0.142076
0.392677
0.276081
0.187026
-0.301329
-0.0748949
-0.419275
-0.403974
-0.329356
0.0674074
0.0872624
-0.0266193
0.302642
0.0131719
0.192975
-0.343923
0.272572
-0.0707754
-1.76275
-0.361673
-0.424626
0.280279
0.265747
-0.469886
0.304134
-2.06337
0.0889388
-0.100174
0.142154
0.232771
-0.0673194
0.124757
0.13562
0.116554
-0.0434786
0.162669
-0.0944535
0.229523
0.0802868
0.0367832
0.107794
0.0185846
-0.086661
0.12491
0.543908
-0.113131
0.339438
0.304155
-0.368069
-0.103916
0.0231354
0.0997315
0.452765
0.254911
-0.180183
-0.0808774
0.243029
-0.201749
-0.57736
-0.023393
0.160777
0.0431662
0.500435
0.381893
0.0126491
0.721852
0.573345
0.126764
0.411975
-0.219175
0.0281678
-0.500805
0.188784
0.285514
0.0403683
0.205443
0.345561
-0.068281
0.329841
0.0787393
-0.0834954
0.561881
-0.0807994
0.14949
-0.0999176
-0.245843
-0.19363
-0.284452
-0.226411
0.175587
-0.042059
-0.0115002
-0.0721944
0.205315
0.125848
0.341813
0.172593
-0.216633
-0.665092
0.163912
-0.0378864
0.277176
-0.420685
-0.49135
0.0195071
0.335735
-0.025731
0.213604
-0.14453
-0.0439564
0.0649264
0.323873
0.450562
-0.0650443
-0.265627
-0.077669
-0.215509
-0.279689
-0.21841
0.0642606
0.459218
0.214566
-0.00167613
0.0643302
0.168628
0.223939
0.116228
0.0526737
-0.0452024
-0.329775
0.104002
-0.496095
0.156027
-0.0862466
0.341245
0.0877575
-0.0999775
-0.334115
-0.203459
-0.537732
0.389462
-0.743441
-0.543477
0.484339
0.130665
-0.0879109
-0.195064
-0.193749
0.023605
-0.0398487
0.164534
-0.318837
0.11156
0.0416216
0.167686
-0.428307
-0.51705
-0.245011
-0.102537
0.316762
-0.352975
-0.238782
0.39058
-0.420704
0.111302
-0.0534302
0.272386
0.0576494
-0.383209
0.206735
0.41661
-0.304576
-0.24446
-0.269687
-0.0725163
-0.0885501
-0.0323958
0.127761
0.352322
0.0631385
-0.413445
0.53645
-0.369815
-0.36932
0.0388274
0.209085
0.288135
0.39273
-0.177024
-0.0792771
-0.20472
-0.133166
0.382882
0.139738
0.00815955
-0.166898
-0.097812
0.135359
-0.307175
0.0575138
-0.0365862
-0.286024
-0.274675
0.397263
0.0725371
0.183705
-0.476858
0.151791
-0.294199
-0.242227
-0.313759
0.354387
-0.173643
0.0728941
0.00775669
-0.242027
0.0349552
0.206388
0.268137
-0.207585
0.39201
-0.34226
0.219175
0.351702
0.13819
-0.0985963
-0.121023
0.312864
0.020252
-0.488058
-0.301745
0.0847928
-0.27246
-0.465977
0.197593
-0.366941
0.17504
-0.311288
-0.308617
-0.474988
-0.431188
0.280139
-0.168309
-0.0829795
-0.271331
-0.263743
0.429147
-0.266631
0.0272073
-0.185291
-0.227152
0.203384
-0.187739
-0.326187
0.110715
0.494478
0.292535
-0.00770258
1.07052
0.264635
-0.021511
-0.209031
-0.219167
-0.0978894
-0.00075365
0.112415
0.129051
-0.133452
-0.227046
0.0368375
-0.353589
0.234474
-0.226379
-0.300296
-0.612875
0.205169
0.198088
-0.491588
0.303465
-0.103136
0.315981
0.312676
-0.166836
-0.114062
0.227954
-0.260761
-0.283336
-0.0349525
-0.228518
-0.332833
0.0207671
-0.216911
0.197842
-0.237976
0.0893967
0.00691837
0.227288
0.072349
0.0727858
-0.269175
-0.626915
0.251403
0.261484
0.171433
-0.0950283
-0.340736
-0.566287
-0.175595
-0.394653
-0.0858194
0.24994
-0.539066
-0.166596
-0.523354
-0.00756603
0.0484619
-0.0991125
0.0992631
-0.219198
0.231678
-0.106136
0.185021
-0.262651
0.156673
-0.487288
-0.0724893
0.0744904
-0.286546
-0.197146
0.313294
-0.143611
0.242292
-0.364226
-0.184444
0.0948627
-0.0458751
0.153038
-0.0820754
-0.507035
-0.479854
0.0615623
-0.119955
-0.111631
0.177253
-0.155108
0.409887
0.572394
-0.209881
0.0542766
-0.0838284
0.449913
-0.0124778
0.120696
0.511368
0.266814
0.377727
0.456269
0.379566
0.206431
0.207012
0.446229
-0.348159
-0.103381
-0.0411764
0.363318
-0.542285
0.0457348
-0.507181
0.0612081
-0.121317
-0.196069
0.202083
0.025026
0.214606
0.234946
-0.173729
0.197
0.068562
-0.0231599
-0.176245
0.382408
0.0104544
-0.0235853
0.235242
-0.158781
0.831359
0.408894
0.0927882
0.215431
-0.378425
0.0469426
0.521254
0.00746029
0.205036
-0.488086
-0.30225
-0.207878
-0.385489
-0.294942
-0.184626
-0.17846
-0.0081673
0.166399
-0.117058
-0.373155
-0.305653
0.209936
-0.493219
0.219389
0.211986
0.424695
0.0816527
0.498396
0.109188
0.143183
0.0668879
0.147698
0.132192
-0.899333
0.0809818
0.155161
0.43966
0.264635
-0.119814
-0.0313361
0.261362
0.042437
0.0139713
0.384151
0.42784
0.0939136
0.0854645
0.0126686
0.0473771
-0.176383
-0.233421
-0.0146354
-0.304751
0.217837
0.33531
0.226732
0.0649927
0.403687
-0.414362
0.258555
0.336975
-0.653541
-0.310818
0.339615
-0.190446
0.610862
-0.28606
0.490496
0.158585
0.0735149
0.223391
-0.0587246
0.295677
1.0201
0.193992
-0.0543762
0.372075
-0.0815415
-0.147721
0.309003
0.0852781
0.0741786
-0.220532
-0.0541888
-0.470231
0.141003
-0.297427
-0.0897974
-0.12267
-0.338642
-0.361535
0.0659219
-0.0686531
0.259604
0.173703
-0.426256
0.18215
-0.461353
0.469559
0.29056
0.431462
-0.393606
-0.354113
-0.306271
-0.0997119
-0.12714
0.15318
0.106205
-0.0968364
0.0431672
0.340007
-0.192034
-0.0504994
0.236605
0.0798378
0.0493922
-0.71788
-0.361691
-0.41052
-0.327307
-0.477064
-0.824393
-0.538788
-0.291735
-0.324385
-0.50501
0.335755
0.31612
0.135901
0.108856
-0.49355
-0.0990735
-0.219719
0.00878152
0.14178
-0.0402264
0.215034
0.399507
-0.237496
-0.11149
-0.231873
-0.277644
0.18562
-0.364929
0.299751
0.352575
-0.534628
0.326831
-0.382371
0.20026
0.0192689
0.19319
-0.231545
1.31347
0.264247
0.224161
-0.10767
-0.10804
0.185632
0.261694
0.21644
-0.0819953
0.238749
0.0857588
0.0795046
0.0962955
-0.0829772
0.430107
0.322117
0.148278
-0.521611
-0.518286
-0.161873
-0.409548
-0.279584
0.0223664
-0.0877191
0.160288
0.00160174
0.241105
-0.326129
0.467023
-0.0145138
0.134317
-0.475561
0.29166
0.0205784
-0.11257
-0.302429
-0.0812417
-0.0176116
-0.458095
0.00295973
-0.120683
-0.279719
-0.184593
0.00671093
0.197638
-0.462568
-0.086806
-0.173941
-0.193014
0.210161
-0.0712897
-0.212772
0.0994799
-0.342598
0.486098
0.27125
-0.475739
-0.333046
-0.404206
-0.0852704
-0.326696
-0.169479
-0.330567
0.386948
-0.461176
-0.312146
-0.311012
0.45634
0.200415
0.331472
0.32169
0.369309
-0.31657
-0.307343
-0.193878
-0.0987983
-0.332818
-0.273218
0.336519
0.405018
-0.248438
-0.447496
-0.0102523
0.27933
-0.318136
-0.494488
0.12087
0.269715
-0.419362
-0.0389601
0.0183403
0.0257416
-0.0718774
-0.225605
-0.477076
-0.160333
-0.227063
-0.0294615
-0.420795
0.0306034
-0.451953
-0.311397
-0.0740828
0.29835
-0.0167673
0.209762
0.08246
0.334474
-0.321967
-0.0873065
0.0584993
0.560875
-0.437177
0.397134
0.398487
0.532555
-0.460493
0.376282
0.215062
-0.508558
0.184734
0.481811
0.0671847
-0.0605838
-0.0355493
-0.0853469
-0.447126
-0.31182
-0.346197
0.266204
0.500543
-0.0518592
0.364035
-0.264589
0.0861776
-0.0321217
0.0566725
-0.094151
0.386724
-0.042611
-0.0626167
0.435915
0.30154
0.267027
-0.119213
0.180218
0.477636
0.406122
0.40177
0.23984
0.274472
-0.444706
-0.150882
-0.0380306
-0.30972
0.468014
-0.0380562
-0.149534
-0.269751
0.0180901
-1.28563
-0.13508
0.273429
0.0245644
-0.303976
0.0812605
0.0960314
-3.01995
-0.955657
-0.132366
0.01129
-0.295713
0.0830771
0.00713975
0.157299
-0.0647204
-0.0987319
0.195234
0.0718672
0.0730258
-0.148572
0.40603
-0.0551297
0.322973
-0.0121892
0.198253
0.249483
-0.226619
-0.00499549
0.0190577
0.125317
-0.118648
0.302451
0.073975
-0.355771
-0.0480454
0.455156
0.452385
-0.0670866
0.0746558
-0.0625766
-0.382269
0.345427
0.111091
-0.124329
0.318841
-0.232295
1.22343
0.788877
0.587816
0.427712
0.481229
0.0679964
0.335895
-0.0425231
-0.048314
0.335532
0.142373
-0.217098
0.0686428
0.105994
0.100561
-0.378095
-0.136155
0.297523
0.165885
-0.108442
-0.0653429
0.248631
-0.361141
-0.104995
0.0813406
-0.171532
0.0578822
0.392286
-0.168914
0.0631715
0.157682
0.397843
0.331245
-0.656103
0.627007
-0.261483
-0.168119
-0.321736
0.37902
-0.0590487
0.573656
0.185235
0.482718
0.301569
0.127454
0.0773203
0.290471
0.244164
-0.0820981
0.0429259
-0.339649
0.350501
-0.249192
0.0945552
-0.463381
-0.376654
0.0763067
-0.383133
0.293517
-0.215186
0.123864
-0.385304
0.413728
0.285711
0.363058
-0.358316
0.451759
0.180563
-0.441457
-0.501712
-0.363827
-0.33345
0.200125
0.706402
-0.0429941
0.319314
-0.66006
0.292662
0.458811
-0.148871
1.13186
1.60458
1.05561
0.336633
0.121338
-0.0571176
0.0926605
0.0103539
0.424894
-0.413914
0.0439852
-0.21858
0.0143995
0.055451
-0.00842073
-0.0204702
0.0462223
0.00354152
-0.0616134
-0.107482
-0.332435
0.403698
-0.114807
-0.243256
0.0704811
-0.096951
-0.113238
0.194847
-0.182529
-0.207572
-0.0274515
-0.0291969
0.0639576
-0.842373
0.0741763
0.119077
-0.479186
-0.17313
-0.424472
-0.443001
0.654605
0.0226309
0.584207
0.176255
0.464943
0.0503094
0.174721
0.113165
0.104703
-0.281023
-0.329513
-0.194504
0.485314
0.0245988
-0.462474
-0.0732727
0.381212
0.203939
0.453296
0.425714
-0.0500681
0.375625
0.247392
-0.202818
0.312365
-0.38885
-0.217277
0.130359
-0.270671
0.299671
0.194495
-0.0890102
0.00372096
0.578903
-0.0488637
-0.535459
0.741875
0.241229
-0.467079
0.148775
0.206002
-0.557786
-0.0857474
0.181931
0.252173
-0.178346
0.128886
0.244901
-0.573637
-0.459443
0.300775
-0.124163
0.0209134
-0.451097
-0.468518
-0.207754
0.268465
-0.547342
-0.393951
-0.060068
0.450127
-0.0814708
-0.0346183
-0.289384
0.380439
0.151175
-0.288846
-0.381912
-0.0530433
-0.197614
0.179896
0.125128
0.275667
0.154198
-0.680664
-0.151443
-0.562589
0.116443
0.105717
-0.000887085
0.190787
0.0822569
0.191202
0.285786
0.320582
0.0479597
-0.490974
-0.164195
0.211505
0.261976
0.0690325
0.0216472
0.177731
0.253259
0.369876
-0.393225
-0.302319
-0.171124
-0.630222
0.180354
-0.526327
0.292207
0.0196727
-0.198607
0.254463
-0.206663
0.275566
-0.122376
0.44069
-0.411409
-0.401088
0.433447
-0.0886336
-0.545437
-0.399135
0.373879
0.110993
0.0601598
-0.357361
0.304653
0.666039
-0.0652816
0.197102
0.177475
0.515595
-0.410928
-0.226543
-0.182148
0.0245601
0.299395
0.147263
0.239968
0.170017
0.14614
0.232001
-0.114508
-0.500028
-0.229092
0.52134
0.0820309
0.265987
0.0119546
0.151512
0.197946
0.377524
-0.415465
-0.321235
-0.0706327
0.0568055
0.120017
0.484432
-0.146391
0.104116
-0.774609
-0.208494
0.419287
-0.305299
-0.00303086
0.255862
-0.335082
-0.363651
0.243811
0.598062
-0.217356
0.34027
-0.158063
-0.00907279
0.242478
0.391138
0.416336
0.123344
0.0271214
-0.0157156
-0.0753116
-0.203229
0.502658
0.164781
-0.0590401
-0.00326535
0.46523
-0.168631
-0.489426
-0.345647
-0.430817
-0.0265301
0.582856
0.465042
-0.292315
-0.156551
0.0460259
0.133532
0.0596915
0.281419
-0.704732
0.104281
0.000604272
0.0846918
0.0368115
0.419899
-0.41591
-0.973004
-0.449326
-0.607362
0.17488
-0.266519
-0.343939
0.0848195
0.0907422
0.0705643
0.0270094
-0.477847
0.422266
-0.431855
0.250437
-0.349183
0.0674578
0.421614
-0.261156
-0.173792
0.3198
0.333024
0.0525656
0.107435
0.0542153
0.540672
0.175249
-0.101666
-0.338879
-0.367287
0.176145
-0.22591
0.00930631
0.371819
-1.20878
0.556649
0.112324
-0.600083
0.0791307
-0.0809181
0.194627
0.557013
-0.223058
-0.00352972
0.304989
-0.0803199
-0.0229524
-0.312446
0.20419
-0.229868
0.0180186
0.0942665
-0.19007
-0.169704
-0.0722357
0.228462
0.397267
0.104397
0.273746
0.110008
-0.365338
-0.112094
0.132168
-0.262828
0.239757
-0.362868
0.160456
-0.391817
-0.174129
0.458453
0.0276221
0.141123
0.265797
0.482006
0.211664
-0.114509
0.487155
0.143613
0.0894708
0.145666
-0.372783
-0.318234
0.420892
0.609078
0.393608
0.4882
0.047283
-0.1201
0.0795698
0.34869
-0.217407
-0.16617
0.426414
0.217469
0.0162217
0.0135921
-0.0556117
-0.195431
-0.172347
-0.275748
-0.194875
-0.304669
-0.447436
-0.0682814
0.149379
0.227101
0.403469
0.0170015
-0.193724
-0.136768
0.361716
-0.101531
-0.0472504
0.599667
-0.0764793
0.467459
0.103318
0.297305
0.161452
-0.237353
0.148889
0.0289899
0.248031
0.0256441
0.291291
-0.0386128
-0.240578
0.0751045
-0.313091
-0.358789
0.471255
0.0205433
-0.272012
-0.310572
0.0180204
0.189333
-0.12018
-0.372987
0.245479
0.174902
-0.56209
0.494194
-0.266276
-0.310315
-0.113862
-0.0525355
0.446771
-0.407974
0.3465
0.419918
-0.115463
0.356347
0.342171
-0.0346109
0.312087
-0.252886
-0.419808
0.179606
-0.378312
-0.387444
0.321223
-0.128725
0.32649
0.140802
-0.0370172
-0.292299
-0.400111
-0.442603
-0.631328
0.242438
0.264999
0.220539
0.202383
-0.340911
-0.0634984
0.432546
-0.396965
0.169806
0.307797
-0.441315
0.403466
0.0400908
0.246889
-0.316264
-0.389008
-0.157256
-0.212629
-0.380167
-0.377432
-0.0240455
0.189262
0.369443
0.459036
-0.121719
0.444066
-0.0768375
0.286278
0.324404
-0.204754
-0.100067
-0.0166709
-1.19554
-0.56274
-0.293425
0.209721
0.355086
-0.349083
-0.192469
-0.123021
0.021156
0.0894518
-0.246112
-0.331083
-0.248768
-0.207847
0.259853
0.251062
0.00998433
0.318927
0.0495684
-0.123088
-0.336196
-0.0282751
-0.131413
0.327122
0.242743
0.0601363
-0.255305
0.367488
-0.212462
0.233757
0.21719
-0.271373
0.163435
-0.851643
0.158082
-0.582324
-0.17888
0.449223
-0.0418875
0.41485
-0.283071
-0.261892
-0.450081
-0.393864
-0.25089
-0.0821535
-0.0617785
-0.411499
0.364346
-0.420022
0.043672
-0.109348
0.0115383
-0.1537
0.296638
-0.413764
-0.0877075
0.535425
0.355555
-0.257636
0.517391
0.0867344
0.437408
0.0858342
0.580343
0.0701007
-0.353666
0.0123807
-0.208456
-0.36406
-0.0288667
0.113252
0.133994
-0.0388888
-0.329842
0.0248065
-0.227868
-0.246046
-0.487262
0.0303734
0.413838
-0.217555
-0.321906
-0.0522506
-0.151313
-0.406538
-0.386001
0.312332
0.0625055
0.216239
0.237988
0.510927
0.373786
-0.0036032
-0.243423
0.397145
-0.226481
-0.240903
0.32095
0.429055
0.412411
-0.00347182
0.278934
-0.336208
0.125957
0.383468
-0.0845124
-0.30808
0.372667
0.26163
-0.448057
-0.263457
0.142209
0.071884
-0.129536
-0.242038
0.151441
-0.106388
-0.0388692
0.0504839
0.238872
-0.307691
0.356527
-0.397436
-0.626876
0.145916
0.121095
-0.477245
0.234012
0.364871
0.0118524
0.0681849
-0.330614
-0.130555
0.0796408
-0.46158
-0.0988591
0.304549
0.140721
-0.228104
-0.318065
-0.0204131
-0.304073
-0.0916178
-0.368031
0.146578
0.432918
0.190499
0.244889
0.0922259
-0.402899
-0.308003
-0.141771
-0.855412
-0.132759
-0.145163
0.902752
-0.356446
-0.197794
0.418826
-0.180998
-0.750182
-0.204147
-0.00885332
-0.449534
-0.063975
-0.142013
0.126696
0.169576
-0.25658
0.0311968
0.0398964
-0.0218447
-0.230121
-0.160458
0.49805
0.492462
-0.209429
-0.559897
0.338828
-0.485228
0.189618
-0.480554
0.279176
-0.124014
-0.107654
0.158499
-0.29669
-0.32407
-0.371327
0.0962624
-0.170512
0.298886
0.829897
-0.155969
0.0824801
0.552993
-0.167547
-0.3703
0.49539
-1.28969
-0.954416
-0.410041
-0.0470472
-0.160566
-0.0852263
0.260099
-0.0449987
-0.109687
0.0853979
-0.293067
0.272427
-0.194481
0.0602921
-0.0792
0.289865
-0.00633951
-0.00839747
0.17114
0.186151
-0.132133
-0.346492
-0.450962
0.198927
0.367462
-0.175822
-0.343996
-0.0336905
0.358583
0.0586654
0.139021
0.185532
0.274248
0.138461
-0.0571592
0.0975092
0.298542
-0.196567
-0.0393818
-0.430934
-0.718767
-0.0445911
-0.282976
-0.167926
0.329042
-0.424887
0.331242
-0.304932
0.419105
0.0518287
-0.233308
-0.303244
-0.113534
0.262183
-0.189847
-0.244677
-0.0271205
0.323185
0.349524
-0.550539
0.229987
-0.444837
0.101831
-0.483493
0.416429
0.126158
0.0154991
-0.0139472
0.138935
-0.280032
0.445429
-0.38695
-0.393039
-0.220059
-0.323221
-0.243762
0.415868
-0.286083
0.0852943
0.276083
-0.273609
-0.191621
-0.290323
-0.522849
-0.324743
-0.214944
-0.339819
-0.373716
-0.0947484
0.490209
-0.133837
0.147916
-0.265846
0.666824
-0.54418
0.516038
-0.0545284
0.0581902
-0.490615
-0.11636
-0.224766
-0.404641
0.132405
0.484978
0.378891
-0.115658
-0.0314223
-0.322861
-0.444941
-0.0886524
0.132572
-0.0326525
-0.061188
-0.533283
-0.529646
0.468961
-0.117909
-0.395615
-0.0608724
-0.194293
0.40436
-0.260953
0.293798
0.435715
-0.46556
-0.152794
0.0282428
0.463884
-0.441182
-0.272154
0.194605
-0.259135
-0.155585
0.554251
0.136714
-0.161232
-0.309222
-0.0542032
0.270004
-0.140138
-0.225164
0.167165
0.158368
-0.377837
-0.342806
-0.0721724
-0.0163719
-0.353536
0.150319
-0.270581
-0.463733
-0.0673194
-0.260031
0.475724
0.481484
0.25182
-0.251383
0.33736
-0.00663417
0.385645
-0.0472636
0.432545
0.205601
-0.123541
-0.10424
-0.494289
-0.238549
-0.51236
0.19395
0.249333
-0.000389343
-0.452198
0.324622
0.0650694
-0.160862
-0.416203
-0.174428
-0.0569439
0.00242323
0.290422
0.106956
-0.015569
-0.457968
0.214986
0.0781472
0.0180413
0.408955
0.222127
-0.0425118
-0.167887
-0.121761
0.00638084
0.466674
-0.538188
-0.508962
0.205351
0.292934
0.352232
-0.0816164
-0.507935
0.155989
-0.195264
0.0569791
-0.0598497
0.12337
-0.240411
-0.360935
0.341775
-0.0356949
0.515996
-0.0852132
0.0391951
-0.401062
-0.0532846
-0.395856
-0.128503
-0.627178
-0.534108
-0.00395681
0.145866
0.139668
0.311395
-0.262622
0.249456
-0.296705
-0.487127
0.291216
0.487993
-0.048914
0.501968
-0.434905
-0.349012
-0.261423
0.120967
0.532104
-0.325556
0.511469
-0.256938
0.000121639
0.253697
-0.518659
-0.424887
-0.158147
-0.077841
-0.27642
0.127469
-0.459664
0.172269
0.308543
-0.247005
0.272233
-0.413388
0.030248
-0.387025
0.614827
0.0735986
0.181579
0.481209
-0.0967933
-0.479483
0.367486
0.0485575
-0.294142
-0.133865
0.0659711
0.375059
-0.0543821
-0.00402669
-0.342303
-0.21628
-0.171015
0.391281
0.358827
-0.11781
0.0133973
-0.531756
0.414288
-0.210937
-0.370925
-0.269317
0.3344
0.359309
0.0573
0.211396
-0.126847
-0.141927
0.516855
-0.136036
-0.383688
-0.367755
0.386481
-0.0982809
-0.304477
0.495096
0.362455
0.0912728
-0.21044
0.00450705
0.315999
0.124523
-0.453485
-0.478683
-0.42539
0.242545
-0.104938
-0.108531
-0.542845
0.324023
0.449794
0.285196
0.02778
0.17394
0.309747
-0.127467
-0.264312
0.213149
0.104116
0.343744
-0.0823027
-0.141598
0.323934
-0.484704
0.180167
0.118667
0.158703
-0.241342
0.15448
0.633661
-0.199825
-0.350236
0.223641
-0.0535915
-0.33039
0.261671
0.573468
0.396841
-0.225316
-0.0352401
-0.413247
-0.0564745
-0.420044
0.410388
-0.333553
0.4149
-0.173811
-0.0743168
0.304814
0.122434
-0.163386
0.16632
0.191328
-0.321045
0.134347
-0.122403
0.00637883
0.447817
-0.338215
-0.032874
-0.033775
-0.0933294
-0.412579
0.053405
0.410723
0.273047
0.326403
0.284265
-0.143168
0.00454971
-0.493846
-0.00446728
-0.194692
0.38031
-0.278094
0.282487
-0.353945
-0.174993
0.274966
0.351139
0.279398
-0.449441
-0.2799
0.209503
0.265938
0.318117
-0.276212
-0.34112
0.386331
-0.448368
-0.0318012
-0.009547
0.395571
0.35594
-0.135429
-0.301043
0.172498
-0.122628
-0.350271
-0.282906
-0.492365
-0.0561512
-0.109716
0.111688
-0.203287
-0.140238
0.0333735
-0.228533
0.285979
0.43319
0.271323
-0.0345057
-0.398178
-0.451002
-0.0161747
-0.403696
0.381173
-0.0544619
0.493653
0.111594
0.409204
0.426629
-0.443728
-0.0667495
0.429913
0.19375
-0.442321
0.187115
0.313266
0.123815
0.33184
0.00690757
0.298482
-0.0313397
0.0865393
-0.180965
0.131061
-0.254459
-0.195837
0.120299
-0.201314
0.334373
0.468243
-0.00584471
-0.247616
0.102277
-0.0584896
0.0517904
-0.296228
0.169537
0.286388
-0.4054
0.281327
-0.287879
0.0109941
-0.160749
0.10367
-0.0893043
0.377961
0.414508
0.245816
0.387708
-0.198257
-0.074084
0.470734
-0.261355
-0.306652
0.31521
-0.446719
0.452686
0.282861
0.108073
0.459216
0.430426
-0.0514404
0.0646838
-0.0663347
0.239666
0.245601
-0.154499
-0.309932
-0.271625
-0.652783
-0.126507
-0.0920822
0.21489
0.390507
0.4239
-0.150738
0.360275
0.284669
0.116391
-0.0235249
0.244676
-0.395596
0.486348
-0.183066
-0.0166772
-0.185174
0.350531
0.267122
-0.256875
-0.311702
-0.195214
0.281815
-0.0958783
-0.0455694
0.0113569
0.450502
-0.469967
-0.23708
0.310817
-0.382064
-0.13782
-0.00117962
-0.137518
0.535835
-0.268428
-0.0224956
0.472813
-0.141562
-0.333115
0.0718715
-0.322932
0.325899
-0.206025
0.256381
0.0301837
0.446442
-0.574906
-0.287859
0.270433
-0.435307
0.0408924
0.47688
-0.0699819
0.124874
0.0429772
0.0752193
0.515934
-0.378295
-0.362613
0.110394
0.137592
0.103637
-0.502493
0.308918
-0.488455
-0.419157
-0.564178
0.27193
0.217196
-0.0903645
0.124464
0.387463
-0.477649
-0.398222
-0.0182659
-0.503325
0.281719
0.020785
0.160457
-0.0257955
-0.428565
0.271153
-0.135271
0.120357
0.363452
0.274562
0.0601604
0.430711
0.291838
0.24718
0.311646
0.445073
0.313416
-0.318593
0.638784
-0.267496
-0.0626662
0.403315
-0.22967
-0.28185
0.197262
-0.530079
0.0940414
0.265932
0.496629
0.168341
0.289145
0.390314
0.298789
-0.156441
-0.428138
-0.252319
0.16149
0.121116
0.291667
0.448368
0.449568
0.101496
-0.0739126
-0.382249
-0.00376451
0.252185
0.112643
0.0421185
-0.0452706
0.0760718
0.252536
0.529466
-0.142083
0.261619
-0.340161
-0.447879
-0.0316253
0.30727
0.312464
-0.48665
-0.515615
-0.0779349
-0.395659
-0.456646
-0.571221
0.209562
0.170166
-0.245686
0.0399491
0.512409
0.146401
-0.26556
0.39741
0.341339
-0.48625
-0.139811
0.294157
0.294524
0.0636861
0.363891
0.2185
0.282545
0.414096
-0.119354
0.0468497
0.447109
-0.0405857
0.184271
0.414745
0.57774
0.0498031
-0.00402365
0.472155
0.415411
-0.0310493
0.305017
-0.257711
-0.170819
0.118643
-0.00231032
0.425193
0.565331
0.280464
-0.338598
-0.0327542
-0.460244
0.194926
0.415347
-0.403474
0.12822
-0.278738
-0.0841691
-0.474038
0.113617
0.167261
0.32421
-0.0269057
-0.286924
0.0117096
0.0243531
0.144218
0.212087
-0.195102
-0.314021
0.308316
0.477079
-0.157046
0.19021
-0.300294
-0.400401
-0.439057
0.0987714
-0.0576265
0.438186
-0.235813
0.255666
-0.429202
-0.365129
0.08844
-0.202034
-0.359309
0.284956
0.275643
-0.202171
0.180616
0.0894363
-0.407596
-0.0132259
-0.0278206
-0.43322
-0.417965
-0.0579039
-0.600907
-0.310581
-0.14396
0.447505
-0.0812357
-0.528177
-0.0433515
0.0884742
-0.45516
-0.138066
0.415476
0.374463
0.364273
-0.212079
-0.495915
0.195573
-0.383736
0.164296
0.0682121
0.303339
0.203411
-0.163238
0.539799
-0.166275
-0.172847
-0.229757
-0.182911
-0.108007
0.0382486
-0.411916
-0.408864
-0.159071
0.416896
0.110228
0.238032
-0.164849
-0.0718747
0.0190345
0.199577
0.490165
0.138048
0.462389
0.420254
-0.072381
-0.231478
0.348673
0.0347349
0.575935
-0.375956
0.220209
0.314035
0.0744177
0.0285642
0.31193
0.154477
-0.477028
-0.433119
0.0559372
-0.47959
0.147501
0.0121092
0.161887
-0.191371
-0.4126
-0.396873
0.381079
-0.0592961
-0.335006
-0.245974
0.0297726
-0.143224
0.0750061
-0.209721
0.0455377
0.252104
-0.300239
-0.300296
0.42269
-0.43696
0.365228
-0.155119
-0.110898
-0.0793221
0.408474
-0.246423
-0.388015
-0.431287
0.00768279
0.11196
-0.234851
-0.250046
-0.29049
-0.212227
-0.447682
0.382964
-0.186122
-0.448666
-0.02891
0.224049
0.198661
-0.4132
0.0126538
-0.0968679
-0.0584441
-0.137192
0.236886
-0.40091
-0.451851
-0.467882
-0.175568
0.211241
-0.170404
-0.334416
-0.232949
-0.243705
0.131757
0.236858
0.198996
0.0574048
-0.450276
-0.239906
0.0759005
-0.357474
-0.482799
-0.512416
0.280015
-0.142902
0.0934266
0.106657
-0.39524
-0.396447
-0.242352
-0.312254
-0.415604
0.0627117
0.0587029
-0.291337
-0.372461
-0.42827
-0.131486
-0.116928
0.0467197
0.550934
0.41557
0.261927
0.375019
0.599195
0.337232
-0.429307
-0.231777
-0.167816
0.0613974
-0.388747
0.527352
0.0682547
0.569489
-0.451525
-0.413484
-0.10732
0.198952
0.0761681
-0.209233
0.274382
-0.187873
0.835676
-0.393976
0.237043
-0.471
-0.187145
0.444115
0.620867
-0.384105
0.732691
-0.183715
0.500703
0.154368
-0.18012
0.0245024
0.205949
0.118592
0.356635
-0.34618
-0.179278
0.18852
-0.206146
-0.0271584
0.339903
-0.456278
0.0488035
0.140008
0.274724
-0.1206
0.322634
-0.375079
-0.0703218
0.287538
-0.312333
0.321353
0.0474304
0.0797005
-0.182651
0.447256
0.402116
0.0159196
0.28458
-0.436156
0.244143
0.185606
0.23495
-0.148153
-0.435395
-0.00716506
-0.129467
0.25381
0.388791
0.278617
-0.238346
-0.406972
0.148045
0.367537
-0.150784
-0.244447
-0.0748795
0.166184
0.437828
-0.228375
-0.29174
0.326177
0.421594
0.41449
0.172534
-0.119736
-0.18915
-0.477643
0.272679
0.156049
0.4696
0.291698
0.335751
-0.0130255
-0.479477
-0.42685
0.0259011
0.145224
0.230703
0.318187
0.43617
-0.236415
0.61711
-0.466572
0.357915
0.358783
0.323384
0.0944854
0.256731
-0.293414
0.339138
-0.104026
-0.277595
-0.382613
0.188567
-0.033632
0.1616
-0.458521
-0.179338
0.383379
0.120505
-0.16448
-0.852751
-0.0889438
0.0422348
0.466396
0.481027
-0.100668
0.697813
-0.150758
0.170818
0.383267
-0.458573
0.284161
-0.0732359
0.456958
-0.266095
0.213205
0.506983
-1.02767
0.235105
0.205252
0.955867
-0.518851
0.444348
-0.0532944
-0.233997
-0.676781
-0.505539
-0.270086
0.37703
0.491841
0.483287
-0.302218
0.00563959
0.293133
0.0721989
0.0405745
0.106631
-0.195257
-0.395008
0.275127
-0.440271
-0.0518265
-0.307388
0.126578
-0.39139
-0.356621
0.381541
0.296603
-0.477609
0.412433
-0.388592
-0.477836
-0.1333
-0.423664
-0.195097
0.539345
0.277113
0.389429
-0.182007
0.172974
0.0675691
0.40982
0.211761
-0.444501
0.144874
0.394893
0.129434
0.118484
0.110304
0.0606328
0.348332
0.263899
-0.440037
0.269567
-0.312304
0.0571608
-0.026307
-0.124736
-0.442034
-0.496983
-0.222875
0.0334356
-0.0878497
0.322863
0.114826
0.022847
0.374949
-0.0171222
0.196754
0.424947
0.436417
0.176633
-0.040056
-0.0424839
0.443898
0.24808
-0.419435
0.102787
-0.0773652
-0.399121
-0.344194
0.000222247
-0.310225
-0.194863
-0.452929
0.329526
0.233672
-0.398904
-0.286501
-0.155306
-0.192613
0.085841
0.271276
0.00721706
-0.446272
-0.283646
0.0492371
-0.317387
0.417491
-0.0613062
-0.078048
-0.0493902
0.214891
0.230583
0.167808
0.276594
-0.0411628
0.257662
0.10272
-0.311352
0.0329905
0.421593
0.439503
0.167515
-0.338999
0.128133
-0.00387104
0.100094
-0.205636
-0.205473
0.0601364
-0.143594
0.0349402
-0.259929
-0.451034
-0.393348
0.406863
0.102689
0.383785
-0.130308
0.191077
-0.023267
-0.395847
0.14206
-0.39308
-0.0859585
-0.33736
-0.395082
-0.390291
0.181366
0.0766
0.325286
0.255624
-0.373209
0.0904451
0.332756
-0.338641
0.283268
0.0740892
-0.0269842
-0.212847
0.115302
0.0196424
-0.135549
-0.485267
0.457607
0.0693734
-0.0744389
0.316119
0.474885
0.438225
0.242935
0.468605
-0.456277
0.135682
0.228536
-0.174124
-0.479358
0.0093926
-0.370217
0.287786
0.256208
0.272139
0.565263
-0.0815928
-0.302955
-0.239229
0.299641
0.365324
0.409813
-0.206716
0.290213
0.266681
-0.124049
0.350539
-0.500108
0.118782
-0.215205
-0.399403
0.0292177
0.404614
-0.116557
0.476692
0.0163929
0.431593
-0.114641
-0.376938
0.315911
0.494835
0.291523
-0.448505
0.0844249
-0.457031
0.209486
-0.174828
0.24509
0.261429
-0.335273
0.110692
0.385373
-0.0169372
-0.00754605
0.0445337
-0.213024
-0.0338837
-0.122019
-0.254679
0.31627
-0.287691
-0.243092
-0.316307
-0.275282
-0.235003
-0.475396
-0.379147
-0.0266229
-0.0816334
-0.105144
0.262269
0.135763
0.0126477
-0.208882
-0.133598
-0.0654182
-0.357072
0.162731
-0.303149
-0.0594666
0.0103381
-0.169858
0.0396707
0.311857
-0.453259
0.248611
0.138913
-0.324407
-0.442759
-0.353762
0.294541
-0.388279
-0.411403
-0.0415449
0.282835
0.536553
-0.516706
-0.00356414
-0.144729
-0.257614
0.40927
-0.467048
-0.380333
0.253516
-0.496348
0.0931344
0.0551556
0.0482264
0.441151
-0.263244
-0.341892
-0.520268
0.431631
-0.0719976
0.389684
-0.494137
0.375136
0.374715
-0.317033
-0.0766572
-0.460017
-0.163462
-0.128917
0.185345
0.327736
0.176087
-0.268584
-0.487109
-0.195013
-0.0994243
-0.338449
-0.287372
-0.311129
0.00665445
-0.0189834
-0.467362
0.242653
0.177324
-0.291963
0.351895
-0.215298
-0.324088
-0.0948767
0.45793
-0.257574
-0.325435
-0.355569
-0.148349
-0.258688
0.168303
-0.0239031
-0.185612
0.134856
-0.294219
0.0567677
-0.49514
0.316434
0.295937
0.161418
0.454146
0.0646897
-0.433106
0.371243
0.153961
0.0773853
0.393731
-0.0930566
-0.329101
0.241911
-0.319762
0.126442
0.0526055
-0.365788
0.479448
0.47002
-0.100689
0.408785
-0.0733246
-0.313307
0.0775466
0.0690242
-0.0782102
0.0291538
0.349321
0.382046
-0.389498
0.258339
-0.574217
-0.496345
-0.545789
-0.182191
-0.177898
-0.256786
-0.110358
0.289253
-0.012123
0.036125
0.348025
-0.140483
-0.388244
-0.489106
-0.275441
0.546989
-0.282929
-0.202299
0.372712
0.254946
-0.0881506
0.386066
-0.287349
-0.260031
0.0269804
-0.296422
-0.23489
-0.362048
-0.635297
-0.284716
-0.314517
-0.128959
-0.0058116
-0.0934421
0.156675
0.345701
0.00557186
-0.091628
-0.297699
-0.0838847
0.52005
0.650604
-0.546931
-0.286639
-0.0217762
0.0772678
-0.140926
-0.254808
0.208611
-0.545406
-0.153587
0.0288153
-0.569322
-0.111613
-0.568304
0.089421
-0.348207
-0.121469
0.238447
0.307188
-0.108214
0.253516
0.380968
0.125459
-0.277733
-0.633925
-0.147043
-0.0226994
0.325487
-0.487827
0.337951
0.585195
-0.328226
-0.311967
0.058066
-0.384399
0.0214396
0.218526
-0.0151012
-0.0753047
0.168291
0.113058
-0.409156
-0.350343
0.302709
0.0882266
0.582309
0.0346382
0.578331
0.132899
-0.101738
0.072864
-0.549615
0.00366969
-0.161638
0.320508
0.142639
0.410525
0.29501
-0.555792
0.43872
-0.153297
-0.387744
0.0752701
0.0321062
-0.0378321
-0.128846
-0.383887
-0.180182
-0.44123
-0.0856983
-0.316912
0.490538
-0.471646
0.0388303
0.165732
-0.0133557
-0.0614704
-0.276579
-0.244911
0.126871
0.43002
0.192551
0.0250885
0.302052
0.11906
-0.207895
0.51036
-0.146796
0.442461
0.338021
-0.128015
-0.0280687
-0.221704
-0.0794817
0.018098
0.266668
-0.268041
-0.556129
0.44183
-0.508799
-0.182158
0.18049
-0.00739045
0.00796876
-0.359367
-0.348755
-0.224149
0.335106
0.0461206
-0.2191
-0.238413
-0.123027
-0.367076
-0.119446
-0.388819
0.294499
-0.431359
-0.110153
0.365209
-0.320798
0.0767019
0.537871
-0.245469
-0.289497
0.387904
0.379955
0.129883
-0.0631753
0.217571
0.470868
-0.297478
0.155632
-0.12153
0.342856
-0.421364
-0.36898
0.526805
-0.158468
-0.176142
-0.446423
-0.00211208
-0.318384
0.317401
0.157337
-0.167355
-0.290132
-0.221651
-0.108082
0.41819
0.131187
0.0900512
-0.327425
-0.319608
-0.447813
0.47091
0.466482
0.307642
-0.345364
-0.296595
0.10495
0.0981462
0.275561
-0.18385
0.113195
0.240383
0.242298
-0.361322
0.0651139
-0.124097
0.383199
-0.0920922
-0.267042
-0.0950699
-0.51423
-0.224204
0.238662
0.193447
-0.0228297
-0.349676
0.0669862
0.308973
0.211657
0.360638
0.0179955
-0.148015
0.0665541
-0.00737861
0.475408
0.598256
0.490541
0.403928
-0.173677
-0.197535
-0.403758
0.00686233
-0.0563982
-0.358208
0.313454
-0.280578
-0.120458
-0.0178545
0.170102
-0.423016
-0.27549
-0.0727335
-0.281941
-0.525068
-0.253121
0.274407
0.0545997
-0.51745
0.0969244
0.325705
0.00925664
0.422372
0.106973
0.442432
0.0499806
0.173685
-0.127444
-0.154077
0.524838
-0.421933
-0.293433
0.0440169
0.143971
0.645024
-0.0140238
-0.530049
-0.52636
-0.372955
-0.0987301
-0.297728
-0.552919
-0.254387
0.436289
0.18817
0.21794
-0.090028
-0.430423
0.360119
0.407299
0.0886712
-0.109111
0.361594
0.198583
0.236388
0.111617
-0.403805
-0.280906
-0.394111
-0.152672
-0.190674
0.428114
-0.25711
0.20628
0.268342
-0.0978576
0.428949
0.566726
-0.222892
-0.19582
0.318467
0.433233
0.370791
0.17389
-0.171976
-0.943586
0.154197
-0.329732
-0.0453765
0.387011
0.0142978
0.363453
-0.12921
-0.213802
-0.443314
-0.193274
-0.313229
-0.0697659
-0.248615
-0.44218
-0.444233
0.451274
0.150944
-0.0856135
-0.463336
-0.110684
0.326284
0.0185316
0.0127179
-0.352514
0.021352
-0.29258
-0.314159
-0.526868
0.205899
0.360783
0.0699396
0.199666
-0.19041
0.280151
-0.160068
0.222399
-0.446146
0.249711
-0.385565
-0.220384
0.158855
-0.54583
0.12863
0.240364
0.152412
-0.164977
0.226566
-0.157702
-0.337881
-0.298347
0.221049
0.439468
-0.454883
0.15663
-0.0910658
-0.439237
-0.375622
-0.423181
0.029499
-0.236147
0.300334
0.382959
-0.269942
-0.0399761
-0.574366
0.465022
-0.197866
-0.485088
-0.126595
-0.683359
0.175859
0.155626
-0.19562
-0.461338
0.466083
0.535034
-0.219532
0.200413
0.280773
0.210159
1.01914
-0.0915026
0.87074
-0.697607
0.076988
-0.434984
0.0589332
0.286124
-0.155529
0.613542
0.100848
-0.0981841
-0.572051
0.0899433
0.310506
0.58672
0.10969
-0.479169
-0.0145057
-0.456869
-0.209624
