#input normalization
45.9936 46.762
5.76685 3.8355
13.8133 10.2564
5654.4 7249.42
0.0190604 0.0186355
0.439295 0.261211
#output normalization
1 0
#neurons weights
-0.00637155
0.474185
0.00467553
0.154496
0.122171
-0.253565
5.97938
5.68888
8.65645
2.85733
-5.13593
0.839669
9.87363
-2.55721
-0.645405
1.30684
0.330782
-0.521937
-2.41984
0.938025
#synapses weights
-0.984707
0.365925
2.68965
-1.8467
-0.771872
-0.452102
-1.28366
-0.0888559
1.97039
-5.19786
1.40001
2.74971
-1.37686
2.11913
5.34945
-1.84834
-3.03706
-1.10469
1.60047
4.43703
-7.08121
-0.0818022
-0.745637
-6.948
-0.19498
-6.98822
11.2552
-0.89164
0.788458
9.85615
-1.34173
-4.08239
0.839288
0.258913
1.65699
-6.10711
0.505628
0.657078
-3.15466
2.46218
4.08823
3.55493
0.597521
-4.06304
-2.51007
3.79088
4.48853
-2.28619
-2.98941
4.56009
-5.87248
-5.58981
6.47211
7.33081
-4.68188
-7.86347
-0.44207
-0.323076
0.92432
-0.444974
1.2495
0.273901
0.781482
-5.36324
-3.08551
0.226417
-0.18617
0.899987
-1.86018
0.663463
-0.65811
-0.478773
-0.253891
0.604085
0.0999296
-1.38977
-0.88267
-3.49306
2.19059
-0.9663
4.39069
1.7823
-1.40821
-4.92383
2.57844
-2.66711
0.0794722
-0.0829663
-0.387798
1.42627
