#input normalization
0.488627 0.606034
0.0105623 0.0133362
2647.54 5358.07
14.2544 14.4648
7.50344 6.12957
25.1824 35.6591
#output normalization
1 0
#neurons weights
-0.276223
-0.25125
0.393738
-0.1439
0.3005
-0.155403
-5.06468
-3.20801
3.88459
2.30649
5.16694
0.932475
0.230973
-0.534118
-8.41756
1.31317
0.699905
0.928719
-1.64408
-0.357727
#synapses weights
6.52025
3.93007
0.0352645
-10.0858
2.227
0.628514
6.68762
1.30736
6.14719
-1.82211
-0.293263
-0.089937
-1.07567
1.86411
0.781513
9.76158
0.48197
0.0770917
-4.83855
-0.225897
-2.12596
-2.20709
1.11609
0.018921
-4.4489
0.356287
0.6615
3.34349
1.24541
-0.636358
-3.81996
-1.12673
-5.83536
1.67948
-0.125528
-0.392659
1.40979
-0.666647
-1.74166
3.76039
-2.81726
3.7642
-2.73276
-0.120181
-2.04228
-3.55575
0.21673
4.48144
0.626717
-3.54351
6.9415
-2.47736
4.96814
6.08803
3.62138
1.53824
-0.410112
-2.36658
0.842033
1.08399
0.364934
-2.69324
-1.66428
-3.24838
-0.630312
0.0569233
-1.15957
0.336171
1.6245
-0.602309
-0.842898
-0.557878
0.894979
-2.48527
-1.12683
2.36124
0.4417
3.63562
0.560646
-0.411559
-0.492456
-1.70078
-2.26869
-2.82535
0.79679
0.91643
0.638736
-0.884199
0.491757
0.253336
