#input normalization
113.039 171.215
10.6658 13.122
25.1373 34.3434
4997.24 3966.4
0.0316245 0.045972
0.497112 0.553663
#output normalization
1 0
#neurons weights
0.193151
-0.313464
-0.0396967
0.273992
-0.472378
-0.278539
-4.20973
-4.18338
-12.2249
-0.492526
-2.22314
2.17267
-0.0702018
0.626212
1.28324
-0.571704
-1.77093
-0.202167
0.417345
-0.79189
#synapses weights
-4.58975
-0.77518
-1.64305
-1.18028
-0.533307
-0.132516
4.85809
-0.948642
-2.08699
-0.163821
-4.96899
1.6879
2.3079
0.455327
-3.42939
-0.144996
-5.61864
3.00929
0.954327
0.199215
2.93033
0.454079
0.342912
-0.0327292
-3.36887
-0.901407
-2.02584
3.65196
-0.268414
-0.576343
-1.90705
-2.68899
-1.16434
1.00347
1.3322
-2.97271
-1.4267
-0.181542
-1.5595
-0.775361
-0.0858705
0.17216
3.52774
0.494445
-2.92008
-2.90707
0.762001
-0.379003
-2.37555
5.74437
-0.0389602
0.755379
-3.05708
-2.13465
0.455708
-1.79531
0.270204
1.46517
-0.725013
-0.653539
1.35937
0.855297
-0.444802
0.685187
-0.3039
-0.346212
-1.90171
5.65947
0.501622
-0.435937
5.82166
-1.16726
2.49811
-1.38269
2.39624
-0.0510521
-0.57127
-0.0493718
-1.66267
1.8184
1.05999
-0.100848
1.08262
1.48037
2.32113
-1.52573
0.639093
-1.49235
1.6144
0.55149
