#input normalization
10.0844 15.6116
21.5828 41.14
0.0296242 0.0518753
0.499912 0.509357
#output normalization
1 0
#neurons weights
-0.491269
0.0550414
-0.365082
-0.0326336
-1.47355
-0.295851
-0.939668
-0.571459
-0.291184
-0.816106
0.280322
-0.121482
-0.422668
0.370928
0.0523143
-0.133528
0.0588166
-0.409265
#synapses weights
-0.0834579
0.0555913
-2.33122
0.29884
-0.0872327
-0.0608391
-0.278426
0.577088
-1.07252
-0.852401
-1.24806
0.51772
0.723823
0.429548
-0.138305
-1.68986
0.25925
-0.0690547
-0.0160644
0.6243
-0.781178
0.600575
-0.716853
0.646544
-0.249464
0.861977
-1.38802
0.458196
0.784721
-0.659132
0.248794
-0.611827
-0.394934
-0.792054
0.473277
0.325376
-0.492929
0.409814
-0.787159
-0.245106
-0.843833
-0.14391
-0.341149
0.185944
-0.399921
-0.21536
0.0587826
0.551891
-0.355706
0.381417
0.184044
0.273567
-0.369843
-0.599366
-0.363508
0.459512
-0.214911
0.279578
0.0630635
0.12614
-0.473356
-0.0264882
-0.630857
0.667114
-0.123716
0.0779981
0.0451712
-0.848572
-0.378213
0.490379
0.711206
1.21934
-0.374107
1.14299
-0.440544
0.313075
