#input normalization
0.16111 0.272711
76.7161 70.4846
9.57694 38.3707
7.92497 31.9109
0.011208 0.0443433
0.00879057 0.0338798
1 -1
1 -1
1.05267 1.47112
1.29982 1.67897
1.57855 1.87949
1.86027 2.06281
2.12999 2.22636
2.39629 2.3791
2.64341 2.50023
2.87854 2.5868
3.10222 2.64749
3.30893 2.68228
3.48879 2.68793
3.62724 2.6498
3.75209 2.59835
3.85097 2.5101
3.92847 2.41397
3.96982 2.29961
3.99558 2.16779
3.98964 2.01953
3.9519 1.86013
3.89572 1.68228
3.7862 1.48252
3.65921 1.28429
3.54363 1.09712
3.41767 0.920599
3.26231 0.743118
3.10185 0.573586
2.93657 0.413281
2.78635 0.266603
2.61822 0.128358
2.47497 0.00581553
2.31182 -0.108566
2.15912 -0.216386
2.01145 -0.313389
1.88168 -0.396232
1.74745 -0.473142
1.6062 -0.546088
1.47361 -0.610379
1.35188 -0.666024
1.24237 -0.713798
1.14713 -0.754866
1.05185 -0.792851
0.964275 -0.824962
0.883273 -0.854466
1 -1
1 -1
#output normalization
1 0
#neurons weights
-0.488969
-0.242685
-0.246953
0.114527
0.433943
-0.393205
0.379408
0.131292
0.221312
-0.345314
-0.177342
0.166153
0.367353
0.421026
0.38197
-0.341386
0.226323
0.330617
0.184201
-0.054309
-0.0443984
0.469108
0.42758
-0.389657
-0.119031
-0.164886
-0.170999
0.329427
-0.0719814
-0.444314
0.478061
-0.29276
-0.00295561
-0.35013
0.0994989
0.154802
-0.283684
-0.164663
-0.236625
0.0733258
-0.235066
0.242719
-0.233156
0.323695
0.25097
0.0589236
-0.381936
-0.316853
-0.40411
-0.242832
0.345597
0.381358
-0.146918
-0.306993
-0.40003
-0.00931102
0.189522
0.225923
0.150924
-0.37532
-0.174731
-0.377897
0.351476
-0.288798
-0.166283
0.395512
0.192299
-0.271599
0.22235
-0.289982
-0.782142
0.195769
-0.185298
0.247907
-0.276465
0.417483
-0.582154
0.289877
0.129901
0.118082
0.223344
0.121875
0.291592
-0.385984
-0.153309
-0.405192
-0.313312
0.468043
0.458084
0.293965
-0.245929
0.157298
0.232302
-0.303391
0.421842
0.179888
0.150468
0.174409
-0.402611
-0.24294
-0.420593
0.267447
-0.381568
-0.0337886
0.262988
-0.203157
-0.347958
0.33708
0.261319
-0.165028
-0.216771
-0.16302
0.277491
0.361897
0.14703
0.241487
0.168869
0.14012
-0.13167
0.167478
0.0990191
-0.259371
0.229585
-0.495912
-0.125382
-0.219138
0.195108
0.0650389
-0.430879
-0.39444
-0.318798
0.427214
-0.0121137
0.0339621
-0.274857
0.260443
-0.415037
0.245704
0.00944156
0.0791895
0.406452
-0.337585
-0.207565
0.119796
-0.312061
-0.530342
0.365785
0.31097
-0.186744
-0.0781676
0.532722
0.349715
-0.424563
-0.367032
0.404265
-0.0199431
0.109799
0.451282
0.288374
0.293213
-0.00517927
#synapses weights
0.260703
0.0406312
-0.132948
-0.448472
0.490508
0.0929287
0.353392
-0.0341489
-0.359153
-0.0391563
-0.126331
-0.495627
-0.322006
-0.460782
0.0691782
0.103023
-0.151535
0.119815
-0.254501
0.428927
0.320701
0.152748
0.391426
0.453711
-0.28405
0.544215
-0.326435
0.586559
-0.185223
-0.496774
0.00244551
0.0105858
0.0865172
-0.415356
0.355719
-0.0673495
-0.285001
-0.188107
0.0547137
-0.110359
0.395022
-0.441415
0.464864
0.171261
0.366941
-0.451398
0.0457925
0.45421
0.0940806
0.496934
-0.384075
-0.294154
0.237711
0.200755
-1.12697
0.185269
0.0531064
-0.680796
0.21467
-0.395371
0.305528
0.828845
0.623902
0.377972
-0.0611066
0.284379
0.169388
-0.229369
0.117363
-0.120384
-0.459325
0.0462621
-0.349572
0.24644
0.375469
-0.21841
0.321058
0.303857
0.0995513
-0.361535
0.181544
-0.41719
-0.152098
-0.431977
0.11206
0.381919
0.132305
-0.408899
-0.179175
0.113993
-0.35073
0.474175
-0.270111
0.0606109
0.301635
-0.355853
-0.218245
-0.215544
0.0881486
0.560942
-0.19433
-0.0174043
0.213871
-0.210024
-0.0764668
0.28085
-0.274833
-0.729256
-0.121254
0.211655
0.241041
-0.262399
-0.374367
0.294007
0.425221
0.346573
0.096246
-0.045747
0.0516104
0.506423
0.0585011
0.377119
0.0436708
0.310922
0.0560715
-0.288627
0.466572
-0.275227
0.0957115
-0.0588236
0.182079
-0.0995189
0.391095
-0.431992
0.343792
-0.313401
-0.20559
0.0422432
0.430803
0.199796
0.205206
0.000967643
-0.15769
0.0508928
-0.234661
0.468408
-0.184884
-0.0735922
-0.0148269
0.0597586
-0.120505
0.479316
-0.277518
0.0163563
0.333205
0.181439
-0.221869
0.270511
-0.293694
-0.0582849
1.17852
0.311097
0.19776
-0.159318
-0.125036
-0.25714
0.0512365
0.105263
-0.133397
0.0418571
0.0360134
-0.120106
-0.214078
-0.0722015
0.0896898
0.0851113
-0.454
-0.172496
-0.131932
0.161792
-0.0596989
-0.242981
-0.328751
0.114032
-0.169854
0.261689
-0.0155951
-0.338136
-0.108473
-0.411745
0.210545
-0.0843248
0.170733
0.100867
0.428893
-0.0015934
-0.403155
0.275601
0.253633
0.208694
-0.136081
0.217685
0.238904
-0.188635
-0.46434
0.47369
0.0899558
0.137465
-0.131814
-0.324351
-0.145977
-0.214125
-0.02629
0.07931
0.226935
0.323133
0.50784
-0.143132
-0.259901
-0.48681
-0.532738
0.169279
-0.254847
-0.159351
0.476229
-0.0786062
0.223863
-0.42333
0.302568
-0.0575532
0.505937
0.32739
-0.160037
-0.0180738
-0.205067
-0.180716
0.240683
-0.0417851
-0.0818297
-0.014752
0.149601
0.178406
-0.153106
-0.209702
-0.125775
0.228665
0.359491
0.515662
-0.43472
-0.0664036
0.455168
0.30722
0.501102
0.0807146
0.111916
0.0933175
0.397018
-0.190909
0.0722612
0.315801
0.463481
0.246064
0.350413
-0.0172519
0.335848
0.492243
-0.0955524
0.0198536
0.286058
0.117973
0.25868
0.357069
-0.323925
-0.0807549
0.212522
0.103646
-0.178562
-0.161904
0.264139
0.283453
-0.108545
-0.485951
-0.308474
0.184046
0.276576
-0.458524
0.0558075
-0.119127
-0.112919
-0.109458
0.0132801
-0.394604
0.101263
0.414509
-0.109299
0.372378
-0.00818686
0.187791
0.53281
-0.31839
0.0743641
-0.0627915
0.186575
0.312391
-0.177503
-0.114521
0.170246
-0.29115
0.359394
0.253936
0.152737
-0.271375
-0.174718
0.374933
-0.200357
0.152578
-0.260882
-0.0327082
-0.184039
-0.511797
-0.608067
-0.137464
0.481975
-0.426583
-0.0212665
0.0277455
-0.522176
-0.40164
-0.113815
0.156303
0.0230871
-0.0955194
-0.470553
-0.500805
-0.276141
-0.209916
-0.084167
0.0872128
0.2944
-0.286615
0.188291
-0.0638414
-0.445195
-0.511061
-0.390483
-0.169234
-0.444734
0.239021
0.188999
-0.236522
-0.621227
0.0681905
-0.498
-0.0537503
-0.359669
-0.310442
0.183334
-0.302695
-0.44175
-0.295831
0.293065
0.0893197
0.0664983
0.0307429
0.402723
0.161989
0.175724
0.274931
-0.18876
-0.0353636
0.38021
0.116695
-0.274135
-0.0767768
-0.0929067
0.218231
-0.391486
0.251532
-0.480185
0.236005
0.186081
-0.0386849
-0.189904
0.211371
-0.495178
-0.417601
-0.389964
-0.397996
-0.545689
-0.18355
0.146544
-0.427304
0.368561
0.0105349
-0.182541
-0.36956
0.191997
-0.0135649
-0.303707
-0.255998
-0.00787447
0.34021
-0.31597
-0.517347
0.479238
0.0925833
-0.250414
-0.511713
-0.097018
0.454412
-0.105059
0.382786
0.58891
0.181758
0.287346
0.143426
0.162806
-0.231858
-0.423586
-0.119378
-0.358388
0.366508
0.418837
0.261353
0.163233
0.0244901
-0.312669
0.0600709
0.40772
-0.224155
-0.278482
0.337617
0.0831478
0.599812
-0.0667239
-0.265743
-0.0645981
0.56153
-0.133984
-0.0978502
0.349586
0.499632
0.0788559
0.10774
-0.402515
-0.422713
0.540183
0.0237133
0.162424
0.544696
0.0235664
0.162085
0.013895
0.447133
0.0661675
-0.089072
0.356763
-0.15453
0.324007
0.251801
-0.108206
-0.0976242
0.354324
0.175528
0.0921813
0.0942936
0.157509
0.17745
0.4797
-0.19983
-0.322656
-0.22745
-0.488492
0.0963267
0.34528
0.12295
0.289186
0.2509
-0.380197
-0.0979522
0.406769
0.332423
0.509086
0.341916
-0.125503
0.488776
0.439653
-0.373927
-0.0340808
-0.159976
0.0961573
0.440222
-0.0894901
0.0175506
0.136574
0.226899
-0.0510619
-0.0225681
-0.45352
-0.10108
0.221795
0.0879659
-0.200161
0.312208
-0.0688504
0.382474
0.382512
0.347415
0.172437
-0.316181
-0.37013
-0.151053
-0.147724
-0.388627
0.0288797
-0.327295
-0.033978
0.111429
-0.474293
-0.0831102
0.157197
-0.250143
0.0621497
0.142242
-0.367729
0.0733281
-0.352177
-0.262238
-0.283803
-0.495293
0.245049
1.06764
-0.453007
0.257951
0.611576
-0.366034
0.164282
-0.418844
-0.123285
-0.220131
-0.443316
-0.578383
-0.244539
0.329813
-0.301172
-0.254047
0.155012
0.0957343
0.0660006
0.123582
0.207553
-0.193666
0.0725486
0.0393638
0.147581
-0.0618698
0.139512
0.230151
-0.00751223
0.168342
-0.2453
-0.0595972
0.510582
-0.228088
0.0928709
-0.0663117
0.0953883
0.446
-0.553358
0.0040578
0.349252
-0.353381
-0.293546
-0.396199
0.294687
-0.280275
-0.181405
-0.326754
0.335674
0.263381
0.0483391
-0.144943
-0.245255
0.119638
0.723631
0.161711
-0.187299
-0.166711
-0.780266
-0.264949
0.442676
0.249425
0.276901
0.0563365
-0.251543
-0.0100497
-0.00832021
0.348763
0.40707
-0.202794
0.153425
-0.386161
0.083462
-0.140595
-0.288464
0.314941
0.414038
-0.406483
-0.352688
0.328255
0.0296956
-0.261314
-0.204915
-0.139217
-0.375385
0.0650325
0.0497445
0.0830381
0.352397
-0.236635
0.0774818
-0.12273
-0.270617
-0.36098
0.058727
0.50279
-0.0884045
0.447301
-0.442666
0.216193
0.325378
-0.410922
-0.0380916
-0.347211
0.45662
-0.197751
-0.0482615
1.08675
-0.200057
0.33603
0.467104
-0.218302
0.317952
-0.155545
2.96511
0.554586
-0.431133
0.234315
-0.238738
0.0363978
0.173146
0.0208801
-0.264618
-0.0857957
0.0480445
-0.378032
-0.27145
-0.214348
0.462438
-0.354683
0.331175
-0.233173
-0.023493
-0.338329
-0.290357
0.0209278
-0.123485
-0.287211
0.247956
-0.139423
-0.0645862
-0.349047
0.281373
-0.18208
-0.56036
-0.228259
0.137882
0.0172902
-0.160469
-0.113984
-0.164918
0.0121329
-0.185059
0.283396
0.490794
-0.114391
-0.159064
-0.321008
0.317135
-0.106874
-0.45787
0.0981896
-0.293486
0.0983871
-0.250079
-0.446449
0.0411319
0.257542
-0.0309526
0.179448
0.277141
0.42111
-0.140711
0.407734
0.138488
0.376142
-0.115293
-0.0621289
0.487688
0.130535
0.358835
-0.282277
-0.507146
0.167739
-0.0306785
0.256188
0.168749
-0.412651
-0.0901861
-0.0467273
0.313415
0.0471729
-0.0950315
-0.446378
0.324081
0.0458948
-0.467886
0.00198161
0.139166
0.0496194
0.145415
0.147879
-0.153572
0.383389
0.124421
-0.0901107
0.335592
-0.472363
0.482376
-0.291706
0.112345
-0.488998
0.230218
0.207629
0.366323
-0.0865003
-0.232772
0.33749
-0.312984
0.409659
0.433821
-0.238056
-0.335469
-0.327624
-0.278173
-0.310274
-0.360204
-0.0205977
0.202818
-0.190401
-0.427368
0.0645568
-0.292431
0.000915671
-0.29909
-0.347912
0.416024
0.25602
-0.223195
-0.242542
-0.375606
0.392047
0.415838
-0.450292
-0.312804
-0.0612567
0.250233
0.453352
0.459286
0.403999
0.478552
0.280695
-0.195327
0.00920032
0.418631
0.158007
0.00844975
0.251841
-0.427571
0.273082
0.16561
0.374999
0.390793
0.269789
-0.434262
0.160189
-0.531143
-0.051652
0.457559
0.178066
-0.0140561
-0.0207494
-0.213672
0.627923
0.459011
0.218871
0.161614
0.105117
0.412032
0.470704
-0.218082
-0.444406
-0.403626
-0.337633
-0.297175
0.0125911
-0.11554
0.136157
-0.383011
-0.169036
0.353675
0.39296
-0.317197
0.309501
0.178894
-0.084231
-0.1238
-0.0996446
-0.129502
-0.426143
-0.0683098
0.0423922
-0.377123
-0.199434
-0.404859
0.0776856
-0.0225844
-0.413171
-0.409047
-0.357545
-0.23909
0.339086
-0.188986
0.0754665
-0.257754
-0.137211
-0.133625
0.483207
0.336639
-0.235874
0.115745
0.101174
0.0788831
-0.0437259
0.198993
0.477207
0.983346
-0.183124
0.544647
0.469417
-0.292993
-0.0283501
0.0195632
-0.204648
-0.404068
0.241894
0.014338
-0.239387
-0.286293
0.416634
-0.509536
0.00829909
0.187248
0.153446
0.051412
0.436866
0.114038
-0.542752
0.329954
0.356996
-0.0561038
-0.495252
-0.0375541
-0.513331
0.403195
-0.0708841
0.0763744
0.422511
0.0913283
-0.380245
0.466878
-0.218118
0.333703
0.0244514
0.319614
0.271975
0.104823
-0.457434
0.182676
-0.254045
-0.474459
-0.211311
-0.787872
0.327062
-0.431227
0.450757
-0.15052
-0.0193351
-0.186409
-1.52525
-1.5687
-0.85441
-0.280939
-0.25848
0.212677
-0.278313
-0.155494
-0.32736
0.210008
0.102511
-0.189182
0.286994
-0.143362
0.0847065
-0.323735
-0.125879
0.322298
0.423218
-0.203099
0.00513386
0.344104
0.265091
-0.26716
0.395017
-0.0911852
-0.139261
0.168269
0.329619
0.277899
0.285151
0.543146
0.107965
0.326421
-0.337328
-0.317989
0.0860283
-0.149647
0.148499
-0.290639
0.185131
-0.120324
0.157192
0.24558
-0.381166
-0.15636
-1.04384
-0.0888577
-0.371021
0.537853
0.408708
0.0539148
-0.348138
0.37848
-0.18374
-0.163421
0.333176
-0.0218596
0.147437
0.127602
-0.279346
0.287981
0.200556
0.0604287
-0.0773818
-0.237363
0.289672
0.104442
0.470684
-0.41155
-0.0748553
-0.140046
0.121293
0.290326
0.0159324
0.304036
-0.297587
0.245641
-0.480003
0.223212
0.138955
0.220687
0.239635
-0.411849
0.0262525
0.0761166
-0.116086
0.215104
0.418111
0.344057
-0.271008
0.207055
0.361743
-0.289243
-0.337676
0.308991
-0.363091
-0.0359538
-0.373471
0.525642
-0.294705
-0.322984
0.198658
-0.0836464
-0.130416
-0.189031
0.453487
-0.0621425
0.0368096
0.459328
0.566187
0.21908
-0.228015
-0.117486
0.17656
0.416711
-0.290525
0.0938732
0.156286
-0.313746
-0.156979
0.146951
0.186398
0.345592
-0.537357
-0.13306
0.164973
0.280611
-0.372907
0.376304
-0.372948
0.295858
0.00263121
0.29536
0.552852
0.502252
-0.251518
-0.186058
-0.157255
-0.220473
0.135246
0.0363909
-0.0865884
-0.0968058
0.141676
-0.448468
0.391494
-0.064513
0.413341
-0.33909
0.0125915
0.500814
-0.0775154
0.447513
-0.0736166
0.501947
0.106737
-0.428505
-0.225222
0.74025
0.76234
0.382554
-0.304692
0.144447
0.42716
0.444709
0.221951
0.0564162
-0.255285
0.040749
-0.272672
-0.274231
0.189185
-0.293454
-0.146749
-0.176115
-0.269415
0.251041
-0.110235
0.337991
0.302038
0.329438
-0.251951
0.415378
-0.267346
0.382398
-0.224252
0.232873
-0.150186
0.360965
0.376583
0.288489
0.0511968
-0.014198
-0.203083
-0.307043
-0.133199
-0.395492
0.438801
0.310187
-0.332493
-0.242763
0.137976
-0.398933
-0.146945
0.0119534
0.253635
-0.0293971
0.0292189
-0.364781
0.154828
-0.38441
0.310495
0.356147
0.0990712
0.0757052
0.0956308
0.0469928
0.324067
0.236464
-0.170441
-0.172094
-0.0370414
0.186762
0.175055
-0.20107
0.317875
-0.166923
0.139339
-0.081046
0.232135
-0.0900342
0.113421
0.317523
0.0754624
-0.604909
-0.197587
0.350787
-0.136697
-0.453764
0.375548
0.397562
-0.360571
0.0515714
0.398474
0.0244095
-0.17752
0.45797
-0.277553
0.419064
-0.260681
-0.26829
0.0434794
-0.113911
0.358328
-0.100374
-0.337267
0.00115983
-0.854469
0.193264
-0.0978209
-0.0525381
0.0969426
0.313417
-0.195891
0.550232
-0.389537
0.202172
-0.183773
0.0435197
0.0947688
-0.378719
-0.0945537
0.0486729
0.0602372
0.382716
-0.255609
0.129834
-0.423047
0.0567083
-0.423035
0.126967
-0.335638
0.306459
-0.0835227
-0.381006
-0.338023
-0.310384
0.279992
-0.0940852
0.225987
0.189431
0.336976
0.238458
-0.214571
0.466812
0.171564
0.381889
-0.283003
-0.106378
-0.273493
-0.0550311
0.102225
0.328253
0.449882
-0.319249
0.0174968
-0.263751
-0.184132
0.351793
-0.15752
-0.0643308
-0.00911672
0.0688901
-0.232642
0.250554
0.450998
0.302534
-1.70754
-0.993741
-0.197992
-0.113768
-0.467947
-0.18569
0.0552341
-0.0778172
-0.0718538
-0.123427
0.0167418
0.209206
0.178039
-0.440463
0.24433
-0.232289
-0.0133757
0.491496
0.603406
0.135995
-0.282066
0.319278
-0.244932
0.0839119
-0.0899832
-0.105929
0.603135
0.00193911
0.185203
0.258252
0.123502
-0.290986
-0.0724809
0.196564
0.0104745
0.152798
-0.52629
0.210207
0.129027
-0.279573
-0.126683
0.423713
0.417698
0.285633
0.282255
-0.0197104
-0.00826771
0.341948
0.368595
0.191861
-0.0185226
0.475453
0.365882
-0.113166
0.758651
0.533655
-0.213893
0.332092
0.208994
0.11932
0.0226358
0.213712
-0.0264728
0.27201
-0.373511
0.32542
0.281153
-0.322496
0.0758424
-0.546083
0.432261
-0.178205
0.0927148
0.430607
0.0573047
-0.388357
-0.0456906
0.236955
-0.0894144
-0.269424
-0.419693
0.127598
0.174912
-0.462105
-0.0993616
-0.0609317
0.47867
-0.0491135
-0.237378
-0.0586624
0.105993
-0.327142
-0.201002
-0.036756
-0.352738
-0.174053
-0.0360781
0.227069
0.123483
0.427917
0.0489308
-0.0694953
-0.194725
-0.268909
0.442582
0.159883
0.0432001
0.224615
-0.0211348
0.336422
0.45388
-0.150154
0.339916
0.177097
0.440058
-0.198083
0.204923
-0.0227478
-0.176489
-0.439325
0.439078
-0.253701
-0.0650537
0.134928
-0.0331044
-0.269321
-0.323511
-0.0208135
0.212113
0.353883
0.309564
0.121919
-0.119273
0.361348
-0.0126449
-0.318778
-0.221157
-0.24049
0.15712
0.389277
-0.433963
-0.41345
0.366721
0.214886
-0.0636494
0.162858
-0.249939
0.466244
-0.025823
0.349816
0.208916
0.226152
-0.585015
0.275582
-0.0907534
0.329833
-0.164905
-0.396955
-0.151243
0.0412338
0.00787105
0.0201522
-0.541953
-0.588126
-0.518745
0.325434
0.170889
-0.0591397
-0.0992014
-0.0939226
0.483708
-0.302182
0.0455871
-0.35447
0.330302
-0.202127
0.0616894
0.325354
-0.237004
-0.194199
0.234731
-0.280002
0.0181145
-0.356372
-0.224467
0.268803
0.219775
-0.413821
-0.517971
0.304726
0.183982
0.145965
-0.288487
0.0573517
0.215476
0.150041
0.0094243
-0.491138
0.0915228
0.298077
0.132958
0.249715
0.108363
0.463816
0.152383
-0.26849
0.0783174
-0.396023
0.447937
-0.497165
-0.204778
-0.292959
1.09679
0.355228
-0.130094
0.32673
-0.411816
-0.222307
-0.0895205
0.491137
-0.217427
-0.414512
-0.40505
0.239715
-0.288974
0.420498
-0.498351
-0.0824384
0.217759
0.153382
-0.302287
-0.356545
0.337984
0.479403
0.304646
-0.328774
0.484967
-0.347089
-0.285981
-0.133376
0.040491
0.0420744
0.371304
-0.0733796
-0.217022
-0.238312
-0.374948
0.206915
0.263881
0.486466
0.35114
-0.119168
-0.401843
0.352594
0.0183085
0.142326
0.468619
0.103892
0.761542
-0.231111
0.0914377
-0.250926
-0.517594
-0.0338971
0.488426
-0.168838
0.131699
0.42985
-0.288426
-0.14027
-0.0437685
-0.201598
0.234287
-0.161
0.0090801
-0.0930669
0.225162
-0.474419
0.310219
0.057843
0.380503
-0.127448
0.279884
-0.0144246
-0.11863
0.0718176
0.419
0.0107925
0.385492
0.207151
0.387204
0.0735059
-0.304979
0.424493
0.0940171
0.484895
0.330448
-0.322311
-0.0832149
0.189962
0.441512
-0.45846
-0.27004
0.174506
0.304197
-0.0491114
-0.259329
-0.0983258
0.0626513
0.0953274
-0.173146
0.998021
0.0866017
-0.17258
0.552977
0.283452
0.352821
0.49365
0.133834
-0.309799
-0.298281
0.0453584
-0.297746
-0.315421
-0.276877
0.0243973
-0.0255959
-0.169559
-0.224883
0.265032
-0.44591
0.313596
-0.0941005
0.317405
-0.391078
0.308213
-0.487478
0.109066
0.325933
-0.380758
0.472355
0.299355
0.0974542
-0.381642
0.16533
-0.455433
0.021648
0.352373
-0.109867
0.135982
-0.406535
-0.33323
0.520399
-0.114356
0.268018
0.239808
-0.148099
0.307395
0.160976
0.277668
0.0591518
0.22861
0.118241
-0.0287311
-0.356663
0.00210597
0.446839
0.1503
0.0132683
-0.479993
-0.22204
0.445447
-0.395766
0.0719124
0.0776311
0.158949
-0.0338239
0.285068
0.298899
0.03844
0.42589
-0.170578
0.308253
-0.376153
0.134283
-0.24758
0.120019
0.320612
0.333432
-0.283917
-0.160772
0.38986
-0.0621017
-0.313797
0.479589
0.306021
0.50034
0.0189078
-0.276944
0.266789
0.380846
-0.134786
0.28675
-0.422068
-0.0843119
0.466915
0.326194
-0.0696435
-0.152727
0.215562
0.150426
0.117858
-0.464908
-0.287775
-0.0334789
0.00899804
-0.149525
-0.381241
-0.198271
-0.309849
0.349946
0.0940633
0.324983
-0.109981
-0.38699
0.298858
-0.239692
0.186937
0.0446071
-0.143566
-0.124069
0.227055
0.303351
0.0733941
0.453942
-0.0184872
0.250329
-0.266631
0.245268
0.0103125
0.228766
-0.233873
0.139626
0.510232
0.504763
-0.379202
-0.0501219
0.424192
-0.196723
-0.123951
-0.229966
0.0218939
-0.230731
0.328249
0.183394
-0.348578
-0.134969
-0.131699
0.12702
-0.166078
-0.278676
-0.429167
-0.411695
-0.00493998
0.348298
-0.408423
-0.061392
0.32244
0.328686
0.190205
-0.588757
-0.511384
0.12214
0.24527
-0.0420333
0.246892
0.159192
0.111109
0.0262935
-0.0770063
0.335859
0.249069
0.279582
0.501172
-0.00904857
-0.101437
-0.274338
0.317444
0.462898
0.0246794
-0.448037
-0.0947537
0.346459
0.267556
-0.0414969
0.42076
-0.353874
-0.0202612
0.144125
0.0986871
0.158137
0.0392663
-0.187716
0.161393
0.438521
0.0482516
0.385038
-0.120902
-0.154623
0.260335
0.350722
0.488152
-0.334045
-0.250376
0.0877295
-0.462901
-0.299052
-0.136375
-0.491227
-0.423044
-0.243607
-0.155828
0.0656269
-0.29816
0.330674
0.53084
-0.288471
-0.29861
-0.401837
0.135902
-0.14385
0.0130621
0.0553404
-0.517463
-0.121185
0.476774
-0.00590339
0.112334
-0.173772
-0.0736803
-0.270594
-0.127047
-0.365782
0.199847
-0.0719299
0.0980441
-0.402238
0.167806
0.289969
0.572346
-0.0311039
0.322162
-0.122024
0.54306
-0.136422
0.383716
-0.0908607
-0.246561
-0.178241
-0.256056
-0.0267553
-0.355024
0.456883
0.183182
-0.0428438
-0.0200214
0.448384
-0.272824
-0.415261
0.283849
0.267281
-0.340301
0.121191
0.0326943
-0.00336146
0.604349
-0.419447
-0.329989
-0.246654
0.240311
-0.268269
0.219588
0.457763
-0.200206
0.0765742
0.0828526
0.613346
0.103057
-0.282208
-0.370846
-0.178576
0.0959429
-0.0526244
0.198473
-0.144013
0.201212
0.169908
-0.336328
0.108829
-0.361414
0.25933
0.147855
0.331596
-0.117163
0.155747
0.285845
0.521535
-0.223763
-0.452518
0.0161485
-0.307041
0.338305
-0.357748
0.322395
0.134261
0.123107
-0.291784
-0.392449
0.425
0.460778
0.508245
-0.293314
-0.211176
0.40881
0.040307
0.146317
-0.291852
-0.246301
0.199524
-0.661906
-0.0565512
-0.121209
-0.0523801
0.333525
0.0730575
-0.358854
-0.234529
0.0370405
-0.19643
-0.480016
0.230317
0.301694
0.479412
0.0624463
0.179139
0.213037
-0.141805
0.558736
0.196876
-0.0403361
0.213813
0.421215
-0.376479
0.336918
0.0614573
0.357547
0.237959
0.0139374
0.378705
-0.28137
0.111453
0.270256
-0.161425
0.0918115
0.350238
0.128254
0.218635
0.320643
-0.0291737
0.194578
-0.376003
0.108771
0.185315
-0.00635251
0.0196558
-0.38074
0.0823362
0.303585
0.448832
0.0642872
0.422638
-0.215968
-0.110048
-0.21674
0.557468
0.167605
0.542684
-0.0726689
-0.212946
-0.528165
-0.0727005
0.397912
0.289084
0.297747
-0.332312
-0.222029
-0.105552
-0.160628
-0.0551349
0.387536
0.176817
0.221702
-0.11824
0.356436
-0.431148
-0.227969
-0.229746
-0.414983
0.0889243
-0.00717868
-0.182827
0.0749924
0.0735132
0.0181385
-0.289013
0.327883
0.464168
-0.118617
-0.245892
0.259797
0.326717
0.0134474
0.111315
-0.119116
-0.226314
-0.174064
-0.0472377
0.205615
-0.0365704
-0.326668
0.131468
0.482299
-0.412571
-0.382924
-0.39483
-0.0908365
-0.555251
0.148405
0.187441
0.255664
0.10742
-0.297981
-1.15487
-0.717376
0.0485032
0.156414
0.0534337
-0.0212653
0.2076
-0.17422
0.328208
0.223817
-0.331252
0.129788
0.242387
-0.136332
-0.161933
0.407226
-0.188606
-0.151524
-0.19039
0.503887
-0.364761
-0.324688
0.422477
0.364203
0.273575
-0.255947
-0.448715
0.464952
0.300007
-0.0365503
-0.233458
0.0746364
0.248416
0.131192
-0.220706
-0.220611
-0.461134
-0.220943
-0.432008
-0.118094
0.440737
-0.456666
-0.352544
-0.111515
-0.106965
-0.227743
0.249986
-0.0946196
-0.220085
0.475346
-0.0340957
-0.32023
0.251299
1.61155
0.435123
0.169414
0.289707
0.286078
-0.326434
-0.337242
-0.108567
-0.00695856
-0.265118
0.03085
-0.144564
0.0824495
0.0742654
0.300794
0.161113
0.018171
0.130949
0.0609548
-0.509324
-0.525989
-0.0454808
0.125872
-0.103336
0.110564
0.0683376
-0.24741
0.219494
0.202922
-0.424103
0.0419757
-0.330161
0.246029
-0.201587
0.361802
-0.275687
-0.385924
0.182473
0.421924
-0.54398
0.407398
0.0259592
-0.430823
-0.0758077
0.359734
-0.178999
-0.244386
-0.00477229
0.180908
-0.416938
-0.385918
0.283425
0.408085
-0.219579
-0.0500341
-0.152634
-0.12793
0.371001
-0.0993518
-0.262982
-0.309727
0.0662907
-0.133709
-0.0840945
-0.377366
-0.0625033
-0.310157
0.338732
0.0644295
-0.228542
-0.563726
-0.612692
-0.39924
0.0670765
-0.512483
0.400549
-0.268031
-0.0040784
0.108497
0.0840363
-0.394499
-0.321927
-0.0693675
0.0451545
-0.514896
-0.0135635
-0.406443
0.278369
-0.368458
-0.0589313
0.082697
-0.518732
0.315483
0.101109
-0.241315
-0.0232982
0.427927
0.230942
-0.191642
0.302631
0.438774
-0.407684
-0.393807
0.427813
-0.472625
-0.490384
0.219186
-0.111515
0.252588
-0.143737
0.192486
0.0164705
0.348062
-0.0380159
0.00531838
-0.0272966
0.479933
0.155004
0.074231
-0.00846835
-0.111263
0.107366
-0.0863292
0.378151
0.163648
0.417946
-0.201696
-0.393224
0.271729
-0.0752936
0.370462
0.515022
-0.132774
0.290115
0.110224
-0.378255
0.0934214
-0.383954
-0.139835
-0.154943
-0.00791927
0.391662
0.46578
0.252839
-0.0512951
0.534496
-0.072453
-0.163576
-0.0977736
-0.473522
-0.139624
-0.156917
-0.0214094
-0.0835628
0.139159
0.515076
0.257631
-0.226761
0.192956
-1.09328
-0.596823
-0.387098
0.224567
-0.230691
0.305333
-0.180457
0.088323
-0.319071
-0.0232531
-0.0570045
0.16333
-0.39506
0.424831
-0.145957
-0.0838604
0.263758
0.400764
-0.0986599
-0.245208
-0.154813
0.0310167
-0.361391
0.322247
0.473181
-0.116004
-0.133328
0.225035
0.345219
0.0119602
-0.250933
-0.0361306
-0.0312684
-0.404102
-0.296169
0.0152766
-0.324545
0.330841
0.0951576
-0.00331775
-0.143544
-0.142284
0.102517
0.483728
-0.355027
0.0191351
0.45399
-0.1104
-0.248982
-0.485019
0.0907314
-0.112631
0.02393
0.135005
-0.367141
-0.366512
0.00578569
-0.185619
0.0795711
-0.134371
-0.0608024
-0.151804
-0.238197
0.403755
0.448081
0.17069
-0.372628
0.327848
0.31756
0.222591
-0.135785
-0.103667
0.182457
0.0896398
0.45678
0.305584
0.390073
0.270636
0.110996
0.0909803
0.195895
0.200924
0.439259
0.309037
0.47449
-0.0910778
-0.437797
0.0521908
-0.0854134
-0.368192
0.06777
-0.0274545
0.122885
-0.118133
-0.190538
0.451998
-0.317008
-0.486736
0.0692721
-0.91454
0.334528
0.210174
0.0559866
-0.233713
-0.174669
0.124068
0.209749
-0.267382
-0.509094
-0.365829
-0.0719109
-0.585327
0.0798675
0.369608
0.29048
0.166721
-0.556511
0.218251
0.115182
-0.398212
0.380937
0.179101
-0.355817
0.211847
-0.0828923
0.325161
0.342993
-0.056911
-0.15738
0.109535
0.122968
0.403247
0.0392111
-0.12591
0.449906
0.402881
-0.0699518
-0.368514
0.335962
-0.077211
0.37346
-0.229812
-0.216507
-0.0495884
0.222792
-0.17515
0.282913
0.493629
-0.0537458
0.306975
-0.166867
0.00875908
0.448141
0.392889
0.112128
0.428502
-0.229403
0.265701
-0.272209
0.858987
0.0102692
-0.425162
-0.21963
0.493227
-0.394681
-0.122736
-0.396585
0.346548
-0.218698
-0.0621052
0.439249
-0.0943382
0.334012
-0.0295925
-0.223481
-0.368011
0.308268
-0.0554305
0.223798
-0.195183
0.183817
0.041634
-0.110151
-0.295735
-0.132764
-0.0542154
0.103153
-0.0700471
-0.219378
-0.25215
0.0531442
0.109381
0.0197339
-0.437702
-0.253233
-0.287393
-0.08561
0.085562
-0.0810573
-0.0396389
-0.399648
0.376929
0.186461
0.476873
-0.320138
-0.0904789
0.122908
-0.440088
-0.215621
-0.533228
0.316413
0.113487
0.596783
0.366122
0.236089
0.202162
-0.314661
0.332049
0.349217
0.411917
-0.523287
-0.328785
0.236472
0.0165262
0.405007
0.42142
0.272744
0.00572415
-0.297457
0.130321
0.223478
0.26322
-0.236403
0.238542
0.181129
-0.00741927
0.221915
0.25202
-0.392809
0.295876
0.303084
-0.0152838
0.422737
-0.233788
0.464043
-0.0388756
-0.402396
-0.336439
-0.0750356
0.215174
0.31697
-0.352041
0.264887
-0.175607
0.329056
0.18411
0.171456
-0.537644
0.439247
0.226132
-0.612629
0.294164
-0.177628
-0.0362665
0.235492
0.399487
-0.284988
0.207986
-0.208183
-0.279053
0.191289
0.409536
0.447504
0.0658247
0.290299
-0.329159
0.300896
-0.0772352
0.335247
-0.0298369
-0.20171
-0.298022
-0.337181
0.44039
0.374291
-0.378535
0.41088
0.243154
-0.208665
-0.252877
-0.146116
-0.00318504
-0.347055
-0.349952
-0.407652
0.284151
-0.257134
0.423387
0.164244
-0.191226
0.0847521
-0.171533
0.16893
0.0725771
-0.0226597
-0.285042
-0.269316
-0.107672
0.0624983
0.0233213
-0.287827
0.487356
-0.305677
-0.0275514
-0.105567
0.248745
0.450799
-0.253521
1.06665
0.292451
0.33215
-0.307504
0.075388
0.516401
0.34929
-0.133191
0.365564
-0.140227
0.106809
0.245082
0.1926
-0.146094
0.342019
-0.0346955
-0.262361
-0.421362
0.23346
-0.175043
0.0322115
0.118717
0.192285
-0.0312119
0.00927038
-0.350997
0.0778242
0.0312918
-0.366639
-0.0870645
0.359396
-0.122728
-0.190107
0.271474
0.104627
-0.364061
-0.136507
-0.317748
0.333231
0.0694935
-0.283076
-0.01431
0.328691
0.126337
0.243992
-0.0769852
-0.138672
-0.486352
0.354129
0.237931
-0.209788
-0.397817
0.355987
-0.304016
-0.3253
-0.0616245
-0.548746
0.204351
-0.124214
-0.205598
-0.0660614
0.483469
0.0319203
-0.0289042
0.135429
-0.473253
0.395357
-0.324382
0.131396
0.267865
0.386992
-0.314249
0.313201
0.0538065
-0.16788
-0.0308833
0.250626
-0.103719
0.501717
0.359975
-0.182821
-0.205343
-0.148739
-0.0388306
-0.113821
0.188901
-0.403315
0.523203
0.374692
-0.240471
0.0176005
-0.208672
-0.383559
0.121916
-0.00339159
0.449004
-0.401454
0.446908
0.18823
-0.550862
0.0980736
-0.11691
0.397712
-0.0579591
0.497864
0.351238
0.180458
-0.702314
-0.322963
-0.293311
-0.0308062
-0.325425
-0.0903109
-0.137736
-0.353179
-0.357743
-0.194388
0.482478
-0.42178
0.229707
-0.465354
0.014397
-0.278966
0.0353099
0.388856
0.313598
-0.290691
0.149006
-0.0174343
-0.228528
-0.461917
0.133328
0.428912
-0.487937
-0.152815
-0.103443
-0.274197
-0.272433
0.267699
-0.000848635
-0.384029
0.398241
-0.310599
-0.137104
-0.234701
0.341743
-0.0355189
-0.337059
-0.20913
0.0820455
0.228885
0.0594396
1.31732
0.12909
0.00672984
-0.649807
0.204332
-0.197197
0.0590742
4.62877
0.15279
0.151396
0.153842
0.117731
0.102178
0.0526147
0.0226861
-0.102339
-0.0446705
0.0218798
-0.0177791
-0.022764
-0.00351199
-0.217979
0.0792315
-0.126741
0.0487366
-0.187452
-0.0725154
0.0895292
-0.129871
-0.11228
0.010257
0.164828
-0.170208
0.102219
-0.223204
-0.0774763
-0.0107448
-0.0733266
-0.0304196
-0.0352435
-0.100601
0.135788
-0.270877
-0.0253874
0.148137
-0.022482
0.0511577
-0.268247
0.146753
0.00761879
-0.0283624
0.163981
-0.278693
-0.596384
-0.247396
-0.0346326
0.620757
-0.333477
-0.498593
-0.414429
-0.812979
0.244816
0.122724
0.2607
-0.427576
-0.210989
0.341581
0.0395417
-0.18598
-0.332971
-0.0810506
-0.202309
0.293431
0.438756
0.376916
-0.281822
0.0229757
-0.406247
0.163057
-0.168567
0.0980489
-0.084583
-0.0858115
-0.148999
0.250429
0.373859
0.3259
-0.357023
-0.218839
0.328001
-0.402989
-0.270577
-0.334438
0.411567
0.122096
0.0147755
-0.312286
-0.284388
-0.17816
-0.281023
-0.29196
0.104507
0.425436
0.247919
0.384548
-0.295251
-0.467362
-0.239414
-0.115296
-0.402781
0.170496
0.360397
0.487754
-0.317168
-0.0532549
-0.202954
0.173712
-0.109691
0.197195
-0.375519
0.219306
0.466863
-0.052794
0.325058
0.207469
-0.420981
0.39444
0.454574
0.348628
0.321434
-0.263389
-0.0996814
0.214619
-0.0354136
-0.267088
-0.372407
0.0652186
0.18041
-0.292173
-0.323132
-0.282873
-0.458129
0.470332
-0.0319891
-0.157932
-0.451661
0.192115
0.49616
-0.30827
0.311928
-0.190151
0.152924
0.312155
-0.244427
-0.391193
-0.39827
0.436583
-0.349694
0.124215
0.846911
0.418273
-0.396872
0.433234
0.323767
0.0875604
0.287175
0.0788015
0.00222349
-0.0354838
0.18178
0.160411
-0.0227955
0.132229
-0.177616
-0.294986
-0.515514
-0.148564
-0.227982
-0.195656
0.0441349
-0.408814
-0.256023
-0.353389
-0.431058
0.132105
-0.113389
0.121302
-0.318965
-0.152704
-0.191867
-0.376399
0.0252749
-0.38543
-0.237392
-0.377869
-0.237991
-0.0468972
0.0677409
-0.089988
-0.400679
-0.215987
0.28369
0.468168
-0.288797
0.192491
-0.0691538
0.418358
-0.0702675
0.210677
0.222357
0.0452831
0.214087
-0.388512
-0.107431
0.0148541
0.450478
-0.0461246
0.0856684
-0.453789
-0.104746
-0.110806
0.126063
-0.453016
-0.516175
-0.178096
-0.16337
-0.541767
-0.410483
-0.386054
-0.000312412
-0.44703
0.143118
-0.0882496
-0.0975348
0.0994672
0.248224
0.222624
-0.317106
-0.761554
-0.283052
-0.284143
-0.438154
0.34534
-0.205235
0.196221
-0.0714191
-0.256243
0.289012
0.321978
-0.166244
-0.0949502
-0.414233
0.0895743
-0.12731
-0.505184
0.062036
0.208421
0.0253098
-0.000993367
-0.318312
0.000510042
-0.555062
0.387655
0.379825
-0.10173
-0.0711781
-0.397275
-0.0158459
-0.150572
-0.409814
-0.261707
-0.474289
0.349118
-0.201843
0.436271
-0.413508
-0.299331
0.200125
-0.150491
0.28363
-0.172261
0.230449
0.253779
0.189211
0.158897
-0.343169
0.513108
-0.214017
0.433435
0.157817
-0.271003
-0.018818
0.358891
0.263296
-0.165786
-0.0745916
-0.170261
0.0151698
-0.543238
-0.076141
-0.461507
-0.323442
-0.168996
-0.24819
-0.338395
0.308145
-0.146278
-0.0746213
0.139618
-0.469453
-0.0300942
0.32308
0.197671
-0.228865
-0.221064
-0.144543
0.0994234
-0.388584
0.326873
-0.0887031
-0.430263
0.256941
0.0209023
-0.353347
0.0468594
-0.0587413
-0.0247063
0.0804161
-0.306568
-0.190282
0.130576
-0.0863866
-0.209787
-0.0474298
-0.138927
0.104585
0.183973
-0.0183739
0.0591022
0.0963161
0.332125
-0.176931
-0.464973
0.233278
-0.531013
0.271219
-0.509905
-0.386047
0.00281844
-0.247632
0.53681
0.197555
0.0907609
0.391927
-0.293375
0.101317
0.502916
-0.195564
-0.432718
-0.27558
0.140988
-0.38488
-0.000447343
-0.582453
-0.0179222
-0.253165
0.368132
-0.0359953
-0.0932776
-0.137962
-0.315147
-0.304246
0.305717
0.382092
-0.33928
0.447251
0.41252
-0.0512568
0.250531
0.303199
0.158406
0.227341
-0.243582
-0.0382552
0.482227
0.179234
0.0808428
0.173917
0.284289
0.216792
-0.215638
0.00782508
-0.19821
-0.113755
0.37054
-0.173901
0.0851826
-0.317388
-0.101769
0.579348
0.331043
-0.111503
-0.327307
-0.338122
-0.262917
0.120355
-0.0517808
-0.620536
-0.068054
-0.190289
-0.0787693
0.0256904
-0.37319
-0.275164
0.178167
-0.272285
0.0753822
-0.0255172
0.451917
0.539172
-0.0677625
0.383116
0.0239215
0.490413
-0.375956
-0.0794404
0.0487057
0.207488
0.287751
0.0361688
0.500578
0.387365
-0.412913
0.327094
-0.0389254
-0.223846
0.3673
-0.252415
0.542235
0.0211529
-0.0963268
-0.338939
0.253535
-0.0550515
-0.132937
-0.00117606
0.370695
0.452143
0.025187
-0.360616
0.234562
0.219271
0.490499
-0.0576181
-0.396924
-0.133694
0.168472
-0.0539596
-0.43628
-0.484725
-0.54186
0.0349738
-0.322529
-0.141384
-0.0116999
-0.547843
-0.0651608
0.328319
0.45183
0.16064
-0.277846
0.338782
0.215519
0.461238
-0.300079
-0.380902
-0.327963
0.413655
0.120155
-0.368937
0.0990293
0.285952
-0.180746
-0.556113
-0.299312
-0.148182
-0.219939
-0.402657
0.222169
-0.290263
-0.458321
-0.0425378
0.209421
0.270067
0.152117
-0.201984
-0.0179791
-0.4922
-0.145223
-0.125667
0.00491592
0.361292
-0.257499
-0.265687
-0.250725
-0.211754
-0.126662
0.163505
-0.150974
0.540268
0.4048
-0.437845
0.181263
-0.206759
0.426526
-0.456413
-0.557097
0.320667
0.270256
-0.504746
0.133344
0.311309
0.191929
-0.4121
-0.02201
0.0457081
-0.187228
-0.227001
-0.401009
-0.25526
-0.213423
-0.498865
0.540024
0.11475
-0.215387
0.323773
0.48433
0.232412
0.470335
0.151835
-0.444183
-0.259012
0.0541423
-0.259905
-0.219369
-0.0996628
0.503609
-0.147508
-0.349521
-0.296813
0.0501338
-0.253681
-0.206014
-0.475522
-0.149949
-0.158328
0.18783
0.371262
-0.151997
-0.28921
-0.327521
-0.44779
-0.0525224
-0.0379226
-0.442007
0.172509
-0.0150775
0.0777367
0.0927639
0.368935
-0.225887
-0.396153
-0.146552
-0.108146
0.428271
-0.241597
0.376374
-0.0262332
-0.36631
0.510185
-0.343419
0.27167
0.13438
-0.23325
-0.0692778
-0.0667965
-0.124171
0.221778
0.384114
-0.34645
0.415529
-0.58658
0.0422072
-0.553705
-0.11764
0.034365
0.425499
-0.492563
0.0879759
-0.121901
0.094291
-0.421018
0.24084
-0.169858
0.126359
-0.223765
-0.088203
-0.152595
-0.341969
-0.235252
0.0727632
0.239679
-0.401051
-0.474146
-0.479718
-0.0536403
0.377714
-0.473242
0.0360585
0.112356
-0.414059
-0.0793395
-0.19259
-0.295325
-0.143254
-0.18846
-0.356152
-0.424461
-0.0701912
-0.130838
0.304131
-0.34075
-0.228735
0.0910773
-0.278008
0.16228
0.204705
-0.520139
0.258241
-0.465543
-0.236245
-0.110074
0.356531
0.320797
0.0853723
-0.0723309
0.314088
-0.0963184
-0.279946
-0.371877
0.127414
-0.274674
0.282384
-0.0490114
0.229995
-0.385052
-0.199603
-0.458665
0.117521
-0.307196
-0.243337
0.176843
-0.241707
0.44292
-0.30442
0.28876
-0.413837
-0.131907
0.469826
0.0806006
0.396714
0.348027
-0.215593
-0.0477208
0.449401
0.469868
-0.408936
-0.470815
-0.197053
-0.293943
-0.263341
-0.219581
-0.356678
0.190057
-0.448836
0.478989
-0.427181
0.0449925
0.435925
-0.16559
-0.252059
0.181557
0.234909
0.142851
0.429897
0.354922
0.10812
0.104098
-0.237752
-0.0419547
-0.0338061
-0.166559
-0.43193
0.449811
-0.053214
0.0995905
0.270884
-0.457559
-0.532985
-0.288156
0.0638877
-0.422073
0.227556
-0.30548
-0.466994
0.156006
-0.343773
-0.134905
-0.307782
0.273967
-0.381404
0.169253
-0.0550251
0.362623
0.399
-0.429408
-0.429166
0.307212
-0.498123
-0.183748
-0.178157
0.406261
-0.294327
0.162831
0.0899434
0.0612468
-0.141931
-0.348266
0.227657
0.0443325
-0.405569
-0.122987
0.119959
0.103418
0.402374
0.269217
0.140371
0.304001
-0.00835257
-0.50042
-0.387662
-0.297599
0.181479
-0.287292
-0.483544
0.299104
0.252813
0.575332
-0.114436
-0.0396455
-0.163569
-0.338766
-0.419773
0.00854154
0.313483
-0.488682
0.153359
-0.0756547
-0.299623
-0.0427876
-0.109179
-0.392356
-0.631031
-0.127129
0.27372
-0.225281
-0.518833
0.247942
-0.153638
0.205208
-0.271402
-0.170803
-0.241099
-0.201835
-0.220997
-0.127321
-0.511283
-0.531169
0.296534
0.297718
-0.102961
0.32026
0.154721
-0.284845
-0.356734
-0.530394
0.372932
-0.39949
-0.281117
-0.40244
-0.440031
-0.295949
0.0281402
0.0895002
-0.0941982
-0.511668
0.726345
0.572496
0.0440945
-0.48126
-0.119303
-0.155443
-0.0269586
0.369318
0.460682
-0.632681
0.123345
-0.206693
-0.0284305
0.291904
0.0704068
0.341653
-0.024608
0.44315
0.244606
-0.0252271
0.432126
0.424052
0.20382
0.283056
-0.143722
0.30089
-0.201259
0.276929
-0.173348
0.258148
0.180873
0.564508
-0.328045
-0.265564
0.433279
0.233086
-0.516103
-0.0388764
0.0639674
-0.163131
-0.636094
0.171181
0.400333
0.406673
0.512938
0.358044
0.453685
0.152265
-0.0704058
-0.278256
0.197968
-0.186459
-0.408569
0.390828
-0.139669
-0.58617
-0.0800974
0.16584
-0.29063
0.446488
-0.223898
-0.610256
-0.315866
-0.523303
-0.141932
-0.0650568
-0.564032
0.387304
-0.364227
-0.181559
0.404401
0.530746
-0.158383
-0.139912
-0.09471
-0.357432
0.396742
-0.604962
-0.337664
0.374843
0.181934
-0.128932
0.218924
0.20887
-0.206206
-0.316294
-0.0443172
-0.207653
0.070712
0.39126
-0.043538
0.038496
0.218014
-0.141262
0.32838
0.48476
-0.020684
0.0333237
0.0181138
-0.231893
-0.0652085
0.425406
-0.0139232
-0.838674
-0.171731
0.0814779
-0.309703
0.52816
0.133083
0.22836
0.327796
-0.272501
-0.402646
-0.0831578
0.434862
0.355236
-0.389796
0.0705066
-0.438873
0.152533
0.139202
0.257845
0.326514
-0.177787
0.555533
-0.182047
0.474469
0.0560019
-0.171447
-0.102748
0.166328
-0.483462
0.401938
0.171406
0.0453144
0.068155
0.115797
0.200162
0.0861339
-0.0464478
-0.395632
0.121146
0.103573
-0.128914
0.31897
0.373417
-0.37563
-0.456524
-0.233867
-0.252692
0.0480957
-0.102174
-0.321067
-0.231913
-0.270857
0.465005
0.399076
0.120903
-0.184872
0.238172
-0.197848
-0.223787
-0.442595
-0.154843
0.285526
0.0568349
0.210504
0.76971
-0.260004
-0.271333
0.371427
0.271802
0.514557
0.0105573
-0.29299
0.069548
0.0276804
0.404692
0.25185
0.183664
0.163766
-0.145291
-0.287853
0.17214
0.371699
-0.0324014
-0.371808
-0.158669
0.26807
0.29965
-0.0134273
-0.544919
0.472331
-0.125692
-0.0266639
0.704656
0.368982
-0.15633
-0.00799084
0.0280154
0.587574
0.225449
0.393202
-0.303214
0.306087
0.448768
0.197961
0.189921
-0.127931
0.536536
0.143229
0.0229675
0.615673
-0.225459
0.0119747
-0.0755998
0.547443
-0.450921
0.0141974
-0.458962
-0.513368
-0.15501
-0.4265
-0.380241
-0.178243
-0.446872
-0.452681
-0.501075
0.23468
-0.236201
0.282003
0.0819984
0.562203
-0.340103
0.137473
-0.360562
0.241764
0.283529
-0.192897
-0.331803
-0.257223
-0.353845
0.418995
0.144333
0.246337
0.102173
-0.413652
0.0110425
-0.355277
-0.0979822
0.172663
-0.119325
0.406139
-0.470898
-0.304652
-0.450697
0.0816148
-0.483738
-0.0153631
-0.290144
0.108708
0.237603
0.410065
0.241052
0.169714
-0.758499
0.328051
0.292442
-0.418744
-0.202308
0.163649
-0.301405
0.17551
-0.162004
-0.101875
0.247497
0.25021
0.366266
-0.111847
-0.0714238
-0.268803
-0.409159
-0.148735
0.00718816
0.316279
-0.538826
-0.435948
-0.588886
0.268931
-0.363713
0.0636307
0.255956
-0.380599
-0.402105
-0.280971
0.313722
0.082026
-0.066455
0.283104
-0.238493
-0.257264
-0.493256
0.00534117
0.0328946
-0.263903
0.0809869
-0.294494
-0.422154
0.255607
0.00654575
-0.235386
0.232561
-0.358382
0.422589
-0.339268
0.294003
0.393933
0.423582
-0.104479
0.407669
-0.0182914
-0.147514
0.211922
0.0426211
-0.347673
-0.180031
-0.0260187
-0.27167
0.00980801
-0.404103
-0.381725
-0.0961444
0.251301
-0.206521
0.252966
0.271252
0.0767366
-0.23621
-0.124437
-0.584794
-0.00372325
0.384272
0.0429218
-0.18812
0.426678
-0.552189
0.108856
-0.19988
0.0933288
-0.260627
-0.0213757
0.401203
0.311192
-0.193162
-0.210361
-0.532005
0.246978
-0.0468408
-0.596581
0.0679596
0.247265
-0.298657
0.416305
0.0471339
-0.319744
-0.0662135
-0.0866321
0.239739
0.114985
-0.205045
-0.158144
0.158403
-0.194175
0.213688
0.423329
-0.25358
0.016716
0.183717
-0.236442
0.0836937
0.24644
-0.161213
0.275647
0.322261
-0.0735296
-0.523435
-0.49454
0.342324
-0.267173
0.201406
-0.279833
0.408416
-0.1762
-0.375377
-0.212324
-0.656645
-0.0130769
-0.424191
0.0936109
0.240256
0.207768
-0.0280214
0.191717
-0.146421
-0.276695
0.3106
0.233309
-0.30016
-0.355989
-0.0372514
-0.0619427
-0.547602
-0.191292
-0.0326594
0.380237
0.265902
0.386548
-0.351081
0.288799
0.135016
-0.570197
-0.00807942
-0.448314
0.346019
-0.0586188
-0.0544649
-0.338162
0.223427
-0.128639
0.00323374
-0.377142
0.444187
0.242425
-0.257552
0.197519
-0.145676
0.407215
0.407
-0.160535
0.562835
0.133202
0.486374
0.174253
-0.195289
0.227616
0.123909
0.0940443
0.392434
0.191681
0.214175
-0.205431
0.267025
0.303448
0.316713
0.107892
0.278119
-0.162483
-0.342208
0.0308424
0.0681683
0.336272
0.379895
0.316217
0.107196
0.0814303
-0.180811
0.374309
0.0448499
0.390207
0.402224
-0.227229
-0.390339
-0.128489
0.508738
0.212266
-0.315795
0.367104
0.0443501
0.329593
0.439446
0.0826854
0.251485
0.258166
0.023235
0.151376
-0.213049
-0.216916
-0.275628
0.116586
-0.134796
0.445568
-0.275673
0.339977
-0.0251169
-0.27684
0.38068
-0.395146
-0.237015
-0.530777
0.332843
0.0204201
-0.533442
0.066492
-0.480325
-0.0299238
-0.219454
0.160052
-0.0856976
-0.345281
0.31008
0.399435
-0.394072
0.218778
-0.18329
-0.0432323
-0.43949
0.402266
-0.245008
-0.333863
-0.36212
0.327274
-0.184909
0.18837
-0.228634
0.305551
0.134202
0.214594
-0.0789059
0.274057
-0.124472
-0.335939
0.391747
-0.215572
-0.343355
-0.233802
-0.121652
0.228412
-0.236806
-0.0826328
-0.292793
0.094181
-0.224358
0.204411
-0.16667
0.391605
0.202667
-0.449165
0.00391358
0.0503241
0.0584367
0.212575
-0.308792
0.384681
0.00941838
0.397797
0.153999
-0.515171
0.0416855
-0.502198
-0.483765
0.211294
0.344465
-0.516203
0.356055
0.00307011
0.107041
-0.203821
0.0762917
-0.440826
-0.192826
-0.399382
0.191519
0.10843
-0.407178
0.052484
-0.192075
0.363627
0.14358
-0.246782
-0.121796
0.039387
-0.0781615
-0.438649
0.418898
-0.020925
0.186478
-0.00970869
0.371087
0.201712
0.274463
0.120367
0.20859
0.160103
-0.093276
-0.213601
0.2127
0.369836
-0.167151
0.227533
0.241061
0.248874
0.132623
-0.28998
-0.241908
-0.0737883
0.369087
0.47905
0.113595
0.28387
0.204401
0.479527
0.233737
-0.163524
0.118068
-0.350515
0.0927574
-0.232754
-0.086372
-0.00466793
-0.0277485
-0.1774
0.33451
-0.114981
0.27676
0.413794
-0.0235887
0.209214
-0.36622
0.335253
0.47124
-0.424489
0.158585
-0.301657
0.39093
0.497539
0.262323
0.338779
-0.447912
-0.402698
-0.143321
0.312685
0.159286
0.242032
-0.129954
0.392634
-0.187234
-0.229396
-0.198024
-0.266707
-0.519554
0.372045
0.0275517
-0.375778
-0.412275
-0.133512
-0.0116456
0.213071
-0.0378257
-0.0321894
0.254227
0.470454
-0.327174
0.304192
0.111603
0.500214
-0.448459
0.0445119
0.435357
-0.171634
-0.513332
-0.164973
0.0342136
-0.147489
0.381241
-0.313514
0.0848199
-0.0738846
0.388192
-0.216488
0.239092
-0.0770426
-0.326921
-0.294151
0.118257
-0.438322
-0.308107
-0.375606
0.399701
-0.0475973
-0.171128
-0.0205408
-0.147071
-0.467907
-0.458019
-0.0196057
0.221073
-0.30069
-0.275143
-0.220319
-0.505077
-0.282096
0.427453
0.383288
-0.0112599
-0.285291
0.225689
0.380634
-0.133724
0.196335
0.302543
-0.175387
-0.604899
-0.451603
-0.12786
-0.42781
-0.164503
-0.0386655
-0.0819002
0.567015
0.182428
-0.310843
-0.425227
-0.33539
0.310531
-0.179933
-0.181244
-0.37091
0.329905
-0.443973
-0.572551
0.0206752
-0.469639
0.11418
-0.299757
0.501701
-0.277202
0.446878
-0.37747
-0.171153
-0.187875
0.0745678
0.336066
0.578959
0.251212
-0.0407438
-0.346459
0.174076
0.0782711
-0.408785
-0.183441
0.0759785
-0.752096
-0.349697
0.234167
0.0015677
-0.450004
-0.0712336
-0.299502
-0.0770423
-0.470154
-0.00158431
-0.149953
-0.292077
0.401009
0.014108
0.0550099
0.25069
-0.338332
0.320883
-0.0702882
-0.123251
0.189531
0.198809
0.468041
0.351293
-0.189291
-0.0378371
-0.146698
0.309333
0.140116
0.0696981
-0.378007
0.0621201
0.384304
0.0496386
-0.446777
-0.270576
-0.235019
-0.0329966
-0.496247
-0.192099
-0.287139
-0.309133
0.0222377
0.446851
-0.212691
0.302238
0.196423
0.0396146
0.0447665
-0.272517
-0.0169456
0.0807679
-0.275024
-0.190326
0.520326
0.06997
-0.279606
-0.426876
-0.38544
-0.426724
0.123144
0.326447
-0.182647
0.584707
-0.591371
-0.219714
0.69186
0.270181
0.643642
-0.0419766
0.29196
0.211868
0.300446
-0.400559
0.113358
0.123578
0.37551
0.177513
-0.0576395
0.304886
-0.35456
-0.333158
0.497406
-0.278477
0.390013
0.135359
0.135748
0.625778
0.19508
0.235505
0.367122
0.0627459
0.332041
0.339438
-0.44631
0.234868
-0.164271
-0.490243
0.431741
0.459651
-0.104891
-0.328387
-0.000159771
-0.377118
-0.157587
0.265856
0.52131
0.231274
0.470627
-0.144247
-0.412719
0.358837
0.237844
-0.259597
0.143324
0.215149
0.476805
-0.323795
-0.183999
-0.00974312
0.217786
-0.374292
0.407394
0.0396251
0.0731464
0.105767
-0.33579
-0.114181
-0.487567
0.146561
0.395241
-0.0444775
-0.124479
0.366174
-0.153796
0.512365
0.480353
0.418186
0.425091
0.401211
-0.248653
-0.236218
0.195194
0.193518
0.206414
0.0532612
-0.613852
0.137587
0.36414
-0.170475
-0.341032
-0.235098
-0.372119
0.386586
0.00861801
0.00277431
0.162215
0.329728
0.29263
0.471803
-0.251483
-0.0295413
-0.159665
0.283594
-0.456904
0.252564
0.395675
-0.149992
0.329853
0.192168
-0.167151
0.125951
-0.197686
-0.155966
-0.0620511
-0.417534
-0.355414
0.0618667
-0.400299
-0.0357664
-0.267753
-0.300596
-0.0797866
0.0113272
-0.183983
-0.425358
-0.3981
0.45446
-0.169101
0.321615
0.30531
-0.23223
-0.169215
-0.242174
-0.019737
-0.263102
0.12119
-0.0180297
0.010525
-0.0906431
-0.283353
0.0968115
0.0193148
0.305517
0.0623611
-0.15559
0.371352
0.5007
0.310215
-0.525045
-0.342162
-0.483966
-0.121216
0.12836
0.244802
-0.0376205
0.00955288
-0.182947
0.242231
0.511006
0.340892
-0.144984
0.120737
0.199705
-0.161416
0.417736
-0.415756
-0.0157109
-0.0115322
-0.0779616
0.276642
0.229429
0.49772
-0.0508444
0.26925
-0.443752
-0.402262
0.0278063
-0.0282199
0.338735
0.473681
-0.0935304
0.369653
0.384251
0.41997
-0.486379
0.52726
0.335056
-0.390955
-0.154407
-0.119647
-0.109007
0.0567463
0.499319
0.198307
-0.207169
0.236354
-0.370432
-0.147383
0.0268704
-0.0886864
0.317414
0.404975
0.154609
0.196653
-0.266241
0.187743
-0.240709
-0.00417625
-0.0478504
-0.212821
0.198572
-0.285531
-0.389764
-0.0582414
0.319447
0.120868
-0.116487
-0.223795
-0.0304381
-0.179585
-0.0839723
0.356894
0.321086
-0.50699
-0.137454
0.220449
0.230229
0.0412073
-0.0775922
0.0526453
0.47916
0.123038
0.148343
0.417237
0.444443
-0.226519
-0.238038
-0.00814393
0.170747
0.332014
-0.410668
-0.21391
-0.0926828
0.108216
-0.195902
0.571891
0.491031
0.296401
0.375204
-0.17367
-0.422151
-0.0368902
-0.137099
0.437785
0.378406
-0.202495
0.498922
0.241239
0.62604
-0.315263
-0.00333632
-0.10223
0.264455
0.0335322
0.356919
-0.24487
-0.143445
-0.0320831
-0.426277
0.0742366
0.428211
0.321262
0.438183
-0.279076
0.355475
-0.212141
-0.273782
0.0789545
0.258631
-0.140933
-0.42088
-0.131644
-0.00568991
-0.430947
-0.351857
-0.509082
0.0869153
0.0299186
-0.319628
-0.414531
0.541486
0.356612
-0.452954
0.292088
-0.138083
0.0179971
0.501394
-0.013105
-0.0163539
0.206858
-0.517338
0.0689084
-0.50812
0.0963453
-0.0690305
-0.0174633
0.400111
-0.422584
-0.375754
0.333329
0.21788
-0.388407
-0.535171
-0.0667988
-0.252318
0.242391
-0.323084
-0.130378
-0.237159
-0.261501
0.403415
0.362728
-0.231335
-0.242676
0.0782666
-0.273157
0.128146
-0.376036
0.2886
0.583596
0.398043
0.482818
0.109144
0.569844
-0.392736
0.431409
-0.240716
0.227106
0.116679
0.508023
-0.307105
-0.0134677
0.0411192
-0.408003
-0.384399
0.25727
-0.144803
0.441029
0.247025
-0.217673
0.270003
0.586451
-0.250815
-0.373992
-0.130892
0.283612
0.114437
0.490512
-0.138363
-0.0748846
0.490694
-0.239526
-0.265596
-0.148986
0.204189
-0.247695
0.213118
-0.292934
0.103583
0.520203
0.175727
0.164029
-0.367734
-0.0421958
0.595541
0.18103
-0.570945
-0.359762
-0.169156
0.172444
0.115964
0.401773
0.0585048
-0.0988005
-0.447852
0.478297
0.144666
0.189675
0.302267
-0.333242
-0.386017
-0.437404
0.120255
0.36807
-0.110541
-0.216176
0.424494
-0.0848493
0.425414
0.149438
0.101639
-0.0249116
0.132938
0.0300614
-0.379232
0.432484
-0.317675
-0.397605
0.460922
0.482131
0.0739261
-0.141594
0.0538541
0.522874
0.211088
-0.0199235
0.404252
0.254702
0.137128
-0.196257
0.0954953
-0.0467645
-0.232111
-0.0347755
0.33294
0.0971394
0.499183
0.155278
0.183813
0.409264
-0.404565
-0.547695
0.461173
-0.254452
-0.550675
0.306018
0.091057
-0.490144
-0.506468
0.702594
0.410262
0.228778
-0.369551
0.0606643
-0.166461
-0.339584
-0.463582
-0.541186
-0.514716
0.315863
0.283551
-0.0598776
0.00666073
-0.138433
-0.186359
-0.347291
-0.535782
0.272272
-0.0668365
-0.527737
-0.343085
-0.248655
-0.29144
0.129764
0.0854467
0.342592
0.245901
-0.0946832
-0.00217366
0.0260285
0.338996
-0.19872
-0.284842
-0.330642
-0.018789
-0.0296239
0.0876395
0.316292
-0.338345
-0.283124
-0.0338802
0.0436503
0.453282
0.264919
-0.0489464
0.315315
-0.289968
-0.196971
0.190973
0.438836
-0.30656
0.424713
-0.128896
0.462182
0.226863
-0.382056
0.15408
-0.265663
0.0388533
-0.0725706
-0.249234
0.205117
0.386949
-0.148156
-0.0637994
0.441788
0.422883
0.357848
0.109835
-0.427963
0.131157
0.128504
0.234666
0.0352878
0.452225
0.0501436
7.58057e-05
-0.16768
-0.468352
-0.0786597
0.28374
-0.134613
0.404326
0.0612145
0.426182
-0.251781
-0.204463
-0.293621
0.354334
0.444176
0.281639
-0.137537
-0.205332
-0.144427
0.176012
-0.299046
-0.0329092
0.108292
-0.361042
-0.423704
-0.527852
-0.204856
-0.0138858
-0.426395
-0.508373
0.060348
0.10823
0.340264
-0.269402
0.240225
0.211965
-0.130585
-0.450533
-0.476294
0.103795
0.247377
0.400773
-0.39903
-0.475331
0.458003
0.188129
-0.318178
0.139487
0.295569
-0.210636
0.214706
-0.507725
-0.467588
-0.0836323
0.272799
0.479497
0.249538
0.301336
0.315854
0.289045
-0.512186
-0.434957
-0.150556
0.354013
-0.14198
-0.485252
-0.463753
-0.367084
0.0954928
0.0052706
-0.286554
-0.558853
0.0740986
0.0237546
0.224383
-0.155959
-0.327176
0.405174
0.157215
0.326884
-0.359687
0.123175
0.326427
0.204505
0.0662952
-0.134431
-0.165476
-0.273875
0.0627146
0.425584
0.0494567
0.194676
-0.165156
-0.419856
0.399213
-0.497461
-0.350615
-0.519627
0.486743
0.0850922
-0.32329
-0.11476
0.35962
0.0158928
-0.474096
-0.0326218
0.0951525
-0.0829325
-0.0958932
-0.325737
-0.340095
0.167356
0.166707
0.313329
-0.263246
-0.218813
-0.440068
0.295557
-0.435171
0.107843
-0.286008
0.059989
-0.182743
-0.233787
-0.061037
0.398959
-0.540126
-0.354411
-0.313361
0.142929
0.0547745
0.111875
-0.102169
-0.213253
0.074701
0.416453
-0.125849
0.306686
0.0891687
0.0423313
-0.0731109
-0.441665
0.160408
-0.25306
-0.47303
0.342436
0.279603
-0.113644
0.394102
-0.311212
-0.195246
-0.316396
-0.435239
0.186947
-0.084118
-0.33399
0.387659
0.0269344
-0.568641
0.299095
0.253553
-0.0338183
0.34373
0.389722
-0.255389
-0.40673
-0.307734
-0.232437
-0.0956608
-0.269983
0.078899
0.0114258
0.218679
0.023574
-0.00705941
0.215826
-0.237896
0.102626
0.349767
0.303244
0.0820238
-0.509763
-0.445394
0.311039
0.451512
-0.26303
0.378602
-0.271943
0.458121
-0.480047
-0.440704
0.463979
0.12599
0.109586
-0.266649
0.106565
0.0477033
-0.0990035
-0.330563
0.391454
-0.348417
-0.5216
-0.0364602
-0.142634
0.446117
0.421678
0.198912
-0.323716
0.155625
-0.418572
0.135989
0.550469
0.108537
-0.0156837
-0.38031
0.287682
0.0781957
-0.175939
0.0841866
-0.108728
-0.386205
0.386843
-0.375962
0.0403413
0.291504
-0.296517
-0.2472
0.424751
-0.0114525
0.110032
-0.244288
0.0143252
0.0842182
-0.00918475
-0.300234
-0.0242061
-0.468041
-0.427261
-0.279999
-0.353997
-0.549626
-0.0224633
-0.00616261
-0.0156347
-0.244572
0.214637
0.0962407
-0.194694
-0.0511205
-0.474518
-0.0217252
-0.0764781
-0.290606
0.359113
-0.315324
0.0954832
-0.430304
-0.311777
-0.474008
0.146071
-0.0651599
0.027933
-0.0654666
-0.314971
0.12125
-0.41594
0.138548
0.540276
0.283395
-0.196941
-0.209877
0.410708
-0.151342
0.169989
-0.126625
0.339748
-0.475736
0.322608
-0.272822
0.383814
-0.0959569
-0.163332
-0.502025
0.317773
-0.306987
0.11208
0.0768761
0.252856
0.583028
0.078927
0.270394
0.243851
-0.254713
0.0357062
0.136995
-0.068257
0.364434
-0.381114
0.22087
-0.18279
-0.0415057
-0.197217
0.0604076
0.0656377
0.0790216
0.0537617
0.419662
0.307396
-0.048325
-0.0590599
0.141359
0.353189
0.276935
-0.309768
-0.229295
0.349476
-0.386149
-0.215107
0.00293129
0.226486
0.0253156
-0.469674
-0.339152
-0.177606
-0.324782
0.514733
-0.51001
0.2588
-0.516341
0.13471
0.29792
0.255699
0.0993254
-0.047452
0.0582473
-0.141585
0.147377
-0.0054505
0.123613
0.206276
0.0447339
0.00140584
0.240687
0.170165
0.407926
-0.30841
0.235986
0.333037
0.274986
-0.438104
0.295047
0.313995
-0.105397
0.172822
0.417872
-0.0633061
-0.22563
-0.139497
0.255491
-0.434259
-0.382304
0.168684
0.195627
0.0260558
0.303702
0.0919858
0.533805
0.462132
0.0163436
-0.374814
0.156158
-0.195377
-0.267277
0.464397
-0.215016
-0.212326
0.225044
0.112335
-0.316941
-0.196677
0.400787
-0.165534
0.33698
0.088806
0.173128
-0.0970195
-0.343351
0.335951
-0.24897
-0.0768909
0.313435
0.0743852
-0.197525
0.241292
0.0100025
0.359751
-0.032478
0.25228
0.30232
0.448654
0.313986
0.227509
-0.258556
-0.435385
-0.390399
0.493835
0.197168
-0.365411
0.186611
0.420759
0.303236
-0.363724
0.596368
0.472495
-0.0291341
0.264147
-0.198334
-0.0795045
0.376708
0.0527899
-0.335822
-0.333789
0.556474
0.396432
0.116399
0.0203994
0.421059
0.475309
-0.207037
0.0460859
0.0789043
-0.270021
0.071604
-0.368746
0.533718
0.477902
0.0419192
0.226847
-0.0811878
-0.106743
0.036803
-0.435795
0.236177
0.344131
-0.0970958
-0.0399209
0.180947
0.233698
-0.386306
0.291551
-0.467863
0.440737
0.218944
0.295922
0.454462
0.355369
0.310044
-0.36686
-0.470995
0.374244
0.187271
-0.159635
0.326034
-0.201977
0.315399
-0.0177667
-0.0749142
-0.12609
-0.306654
-0.297422
0.135963
-0.490656
0.264581
0.204821
0.196059
-0.367584
0.51044
0.319579
0.306968
0.342857
-0.488652
-0.0589482
-0.0910692
-0.0776564
-0.024741
-0.302482
0.0733582
0.322324
-0.399883
0.218743
-0.393975
0.0548124
-0.297939
0.366738
-0.357833
0.42041
-0.435222
0.169463
-0.502164
-0.340299
0.349585
0.0673923
-0.136186
-0.177855
-0.246793
-0.0513942
0.450141
-0.461801
-0.271327
0.0712627
-0.0378042
0.0744309
-0.344238
0.390134
-0.0375753
0.510836
0.0826262
-0.371548
0.158065
0.147386
0.414176
0.352642
-0.446534
0.0399339
0.333346
-0.0793166
0.380063
-0.406498
0.0404594
0.0617395
0.342723
0.150835
0.355939
0.421958
0.409131
-0.443363
-0.00612455
-0.115702
0.0245418
0.510527
0.154587
0.305205
-0.346142
0.41677
0.38389
-0.0412748
0.127588
-0.461782
0.276988
-0.167643
-0.23605
-0.0107894
0.416318
-0.00547954
0.0555217
-0.104579
0.295683
-0.420127
-0.0999758
0.445888
-0.331099
0.276143
-0.161631
0.548265
-0.105193
-0.4044
0.0242391
0.217885
-0.250744
-0.355284
0.269906
-0.376325
-0.450536
-0.406226
-0.383481
0.466896
-0.441396
-0.224427
0.218973
-0.285321
-0.159786
0.383072
-0.301817
-0.217232
0.43879
-0.232368
0.464938
0.303091
0.419727
-0.504203
0.0187308
-0.263552
-0.155588
0.0663669
-0.436092
0.292476
0.0692648
0.0760809
-0.0983481
-0.227675
0.31434
-0.0619735
-0.0990504
0.408174
0.339906
-0.494249
-0.358477
0.0836455
-0.36241
-0.019667
-0.238763
0.0770043
-0.0288855
-0.605459
-0.480172
-0.136487
0.224396
0.457883
0.133607
0.176547
-0.126011
0.314141
-0.02306
0.258122
-0.312276
0.380004
0.0726365
-0.209746
0.163313
-0.417965
0.571824
-0.29584
0.315406
0.682234
-0.173973
-0.307443
0.314962
-0.289009
0.259972
-0.183397
-0.574277
-0.229712
0.0862865
0.305684
-0.145619
-0.247787
-0.431685
0.184246
-0.414469
0.167383
0.418649
0.144298
0.102337
0.40249
-0.590962
-0.141508
-0.124407
-0.0176521
-0.0291193
0.462492
0.168865
-0.3723
0.388502
-0.427655
-0.112663
0.457355
0.241874
-0.225033
-0.243812
-0.348994
0.345818
-0.357195
-0.000350904
-0.164501
0.461105
0.304413
-0.273888
0.357282
0.00807774
-0.198236
-0.324015
0.312056
-0.285874
-0.196939
-0.0506237
0.158409
0.19125
0.264206
0.0636997
-0.496341
0.186719
0.0527316
0.0016689
0.00907347
-0.0411946
0.0199587
0.520327
-0.362135
0.113525
0.0423467
0.142896
0.552569
-0.237405
-0.0731984
-0.0702616
-0.111869
-0.109499
0.145445
-0.374708
0.429567
-0.10219
0.240847
-0.0540971
0.109073
-0.14009
-0.368952
0.0412996
0.384544
-0.161766
-0.139712
-0.511701
0.43678
0.0358094
-0.0148485
0.0675196
0.583463
0.468844
-0.216068
0.272277
-0.0660533
0.436436
-0.535699
0.185214
-0.190547
-0.233833
-0.368204
-1.21235
0.0941356
-0.531651
0.00804537
-0.332464
0.426002
-0.276576
0.0393086
-0.307236
0.0934421
-0.371969
0.647708
0.385517
0.144371
0.01346
-0.381028
0.0288657
-0.48865
-0.0186551
0.182484
0.336994
0.18126
0.155549
0.128828
0.491041
0.509091
-1.02371
-0.153885
-0.560523
0.258004
0.159076
-0.280839
-0.642187
-0.276257
-0.289109
-0.533464
0.500874
-0.334415
-1.82202
0.357636
0.318475
-0.188346
-0.206584
-0.0774737
0.108967
0.323688
-0.483886
-0.152407
0.426201
0.0674128
-0.315784
-0.155708
0.397476
0.116041
-0.346107
0.378973
0.124619
-0.495777
-0.446845
-0.532654
-0.00211009
0.205593
-0.457488
0.109477
-0.0963181
0.266221
0.407956
-0.00985779
-0.0509648
-0.221221
-0.0181285
-0.278704
-0.2266
0.0863697
-0.348031
0.118848
0.00852947
-0.224312
-0.171498
-0.423922
0.0677623
-0.181152
-0.271204
0.438121
0.390453
0.111995
0.0672892
-0.468901
-0.360658
-0.127431
0.426301
-0.0938349
-0.475795
-0.442385
-0.184932
0.037617
0.00272666
-0.0635812
0.226893
0.00466646
0.307466
-0.251885
0.414478
-0.415939
-0.00554887
0.101434
0.282062
0.382449
-0.150564
0.285795
0.489129
-0.160063
-0.472772
0.379656
-0.166824
-0.484032
-0.146228
-0.0922041
-0.224794
0.387421
-0.434339
-0.155839
-0.413362
0.234296
-0.0848693
0.184727
0.146311
0.453528
-0.0583809
0.055707
-0.120151
-0.154973
-0.439523
-0.170647
-0.0399286
0.2423
-0.411387
0.112414
-0.151074
-0.383037
0.423994
0.0791771
-0.42041
0.270865
0.497901
-0.326745
-0.490246
0.189016
-0.094997
-0.364187
-0.0675851
-0.0959398
0.234048
0.048527
-0.395333
0.0868397
0.0741266
0.455293
0.350074
-0.0118787
0.0928704
0.0505797
-0.169735
0.229473
-0.391797
0.0905922
-0.355971
-0.245401
0.0159979
-0.249235
0.380384
-0.153598
0.368542
0.319338
-0.325599
0.156097
-0.165969
-0.414567
-0.254478
-0.287199
-0.498364
-0.0964109
0.11097
0.327455
0.503405
0.0385141
0.166584
0.38088
0.311705
-0.0266939
-0.502477
0.00371263
0.539051
0.183199
-0.0395566
-0.272556
0.187867
-0.339633
-0.197262
-0.063045
-0.0264
-0.0321077
-0.0599224
0.19003
-0.0945632
-0.192893
0.0834383
-0.115397
-0.680699
-0.407404
0.0181105
0.0764656
-0.0463273
0.382156
0.120899
0.704258
0.433216
-0.0782502
0.0863852
0.455322
-0.365904
0.00722753
-0.425002
-0.0497805
-0.30812
-0.151957
0.243832
-0.188522
0.43629
-0.338445
-0.901445
-0.0226566
-0.256048
0.174048
0.536957
-0.45224
0.0548575
0.43817
-0.623207
-0.35561
-0.187519
0.356794
0.207043
0.187131
-0.475989
0.133956
-0.13934
0.360596
0.181742
0.178041
-0.254453
-0.260223
-0.0356669
0.764315
-0.0947373
0.163739
-0.080921
