#input normalization
0.161125 0.272734
27.9287 37.4648
10.2988 34.3209
8.2407 30.319
0.0110476 0.0402642
0.00901466 0.0329023
1 -1
1 -1
1.05267 1.47112
1.29982 1.67897
1.57855 1.87949
1.86027 2.06281
2.12999 2.22636
2.39629 2.3791
2.64341 2.50023
2.87854 2.5868
3.10222 2.64749
3.30893 2.68228
3.48879 2.68793
3.62724 2.6498
3.75444 2.5955
3.86786 2.48837
1 -1
1 -1
#output normalization
1 0
#neurons weights
0.00710019
0.318493
-0.116475
0.47728
0.276193
0.0326126
-0.0767007
0.339997
0.4164
-0.484957
0.488608
0.469234
-0.398469
-0.0748981
-0.371923
-0.177328
-0.060777
0.407567
-0.0405273
-0.0260598
0.361195
-0.236171
-0.263824
-0.0646497
0.523023
-0.473847
0.0776976
0.154571
0.244701
-0.423248
0.308811
-0.141148
0.0982597
0.954955
-0.91427
0.192229
0.183294
0.173328
0.0708288
-0.616231
-0.115775
-0.622457
-0.473587
-0.581758
0.823197
-0.433056
0.921253
-0.622315
-0.231055
0.413574
-0.140762
-0.41091
-0.153066
0.025741
0.478249
0.303326
-0.111737
-0.227467
0.362778
0.372921
0.397611
0.0709531
-0.117255
-0.00159896
-0.138289
-0.195679
0.386828
0.184913
0.436774
-0.0080697
-0.192402
0.24802
-0.160835
0.553247
#synapses weights
0.0190835
2.37607
0.248981
-0.0220647
0.158005
-0.280437
0.0305273
0.395526
3.1774
-0.0222107
0.120316
-0.0610269
-0.262071
-0.242429
0.00775099
-0.553473
-0.415326
-0.331691
-0.214668
-0.236051
-0.127795
-0.457664
-0.337739
0.0229384
0.0329783
-1.41547
-0.165949
-0.0930039
0.131166
0.670365
-0.140537
-0.0998309
-0.17402
-0.225945
0.372977
-0.127963
0.413395
0.307028
0.650343
0.0327463
-0.0088468
0.380109
0.100686
0.262292
0.476871
0.202725
-0.197865
-0.49067
-0.231431
1.12227
-0.206554
-0.0920226
-0.342647
0.393747
0.207832
0.170771
-0.793076
0.00615183
-0.0504788
-0.158616
-0.231544
-0.0315699
-0.0645185
-0.0606919
0.232104
-0.141169
0.0897588
0.259648
0.407575
0.0145709
0.496008
0.354362
0.0268146
-0.263656
-0.213192
0.0862812
0.183308
0.314062
-0.31836
0.413948
0.212532
0.0443723
-0.315985
0.143414
-0.607956
-0.601474
0.0710305
-0.298599
-0.304135
0.152403
-0.42003
0.344076
-0.287227
0.139597
0.434233
-0.309133
-0.124448
-2.24044
-0.131356
0.184729
0.128643
-0.330404
0.432252
0.33293
0.0938263
0.120777
0.0209894
0.127033
-0.115536
0.216346
-0.258285
0.232254
0.184205
-0.135728
0.328446
-0.210213
0.383508
0.143396
0.429405
0.497159
0.00509417
-0.718234
0.372448
-0.225633
-0.18646
0.222712
-0.389298
-0.0341529
0.0261914
-0.250924
0.105729
0.4591
0.435214
0.132597
0.286401
0.51993
0.325716
0.682885
0.0990685
0.793374
0.309938
0.0671376
-0.0735188
0.484494
-0.0110407
2.42305
-0.169175
0.0923291
0.406772
-0.367741
0.0463287
0.176565
-0.477009
-0.505935
-0.151073
-0.251282
-0.107285
-0.0830418
-0.129939
0.0100474
-0.32316
-0.196425
0.253882
0.00196672
0.054067
-0.113151
-0.206564
0.141369
0.266635
0.483501
0.641087
0.277475
0.332806
-0.588022
-0.178074
0.453907
-0.0274474
0.306875
0.296188
0.404496
-0.391869
-0.330135
-0.22949
0.0211454
-0.674648
-0.0537227
-0.0201981
0.441897
-0.0157448
-0.354339
0.278874
0.306599
0.141644
-0.968368
0.521
0.0245164
0.581443
-0.168746
-0.345691
-0.243345
1.26046
0.116796
0.242351
0.368993
-0.164732
-0.0701379
0.511823
-0.236422
0.105588
0.0986947
0.2054
-0.089594
0.443449
0.249707
0.00917915
0.25971
0.395824
-0.144884
-0.176672
0.530297
-0.439647
0.261439
-0.0139106
0.133115
-0.322869
0.127573
0.226268
0.0724565
-0.348844
-0.17396
0.143824
-0.269427
0.754523
0.732894
0.044008
0.169913
0.679585
0.299396
0.224959
0.0671207
0.119735
-0.638632
0.127129
-0.143365
0.0409838
0.101686
0.368326
0.389223
0.117671
0.219341
-0.247235
-0.201691
0.179227
-0.138018
-0.276519
0.194478
-0.454087
0.0664821
-0.104592
-0.476752
0.152193
0.012745
0.411431
0.184461
-0.00747149
-1.3192
-0.14509
0.26128
0.0164997
0.045286
0.269406
-0.084337
0.90779
-0.0882775
0.201165
0.324716
0.234593
0.256877
-0.150005
0.0799117
0.0833837
0.316234
0.127484
0.256966
0.061121
-0.0535633
0.313782
-0.294249
0.0635086
-0.154889
0.0774863
-0.0474113
0.118548
-0.0117975
0.0561404
0.0406422
-0.259894
0.0480177
0.219417
-0.385432
-0.458252
0.223609
0.0558715
0.291937
0.179234
0.480208
0.306795
-0.000841311
-0.300497
0.103376
-0.110522
-0.318997
0.396551
0.471363
0.276224
-0.37639
0.464125
-0.252503
0.242386
0.259412
1.10504
0.096182
-0.562909
-0.197899
0.213973
0.113344
-0.223905
0.0495183
0.00879425
-0.550986
0.361298
-0.1932
0.0824955
-0.123978
0.0445996
0.424815
0.249756
-0.547368
0.168881
-0.298293
0.0247424
-0.393461
0.357304
-0.0534285
-0.291496
0.138884
-0.0477912
0.593451
-0.0003433
0.346473
0.529856
-0.222232
0.250116
0.487835
-0.067754
-0.0361816
0.139144
0.538038
0.0760133
0.3947
-0.186667
-0.882962
-0.349334
-0.127252
0.0695287
0.345791
0.470953
-0.0113836
-2.34577
-1.32593
-0.657777
-0.3759
-0.110704
-0.0742558
0.030244
-0.0816128
0.0876394
0.0300908
-0.240063
0.0254364
0.120639
0.0826715
0.172577
0.227532
0.232454
-1.53803
-0.235587
-0.119934
-1.18934
0.549739
-0.291953
-0.213503
-1.51646
-1.03214
-0.063566
-0.34308
-0.210486
0.340663
0.122684
-0.0381706
0.819089
0.241294
0.0609929
-0.196921
0.177621
0.174941
0.45039
-0.220595
-0.0547694
-1.25703
-0.159416
-0.196391
-0.0442791
0.0421911
-0.355934
-0.159094
-0.412815
0.281638
0.113034
0.102323
-0.0331483
0.129533
-0.125799
0.288735
0.490515
0.116543
0.499619
0.605709
0.0962573
0.247608
-0.409086
0.265045
0.138002
-0.773538
0.0590021
0.377385
0.267908
-0.00292834
0.229076
-0.444518
-0.604863
0.240749
-0.120255
0.161225
0.23891
0.352692
0.100817
-0.179867
-0.135046
0.165742
0.480586
0.0780254
-0.316366
0.28449
0.160969
-0.224444
0.326871
-1.45614
0.683982
0.164756
0.844197
0.334642
-0.438921
0.105335
-3.21242
-1.88127
-0.918567
-0.618378
-0.788071
-0.0938104
0.0285954
-0.420559
0.224879
-0.139068
0.321679
0.0372521
-0.131315
-0.0116372
0.0186921
-0.157186
0.0490673
2.28604
0.222102
-0.232349
-0.121284
0.0802803
0.315596
-0.0566785
0.498781
0.103736
-0.0692254
0.0204342
-0.134436
-0.206381
-0.36217
-0.497495
-0.488278
-0.512002
-0.928122
-0.909304
-0.92268
-0.677773
-0.474704
0.122209
-0.265889
-0.36049
-0.184923
-0.347325
-0.237515
0.0626977
-0.0614411
0.433886
1.3318
0.827904
0.000836224
0.252442
-0.10633
0.344343
0.322847
-0.173094
0.142486
0.195044
-0.0471488
0.601643
0.289378
0.209088
0.0431688
-0.363161
-0.0530504
0.516473
-0.0671919
0.192416
-0.129874
-0.33406
-0.0690073
-0.0894801
0.146935
0.266052
-0.304898
0.277145
0.424963
0.158539
-0.316828
0.0785021
0.233783
0.303861
0.0305438
-0.141636
0.151246
0.491201
0.114474
0.11818
-0.0854555
-3.03134
-0.252037
0.13003
-0.145034
-0.193279
-0.0738085
0.359302
-0.172759
0.00577468
0.15254
0.0609472
0.229184
0.158463
0.372587
0.381393
0.342448
0.429592
0.284784
0.446949
0.418149
0.542984
0.470952
0.20273
-0.118258
0.365931
0.160405
0.0259984
-0.321497
0.483839
0.141665
-0.272159
-1.81992
-0.616758
-0.342211
0.0256835
0.0946299
-0.114222
-0.353056
0.138337
0.150912
0.562467
-0.0691898
-0.111832
-0.0398259
0.0451644
-0.0589677
-0.0611182
0.217396
0.315505
0.0667064
0.244283
0.410846
-0.355111
-0.526952
0.311717
0.164553
-0.548769
-0.0650075
0.157319
0.240352
0.453468
0.498365
0.58176
0.412424
0.469537
0.282633
-0.316381
0.200776
0.747023
0.242594
0.107353
0.0506807
0.0867263
-0.43543
0.481317
0.0833858
-0.323546
0.121117
0.189445
-0.598877
-0.550365
-0.500278
-0.176434
0.115838
-0.0486507
-0.159882
0.280082
-0.367731
-0.252599
0.0250517
0.0559298
-0.655908
0.303393
0.271087
0.11457
-0.48498
0.342075
0.667469
0.0645432
0.676078
-0.244265
-0.879201
-0.272384
0.788963
0.246162
-0.858401
0.560899
-0.655744
-0.536263
-0.125126
-0.914262
-0.0715726
-0.486887
0.155432
0.0474773
0.23475
0.0785085
0.11127
-0.262751
0.17825
-1.16686
0.0605543
0.139529
0.427018
-0.00957627
0.312523
0.629346
0.0801752
-0.326436
0.308901
-0.122832
-0.150164
-0.29083
-0.43148
0.19258
0.300393
0.248159
0.0378022
-0.361995
0.21893
-0.557121
-0.193659
0.0379222
-0.37296
-0.605371
-0.0570325
-0.25513
0.658954
0.385578
-0.053645
0.478774
-0.524099
-0.49576
0.0816547
0.057056
-0.748982
0.208995
0.349997
-0.143934
0.0746365
0.118862
-0.202092
0.415618
-0.399992
-0.125451
-0.0109131
-0.0127465
0.514239
-0.514346
0.1987
-0.252443
-0.295243
0.579786
-0.491011
0.196902
0.342998
-0.340801
-0.808081
0.534441
0.258457
-0.377456
-0.58434
0.673787
-0.653997
0.317297
-0.0633807
-0.435244
0.81419
0.382622
-0.528379
-0.330361
0.28272
1.11582
-0.494091
0.0851712
-1.18416
0.478119
-0.436507
0.340352
-0.00383467
0.345925
0.338815
-0.130148
0.112346
0.42274
-0.0650252
-0.323306
-0.0822484
-0.176084
0.28903
0.210284
0.0752405
0.405713
-0.374794
0.512706
0.500868
0.192647
-0.202651
-0.592429
-0.425692
0.828996
-0.258899
0.388539
-0.252527
0.0649554
0.232943
-0.498043
-0.338611
0.800535
0.161443
0.430936
-0.145964
-0.553009
0.063887
0.188736
0.417588
0.176892
-0.456778
-0.31708
-0.147247
-0.248756
0.296023
0.69841
0.311942
-0.193519
-0.217748
-0.0820732
0.710847
0.208538
-0.112564
0.410288
0.307787
-0.317689
0.854136
-0.19238
-0.221765
-0.367766
0.237957
-0.359842
-0.0289562
0.344285
-0.409131
-0.345848
0.114019
-0.429624
-0.313102
-0.362252
0.364317
-0.173708
0.509665
-0.14892
0.380976
0.0706167
-0.186959
-0.148939
-0.0845063
-0.0668409
-0.310224
0.390058
0.0864777
-0.212272
0.307175
-0.51095
-0.464871
-0.288963
-0.228889
-0.154608
0.155539
0.0631534
-0.288511
-0.0591852
-0.244133
0.160246
0.106928
0.552918
-0.581431
0.348236
-0.0444498
-0.113981
0.312897
-0.542604
-0.565896
-0.104951
0.455008
-0.1127
-0.407942
-0.0121782
-0.46038
-0.499418
0.184215
0.121162
0.187529
0.26575
0.62413
0.146989
0.262886
-0.360828
0.340212
-0.582229
-0.114424
-0.483106
0.257924
0.504987
-0.11075
-0.0330967
-0.152864
-0.173126
-0.408275
0.347166
-0.497911
-0.467362
-0.443812
-0.242698
-0.199047
0.342148
0.336935
0.0314888
-0.286863
-0.20167
0.00159181
0.0664704
-0.174762
0.0482626
-0.464948
-0.113082
-0.200017
-0.10555
0.39251
-0.120164
0.269173
-0.206668
-0.570783
0.148978
0.794612
-0.18939
0.0248732
0.266866
-0.325119
0.214569
-0.157605
-0.502782
-0.506282
-0.265276
-0.504961
-0.0269449
-0.123079
-0.0855588
-0.0424323
0.253003
0.0268462
-0.23429
-0.218571
-0.111328
-0.537923
-0.271093
-0.190451
0.293676
0.16811
-0.152287
0.0139286
0.508639
0.289825
0.483913
0.187353
-0.205542
0.0750236
0.27716
-0.0488059
0.296506
0.0967987
0.379436
0.430499
0.392233
-0.20669
0.107549
0.708398
0.215883
-0.129086
-0.0722816
-0.561999
-0.0120426
0.205703
-0.0950069
-0.319374
0.537569
0.0956774
-0.0759308
0.183846
0.452415
-0.216083
0.0311899
-0.471733
0.358235
0.367443
-0.076073
0.519884
0.269966
-0.637593
0.126688
-0.396658
0.507256
-0.183756
0.269776
-0.0852708
-0.556282
-0.114311
-0.305359
-0.554446
-0.152883
-0.0658232
-0.483972
-0.827097
0.469113
-0.501493
-0.107296
0.219589
-0.399018
0.384639
0.428845
-0.26251
0.0160128
0.0288007
0.0359145
-0.323352
-0.487548
-0.242787
0.0344086
0.22856
-0.377378
-0.0420672
0.123913
-0.26795
0.286455
-0.208283
0.0791651
0.0341641
-0.178201
-0.206989
-0.385787
0.148647
-0.0490507
0.438025
-0.0596247
-0.433517
0.466838
0.378823
0.351934
-0.470106
-0.413399
-0.194007
-0.49673
-0.375242
-0.597063
0.344708
-0.449902
-0.270124
1.02549
0.284822
-1.24939
-0.201518
-0.344132
-0.382248
0.145222
0.476071
-0.470338
-0.443785
0.129312
0.31832
0.482655
0.414437
0.39663
0.124946
-1.06157
0.149849
-0.4994
0.878499
0.330693
0.251193
0.369355
-0.441037
0.290991
-0.0960899
-0.296255
-0.135918
0.0441584
0.349838
-0.0388842
0.575845
-0.196159
0.03158
-0.414237
-0.265781
0.339412
-0.296858
0.329074
0.357831
-0.380209
-0.19504
0.397656
0.30885
0.500642
-0.193273
-0.467474
-0.220318
-0.535134
-0.771021
-0.225994
-0.2232
-0.101626
0.121651
0.243339
-0.0197535
-0.24009
-0.310232
-0.223228
0.138652
-0.0196107
0.72399
-0.182526
-0.0702246
0.0294967
0.0468909
0.212107
0.020533
0.54009
-0.00950866
-0.33247
0.351894
-0.513229
0.51668
1.01376
0.263858
-0.188313
0.872486
0.339164
-0.632088
-0.20023
-0.365814
-0.0702216
-0.139739
-0.17741
-0.26451
0.244848
0.0115059
-0.35981
0.369659
0.191155
0.782388
0.115003
0.0407949
-0.898478
0.354492
-1.46074
0.08263
-0.146221
-0.895685
-0.641582
0.275283
-0.769476
-0.384416
0.141231
-0.289918
-0.538395
-0.574172
-0.201138
-0.145078
-0.516671
0.64614
0.360134
0.379096
-0.226624
0.341182
-0.800184
-0.353845
-0.184516
0.339265
-0.0972975
0.0992385
0.0275837
0.319876
-0.137396
0.420789
-0.0997795
-0.134499
0.308067
0.100864
0.449491
0.450289
-0.29526
-0.409497
-0.0980785
-0.408592
0.440161
0.095052
-0.117414
0.525061
0.0161348
-0.127132
0.214091
0.393122
-0.294943
0.20567
0.667064
-0.143673
0.0579928
0.0771481
-0.00880854
0.651158
0.765708
-0.401618
0.177763
0.182305
0.179045
0.188842
0.280165
0.122074
0.274329
-0.63383
-0.487893
0.478013
-0.282106
-0.427969
-0.602203
0.0574318
0.0464952
-0.0230683
-0.0952979
0.724375
-0.644242
-1.65583
0.710952
-0.142392
-1.85356
0.951121
-0.755569
-0.230086
-0.925316
-0.914185
0.166894
-0.32409
0.843939
0.827339
0.939008
0.123028
2.15032
0.447327
-0.677121
-0.943504
0.22637
-0.290962
0.66983
