#input normalization
0.16111 0.272711
74.6604 69.7051
9.58082 38.3241
7.92471 31.8899
0.0111958 0.044315
0.008794 0.0338831
1 -1
1 -1
1.05267 1.47112
1.29982 1.67897
1.57855 1.87949
1.86027 2.06281
2.12999 2.22636
2.39629 2.3791
2.64341 2.50023
2.87854 2.5868
3.10222 2.64749
3.30893 2.68228
3.48879 2.68793
3.62724 2.6498
3.75209 2.59835
3.85097 2.5101
3.92847 2.41397
3.96982 2.29961
3.99558 2.16779
3.98964 2.01953
3.9519 1.86013
3.89572 1.68228
3.7862 1.48252
3.65921 1.28429
3.54363 1.09712
3.41767 0.920599
3.26231 0.743118
3.10185 0.573586
2.93657 0.413281
2.78635 0.266603
2.61822 0.128358
2.47497 0.00581553
2.31182 -0.108566
2.15912 -0.216386
2.01145 -0.313389
1.88168 -0.396232
1.74745 -0.473142
1.6062 -0.546088
1.47356 -0.611115
1.35132 -0.67056
1 -1
1 -1
#output normalization
1 0
#neurons weights
-0.0428556
-0.356833
-0.125025
0.456954
0.488224
0.380479
0.222413
-0.241307
0.39897
-0.0936325
-0.373214
-0.123024
0.257744
0.347234
-0.212592
0.332582
-0.322673
-0.209979
-0.40843
0.190583
-0.27647
-0.0464769
-0.172507
-0.165909
0.435236
0.431738
0.103565
0.304514
0.139577
-0.366366
-0.178688
0.42452
-0.233711
-0.342215
-0.330092
-0.195031
0.439435
-0.480182
0.278342
-0.138286
-0.075948
-0.30193
-0.0596412
-0.167309
0.318632
0.193171
0.102823
0.204008
-0.300087
-0.0433817
-0.211799
0.179471
0.0040964
0.195806
-0.198654
-0.0960252
0.0840385
0.299417
-0.360658
-0.210283
-0.363534
-0.22512
0.117104
-0.266078
-0.452715
0.337122
0.338064
-0.319157
0.33785
0.440004
-0.261071
0.0504685
-0.159881
0.00718514
-0.216058
-0.241608
-0.148722
1.11441
-0.350288
0.262666
0.400825
-0.374523
-0.359622
0.0516495
0.0843601
0.297004
-0.358934
0.322766
-0.351232
-0.257159
-0.440094
0.499802
0.153077
0.110571
-0.60099
0.117037
0.0721481
0.108003
-0.350009
0.494509
-0.414056
0.163775
0.245526
-0.410284
-0.196961
0.254229
-0.601979
-0.0803032
0.17936
-0.135138
-0.0537666
0.142986
-0.673945
-0.208372
0.278858
-0.0441684
0.401862
-0.421118
-0.267614
-0.156693
-0.0897018
0.326235
0.293666
-0.214169
-0.69496
0.0378797
0.248308
-0.242314
-0.175541
0.414716
-0.327506
-0.041337
-0.181171
0.3128
0.558369
-0.0402608
-0.213844
0.0681583
0.259201
0.224722
-0.497885
-0.444763
0.162882
0.176784
-0.271643
-0.175338
#synapses weights
-0.209527
-0.637357
-0.210482
0.579887
0.311284
0.291413
0.206569
-0.488997
0.128698
-0.230966
-0.268254
-0.0145473
0.506705
-0.134518
0.267274
0.0680895
0.21496
-0.323061
-0.263201
0.153437
0.432898
0.51578
-0.0543067
-0.135254
0.562343
0.377872
0.133462
0.443138
0.310188
0.51117
-0.219898
-0.432769
0.275669
0.301442
0.0169055
-0.122239
0.271454
0.279972
0.29892
0.26358
-0.160363
-0.389025
0.271326
0.401277
-0.213764
0.609358
0.423165
0.0855491
0.250239
-0.0247103
-0.448172
-0.0279124
0.565878
0.243861
0.372568
-0.460702
2.01769
0.303947
-0.0258044
0.0321781
-0.361669
-0.162429
0.170304
-0.146989
0.199624
0.252644
-0.275146
0.0187829
-0.338742
-0.145926
0.191174
-0.123479
0.168437
0.0357722
-0.0252637
-0.0506207
-0.335146
-0.194709
0.218149
-0.181279
0.490213
-0.343115
0.309292
-0.419326
0.135844
0.0665941
-0.361749
0.213019
0.181621
0.0437877
-0.299001
-0.174776
0.160047
0.316287
-0.447012
-0.394736
0.218688
-0.392514
-0.595708
0.179146
0.135259
-0.0908136
0.214847
0.475143
-1.65975
-0.114874
-0.0986132
-0.241776
0.502209
0.17912
-0.430809
-0.0646778
-0.176543
0.37396
0.231726
-0.106953
0.000337352
0.0282075
0.0599155
0.151607
0.0701544
-0.197893
0.437605
-0.123842
-0.258094
0.206482
-0.317177
-0.0790891
0.0139007
-0.0706576
0.010232
-0.300468
0.187055
0.451869
0.282798
-0.231319
-0.0616052
0.33456
-0.327518
0.0182806
0.254813
0.162373
0.377875
-0.0520274
-0.222594
0.894253
-0.359535
-0.361953
-0.0440201
-0.607896
-0.334147
0.431296
2.61131
-0.0371129
0.322033
-0.038397
0.115897
-0.325049
0.247918
-0.0178379
-0.195002
0.379303
-0.236833
-0.209612
0.0954033
0.0586916
0.0568378
0.375444
0.115859
-0.0804851
0.221421
-0.520307
-0.341445
0.160297
-0.405417
0.0948032
0.194971
-0.460337
0.309739
-0.21232
-0.263148
0.552063
-0.07599
0.0750361
-0.406845
-0.237937
-0.122704
0.0881404
0.0643247
0.0129514
0.471945
-0.310795
0.118734
0.419609
0.332717
0.245408
-0.497221
0.494339
-0.26863
-0.481236
0.51383
0.224816
0.290374
0.178815
-0.266898
0.00118418
0.278191
0.0560649
-0.381524
0.177149
0.209625
0.372094
-0.356595
-0.384584
0.493752
0.515128
-0.29152
-0.309114
0.0140669
-0.440937
0.165067
-0.208039
-0.0231164
-0.346389
-0.202439
0.0126258
-0.107927
-0.291192
0.291575
-0.305753
-0.222717
0.045564
0.0449079
-0.230192
-0.262808
-0.220559
0.511921
0.117507
0.157376
-0.349307
-0.293535
0.617028
-0.43509
0.000242007
-0.205459
0.334137
-0.262183
0.142147
0.721456
-0.287691
-0.105937
0.388215
0.515077
0.0651305
-0.164985
-0.128444
0.3987
0.219307
0.220812
-0.176504
-0.273619
-0.0833724
-0.500419
-0.204725
0.424661
-0.261956
0.349876
0.0766515
-0.137608
0.0477674
-0.163617
-0.0211874
0.291073
0.290199
-0.124963
-0.30646
0.0822539
-0.13603
0.240803
-0.10362
-0.0932495
-0.0945425
0.124556
-0.302013
-0.325902
-0.23661
-0.340308
-0.268868
0.517025
0.842786
-0.175638
-0.00219453
-0.0224204
-0.752341
0.299096
0.468286
0.180429
0.208078
-0.0162305
-0.367841
-0.256548
0.122778
-0.191204
0.271678
0.0620655
0.0657692
0.11649
-0.197282
0.134305
0.323321
0.219263
-0.361124
0.314285
-0.0736907
-0.427208
-0.399188
-0.342603
-0.417774
-0.372305
0.395648
0.341025
-0.120115
-0.00392777
0.392293
-0.341997
0.0885014
-0.0323087
0.357931
0.250185
-0.115869
0.113261
0.352015
0.107377
-0.0101156
0.164263
0.299054
0.179362
-0.114532
-0.257159
0.554392
0.174598
0.673354
0.211655
-0.364194
-0.851002
-0.166558
0.319086
0.470379
0.0506509
0.049193
0.397794
0.131652
0.472538
0.112906
-0.0406767
0.0622907
0.109725
-0.307478
0.456053
-0.314483
-0.0536523
0.0054674
-0.178728
-0.116425
0.328781
-0.302323
0.161198
0.354363
0.0469392
0.213876
-0.177214
-0.326267
-0.060399
-0.470354
0.123268
-0.213192
-0.0484033
0.050981
-0.307444
0.246545
0.456931
-0.265972
-0.218708
0.271968
-0.133221
0.488067
0.520295
0.201211
0.155762
-0.275199
-0.0886734
-0.242919
0.590742
0.168591
0.0322468
0.0150831
0.145656
-0.49156
0.309201
-0.493684
-0.0919445
-0.244533
-0.280531
-0.0722411
0.196824
-0.323999
-0.0834327
-0.37055
-0.464271
0.0973684
0.174417
0.444292
0.348647
0.115988
-0.378584
-0.12844
-0.273744
0.0074111
0.29416
0.129359
-0.154527
-0.254956
-0.206005
-0.379076
0.0246881
-0.514114
-0.336485
-0.234415
0.0916147
0.23679
-0.46786
0.277147
-0.386936
-0.746391
-0.0344608
0.0323961
-0.519178
0.0571519
-0.0701214
-0.166572
-0.0376595
0.18582
0.242635
-0.0676196
-0.136761
-0.303003
0.0654161
-0.0112908
0.45799
0.41339
0.430378
-0.116293
0.195335
0.508808
-0.127671
0.109484
0.28295
0.0049005
0.473067
0.1956
-0.182256
-0.331603
0.0408738
-0.432103
0.402919
-0.298831
0.161152
0.219651
-0.1862
-0.339339
-0.0336902
-0.240421
0.572352
0.305674
-0.167322
0.108134
-0.0772005
0.311863
0.420857
-0.128884
-0.044871
0.17225
-0.416674
0.479368
0.291788
-0.0587079
0.449492
-0.186222
0.0834352
-0.215837
0.327576
-0.248319
0.129683
0.0305943
0.192129
-0.358164
-0.110404
0.410249
-0.00455118
0.182783
0.422818
-0.472315
-0.440162
-0.308008
0.340278
-0.33166
0.403753
0.12767
0.474198
0.0642655
0.390756
0.418312
-0.346139
-0.120279
0.373662
0.223019
-0.48088
-0.204143
-0.459147
0.411876
-0.366994
0.196037
-0.454014
0.212819
-0.304655
-0.331498
0.30891
-0.0807118
-0.218848
0.306229
-0.0390935
0.290526
0.0100343
0.492379
-0.385097
0.141527
0.117866
-0.210799
-0.0368197
0.199609
-0.277655
-0.0187146
0.498565
0.164352
-0.255777
0.142352
-0.125324
-0.19113
0.317994
0.385404
0.177042
0.467795
0.436835
0.117346
-0.0280331
-0.379438
-0.191797
-0.316187
-0.296626
0.148489
-0.0823837
-0.0594631
-0.0726093
0.434298
-0.00418002
0.416485
0.399431
0.0877901
0.464574
-0.00119108
-0.119688
0.366835
0.304256
0.0986538
0.058538
0.462195
-0.504085
-0.66869
-0.0115288
-0.132706
-0.327071
0.257789
0.0209199
-0.0654001
-0.842782
-0.211274
0.186203
-0.186445
0.0882388
0.343421
-0.471213
-0.0424627
-0.321931
-0.274518
-0.273424
0.473974
0.10972
-0.194995
0.210319
-0.0108355
-0.417452
0.327131
0.459293
0.355749
-0.250364
-0.253615
-0.250186
-0.028439
-0.0362346
0.000479912
0.393615
-0.414409
-0.272183
-0.640679
0.0890671
0.201758
0.234853
-0.190669
-0.0925655
0.16322
0.230235
-0.0252524
0.455774
0.165515
-0.167206
0.306376
-0.184412
0.255374
0.278036
0.379672
0.333889
0.212363
0.125684
0.28738
-0.0456148
-0.0288705
0.614434
-0.246849
-0.285542
0.184334
0.168171
0.520211
0.796193
-0.222391
0.546808
-0.0194922
0.351123
0.324218
0.750274
0.629941
-0.0994464
0.378834
-0.275983
-0.00257098
0.260799
0.119121
0.228032
-0.418913
0.290856
-0.0597969
0.303266
0.249575
-0.0687523
-0.148078
0.466443
0.394541
0.303063
-0.0190454
0.07282
0.289245
0.400981
-0.375493
0.315637
0.425606
0.150253
-0.0280258
-0.103253
-0.210074
0.0677843
0.261661
1.39627
0.226044
0.536078
-0.0053168
0.608695
0.351864
0.442563
0.544243
0.0674784
-0.136824
0.109523
-0.21971
-0.406153
0.0169058
-0.372521
-0.278277
-0.0259784
0.0996121
0.007316
0.296762
0.193968
-0.255788
0.0236555
0.0656766
-0.427767
0.148665
-0.20584
-0.0174923
0.133176
-0.425732
-0.199599
0.244622
-0.067874
-0.152607
-0.191527
0.222777
-0.40459
-0.186705
-0.355227
0.17662
-0.495744
-0.0591663
-0.0335987
0.10479
-0.426287
0.0487151
-0.252484
0.434467
-0.687432
-0.0524909
-0.486218
0.117815
-0.411266
0.447171
0.0326225
0.10034
-0.0841159
0.260841
-0.411588
0.440182
0.415238
-0.279188
-0.0427184
0.478251
0.153946
0.287961
-0.386719
-0.159778
-0.284767
0.430744
0.367859
-0.0504376
0.282553
-0.240898
-0.323315
-0.168502
0.100127
-0.0772053
-0.294765
0.0630439
-0.488562
0.340771
0.0387375
-0.233354
0.279192
0.0478676
0.260998
0.297663
-0.0364253
0.123652
0.193242
-0.204341
-0.00247412
0.063669
-0.164748
-0.0322026
-1.24524
-0.364059
0.119866
0.531114
-0.309809
-0.32385
-0.00764114
-0.0731809
-0.0654509
0.22156
0.313039
0.187213
0.223051
-0.210127
-0.287838
-0.302759
-0.284585
0.0718205
-0.266699
0.273526
0.343926
0.342011
0.205899
-0.437221
0.14742
0.157367
-0.438568
0.0468596
-0.438738
-0.123908
0.0322959
-0.430551
0.0777079
0.307329
0.243191
-0.433595
0.470455
0.388662
0.0321518
0.0569015
-0.472294
0.953952
-0.16628
0.0902665
0.585718
-0.109842
-0.271427
-0.394036
0.563342
-0.451001
-0.674391
-0.602861
-0.325283
-0.152754
0.117084
-0.227609
-0.150826
-0.0574847
0.455308
0.32861
0.444799
-0.382458
0.368287
0.305077
0.295604
-0.39907
-0.362248
0.210391
-0.391974
0.20279
-0.132981
-0.473218
-0.234872
0.188677
-0.212952
-0.407694
-0.0209776
-0.0342328
0.44108
0.022072
-0.277023
-0.0419323
0.377086
0.551878
0.27317
-0.338256
-0.0566654
-0.284211
0.232016
-0.786344
0.401466
-0.193702
-0.00383892
0.037555
-0.238676
-0.307694
-0.868181
0.296618
-0.0966151
0.482818
-0.116982
0.210867
-0.0916629
-0.144183
-0.15157
0.0378637
0.475874
-0.299194
0.305301
0.45865
-0.0543951
-0.352172
0.31147
0.156925
0.0870967
0.580696
-0.174423
-0.304434
0.0344223
0.134722
-0.384164
-0.0638277
0.201337
0.110253
-0.315802
0.149041
-0.103716
0.34697
-0.291896
0.0383765
0.149541
0.360267
0.0748982
0.0937488
-0.415492
0.425418
-0.17122
-0.688314
0.047476
-0.426439
0.582966
-0.119971
0.122732
-0.0586453
0.27887
0.443506
0.0086135
0.297688
0.302152
0.0471815
0.0253976
-0.184755
-0.281057
0.409611
0.539082
0.284655
-0.206296
-0.233402
0.0705161
0.327751
-0.102009
0.355494
0.41118
0.179934
-0.307699
-0.339122
-0.192439
-0.105828
-0.36466
0.540563
0.456315
-0.111906
0.0429269
-0.220881
-0.329089
0.403414
-0.342491
0.222794
0.446112
-0.400215
0.33068
0.18167
-0.445988
0.394703
0.182046
-0.0111942
-0.356638
-0.33944
-0.411924
-0.520788
0.0835654
0.499978
0.494232
-0.185522
-0.0276964
-0.130631
0.324843
0.00594406
-0.321409
0.191324
-0.447438
-0.0778651
0.0474243
0.0982622
-0.182617
-0.308399
0.0494523
-0.0994329
0.261902
-0.018623
0.102042
-0.268466
0.259269
-0.172507
0.464921
0.153339
0.504611
-0.392279
0.209918
-0.191551
0.00652839
0.116882
-0.137598
0.229031
-0.0406336
-0.17748
-0.407186
-0.388916
-0.197856
0.47739
0.0466249
0.390351
-0.173455
0.0533426
0.098606
0.406501
-0.293657
-0.436025
-0.420242
0.06596
-0.497664
0.429518
-0.0604692
0.104712
-0.0759998
-0.198695
0.414572
-0.0720062
-0.225396
0.286727
-0.0260622
-0.260538
-0.37883
-0.129583
-0.0527227
0.167874
0.0922632
-0.0993518
0.0859358
-0.469329
-0.0353356
-0.389063
-0.0443483
-0.159124
0.148026
-0.147787
0.254198
0.207308
0.0935298
0.0983704
-0.281352
-0.312969
-0.434415
0.022244
0.0481552
-0.341037
0.436888
0.535905
0.0232774
-0.242486
0.310846
0.565258
0.274416
0.394403
-0.197022
0.0312274
0.143027
0.440948
-0.226342
-0.468327
-0.338866
-0.078641
0.457965
0.320257
-0.0370376
-0.226184
-0.269424
0.353463
-0.303482
-0.223658
-0.00638336
0.206398
0.132591
-0.439568
-0.148236
0.0540272
-0.556546
-0.165947
0.217543
-0.505384
0.0346091
0.191727
0.329719
-0.152161
0.388827
0.387315
-0.184651
0.138413
-0.572736
-0.300379
-0.234598
0.150772
0.109801
0.0126802
-0.544762
0.191818
-0.245134
0.399393
-0.127658
-0.56782
0.032936
0.31169
-0.0542139
0.209083
-0.0665082
0.232542
0.798932
0.45865
-0.42273
-0.199744
0.541135
0.313995
0.284978
0.0802893
-0.177578
0.38868
-0.184209
-0.232572
0.0741021
-0.158651
-0.110619
0.394708
-0.351895
-0.177591
0.312157
0.348774
0.350329
-0.306836
-0.305499
0.4112
0.131266
-0.0314723
-0.343179
0.380879
0.260596
-0.0694031
-0.142741
0.375729
-0.0839664
0.331064
-0.374002
-0.00707925
-0.143965
0.282746
-0.312578
-0.0501246
0.324019
-0.195479
0.0158975
0.293491
-0.290555
-0.193389
-0.23943
0.0799106
0.537298
-0.200474
0.288128
-0.34187
0.338661
0.426527
0.044487
0.115787
-0.113011
0.215671
-0.324646
-0.33472
0.0270722
0.271445
-0.255873
-0.3221
0.239844
-0.044206
-0.35576
-0.213784
0.149481
-0.336996
0.170208
-0.360466
-0.52804
0.244539
0.188775
-0.393477
0.0497809
-0.0998639
0.0131044
-0.291411
-0.0436681
0.122828
0.298023
0.295319
0.321862
-0.00911715
0.210364
-0.0600253
0.0752897
0.507958
-0.0140737
0.232086
-0.382968
-0.00528954
-0.283239
-0.373467
-0.297219
0.3981
0.550875
0.05036
0.415474
-0.031205
0.232056
0.249981
0.0922911
0.124296
-0.0160211
-0.447374
0.249732
0.228123
0.30895
-0.0333421
0.338689
-0.154625
0.268666
-0.220878
0.0106233
-0.284762
-0.229722
0.014073
-0.0993172
-0.118245
-0.0121664
-0.306859
0.108238
0.36649
-0.344963
0.323083
0.280016
-0.373343
0.242403
0.241094
-0.390519
-0.01102
-0.481016
0.234224
0.370732
-0.494991
0.204927
-0.490505
0.0114287
-0.121486
-0.38276
-0.347806
-0.501526
0.386425
-0.0575266
-0.0883046
0.0665989
0.0943304
0.54164
0.696113
-0.165226
0.092218
0.288364
-0.210255
0.00697341
-0.00586494
-0.470095
0.00716711
0.233865
0.0613726
-0.151077
0.32917
0.00992321
-0.171064
-0.455852
0.127182
0.146078
-0.0896876
-0.321514
0.205953
0.31897
-0.357483
0.250152
-0.0171234
-0.364124
-0.274374
0.147013
0.189265
-0.0579079
-0.434598
-0.146361
0.37095
0.140221
-1.47912
-0.148102
0.352079
-0.692798
-0.331866
-0.125156
0.163515
-1.25846
0.430665
0.266576
-0.36099
0.254418
0.473403
0.436247
0.249834
-0.303431
0.676874
0.205052
-0.0532348
0.422694
-0.0930105
0.098743
0.156225
0.118569
-0.2888
0.0161247
-0.393006
0.306577
0.0868671
-0.00390999
0.317157
-0.276304
0.185575
0.16894
0.123449
-0.0952997
0.0760063
0.00285959
0.546186
0.176038
-0.206877
-0.106988
-0.0479827
0.298108
0.0797786
-0.157224
-0.101314
-0.369515
-0.0200656
-0.303031
-0.0811266
-0.330904
0.00901807
0.405314
-0.476939
-1.23489
0.483533
0.761816
-0.279012
0.47686
-0.0314683
-0.36428
0.402543
0.479294
-0.485739
0.208802
-0.0412916
-0.401384
-0.227895
-0.120227
0.44894
0.194947
-0.13806
0.273837
0.330943
0.00470812
0.0142953
-0.330269
-0.0678647
0.577859
-0.160906
-0.127389
-0.186874
0.561986
0.374153
0.153913
-0.190826
-0.296847
0.448161
-0.413266
-0.323841
-0.376013
0.411999
-0.0505921
0.123589
0.206298
0.676218
0.160912
-0.194425
0.206591
0.0600255
-0.107354
-0.205839
3.26377
1.17542
0.404385
-0.442245
0.123743
0.0632201
0.0464564
0.0785759
-0.350609
0.186546
0.128866
-0.215547
0.319404
-0.144275
-0.0778353
-0.293787
-0.124695
-0.226017
-0.265807
0.164835
0.00242931
-0.217334
-0.0696312
0.0643752
-0.192383
-0.0332552
0.278365
-0.21312
-0.0926702
-0.0483423
-0.139586
0.271239
-0.231445
0.264861
-0.124361
-0.320499
0.120173
0.277602
0.165481
0.21627
-0.00159705
-0.368171
-0.603453
0.0999476
-0.101448
-0.258026
-0.179347
0.362388
-0.443702
-0.652573
-0.405028
-0.244008
0.615498
-0.288312
0.404049
-0.299378
0.0253359
0.0950689
-0.106191
0.208246
0.394758
0.127948
-0.269903
0.437652
0.219522
-0.389215
-0.375295
0.0963287
0.195323
-0.219047
-0.0336355
0.47788
0.459904
-0.46755
-0.309941
0.0561569
0.113645
0.106286
-0.0199377
-0.0184432
0.197494
-0.290157
0.141067
0.371739
-0.457811
0.0519442
-0.275653
0.0545898
-0.400253
0.581976
0.153585
0.07947
0.265591
-0.403952
0.480317
-0.259435
0.163191
-0.340933
0.607101
0.25838
0.0637748
-0.516884
0.304862
0.33927
0.138343
0.208246
0.218176
0.330934
0.052968
0.0358631
0.158947
-0.232076
-0.1051
0.350552
-0.354925
0.422255
-0.280403
0.341697
-0.143964
-0.127487
-0.452573
-0.134623
0.28346
0.42194
-0.175417
0.353992
-0.216701
0.124443
0.085432
0.141293
0.123248
-0.160651
0.426762
0.0597809
-0.205315
-0.380012
-0.112719
0.309076
-0.077928
0.00894442
-0.526227
0.239746
0.439488
-0.0120966
0.370942
0.83479
0.633995
0.572566
-0.285568
0.261577
0.0591082
-0.363198
0.176162
-0.0113589
-0.229987
0.0242338
0.511864
0.503927
-0.183984
0.052775
-0.0889266
-0.417219
-0.381404
0.313071
-0.164691
-0.0888968
0.415074
-0.135977
-0.189496
0.34512
-0.0651095
0.409382
-0.572739
-0.416942
-0.0904965
-0.184787
-0.445837
0.268565
0.254975
-0.0262779
0.160947
-0.0136402
0.152759
0.0427608
-0.131955
0.286074
-0.26238
-0.0588838
-0.283933
-0.233702
0.0795193
0.320443
-0.0712413
0.264351
-0.0434445
0.194731
0.406813
-0.397843
0.431829
-0.284219
0.0611451
-0.356568
0.0888585
0.237276
0.225068
-0.335712
-0.0203445
-0.479692
0.365076
0.234316
-0.511884
0.428843
0.226556
0.0452424
0.0949513
0.0572587
-0.159759
0.0269821
-0.124113
-0.139655
0.402015
0.462459
-0.128251
0.241217
0.385832
0.32949
0.0579738
-0.296172
0.283195
-0.0330255
0.169909
-0.114358
-0.554233
0.577328
0.167755
0.274002
-0.120078
-0.301182
0.157369
-0.0493192
-0.891991
0.493352
-0.0815254
-0.197014
0.712994
0.571522
-0.163734
0.172284
0.0586579
0.0729626
0.155522
-0.177582
0.39407
0.134082
0.0481624
-0.312749
-0.380567
0.343514
-0.130972
0.0157725
0.0667827
0.136873
0.222669
-0.234058
0.0539393
0.00888255
0.283941
-0.193975
0.383203
-0.0440442
0.0710827
0.292413
0.335089
-0.275446
-0.405072
-0.192006
-0.131021
-0.190162
0.182566
-0.0853369
-0.356264
-0.475829
-0.270081
0.0634507
0.852185
-0.122445
0.385746
0.477779
-1.34942
-0.342171
-0.320925
-0.325747
-0.118673
-0.0604331
0.0178968
0.0580377
-0.0877456
0.524407
-0.354074
-0.19893
0.161867
-0.306584
0.164087
0.349205
-0.367234
-0.156965
-0.128576
-0.0955781
-0.155862
0.246902
0.255936
-0.282548
0.408695
0.253056
-0.141159
0.225497
-0.326888
0.0614141
0.174288
-0.140895
0.296306
-0.106751
0.482523
-0.322906
0.00227678
-0.422807
0.173002
-0.169297
-0.407821
0.565007
-0.105237
0.250161
0.197608
-0.293553
0.363898
0.378338
0.591357
-0.30552
-0.271871
-0.12068
0.0851324
0.279271
0.0509576
0.30153
-0.316083
0.206212
-0.195779
0.252708
-0.228195
-0.127121
-0.124251
0.326829
0.092708
-0.0737648
0.136319
-0.409676
-0.416613
-0.15102
0.297157
0.305711
-0.154441
-0.175834
0.269118
-0.33424
-0.396777
0.225873
0.389339
-0.30046
0.312816
0.0566336
-0.124154
0.373219
0.26102
0.331915
-0.186621
0.276689
-0.0478611
0.643277
0.123472
0.0365038
0.13789
0.460206
0.327434
0.339692
-0.129607
0.545198
0.248033
0.327631
-0.435572
0.0951161
0.42366
-0.418554
-0.22661
-0.00267055
-0.380267
-0.216729
0.0988434
-0.415749
0.213715
-0.0405295
0.0330498
-0.0951576
0.325678
-0.103712
-0.0376925
-0.159743
-0.244342
-0.286674
-0.406962
0.0609757
0.0577142
0.0830935
-0.0280041
0.0458144
-0.503505
0.0936413
0.0342493
0.262773
0.0774897
-0.0548881
-0.0415062
-0.320846
-0.471504
0.13701
-0.118025
0.244037
0.219081
0.44153
0.429866
-0.566893
0.0553443
-0.242488
0.652584
0.41601
0.0126517
-0.16336
-0.354072
0.190304
-0.502438
-0.268828
-0.440709
-0.224456
0.0237099
-0.289765
-0.190455
-0.297283
-0.458378
0.275106
0.15476
0.190293
-0.219649
-0.20431
0.0669935
-0.412227
0.277939
-0.437347
0.195977
-0.276894
-0.483236
-0.154514
-0.483527
-0.20511
-0.30729
0.0528637
-0.285007
-0.190224
0.219288
-0.209538
0.23381
0.0906342
0.238664
-0.0157275
-0.22424
-0.0318323
-0.211659
-0.250695
0.268098
0.427689
0.41464
0.49018
0.0366994
-0.108767
0.305556
0.325303
0.171255
0.0449599
-0.0984932
-0.351582
-0.490986
0.265473
0.214051
-0.417454
0.325677
0.290831
-0.0661237
0.0598624
-0.170271
0.0205623
0.281703
-0.330313
-0.612747
0.12283
-0.360542
-0.576353
-0.500765
-0.507858
-0.148937
0.304914
0.370587
0.120192
-0.343223
-0.414619
-0.168982
0.0206835
-0.378199
-0.309427
0.345769
-0.307277
0.375109
-0.0838317
-0.329051
-0.492973
-0.404537
0.382464
-0.124673
-0.0320599
-0.0682671
0.436236
-0.216546
-0.0257136
0.323281
-0.099538
-0.0204374
0.403156
0.465015
0.542965
0.307305
-0.0965706
0.371172
0.220289
-0.1027
0.143367
0.273652
-0.18955
0.344211
-0.18656
-0.204643
-0.110502
0.492676
-0.18583
0.122331
-0.192174
-0.376974
0.218503
-0.0833357
0.0492068
0.533826
0.470798
0.245024
0.529034
0.0688596
0.38069
-0.405378
0.363836
-0.395577
0.14383
-0.260364
0.199209
-0.393333
-0.154025
-0.102667
-0.611334
-0.0868314
-0.341856
0.361719
-0.472869
0.891451
-0.148455
-0.214015
-0.390515
0.0776983
0.111209
-0.261666
-0.317169
-0.018707
-0.0598426
-0.0712642
0.185565
0.256614
0.0684658
-0.0529929
0.0881383
-0.501319
-0.118812
0.333607
0.239512
-0.255094
-0.249109
-0.166325
-0.199391
0.412671
0.406768
-0.296875
0.321285
-0.338048
-0.232866
-0.311847
0.197331
0.270911
0.560125
-0.0702267
-0.258244
-0.248008
-0.107502
0.13984
-0.0242886
0.384215
-0.143201
0.127981
0.0844944
-0.468315
0.322318
-0.206079
-0.434157
1.47081
-0.0465078
0.262635
0.550344
-0.022154
0.312394
0.404418
-0.0378135
0.173688
0.380554
0.138274
0.184929
0.207836
-0.453827
0.260798
0.356314
-0.196511
0.0356941
-0.226649
0.233106
0.11291
0.280355
-0.210763
-0.333485
0.400388
-0.262102
-0.164167
0.180983
-0.0888414
-0.321802
0.181762
-0.303685
0.174485
0.273127
0.235466
-0.0745163
-0.334953
-0.0623442
-0.0291845
0.274155
-0.105922
0.216398
0.274363
-0.117147
-0.618024
0.244999
0.0504659
-0.375623
1.41899
0.561958
0.0916611
0.150426
-0.053012
0.109912
-0.622054
0.325856
0.27857
-0.370865
0.384653
-0.105643
0.00288979
-0.412847
0.304172
0.272145
-0.153976
0.152983
-0.421887
-0.211635
0.26634
-0.294058
0.361002
0.0494998
-0.189471
0.316473
-0.290491
0.143617
-0.370908
-0.120401
0.322248
-0.105553
0.351964
-0.336964
-0.260562
0.206193
0.349366
-0.167696
0.481082
-0.165492
-0.279485
0.158802
0.350575
-0.0131517
-0.399988
0.414587
0.443308
-0.218182
0.436378
-0.17603
-0.00783525
0.702019
0.037086
-0.360517
-0.311467
0.412044
-0.117114
-0.00211766
-0.312182
-0.0142058
-0.430707
-0.251759
-0.129274
0.429223
-0.246753
-0.153846
0.388835
0.000759863
-0.26323
0.183046
-0.242155
0.164696
0.397635
0.0515749
0.133366
-0.244096
0.349419
0.149768
0.277731
-0.0581549
0.368272
0.381465
0.364546
-0.137181
-0.379889
0.116705
0.399717
0.0029761
-0.206622
-0.305616
-0.25817
0.190623
-0.593984
0.738066
-0.489217
0.163932
-2.4208
-0.355046
-0.0280287
0.299072
0.0631895
0.256502
-0.154106
-0.22857
0.00442131
0.322546
0.258929
0.0975755
-0.299929
-0.068626
0.167919
0.0230851
-0.361856
-0.383353
0.311328
-0.118785
0.478148
-0.319652
-0.166479
-0.000224104
0.207684
0.126436
-0.0615724
-0.0230438
0.153682
-0.301442
0.00132357
0.235564
-0.0869718
0.0240251
0.0307885
0.134572
-0.00522494
0.0902057
0.189887
-0.185526
0.386765
0.649125
-0.228105
-0.0435584
0.378335
-0.498757
0.294338
-0.0389183
-0.111896
0.351077
-0.04667
0.00616203
-0.660394
0.0586126
-0.473301
-0.265696
0.0236636
-0.223713
-0.24518
-0.0559902
-0.189545
0.0263762
-0.104233
0.445413
0.0243506
-0.336466
0.0376297
0.293009
-0.217671
-0.164828
-0.267644
-0.0235477
-0.145245
-0.360948
-0.169244
-0.0901411
0.232133
-0.382143
0.123573
0.317617
0.384373
-0.484639
0.342232
-0.509906
-0.413647
0.346728
-0.236224
-0.0310447
0.257064
0.26474
0.348648
-0.111995
-0.39672
-0.0337768
0.177503
0.421429
0.716545
0.495942
-0.196387
-0.455745
0.352601
0.194014
0.315146
-0.161007
0.41294
0.473758
-0.437922
0.0371254
0.0183704
0.0695896
-0.503544
0.106688
0.393058
0.0276388
0.348708
0.205672
-0.301314
0.34218
-0.0199049
0.320114
-0.0915243
-0.34275
-0.162852
0.108066
0.335303
-0.250379
0.127183
0.348613
0.209617
0.114464
-0.494532
0.200524
0.165902
-0.0754431
-0.40127
0.1436
-0.448494
0.495735
0.165981
-0.0821806
-0.0789393
-0.249369
-0.136351
-0.036393
-0.341248
-0.527824
-0.633711
-0.595894
-0.480934
-0.0723809
-0.112538
0.206994
0.05596
0.115652
0.272896
-0.386849
0.291709
0.164589
0.0863362
-0.45114
0.0204922
0.177614
0.0337003
-0.397202
0.186635
-0.591265
-0.150993
0.197334
0.367004
-0.0814421
-0.188452
-0.352747
0.460023
0.368991
0.0378751
-0.204257
0.315859
0.511593
-0.262459
-0.189515
0.124197
0.149627
0.0254489
0.496167
-0.0447167
0.0642816
0.299357
-0.0169842
0.494392
0.336406
-0.104446
0.171173
0.492497
0.411277
0.388475
-0.115245
0.0756385
0.309048
0.576421
0.052981
-0.258341
0.260454
0.226254
0.112957
0.0265635
0.26332
0.303497
-0.0183654
0.0275298
0.484522
0.440667
-0.060597
0.124726
0.138075
-0.0590751
0.499056
0.645723
-0.174582
-0.0944393
0.434358
0.318958
0.336994
0.137253
0.246782
0.343881
0.575631
-0.187695
0.483583
-0.135456
-0.188543
0.369274
0.262476
-0.262423
0.414766
0.298742
-0.270414
-0.121133
-0.355147
0.225084
0.321097
0.100896
0.105642
0.356815
0.280806
0.305161
-0.0997778
0.219523
-0.00962521
-0.216066
-0.143908
-0.0538398
-0.0815834
0.419483
-0.251474
0.0499466
-0.163173
-0.296968
0.34459
-0.0763296
0.298053
0.189491
0.313328
-0.159182
-0.483779
-0.00184772
-0.284477
-0.307339
-0.25403
0.243311
-0.347543
-0.168034
0.529258
-0.448828
0.348348
-0.312973
0.229818
0.129258
-0.517376
0.253518
-0.266059
-0.143049
-0.552473
0.255913
-0.398031
0.0827675
0.294734
0.532001
-0.38117
-0.29509
0.332202
-0.33436
0.0128111
0.391882
-0.0680531
0.394994
0.351088
0.385348
0.050935
0.170101
0.195233
-0.463595
-0.444786
-0.337148
-0.214274
0.255238
-0.351096
0.332335
-0.00411424
0.356996
-0.135801
0.0988097
-0.162221
0.24281
-0.233076
0.0415115
0.200378
-0.0159788
-0.227802
0.019784
-0.180393
0.200566
-0.395671
-0.0850018
-0.374463
-0.423022
-0.456652
0.474717
0.474703
-0.037385
0.0227882
0.0738817
0.471175
0.679522
0.14179
0.110305
0.106207
0.0462398
-0.355091
-0.0248234
-0.0778502
0.344967
-0.420934
-0.28475
0.388705
0.48202
0.0698017
-0.130302
0.309655
0.259329
-0.0628407
0.495796
-0.311494
-0.405476
0.363356
-0.37075
0.194816
-0.33536
0.31719
0.189582
-0.0436239
0.385561
0.338862
-0.300737
0.338892
-0.0748757
-0.407961
0.225043
-0.405547
-0.382927
0.142839
0.0104558
-0.147595
-0.108647
0.149529
0.122571
0.456873
-0.451132
0.110595
-0.618522
0.451962
0.0407229
-0.282392
0.248263
-0.39914
0.184975
-0.407736
-0.208778
-0.23459
0.283349
-0.409044
-0.0547501
0.365049
4.80798e-05
-0.294573
-0.244297
0.341884
0.520562
0.203255
0.34106
-0.206803
-0.00636111
-0.0353915
-0.279083
-0.293764
0.171646
0.528788
-0.0625473
0.354979
-0.24876
0.184747
0.221331
0.479443
0.080152
0.0835028
0.497781
0.00230135
0.298725
-0.267906
0.311257
-0.450943
-0.357206
-0.251615
0.0419605
0.547851
0.417477
-0.0311802
-0.0472339
0.175383
0.18585
0.028685
-0.304751
-0.0078062
0.378957
0.468867
-0.157398
0.348949
-0.139113
-0.383967
-0.0400559
0.182141
0.475796
-0.0261498
0.30047
0.490726
-0.05108
0.309991
0.297215
-0.359291
0.199845
-0.138021
-0.215326
0.152335
-0.297954
0.465489
-0.36002
-0.195168
-0.153751
0.348198
0.0568591
-0.104762
0.183551
-0.460691
0.3838
0.306792
0.307537
-0.192289
0.367398
-0.475572
0.233366
0.27441
-0.395784
-0.104368
-0.389007
0.0986531
0.0783847
-0.0956754
0.127498
0.0216569
0.0499563
0.432444
-0.327635
0.214237
-0.481559
-0.223852
-0.270718
0.312051
0.453508
0.274845
-0.408495
0.0131238
-0.315213
0.487879
-0.359425
0.320523
-0.442592
-0.0436079
-0.00152175
0.00160053
0.150447
-0.228348
0.0560992
0.328276
0.384014
-0.140991
-0.297429
-0.0646658
-0.210635
-0.132833
-0.124095
0.0145554
0.408457
-0.158297
0.262594
0.174295
0.366294
-0.2072
0.429803
-0.0578804
0.148167
0.365058
-0.206389
-0.255659
-0.611211
0.315403
-0.264401
0.296574
-0.294396
0.162971
-0.010069
0.0431133
-0.341526
0.382967
-0.367726
-0.341706
0.0919108
-0.394744
0.0675702
-0.00582045
-0.387692
0.386023
-0.126884
-0.353965
0.146238
-0.477934
-0.0219832
-0.320766
-0.318686
0.262555
-0.361835
-0.0330132
0.18361
0.516262
0.130302
0.27757
-0.0825431
-0.262177
-0.0832757
0.564667
-0.111851
-0.282212
-0.0111251
-0.407514
0.23351
-0.421155
-0.564787
0.44224
0.203492
0.241573
-0.330177
-0.179049
0.217351
-0.137554
-0.252105
-0.236324
0.111473
-0.40165
-0.396608
-0.0565614
0.168068
-0.00321277
-0.0163303
-0.26801
0.101232
0.489638
-0.0960986
-0.290347
0.420096
0.365099
0.0964188
0.0355513
-0.0553731
0.32715
0.43145
-0.184443
0.215908
-0.191268
-0.0187616
0.348049
0.118508
-0.194765
-0.00298416
0.00847687
-0.0476742
-0.381746
0.149131
-0.287741
0.166996
0.471559
-0.318108
0.180671
0.495662
0.0837721
-0.502763
0.20579
-0.475493
0.320969
-0.266354
-0.223877
-0.613028
0.0582297
-0.345127
0.138436
-0.167306
-0.461704
-0.00472199
-0.277734
-0.283523
-0.122244
0.457307
0.278922
0.0243221
0.215571
-0.316527
-0.0478635
-0.120697
-0.501341
-0.484269
-0.286109
-0.0985839
0.445683
0.343631
0.128425
-0.266117
0.269292
-0.46323
0.466845
-0.0930056
-0.268438
-0.16457
-0.0357282
0.297272
0.105117
0.192013
0.339129
0.393528
-0.202993
0.00587553
-0.320433
-0.362518
0.140757
-0.0387569
0.135198
-0.00514836
-0.515521
-0.0280082
0.369093
0.438051
0.0941571
0.452225
-0.120755
0.399697
0.154257
0.365899
-0.368751
0.222694
0.318334
0.019297
-0.447255
-0.157941
-0.200457
-0.728851
0.304039
-0.240034
-0.582443
-0.393256
-0.467222
-0.418255
-0.177452
-0.223902
-0.303623
-0.186395
0.219164
-0.0422582
0.209367
-0.613832
-0.595547
-0.391492
-0.208794
-0.575288
-0.111441
-0.439268
-0.313352
-0.16929
-0.0361855
-0.232698
0.373494
-0.511194
-0.182768
0.210646
0.144597
-0.620409
0.0816177
0.49678
0.0803849
-0.493442
0.164049
-0.236741
-0.0149962
0.00625822
0.145793
0.199766
0.307861
-0.56882
0.266426
0.405358
0.290033
0.0176378
-0.378448
0.490813
0.0679929
0.54991
0.121812
0.432309
0.398252
0.0764955
0.395431
-0.311161
0.107753
-0.475309
0.0159421
-0.273668
-0.0772644
0.259487
-0.195141
-0.419122
-0.228594
0.473127
-0.00734424
0.333258
0.439863
0.342188
-0.259888
-0.326819
-0.310732
-0.234411
-0.420982
-0.0912741
-0.241818
-0.274124
0.28172
0.130093
0.32453
-0.35915
0.278404
0.373605
0.193947
-0.0464731
0.369166
-0.120464
-0.374941
-0.015367
-0.443478
0.199131
0.240478
-0.384033
-0.367689
-0.492053
-0.41536
-0.225934
0.401412
-0.00294148
0.0655407
0.282235
0.14218
0.332055
-0.249359
-0.109845
-0.0403678
-0.0371628
-0.104076
-0.0579401
-0.266001
0.276957
-0.241725
-0.0790885
0.356533
-0.357643
0.00190097
-0.343337
0.21389
-0.0553761
-0.174551
0.455277
-0.291482
-0.418028
-0.392926
-0.411835
0.141972
-0.303359
-0.586707
0.0466922
0.227358
0.287573
-0.378629
0.169425
0.305635
0.334909
-0.325189
-0.311866
0.187034
0.401249
-0.338124
0.481214
0.309041
-0.270757
-0.332333
-0.405218
0.393543
0.299429
-0.0898757
0.326695
-0.224188
-0.163389
-0.364864
-0.0758958
-0.466398
-0.035602
-0.236415
-0.295893
0.121682
-0.0340517
0.333986
0.172471
-0.160677
0.229009
-0.21128
-0.16143
-0.384243
0.12595
0.45408
0.354494
0.112721
0.384202
-0.392167
0.210533
0.160707
-0.311095
-0.163388
-0.10928
-0.632581
0.182733
-0.234127
-0.355588
0.461348
0.468977
-0.188512
-0.525265
-0.011918
-0.536621
-0.38
0.160359
0.276469
-0.16783
0.351967
0.695257
0.369537
0.0841231
0.314199
0.284379
0.720557
-0.0702528
0.474307
-0.202573
0.0511855
0.653939
0.0254774
-0.19088
-0.695583
0.272754
0.492137
-0.328292
0.218919
-0.272996
0.593823
-0.0701838
-0.0675389
0.0835788
0.46568
0.637513
1.00223
-0.226681
0.419402
1.06474
-0.124457
0.393317
-0.308501
-0.0968063
0.522422
0.211441
0.455121
0.377176
-0.363485
0.332496
1.21192
0.505191
-0.643563
-0.391938
0.790075
0.000263416
0.103485
0.224196
0.211267
0.271403
-0.727601
0.391993
0.455984
-0.693896
-0.344161
0.197243
0.247206
-0.300292
-0.106759
-0.196326
-0.40399
0.176013
-0.0805596
0.00304703
-0.603702
-0.422876
-0.202804
0.0598615
0.35506
-0.337067
-0.597528
-0.58145
0.310982
-0.592902
0.383918
0.28842
0.381063
0.279077
-0.297061
-0.291091
0.292862
0.00389022
-0.541101
-0.63117
0.0607018
0.410565
-0.362889
-0.299255
-0.718555
-0.440346
-0.546111
0.211302
0.128799
-0.288197
-0.523867
-0.193664
0.317955
-0.431456
-0.200814
0.365588
-0.20135
0.10714
-0.400818
-0.213976
-0.297463
-0.359785
-0.246037
-0.0111486
-0.146041
0.059073
-0.321156
0.44177
0.375764
0.0538308
-0.0483754
0.469094
-0.374774
0.205795
0.343929
0.31251
0.36795
-0.0580413
-0.386041
-0.00493128
-0.0813778
-0.0375632
-0.286941
0.399949
0.413686
0.292165
0.0244902
0.145662
-0.0425737
0.212715
0.178538
0.515983
0.245655
-0.01067
0.0214093
0.0530245
0.0875576
-0.529902
0.220433
0.292496
-0.0356356
0.458619
-0.0723611
-0.431145
-0.1083
0.427017
0.202021
-0.0701393
-0.13738
-0.175155
-0.374484
-0.387944
-0.227839
0.113611
-0.0872055
-0.152042
0.161548
-0.383711
-0.383739
0.108178
0.13991
-0.254081
0.517037
0.254408
-0.323524
0.487538
-0.0581832
0.0110846
0.460738
0.448126
-0.591838
0.124464
0.56332
0.0193764
0.399975
-0.144237
-0.163997
-0.11557
0.289184
-0.263009
-0.443956
0.0180338
0.110925
0.151502
0.302125
0.417134
-0.0540671
0.0326925
-0.0533036
-0.119587
-0.473378
-0.46446
-0.0916692
-0.278272
-0.291012
0.0797445
0.0571386
-0.187443
-0.219603
0.179355
0.415876
0.419631
0.204833
-0.652498
0.150882
-0.125516
-0.374451
-0.127442
-0.11646
0.293848
0.338362
0.441638
0.332966
0.188992
-0.291604
-0.449415
0.382425
-0.366596
-0.257926
-0.131153
-0.137199
-0.213353
0.171092
-0.38811
-0.0813612
0.00457012
-0.213209
-0.158395
0.21084
0.0312103
0.390646
-0.034318
-0.580658
0.0849099
-0.140086
0.330801
-0.256955
0.22975
0.0541439
-0.303684
0.0717903
0.0734641
-0.0541166
-0.319301
-0.389132
0.0935068
-0.249299
0.516832
0.184265
-0.107839
-0.192504
0.167422
0.0575462
-0.211004
-0.0184452
0.0928692
0.137383
0.537606
0.574902
-0.0337798
-0.235783
0.366003
0.157249
0.0579601
0.441549
-0.0278118
-0.240392
0.1926
0.285081
-0.00709208
0.406296
0.236993
0.00790179
0.216317
0.163827
0.558881
0.418775
0.0230365
-0.341563
0.21557
-0.00358622
0.367357
0.24617
0.343922
0.178596
-0.0655006
0.287563
0.119528
-0.236153
-0.0917309
-0.394772
-0.504053
-0.368614
0.374116
0.349686
0.239811
-0.174702
0.0696782
-0.499566
-0.62919
-0.295822
-0.28735
-0.233039
0.0783553
-0.0341336
0.195444
0.019145
-0.471063
0.364327
0.137203
-0.0872648
0.0825496
0.306142
-0.0213213
-0.104694
0.265697
-0.632673
-0.190692
-0.525798
-0.0609523
-0.498347
0.30053
0.281296
-0.191153
0.208019
0.170826
-0.560587
0.0396465
-0.348815
-0.340125
-0.583598
-0.400268
-0.290691
0.255765
-0.179528
-0.183581
-0.426549
-0.566167
0.358579
-0.364133
-0.138983
-0.527081
0.267659
0.268258
-0.442046
0.447554
-0.129289
0.574202
0.258648
0.00638692
0.0666701
-0.10899
0.470608
-0.0111127
-0.196231
-0.280578
0.147525
-0.255887
-0.266805
0.0727429
0.0465917
0.556989
-0.00170537
-0.177067
-0.0227293
-0.107071
0.247462
-0.29029
0.521009
-0.399836
0.145602
0.157961
-0.124482
-0.152757
0.0761619
-0.478404
0.02429
-0.472218
0.100404
-0.280007
-0.0691825
0.52778
0.177618
0.0202894
-0.220019
-0.320132
-0.0755663
-0.0312245
-0.335654
-0.667899
0.0268601
0.0612733
-0.263045
-0.449227
0.101442
-0.118446
0.141565
-0.0346859
0.144316
0.152054
0.268506
-0.131551
-0.542264
0.0686089
0.432423
-0.611654
0.134871
-0.371275
-0.36548
-0.657263
-0.562928
-0.198068
0.118003
-0.573713
-0.134764
-0.445438
-0.579955
0.0397805
-0.0755943
-0.130969
-0.103664
0.0993643
-0.159983
-0.287911
0.294348
-0.0831854
-0.174214
0.0451647
0.263736
-0.741699
-0.00440083
0.479392
-0.0740481
-0.370065
-0.126452
0.354776
0.0477655
-0.258692
-0.233252
0.125998
-0.366191
0.13133
0.120325
0.426107
-0.132853
-0.376511
-0.314077
0.0951939
0.123892
0.310055
-0.346237
-0.436584
0.027361
-0.366721
-0.240326
0.416108
0.110951
-0.23599
0.051826
0.143441
-0.379047
-0.0108323
0.415741
-0.309454
-0.175202
-0.0309173
0.448191
0.0249643
-0.288363
-0.131613
-0.173742
0.110373
0.144687
0.379684
0.338904
-0.313543
-0.124464
0.101839
0.428831
-0.274988
-0.173484
-0.36941
-0.340596
-0.0421762
0.31936
-0.144102
0.0435927
0.42177
0.226074
-0.440461
-0.0506099
0.0739007
0.347655
-0.382033
0.435391
-0.349355
-0.0524692
0.361002
0.206
0.251171
-0.0550111
-0.455163
-0.0235717
-0.0773492
-0.158277
0.312407
0.476142
-0.398414
0.271211
0.113426
0.19532
-0.170931
-0.0340986
0.107599
0.294111
0.388482
-0.382649
0.403724
-0.0986357
0.0467496
0.113709
-0.46122
0.335497
0.451098
-0.235867
0.0192274
-0.177914
-0.395588
0.455764
0.448114
-0.117624
-0.33491
0.251565
-0.17027
0.103208
0.183677
-0.25921
0.0334831
0.177628
0.221107
-0.203762
0.121137
0.298204
0.424274
0.0438504
0.183245
0.333822
-0.156623
0.0918897
-0.298014
0.604037
-0.0691681
-0.165324
-0.281279
0.501402
0.143746
-0.111273
-0.12089
0.0142636
-0.00374685
-0.302091
-0.158189
-0.274264
-0.0645362
-0.104251
0.463998
0.37356
-0.402735
0.106278
0.146641
0.052023
0.309097
-0.130646
0.266376
-0.254798
-0.14336
-0.00947214
-0.494989
-0.488428
-0.309949
0.365393
0.0914922
-0.103038
-0.239002
0.0728874
-0.267204
-0.265311
0.0459098
-0.40216
0.195259
0.0560205
0.130731
0.395245
0.0275463
0.235543
-0.0584574
-0.0320568
0.41723
0.396295
-0.457677
0.357921
-0.169809
0.118215
0.0382123
-0.095333
0.366559
0.501619
-0.00818869
-0.162422
-0.263112
-0.375647
0.300867
0.292922
0.450215
0.3924
-0.269792
-0.0982516
0.426694
0.361181
-0.289083
0.0901846
-0.0600092
0.428063
0.0729293
0.176079
-0.129305
-0.327816
-0.333597
0.162578
-0.157279
-0.246189
0.270984
0.0805906
-0.424121
-0.395725
-0.486931
0.0544541
0.260542
0.232836
-0.474256
-0.127052
-0.251128
-0.405449
-0.202548
0.361312
-0.5219
0.0241603
-0.0587541
-0.15963
-0.0121692
0.0117357
0.0544408
-0.445105
0.0108671
-0.518269
-0.201053
0.0691031
0.210964
0.0498095
-0.0552013
0.383066
-0.461197
-0.441415
0.0421011
-0.231935
0.155074
-0.618063
-0.265539
-0.308393
-0.165898
0.338021
-0.463576
-0.601902
-0.556696
0.259406
-0.43495
0.108994
-0.410596
-0.37713
0.278606
-0.918048
0.984663
-1.24768
-0.379828
-0.838765
-0.0156239
0.468804
-0.334479
0.22254
0.0190814
-0.391717
0.642493
-0.173066
-0.773322
0.275315
0.454587
-0.952711
0.562333
0.406743
-0.404925
0.13936
-0.310148
-0.295572
-0.245831
0.127161
0.806208
1.30103
0.98783
-1.78627
0.0295377
-0.206843
-0.101711
-0.000673734
0.488052
1.2702
-0.597277
0.157407
-0.0512186
-0.12646
0.496076
-0.393397
-0.904734
-0.794311
-0.497339
1.25321
0.195001
-0.579767
-0.2727
0.0513606
0.138645
-0.0907926
-0.0945504
0.377065
-0.0883257
-0.389709
0.297369
0.346889
0.0131204
0.0509468
0.0422656
0.327968
-0.32444
0.336982
-0.402421
0.229323
0.534972
0.102823
-0.178029
-0.325148
-0.371084
0.459397
0.22275
0.460671
0.314067
0.503213
-0.0429414
0.178894
0.0601994
-0.0671479
0.0984054
-0.395281
-0.21826
0.0761386
0.434697
0.183435
-0.122914
0.233569
0.374999
0.427262
-0.0400123
-0.472155
0.195874
-0.0884919
-0.134224
-5.92204e-05
-0.0679781
0.426693
-0.348664
-0.44033
-0.548298
0.339632
-0.137241
-0.283174
0.451191
-0.173105
-0.372644
-0.336332
-0.0444639
0.0605484
0.0844836
0.110058
-0.0911299
-0.402878
0.00718764
-0.453826
0.316163
-0.169962
0.193909
0.133672
-0.363127
0.0266261
0.254394
-0.28899
-0.419988
0.141431
0.162799
-0.506274
0.348332
-0.415005
0.16268
0.232401
0.187641
0.443236
0.0951534
-0.541742
-0.323804
-0.378571
-0.46975
-0.202424
-0.166927
0.567197
-0.115091
-0.301468
-0.51334
-0.235029
0.494972
-0.00917525
0.0598609
0.160314
-0.45911
0.283492
-0.00683586
0.0207505
0.0107984
0.00989241
0.194679
0.36885
0.011154
-0.261592
-0.161748
-0.258425
-0.411716
-0.0599284
-0.29715
0.166345
0.412764
0.391978
-0.442465
0.174242
0.255321
0.275951
0.280323
-0.188014
-0.327568
-0.161842
-0.123433
0.495097
0.131027
-0.162975
0.131061
-0.373918
0.483761
0.186469
-0.312355
0.607861
-0.057372
0.29069
0.0313048
-0.26233
-0.41542
-0.12597
0.188626
0.622791
-0.0213559
-0.377809
0.319856
-0.234648
-0.049693
-0.389025
-0.267596
-0.00213707
-0.205437
0.336742
0.084359
-0.403385
0.0450313
-0.283803
0.359645
0.350049
-0.275364
0.351552
0.203694
0.0138103
0.468261
0.409427
0.452877
0.668328
-0.196178
-0.13186
0.00080459
0.0746797
-0.0544495
0.498738
0.01724
0.415415
0.401749
-0.432733
-0.0424591
-0.0206293
0.247253
-0.0326459
0.145149
-0.35444
0.0841883
0.0632378
-0.0891079
0.0941833
0.115097
-0.282325
0.0289239
0.159037
0.514318
-0.363948
-0.261293
-0.537399
-0.192997
0.164771
0.165194
0.180344
0.129236
-0.288111
0.00421199
-0.475641
-0.545732
-0.243482
-0.0655251
0.277568
0.427194
-0.201825
-0.0749836
-0.0875052
-0.523283
0.0265205
-0.448147
-0.0986192
0.122965
0.372699
-0.101072
0.231467
-0.16799
-0.153436
0.0373341
-0.313525
-0.0383517
0.0354918
0.259165
-0.398423
0.0735368
0.0792465
0.0258721
-0.348362
-0.290138
0.0514799
0.193335
-0.0961266
-0.278884
0.425716
0.202827
0.331359
-0.0201283
0.0247064
-0.19516
-0.249158
0.218297
-0.538699
0.416809
-0.665823
-0.731891
0.248759
0.257759
-0.192266
-0.523345
0.193772
-0.217355
-0.18432
-0.122519
-0.426424
-0.706925
0.274919
0.118215
-0.273495
0.193799
-0.435429
0.223075
0.144875
0.178369
-0.168495
0.0529017
-0.805946
-0.128776
0.25284
0.103689
-0.592519
0.170685
-0.312153
-0.307287
0.26615
-0.325722
-0.230567
-0.0875179
0.026625
0.151983
0.314587
0.387802
0.30404
-0.684612
-0.6307
-0.397376
-0.0315242
-0.355976
-0.505214
-0.11251
-0.000380951
0.146323
0.260618
-0.0511344
-0.444125
0.470418
0.538899
-0.313832
-0.121576
0.240833
0.38793
0.240668
0.304303
0.597897
0.348089
-0.077073
-0.408566
-0.123597
-0.343383
-0.351039
-0.00179288
-0.375142
0.369992
-0.343442
0.104367
-0.0434102
0.228874
0.409189
0.180049
0.0532387
-0.00682093
0.0308873
0.369304
0.465968
0.30222
-0.358886
0.493011
0.109148
0.25395
0.0787041
0.369134
-0.0368047
-0.254573
-0.213009
0.11477
0.513966
-0.39479
0.165069
0.50833
0.168621
0.492881
-0.335012
0.446108
-0.329599
-0.201767
-0.024544
-0.373371
0.238735
-0.293209
0.370089
-0.241326
-0.451541
0.506054
0.0802016
-0.256422
0.0372062
-0.0216561
-0.0311546
-0.228269
0.340395
0.0508593
0.295842
0.243159
0.430783
-0.321832
0.414096
0.333776
0.11595
0.115186
-0.441633
-0.0151283
-0.0468041
-0.326554
-0.256202
-0.288371
-0.0156803
-0.435435
0.105248
-0.302503
0.471045
-0.102253
-0.261468
-0.0214972
-0.543496
-0.269426
-0.385902
-0.0733229
-0.101006
0.474392
0.617839
-0.282124
0.368894
-0.166323
0.581212
0.0286751
0.137435
-0.136581
0.296951
0.402522
-0.295817
-0.205744
-0.305842
-0.0257901
-0.0984327
-0.346465
0.401247
-0.246275
0.404714
-0.230545
-0.287578
-0.334369
0.205241
0.336568
0.48341
-0.261144
-0.197296
0.252251
0.0528607
0.0217674
-0.394292
0.15382
-0.316704
0.143625
-0.0440168
0.49857
0.0974428
-0.0959253
0.161564
0.115577
0.520331
-0.0870688
0.471921
-0.148508
0.00865699
-0.314292
-0.0479528
0.635594
0.397869
0.0435484
-0.403904
-0.183445
-0.0703481
0.100897
0.463471
0.152704
0.308134
-0.116928
-0.406492
0.412313
-0.0560708
0.16869
-0.404825
0.251846
0.0450083
0.0803471
0.0847705
0.267911
-0.444263
0.365472
-0.130896
0.0951012
-0.0810237
-0.264791
0.484787
-0.459653
-0.339522
0.341412
-0.0234382
-0.185166
0.489921
-0.0969443
-0.116284
-0.206186
-0.412605
0.417868
-0.430126
0.156961
-0.0609061
0.000130872
0.211526
-0.477703
0.293094
0.115564
-0.502852
-0.282145
0.192126
0.221831
0.407327
0.0489996
0.208272
-0.491648
0.10344
-0.397468
0.357539
-0.173628
0.224941
0.126735
0.351993
-0.285256
0.152278
0.650533
-0.196248
-0.330416
-0.247517
0.00368327
0.319999
0.33414
-0.296324
-0.321884
0.0496632
-0.251322
-0.345512
0.187732
0.0813224
-0.366797
0.21645
-0.207498
0.221414
-0.159273
0.207297
-0.0558504
0.224117
-0.204648
0.506198
-0.579275
0.14137
0.507347
0.417295
-0.0168092
-0.277996
0.347424
-0.222988
0.191435
-0.386504
-0.0637812
-0.486426
0.311378
0.222535
0.353791
-0.31439
-0.203723
-0.384375
0.03747
-0.0200541
0.0710146
-0.234156
0.463623
-0.127753
-0.0535394
0.0521791
0.0065998
-0.554536
-0.320393
0.116788
0.00497773
0.131119
0.482064
0.216229
0.440146
0.110878
-0.222624
0.499827
0.397325
0.0605347
-0.238227
-0.399587
0.0485518
-0.211039
-0.478456
-0.569622
-0.27197
-0.492409
-0.351
-0.168429
0.0736055
-0.260713
-0.327723
-0.296205
-0.138651
-0.410637
-0.31962
-0.271379
-0.320318
0.327334
0.389731
0.373195
-0.225045
-0.181165
-0.200377
-0.431279
0.258586
-0.199321
-0.154971
-0.05552
0.454368
0.345023
0.37895
0.0812302
-0.203726
0.38252
-0.191969
-0.481134
0.322249
0.0338216
0.498148
0.399548
-0.125324
0.294204
0.232763
-0.0198265
-0.0554122
0.360923
0.00441343
0.222029
-0.133377
0.229313
0.176694
-0.122084
-0.361607
0.3787
-0.288141
0.250984
-0.0658787
0.129667
-0.197406
-0.377019
-0.260093
0.139797
0.000503842
0.407749
-0.34815
0.530447
-0.113727
0.402187
0.392046
0.355322
-0.00412147
0.449606
0.214973
0.220093
0.536497
-0.341419
0.234715
0.110278
-0.399474
0.135893
-0.377623
-0.0174495
0.276018
0.0947798
0.365144
0.0383703
0.393986
0.451776
-0.260151
0.297446
0.432123
0.328203
0.614513
0.114959
-0.306306
-0.269851
-0.213265
0.430439
0.228689
-0.195375
0.163413
0.0466324
0.166894
0.18405
-0.382316
0.0745538
-0.356888
0.0718305
-0.0765956
-0.235937
0.303947
-0.0312652
0.148683
0.0542529
0.0576093
0.20849
0.167134
0.0911833
-0.00996728
0.518516
0.2343
-0.322104
0.206927
0.165318
0.179063
-0.316109
-0.0853171
0.204415
-0.22536
0.0883712
0.105158
0.0768269
-0.181497
0.279455
0.075971
0.023768
0.210079
0.397144
-0.319462
-0.115098
-0.285632
-0.103558
-0.163386
-0.424214
0.379601
-0.0850423
-0.18387
-0.20841
-0.0521833
-0.25697
0.368259
0.210278
0.444322
-0.231018
-0.283334
-0.131838
0.27291
-0.260191
0.0762613
-0.375109
-0.0754923
-0.0284768
-0.246991
0.177047
-0.219025
-0.166639
0.285515
0.116176
-0.0504882
0.0606223
-0.186393
-0.204878
-0.459001
0.293827
0.117017
0.191699
-0.421954
0.431206
-0.217682
0.00600341
-0.266305
0.309566
-0.311049
-0.16936
-0.0831639
-0.112764
-0.287168
-0.425924
-0.127582
-0.367278
-0.318438
0.30621
0.0757061
0.375252
-0.295789
-0.129547
-0.370314
0.396052
0.275291
0.386032
-0.377165
0.149276
-0.1013
0.235082
-0.415172
-0.291989
-0.112051
0.301519
0.044071
0.27418
0.0818828
-0.262887
0.397987
-0.234905
-0.029579
-0.335167
-0.25105
-0.212904
0.0729984
-0.481538
0.161015
0.110689
0.334637
-0.159198
0.196516
-0.0403645
0.374699
0.0463957
-0.116212
-0.339274
-0.222523
0.269482
-0.624881
-0.13659
0.168133
0.11363
-0.418132
-0.319073
-0.144939
-0.0689406
0.31456
-0.122084
0.0895817
-0.170206
0.107223
-0.0583922
0.118906
0.0230187
-0.328839
-0.289866
0.266891
0.447186
-0.266334
0.287901
-0.254633
-0.0762006
-0.0220519
0.377964
-0.0702628
0.5021
-0.221102
0.0390827
0.422489
-0.394748
0.186521
-0.282645
-0.181017
0.406549
-0.130092
-0.194943
0.0586825
-0.49181
-0.279705
-0.0628142
0.427926
0.365493
0.29689
0.283214
0.23708
0.0382824
-0.473896
0.326952
-0.0335613
-0.329373
0.328547
-0.0201659
-0.212442
-0.43788
-0.142434
-0.332767
0.283057
-0.321072
0.47267
0.269848
-0.249608
0.116523
-0.230575
0.238659
-0.408616
0.12226
0.10508
0.0934615
-0.287627
-0.385434
0.349542
0.416235
-0.0222393
-0.141357
-0.478621
0.0104374
-0.140255
0.256341
0.268678
0.352175
0.117373
-0.0398137
0.406865
-0.375137
0.196218
0.390084
0.414747
-0.0713467
0.0665048
-0.364292
0.168926
-0.0138698
0.407218
-0.135495
0.384474
-0.22664
0.516456
0.425911
0.25784
0.181294
0.221107
0.195524
0.0672786
0.478614
0.00985015
0.504822
0.53861
0.0790171
0.0537057
-0.0845473
0.412505
-0.32239
0.0616575
0.0221938
0.470586
0.164484
0.263482
0.557185
0.0730913
-0.293127
0.134526
-0.216186
0.0910447
-0.307052
0.397597
-0.100864
-0.288669
-0.636668
0.19006
-0.126521
0.458432
-0.0521631
-0.0852389
-0.0195811
0.378703
-0.378626
-0.189473
0.293477
0.23672
0.507847
0.420652
1.08893
-0.859108
0.0972381
-0.646999
0.197607
-0.0856547
-0.524964
-0.293536
0.121235
0.190541
0.157566
-0.0881449
0.0634342
0.167415
1.02732
-0.16524
0.518168
-0.0570486
0.28224
0.316463
0.288857
-0.450198
0.265855
0.348804
-0.0594472
0.184751
0.36373
0.0915898
-0.13884
0.026057
0.17487
-0.318808
0.223877
-0.476597
