#input normalization
0.160827 0.269693
64.2103 59.9028
10.4256 39.4921
8.33018 32.1489
0.01137 0.0441901
0.00908184 0.0331843
0.569779 1.57915
0.878489 1.39365
1.08799 1.57375
1.34273 1.74767
1.61947 1.90894
1.88816 2.0396
2.13633 2.15596
2.38858 2.26089
2.61311 2.33294
2.81624 2.36435
3.00998 2.37819
3.17935 2.36065
3.29683 2.30588
3.40901 2.24214
3.47428 2.14716
3.5456 2.03413
3.5817 1.92454
3.58621 1.78759
3.54745 1.63424
3.51314 1.47842
3.43246 1.32269
3.35597 1.15517
3.23349 0.96904
3.0952 0.784753
2.96394 0.619376
2.82207 0.465701
2.67087 0.314089
2.53134 0.175751
2.38729 0.0468479
2.23385 -0.0815856
2.08319 -0.192129
1.94456 -0.288603
1.7925 -0.383626
1.66519 -0.462577
1.52989 -0.536994
1.42053 -0.596973
1.31114 -0.655217
1.19425 -0.707252
1.09013 -0.752282
1.00076 -0.795025
#output normalization
1 0
#neurons weights
0.280491
-0.242529
-0.303711
-0.389597
0.111483
-0.23429
-0.0834341
-0.466003
-0.30991
-0.0253154
0.0110788
-0.356026
-0.0382799
-0.408183
-0.371353
-0.0486151
0.420007
-0.198974
0.347402
0.308429
-0.0366715
-0.123861
0.273835
0.490573
-0.433208
-0.248999
0.374556
0.399914
-0.104107
-0.376188
-0.114535
-0.312267
-0.201451
0.473891
-0.331047
0.0510149
-0.116906
0.111858
0.461176
-0.469371
0.378185
-0.16241
-0.137209
-0.143106
-0.114129
-0.29707
1.34368
-1.49307
-0.989333
1.11796
-2.12286
-1.64181
0.486116
-0.101279
0.228507
3.77423
0.707523
0.782445
1.34136
-1.64214
-0.528367
0.442598
-0.967924
0.780488
2.14829
1.75358
2.16231
-0.0570644
-2.05265
-0.978043
-0.299855
1.91668
1.19004
-0.270272
1.45915
-1.29119
2.97365
1.73193
-0.559344
0.0794695
-0.130742
2.38743
-0.306557
0.146669
1.88455
0.257184
0.908591
0.46186
-1.55441
0.788788
1.12866
1.18841
-1.09397
0.216013
0.350246
-0.0270144
0.0386819
0.0247132
0.120286
0.247883
-0.0614377
-0.448976
0.812639
-0.704551
0.334492
-0.160079
-0.275391
-0.0776757
-0.671245
-0.692799
-0.235544
0.625143
-0.470387
-0.0115761
0.0721816
0.390039
0.518984
0.108117
0.425444
0.592701
0.274371
-0.712971
-0.317748
-0.321155
-0.261165
0.288752
0.757572
0.456048
0.689545
-0.16057
-0.520377
-0.52454
0.297886
-0.156501
0.0682659
-0.431366
-0.168043
-0.0782497
0.453054
2.00581
#synapses weights
-1.00303
-0.381479
-0.134032
-0.143181
-0.227053
-0.389627
0.00238269
0.235256
0.142395
-0.510548
0.388275
-0.455018
-0.259618
0.0841139
0.0514922
0.397377
-0.0126203
-0.390656
-0.538469
-0.299944
0.386174
-0.244301
-0.223962
-0.10468
0.305964
-0.484697
0.523232
0.350509
0.284673
0.249343
-0.149032
-0.438877
-0.291035
0.106144
0.397194
-0.246197
0.0254177
-0.0742175
0.379022
-0.0567931
-0.201048
-0.0510269
0.254971
0.0457764
-0.0290159
-0.187788
0.0241362
0.713966
-0.371063
0.164923
0.0669383
0.159962
-0.112311
0.0765481
-0.413523
0.328352
0.553758
0.21623
0.692939
0.586222
0.54302
-0.34276
-0.439343
-0.175619
-0.191663
0.124634
0.00467659
-0.467543
0.151428
-0.278331
-0.711909
-0.394831
0.0534495
0.358255
0.285592
0.192715
-0.112688
-0.251647
-0.277506
-0.0468632
0.697682
0.137268
0.111907
-0.233754
-0.0241785
-0.325513
-0.134019
-0.0539444
-0.243817
-0.286106
0.695196
-0.348864
0.923231
1.33456
0.278704
0.545048
-0.64398
0.188741
0.532142
0.322502
-0.208578
0.291143
0.689018
-0.373917
-0.465506
-0.255132
0.462191
-0.0138596
-0.708067
-0.164722
-0.333232
-0.211703
-0.477154
0.549567
-0.03628
0.0259189
-0.128769
-0.0734586
-0.0709061
-0.0989373
-0.186832
0.116811
-0.0118872
0.306495
0.392542
-0.212364
-0.327623
0.0673655
-0.0945755
-0.162945
-0.264752
-0.819806
0.678085
-0.202349
0.422105
0.0271446
0.151655
0.136702
-0.650488
-0.194983
0.0381263
-0.0997332
-0.0715545
-0.171567
0.932067
-0.0482608
-0.769136
0.911303
0.278356
-0.0773408
-0.423741
-0.468058
-0.120665
-0.755479
-0.45414
0.0799715
0.634479
-0.52556
-0.216793
-0.571409
0.160336
0.0902102
-0.318071
-0.327061
-0.261132
0.0929368
0.275815
0.545093
-0.464329
0.327327
-0.00503622
-0.0527304
-0.119061
-0.339248
-0.144348
-0.235862
-0.0633143
0.0885905
-0.0755461
-0.170279
0.0672068
-0.0657782
0.0786232
0.00240072
0.409768
1.63374
-0.689257
-0.0696844
0.0238733
-0.155057
-0.330171
0.354208
0.146944
-0.497303
0.18861
-0.09793
-0.143669
-0.464155
-0.397119
0.629436
-0.0524233
-0.758309
0.3622
-0.745563
-0.155858
0.25018
-0.146144
0.0666648
0.867571
-0.0291464
0.31935
-0.163969
0.175129
-0.431075
0.575056
-0.361663
-0.523875
-0.494198
0.00456251
-0.0887168
-0.192396
-0.247873
0.0327103
0.162893
0.150652
-0.268702
0.491079
-0.0864622
-0.222416
0.086256
-0.0108177
1.2707
-0.74855
0.392769
0.26174
0.142727
0.0204683
0.203732
-0.298408
0.600233
-0.739432
-0.0160894
0.455477
-0.193106
-0.800925
-0.34944
0.040576
0.197654
-0.36795
0.441677
0.330478
-0.297808
0.1537
0.206516
0.000438017
-0.462294
0.605929
-0.418934
0.179409
-0.120067
0.151196
-0.885254
-0.112615
-0.455544
0.329518
-0.0415928
0.0403298
0.380981
-0.490127
0.0878846
-0.167539
0.0594895
-0.278418
0.686648
-0.00464253
-0.320161
-0.724709
0.410954
-0.15501
-0.183797
0.228263
0.367945
0.411926
-0.0410506
-0.593486
0.742786
0.159655
0.43199
0.89162
-0.163853
-0.0202827
0.91703
0.633034
0.576582
-0.350626
0.173873
0.0588973
-0.223018
0.160882
0.509377
-0.0945411
-0.0437741
-0.518075
-0.147209
-0.953566
-0.0326971
0.0800439
-0.498715
0.524394
0.156972
0.226442
-0.109771
0.0285083
-0.0946508
0.574581
-0.0817355
-0.490342
-0.2594
-0.144066
0.326
1.02328
0.903134
-0.425896
-0.583607
0.385561
-0.105516
-0.377536
-0.0235769
0.100372
0.345887
-0.492036
0.174695
-0.0735005
-0.714186
-0.441263
-0.178359
-0.383337
0.58851
0.471323
0.0900215
-0.403186
0.448022
-0.43855
-0.249105
-0.14854
0.152325
0.266922
0.300354
-0.280842
0.178821
0.118444
-0.441779
0.460064
-0.411608
0.204555
0.512563
-0.579152
0.37247
-0.188121
0.315309
-0.155666
-0.0929572
-0.21189
-0.0160158
-0.300192
0.373388
-0.145875
0.0735084
0.0851847
-0.090137
0.419747
0.497971
0.230389
-0.0768873
0.374399
0.454567
0.0393441
-0.161142
0.348395
0.199746
0.735919
0.230162
0.188689
0.0887013
-0.374619
0.512884
-0.47571
0.345592
-0.205387
0.622913
0.131848
0.411491
0.531043
0.886916
0.19159
0.25898
0.463311
0.0397952
0.391947
0.364593
0.789246
0.344408
0.483264
0.753895
-0.163658
-0.116491
-0.0357139
0.00649303
0.0241844
0.115579
0.460674
0.546656
0.140093
0.434422
-0.747495
-1.59587
0.67924
-0.550447
-0.137586
-0.63243
-0.596395
0.265344
-0.608733
0.644488
0.463487
0.0255594
-0.393153
-0.176452
-0.228729
0.641188
-0.158811
-0.443683
0.370346
0.270646
-0.0401069
0.0138994
0.509029
-0.29286
-0.0554487
-0.118925
-0.193831
0.347956
0.235745
-0.225201
0.349888
0.0617102
-0.391169
-0.597629
0.131826
0.238744
-0.041992
0.17491
0.181257
0.0206377
0.385635
-0.0585061
0.199153
0.21181
0.0173375
-0.572793
-0.591225
-1.08787
-0.137444
-0.0302834
0.366151
0.250816
-0.263358
0.77871
0.155627
-0.90326
-0.527032
0.426757
0.0148461
-0.164756
-0.411721
-0.203622
-0.429642
-0.351941
-0.192178
-0.402255
-0.382083
-0.268665
0.4569
-0.316944
-0.0294954
-0.221553
0.126135
-0.0273985
0.279437
0.111934
-0.0235953
0.429515
-0.746419
-0.280351
0.194856
0.197431
0.159106
0.0736641
0.00545383
0.00618814
0.301191
-0.0473631
-0.0856834
-0.429869
-0.0114241
-0.304631
-0.966249
-0.714718
-0.462518
-0.161343
-0.305424
0.0839324
-0.239564
-0.66832
0.290488
0.380235
-0.236463
-0.248522
0.136121
-0.623019
-0.266364
-0.356321
0.119853
-0.457837
-0.507854
-0.273786
-0.167099
-0.246836
0.580318
-0.0471093
-0.509065
-0.461603
0.0189466
0.469286
-0.14334
0.0488609
-0.261469
0.0826906
-0.00420649
0.0290286
-0.216214
-0.0614509
-0.222875
-0.102161
-0.210656
-0.235057
-0.213896
0.175546
-0.389167
-0.0877201
-0.167784
-0.0600954
-1.05763
0.0692805
0.362634
-1.02176
0.306212
-0.0259038
0.0175991
-0.0394084
0.483409
-0.356769
-0.0239143
0.280312
0.00953783
0.456977
-0.340742
0.140558
0.0120003
-0.0426995
-0.373111
-0.261636
-0.134019
0.201493
-0.826795
0.0225774
-0.348887
0.0662706
0.686877
0.259514
-0.057801
-0.610065
-0.285341
0.264018
-0.239228
-0.100857
0.453169
-0.198632
0.0202
0.080898
0.203611
-0.346069
-0.107956
-0.173138
-0.138833
0.241223
0.0868113
-0.198061
-0.275131
0.523815
-0.870827
-0.157848
-0.132299
-0.142628
0.00989336
0.27374
0.214307
-0.0688814
0.122486
-0.0689055
-0.318705
0.324068
0.449603
0.487601
-0.261173
-0.481431
-0.383253
-0.0978362
0.526123
-0.123831
0.555096
-0.249023
0.356301
0.405887
-0.0556258
0.00882677
-0.222011
-0.0352346
-0.26664
-0.156355
0.140688
0.0806317
0.00946837
0.333666
-0.332725
0.582799
-0.107305
-1.25239
-0.0804941
0.0962974
0.211737
0.0927083
-0.00651646
-0.0734889
0.22672
0.541358
0.641606
-0.304233
-0.482911
0.316689
-0.0861459
0.100969
0.116109
0.190321
-0.244606
0.202709
0.0462926
-0.52258
0.269125
0.0755484
0.0963052
0.111265
0.686754
0.436225
0.384966
0.861796
0.589464
0.367633
0.590225
0.905123
0.020923
-0.192699
0.315605
0.0609447
0.159232
-0.375219
0.184729
0.164282
0.0534962
0.183568
0.305202
0.21301
-0.0859597
0.0706011
-0.105471
0.311909
-0.0531478
-0.303925
-0.205679
0.272273
-0.634881
-0.40366
-0.801716
-0.156246
0.648519
-0.291239
0.092324
-0.34876
-0.446107
0.299244
-0.00231374
-0.158444
0.0418921
-0.280851
-0.438552
-0.166749
-0.0054723
-0.235868
-0.134065
-0.197381
-0.186183
-0.169719
-0.151324
-0.450611
-0.242801
0.348257
-0.153501
-0.0976378
0.27225
0.10024
-0.200387
0.266946
-0.32081
-0.151458
-0.0453556
0.0201094
0.014043
-0.230351
-0.217065
-0.175352
0.185749
-0.403586
-0.220425
0.00254692
-0.391876
-0.0510084
-0.51435
-0.0160117
0.124376
-0.183282
0.129551
-0.123293
0.29637
0.573264
0.347306
-0.0940378
0.326312
0.0262847
0.0486228
-0.395726
-0.457072
0.186399
0.0344916
0.213153
-0.375693
-0.339757
-0.712018
-0.507525
-0.620351
-0.465903
0.340027
-0.185231
-0.12989
-0.260335
0.277123
0.300802
0.31136
-0.111443
-0.0191517
-0.273205
0.232928
0.382372
0.0409172
-0.571851
0.342277
0.370296
-0.0932456
-0.191548
0.115363
-0.395646
0.0262963
0.201334
-0.00524746
-0.323175
0.862155
-0.336083
-0.0140988
0.313796
-0.0513883
-0.309672
0.760478
0.556601
0.405094
0.411112
-1.00312
-0.290906
-0.637474
-0.335358
0.574655
-0.247751
0.288135
-0.00531423
-0.220403
-0.254284
-0.732309
-0.189027
0.431883
-0.283346
0.114896
-0.155176
-0.0143681
0.16392
-0.444968
-0.256754
-0.733209
-0.0313826
-0.00188598
-0.163336
0.214924
-0.412167
0.360783
-0.530771
-0.319283
-0.0560131
0.168622
-0.326331
0.107424
0.159704
0.161688
-0.958523
1.53651
-0.172665
0.241683
-0.716656
-0.0854648
0.155766
-0.410469
0.246292
-0.0375208
-0.217175
0.44033
-0.389983
-0.236554
0.0700935
0.0393752
0.453345
-0.103497
-0.686409
0.342511
0.129471
0.00754823
0.238011
0.285593
0.378995
-0.243339
-0.270085
-0.0637548
0.0712707
0.503828
-0.28088
0.117603
-0.375274
0.228036
0.0903391
-0.31911
0.532028
-0.163738
-0.174712
-0.370866
0.0806339
0.368892
-0.147703
-0.186577
0.272757
-0.628537
-1.16824
0.358613
-0.150911
0.774976
-0.215778
-0.613434
0.123149
0.366992
0.410716
-0.132421
-0.0542994
-0.781148
0.353618
-0.23454
0.0175535
0.0334348
0.187911
-0.0770244
-0.108826
0.00964091
-0.474247
0.165153
0.181248
-0.0296228
0.178428
0.901483
0.105492
-0.107121
0.0719601
0.00187316
-0.380434
-0.458167
-0.317373
0.0795866
0.0286751
0.184344
-0.0202934
0.0473341
0.0496342
0.0155577
0.16052
-0.0906201
-0.326783
-0.62582
0.438359
-1.38916
-0.382471
0.315851
-0.0588319
0.635538
0.628442
-0.295509
0.427067
0.551242
0.0683259
-0.205291
-0.542047
0.214304
0.370035
0.625606
-0.363313
0.0932385
-0.811719
0.532796
0.0174705
-0.107663
-0.244396
0.610738
0.0923331
-0.000868057
0.0206442
0.154051
-0.102751
-0.321083
-0.478436
0.231366
-0.618242
0.480716
-0.151627
-0.13978
0.483824
0.20212
-0.46021
-0.273251
-0.340373
0.866611
0.224743
-0.819612
0.0657063
-0.0441402
-0.284165
-0.299384
0.146195
0.0104743
0.30991
-0.374814
0.100014
-0.130793
0.243307
0.622635
-0.509077
0.234907
-0.065237
-0.1153
0.498652
0.849138
0.559729
0.201088
-0.502761
0.309574
0.149092
0.0766387
-0.492708
0.41796
0.260452
-0.454647
0.257472
-0.148243
-0.0724448
0.0122801
0.458441
0.211232
-0.00562878
-0.0401034
0.333021
0.0851307
0.367247
-0.263054
0.231073
-0.0645263
0.241591
0.0223804
-0.095668
-0.231936
0.471489
0.0220682
-0.0630459
-0.0895998
0.616276
0.105106
0.0563699
-1.02691
0.227544
0.109821
0.289794
0.624363
-0.358991
0.241376
0.218956
-0.135793
0.206169
-0.355722
0.100189
0.292845
-0.256846
-0.1396
0.224626
0.211582
0.475254
-0.0459759
-0.249036
0.17079
-0.606505
-0.372987
-0.192575
-0.319271
-0.318053
-0.465812
-0.78511
-0.997361
-0.16326
0.496819
0.204338
0.497185
0.305688
0.983746
0.0601664
0.264202
0.544048
-0.0238296
-0.386711
-0.164641
-0.172434
0.532842
1.11888
0.342646
0.13794
-0.665919
0.299896
0.204093
-0.303004
0.432022
-0.403923
0.316763
-0.54407
0.482475
0.0273142
-0.286562
0.567017
-0.196541
0.274157
-0.25104
-0.0311031
0.414929
-0.431152
0.129758
0.539366
0.0352986
0.248891
-0.263766
0.250092
0.431932
0.219614
-0.473082
-0.351606
0.297185
0.330789
-0.314183
-0.489185
0.202397
0.145171
-0.0428071
0.0887235
-0.223619
0.111866
0.128928
0.458435
0.137011
0.030738
0.952502
0.48654
0.353956
-0.131084
-0.0209195
0.412362
-0.0983873
0.144678
-0.746859
0.52072
-0.104407
-0.585994
0.740969
0.122217
0.291714
0.734386
0.822291
0.174696
0.127379
0.45652
0.239597
-0.221496
0.425541
-0.386622
-0.172429
-0.0494175
0.0569198
-0.0557651
-0.237708
0.341579
0.272152
0.266769
-0.139614
0.287912
-0.114696
0.119847
0.484631
0.212995
-0.499343
0.153995
-0.102653
-0.256558
0.524927
-0.0288159
0.0413941
0.278975
-0.0483703
-1.08231
1.00997
-0.407722
-0.250283
-0.244311
-0.107384
0.0561703
0.244316
-0.144148
-0.319747
-0.147952
0.689084
-0.0348317
0.0713953
0.0567295
-0.722642
-0.914283
0.918737
0.42867
-0.482103
0.734942
0.14089
0.0939788
-0.408445
0.253015
-0.0220018
-0.0933223
0.384341
-0.260573
-0.095456
-0.172775
0.0625707
0.44619
-0.115387
0.337274
-0.247022
-0.536567
-0.0599811
0.0064615
-0.074336
0.239298
0.302003
-0.0676352
-0.0200337
-0.366736
-0.986685
-0.351978
0.0898877
-0.13677
0.434433
0.410309
0.0939993
-0.32249
0.347748
0.399817
0.59928
-0.138385
0.0221762
-0.486283
-0.359586
-0.528704
-0.419906
0.347234
-0.577346
0.242792
0.687377
-0.0558885
0.486511
0.197797
-0.277314
-0.463866
0.433084
-0.388401
0.120074
-0.0336071
-0.331625
-0.173738
0.0437446
0.087918
-0.14373
0.38301
-0.340661
0.0379108
-0.440887
-0.246311
0.269015
-0.31688
-0.257972
0.337199
-0.0528609
-0.180592
0.672764
0.695052
0.244445
-0.181249
0.124377
0.216417
-0.519559
0.244089
-0.255265
-0.360799
-0.336396
0.2085
-0.121897
1.14646
0.367337
0.649787
0.663227
0.995551
0.281904
0.108778
-0.0773185
0.4535
-0.209176
0.402784
-0.436654
0.204714
-0.0949348
0.189296
0.210341
0.418192
-0.27536
0.15178
0.148329
-0.490809
-0.562118
0.0800055
0.138036
0.142824
-0.319696
-0.118135
-0.228491
0.143032
0.199493
-0.150044
0.39454
0.0793766
-0.575425
-0.790189
0.0830043
-0.34978
-0.536741
-0.0912738
0.0757537
0.00850993
-0.267264
0.426773
0.102107
-0.548916
-0.0254968
-0.111856
0.440666
-0.518951
-0.0913286
0.164707
-0.6898
-0.0551142
0.187145
-0.0390161
0.798024
-0.0747145
0.481789
-0.342679
-0.0313326
0.040345
-0.582437
-0.273393
-0.060102
-0.206304
-0.113161
-0.103303
-0.00710235
0.0298456
-0.0407307
0.422907
-0.211584
-0.383812
0.480692
0.164315
-0.0558121
0.224969
0.335648
-0.35308
0.0900307
0.335749
-0.279793
0.385952
0.176954
0.135513
0.653296
0.417828
-0.218167
-0.339065
0.141905
-0.754616
0.17963
-0.689663
-0.361794
0.00798858
-0.368975
0.232919
-0.362235
-0.440918
0.606297
0.125559
0.569717
0.0243285
-0.234641
0.642432
0.142638
0.74071
0.516929
0.0175248
-0.0889054
0.42722
-0.171466
0.517134
0.408472
-0.0809147
-0.249546
0.0710776
-0.0960675
-0.0519315
-0.512445
0.0902991
-0.190568
-0.0609433
0.0920146
0.0834971
-1.37828
-1.60922
-1.5713
-0.0224667
0.499672
0.296807
0.195183
-0.196755
0.327136
0.0313527
-0.0148083
0.0576827
0.215063
-0.233566
0.13286
-0.193278
-0.286863
0.00664587
-0.171773
0.0446734
-0.47537
1.02973
-0.00552142
0.311127
0.298146
-0.576222
-0.209598
-0.0645296
0.0366085
0.267887
0.0307634
0.45457
0.0188074
-0.10723
-0.195703
0.102704
-0.333356
0.101258
-0.114374
-0.444431
0.419118
-0.591935
0.779913
-0.165242
0.627025
-0.195228
-0.781965
-0.986014
-0.43945
0.0922627
0.380073
-0.335179
-0.0285101
0.0568613
-0.404895
-0.55235
0.515551
-0.240317
-0.0165625
-0.195345
-0.0255392
0.264266
0.485369
0.338398
-0.0807271
0.326491
0.490567
0.493058
-0.0483944
-0.0575273
0.1438
-0.119335
-0.0108434
-0.896194
-0.177504
0.123039
-0.832968
-0.305815
0.112508
0.213352
0.0831573
-0.33915
0.457912
0.200866
0.0781326
0.00351761
-0.153813
-0.413459
-0.213564
-0.0172042
0.0818932
0.111953
0.00587159
0.328079
-1.68892
0.231569
-0.251144
0.20835
-0.10436
1.11415
0.0704342
-0.10185
0.0108772
0.118798
0.0115733
0.438189
0.555477
-0.0513706
0.224255
0.315388
0.44876
0.292712
-0.145298
0.055005
0.114416
-0.409867
-0.0155451
0.710863
0.280866
0.243069
0.189485
-0.152009
0.288485
0.410858
0.260932
0.000869579
0.0165934
-0.142579
-0.105676
-0.0703073
0.45011
-0.0890405
0.0192354
-0.0630753
-0.304237
-0.262955
0.0832214
0.080171
0.110826
0.348345
-0.907446
-0.407653
0.0612859
-0.219969
-0.189108
0.613627
-0.12856
0.187315
0.136173
0.14152
0.0948341
0.265682
0.52557
-0.0230399
0.0516296
-0.136538
0.444356
0.00328975
-0.104377
0.215369
0.0338555
-0.283306
-0.308017
0.496584
-0.282637
0.506189
-0.13666
0.0785031
0.24601
0.470254
-0.29191
0.114897
-0.0237257
0.674738
0.205085
0.433877
0.147349
-0.148082
-0.220769
-0.27542
0.257687
0.304991
-0.545873
0.241902
0.395348
-0.154799
-0.840153
-0.355418
-0.901635
-0.0206646
-0.0204541
-0.0665661
0.0707689
0.0687979
0.0113664
0.163166
0.282444
-0.239191
-0.0344245
-0.192035
-0.262879
0.120105
-0.132987
0.190707
-0.666063
-0.26108
0.379611
-0.186158
0.131996
0.202906
0.149245
-0.187754
-0.289881
-0.382107
-0.322253
-0.254505
-0.570827
-0.163921
-0.832143
-0.200126
0.207061
-0.504071
-0.178209
-0.358175
0.0374579
-0.0318122
-0.208805
-0.375994
0.0676069
-0.323943
-0.533982
-1.27223
0.320294
-0.29293
0.355266
0.133922
1.3144
0.551351
-0.130023
-0.647392
0.255808
0.506865
-0.901076
0.24709
-0.139126
0.113194
0.422519
-0.0332398
0.0697267
0.209468
0.575925
-0.651522
-0.389342
-0.355789
0.0334122
0.833664
0.524046
0.0929042
0.271949
0.102243
0.178916
-0.310924
-0.482176
-0.217679
0.487811
-0.132298
0.535396
-0.0657604
-0.279256
0.0501597
-0.125818
0.475614
-0.815615
0.273934
-0.30679
0.316225
-0.00783767
-0.443202
-0.0145551
-0.0733863
-0.024325
-0.232116
0.0155115
0.208825
-0.328677
0.0149156
0.35167
-0.383731
0.733592
0.404701
-0.89895
0.333415
-0.602259
-0.357875
-0.586725
-0.558585
-0.836008
-0.194817
-0.590684
-0.0193043
-0.422972
-0.423044
-0.665496
0.236793
-0.461126
0.348388
0.023113
0.170018
0.287665
0.0974438
-0.27312
0.0458017
-0.388523
0.295285
-0.0101426
0.251399
-0.0778324
0.0349619
0.052468
-0.0211999
-0.190592
0.0495455
-0.199235
0.314232
0.150925
0.0965884
-0.317005
0.156298
0.726564
-0.325685
0.422694
-0.152566
0.261708
0.137209
0.591518
-0.311336
-0.139412
0.177685
-0.827596
0.0830923
-0.288086
-0.387199
0.427109
-0.180241
0.55045
0.310266
-0.339439
-0.653788
-0.309513
-0.0869306
0.0114051
-0.417285
0.292385
0.364444
0.229326
-0.410173
-0.148967
0.12542
-0.147721
0.094802
0.170643
-0.193295
-0.0721863
0.399195
-0.102277
0.113809
0.307404
0.0697584
-0.975908
-0.456115
-0.385061
0.0955976
0.152958
-0.262535
-0.22936
0.420979
0.233762
-0.49429
-0.124378
-0.394088
-0.208344
-0.0258667
0.0707902
0.906534
-0.540181
-0.271467
-0.296856
-0.165275
-0.504447
-0.104035
-0.322064
-0.170366
-0.0215823
0.197966
-0.260206
-0.107572
0.0650938
0.179893
0.0899516
-0.37765
-0.298306
0.0619771
-0.285732
0.0224987
0.154214
0.0415794
-0.374655
0.290255
-0.0788251
0.150071
-0.246671
0.00840039
-0.390249
-0.135271
-0.463313
-0.21318
0.478308
-0.318404
-0.0769171
-0.0651896
-0.574494
0.124815
-0.369336
-0.170964
0.11489
-0.495218
0.163186
-0.104828
-0.293842
0.729239
0.0880231
0.514877
0.235183
0.393624
0.122657
-0.244037
0.146038
-0.445377
-0.102999
-0.445888
-0.236277
0.41432
0.000774538
-0.287682
0.140722
0.136539
-0.538871
-0.578397
0.127146
-0.260479
-0.435381
0.185064
0.22811
-0.053741
0.446498
0.438975
0.0460994
-0.0436055
-0.0995685
0.156174
-0.39615
-0.415412
-0.107052
-0.0674627
-0.245965
0.0703421
0.520466
0.295167
-0.117497
-0.33717
-0.0689855
0.0681074
0.158572
0.871054
0.0318546
-0.307407
-0.0319058
-0.0403351
-0.129859
0.411306
0.665366
-0.880335
-1.01509
-0.688298
0.0078274
-0.0412446
0.121368
0.372835
0.362693
-0.325257
-0.174291
-0.0581616
0.0990428
0.108944
0.345006
-0.447689
-0.0800547
0.203918
0.0430924
-0.319512
-0.460035
-0.588798
0.553398
0.371134
-0.00465782
0.234621
-0.145469
-0.298416
-0.6455
-0.231577
0.314851
0.204562
-0.284819
0.401306
-0.240284
0.0133998
0.271501
0.559445
-0.223883
0.609463
0.533164
0.0253793
-0.330341
-0.367998
-0.0404325
-0.546568
-0.212586
-0.406458
-0.123851
-0.688711
-0.188175
0.120678
-0.275581
0.208851
0.133911
-0.196259
-0.576837
0.197796
-0.132326
-0.0093666
-0.572957
-0.00248508
0.0131918
0.280566
-0.102699
-0.309247
0.0262917
0.0117688
-0.150058
0.468925
-0.361671
0.443824
0.412256
0.897524
0.0799225
0.117582
-0.881288
0.511876
0.237073
-0.416925
0.0853525
0.666907
-0.0620913
0.00276463
-0.853989
0.290293
0.0548346
-0.316295
-0.12529
0.170308
0.789681
0.118574
0.190155
0.185746
-0.160387
-0.321719
0.383902
-0.0518101
-0.737339
0.508322
-0.486191
-0.339115
-0.314234
0.0994848
-0.497289
-0.222033
-0.17058
0.199565
-0.0781588
0.250381
0.497009
-0.286322
0.272409
-0.663676
-0.000232513
-0.404515
-0.244734
-0.136821
0.479444
-0.179549
-0.233321
0.0587862
0.398687
-0.0344813
0.30162
0.139274
0.33941
-0.0844154
0.0314834
-0.316722
0.441245
0.0597438
0.409088
0.791943
0.24467
-0.0473028
0.00415114
0.599566
0.398836
-0.0937172
-0.331626
0.598211
-0.0849333
0.719754
0.630237
0.555859
0.194838
0.517627
0.226758
0.520477
-0.2326
0.430654
0.319569
-0.0741329
0.0283571
0.233566
0.608296
0.512619
0.48471
0.23062
-0.0850027
0.639345
0.643091
-0.116439
-0.50488
-0.0994418
-0.0361633
-0.0957642
-0.154625
0.443987
0.179745
0.42682
-0.21132
0.390709
-0.951859
-0.0414911
-0.201808
0.172927
0.246452
0.364991
0.121772
0.240291
0.436968
0.178677
0.201289
0.00700213
0.270381
-0.893311
-0.946482
0.298431
-0.750371
-0.681278
0.104898
0.047164
-0.145788
-0.757091
0.377723
-0.304118
-0.0603033
-0.0851075
-0.261419
0.0148246
-0.0860664
-0.337762
0.108294
-0.392081
-0.275811
0.40862
-0.149279
0.194682
-0.983477
-0.70978
0.865275
-0.137946
0.687386
-0.204556
-0.340905
-0.619646
-0.0859759
0.261415
-0.751052
1.23596
-0.228886
0.325147
-0.438884
0.206645
-0.352152
-0.00466037
0.114784
-0.465465
0.0199013
-0.163665
0.156333
0.0112587
0.27835
0.120238
-0.124411
-0.028551
-0.117424
-0.247388
-0.0487645
0.245218
0.097528
-0.224483
-0.533321
0.170483
0.0840862
-0.0348059
0.203156
-0.185069
0.330304
0.0895261
0.149932
0.231667
-0.427242
-0.226954
1.43319
0.10408
0.310625
-0.228058
0.0157497
-0.0128075
0.109297
-0.200784
-0.283292
0.184663
0.0995851
0.43348
0.639045
0.42801
-0.244001
0.622573
0.154203
0.0960652
0.0596183
-0.157546
0.027884
0.301333
-0.185957
-0.346268
-0.303924
-0.48533
-0.276324
0.584559
0.444088
-0.0679082
0.0691106
0.441263
0.340373
-0.169849
0.198739
-0.0597925
-0.102249
0.63018
0.0387645
0.342526
0.340459
0.0712147
0.228146
0.222986
0.532381
0.182855
0.339938
-0.0610486
0.133925
0.411043
0.298156
0.258478
0.0318485
0.114219
0.404814
0.312494
0.329304
0.312372
0.449822
-0.0616768
0.323874
0.179474
0.0646305
-0.400676
-0.320548
0.205481
0.28158
0.242138
0.099396
-0.0126678
0.408506
-0.222171
0.524966
0.574362
0.452355
-0.0398801
-0.372483
0.0421679
0.39666
0.22898
0.388541
-0.0747976
0.205367
0.0251526
0.0806414
0.121817
0.473228
-0.0481052
0.522122
-0.0384525
0.368695
0.272906
0.36732
0.0117235
-0.568248
-0.765984
-0.309376
-0.382629
-0.771007
0.89319
0.265302
0.0918346
0.571318
0.599907
0.677077
0.52409
-0.426706
-0.828114
0.46947
-0.00704815
0.478927
0.879675
0.116102
0.236926
-0.144769
-0.277934
-0.0953731
-0.0201008
0.504331
-0.027894
0.224892
-0.164646
0.458354
0.462412
0.242685
0.657465
0.180987
-0.411699
0.889626
0.657703
-0.152903
0.398428
-0.119823
0.411898
-0.718955
-0.723682
-0.020646
0.129665
0.903356
-0.261449
-0.453826
0.340022
0.174077
-0.0438432
0.810343
0.377519
-0.28909
-0.38511
-0.385208
-0.125533
-0.223387
0.0302849
0.399968
-0.461404
0.263282
-0.0252494
0.369058
-0.313053
-0.300936
-0.531733
-0.347478
-0.175123
0.829431
0.0954574
-0.393798
-0.452418
0.322324
-0.0398802
0.216264
0.199284
-1.09584
-0.279111
-0.0219496
-0.731135
0.612843
-0.708116
0.440287
-0.132704
-0.0970603
-0.215242
0.420172
-0.228017
0.448725
-0.317935
0.120011
-0.0174847
0.151873
-0.628893
0.432479
0.520225
-0.948746
0.0717116
-0.0310797
0.0647783
-0.154054
-0.523834
-0.705125
-0.684626
-0.541345
-0.0168768
0.274805
0.684301
0.0197479
-0.439345
-0.135049
-1.1068
-0.684958
-0.232498
-0.182983
0.792232
-0.650177
-0.209363
-0.684092
-0.738571
0.509982
0.0665064
-0.017738
-0.438211
-0.491208
0.44246
0.0315148
0.473181
-0.793907
-0.290902
-0.431098
-0.862306
0.142766
0.672458
0.514932
0.596218
-0.36867
-0.277765
-1.10002
-0.113717
-0.105645
0.184009
0.125928
0.0788752
-0.0586969
-0.0432071
-0.540243
-0.0139967
-0.320142
-0.204431
-0.383188
-0.442789
-0.317361
0.364052
0.612786
-0.0258108
0.296016
-0.438014
-0.694406
-0.396931
-0.334826
-0.0866797
-0.242667
0.475223
0.26974
-0.236156
-0.342053
-0.215793
-0.601159
0.345734
-0.00708555
0.0461381
0.203375
0.400953
0.213925
-0.578693
-0.248257
-0.534437
-0.397582
-0.10652
-0.0262637
0.590271
0.129225
0.033545
0.551008
0.219394
-0.165475
0.113727
0.173304
0.00748474
-0.110531
0.174763
0.0817501
0.56718
0.412719
-0.015548
0.317087
0.0873538
-0.00839265
0.348752
0.0379184
0.357376
0.0446698
0.327479
-0.208009
-0.0711633
0.371388
0.0185735
0.567879
-0.35144
0.562256
-0.0869218
0.0874314
0.275319
-0.160825
0.0297072
-0.209143
0.395736
-0.0858475
0.0469228
0.259269
-0.0543015
-0.185327
0.101102
-0.384792
-0.055065
0.133798
0.00518791
-0.298549
-0.0359765
0.257313
0.335755
0.452282
0.103344
-0.114614
-0.157669
0.259722
-0.805932
-0.0475887
0.169977
-0.430672
-0.185597
0.189012
-0.135787
-0.687991
-0.303532
-0.553499
-0.172595
-0.433085
-0.266581
-0.0577546
-0.20416
-0.0144846
-0.0223035
0.121957
0.107178
0.386659
-0.0346593
0.0421987
-0.205752
-0.710361
-0.0952012
-0.298145
0.115242
-0.409216
0.346475
-0.473692
0.396876
-0.371133
-0.336063
0.010266
-0.216155
-0.137524
0.17842
0.154037
-0.408032
0.17516
-0.432667
0.325439
-0.612819
0.632828
0.46876
-0.346447
-0.213217
0.509688
0.287654
-0.120617
0.0913732
0.0384069
-0.204319
0.182367
0.195395
0.416358
-0.342546
0.417349
-0.127826
-0.314635
-0.151055
0.115695
-0.346603
-0.171525
-0.143214
-0.318107
-0.355002
-0.0157344
-0.13038
0.62553
0.475178
-0.0328175
0.579842
-0.253649
-0.173199
0.319892
-0.0419829
-0.346686
-0.207065
-0.101212
0.303636
-0.402322
0.11636
0.232431
0.0145524
-0.0139156
-0.280656
-0.046415
-0.00916111
-0.376577
0.0517023
-0.248627
0.394409
-0.293393
0.581794
0.429412
-0.349715
-0.0701935
0.472158
-0.369047
-0.117608
0.545227
0.22471
0.20281
-0.108439
-0.380144
0.179261
0.214394
0.167619
-0.307799
-0.354357
0.409036
-0.336045
-0.309467
-0.333712
0.280164
0.306481
-0.381827
-0.43912
0.203703
0.191201
-0.367922
0.483002
-0.372925
-0.034172
0.449717
-0.143029
0.139309
-0.0882851
-0.11926
-0.428382
-0.0111635
-0.200236
-0.336869
0.0376769
0.491693
-0.345086
-0.221702
0.228011
0.562612
-0.209089
-0.012667
0.631728
0.59162
0.482729
-0.0621402
0.204056
-0.0693618
-0.754998
-0.0205633
0.431782
-0.174144
0.0444964
0.127843
-0.0135707
0.224556
-0.154555
0.209621
0.251147
0.500822
-0.0785033
0.26303
0.644285
-0.478717
-0.201268
0.759984
0.212936
0.244849
0.305759
-0.338407
0.462261
-0.534036
-0.231664
0.399255
-0.348601
-0.505308
0.195242
-0.243212
-0.411625
0.087704
0.461535
0.55683
0.436777
0.272976
0.160095
-0.640036
0.36235
0.740753
-1.01542
0.560774
0.0969233
-0.336337
-0.0477552
-1.02049
-1.30227
-0.154797
-0.339336
-0.627454
0.601648
0.872489
-0.0598458
-0.230033
-0.359292
-0.756237
-1.23739
-1.11612
0.0668636
-0.249924
-0.250581
0.112661
-0.945384
-0.991465
-0.383579
-0.232739
-0.0628876
-1.3004
-0.929577
0.057039
-0.202215
-0.336243
-1.00791
-0.171406
-0.421826
-0.596017
-0.429049
-0.40399
-0.231799
-0.124356
-0.753475
-0.739731
-1.18142
0.330389
-0.0679191
0.310184
0.0153539
0.102842
0.673422
0.659224
-0.709565
-0.52405
0.0709004
0.250966
-0.344393
0.100069
0.353226
0.239687
0.385681
0.305947
-0.402442
-0.0401788
-0.437957
-0.0103692
-0.172521
0.705903
-0.115484
0.228184
0.341872
-0.814061
0.228555
-0.502522
-0.174057
-0.0366341
0.229341
0.0389539
0.00901911
-0.313306
0.423323
-0.418524
-0.418566
0.0502329
-0.57158
-0.29263
-0.304171
-0.0767726
0.118779
-0.316943
-0.0409451
0.367676
-0.345305
-0.383427
0.0753396
-0.417685
-0.192351
-0.405521
-0.296152
0.163437
0.25087
-0.0513086
-0.124665
-0.3958
0.404368
0.4461
0.372033
0.278483
-0.380574
-0.116112
-0.171222
-0.299849
-0.325863
0.228775
-0.0434784
-0.13215
-0.272637
-0.300255
0.251593
0.356941
0.265022
-0.0912332
-0.0319229
0.045466
-0.32078
0.243351
-0.0641122
-0.391345
-0.111654
-0.229881
0.262723
-0.19124
-0.00176872
-0.0224242
0.364406
-0.335442
0.383705
-0.466885
0.0801262
-0.219853
0.427609
-0.0769066
0.264505
-0.0826004
0.689711
0.692819
-0.0642869
0.129449
0.460224
-0.398798
-0.242265
-0.162533
0.311867
0.233503
-0.00447219
-0.217999
0.309996
-0.370387
-0.156223
0.0848889
0.231034
-0.0250429
0.347713
0.534707
-0.397773
-0.619692
0.371791
0.118053
-0.211087
0.509571
0.134523
-0.296598
-0.235881
-0.193393
-0.300744
0.0656314
-0.241891
0.362922
-0.275552
0.188455
-0.555665
-0.244305
0.00730577
-0.431614
0.179718
-0.53187
0.4509
-0.521755
-0.469229
-0.4178
-0.26452
-0.479713
-0.392462
-0.126941
0.1734
-0.250554
-0.106404
0.227385
-0.668124
-0.256938
-0.453592
-0.311758
0.109658
0.0826314
0.075927
-0.314492
0.0800588
0.116523
-0.283599
0.102879
-0.38376
-0.0312814
0.198858
-0.0898631
0.475112
-0.589611
-0.120652
0.0640419
-0.170884
-0.0475793
-0.607576
-0.596586
-0.475561
0.368176
-0.0165437
-0.423285
-0.259686
-0.124459
-0.629603
-0.40586
0.152151
-0.294856
0.127338
-0.275207
-0.681985
-0.413009
0.735441
-0.372001
0.716363
0.914211
-0.108806
-0.225391
-0.658287
-1.35076
-0.198911
-0.194735
-0.116263
0.377254
0.172035
-0.512176
0.186302
-0.551304
-1.08149
-0.745616
-1.27571
0.228225
0.0637702
0.498817
0.309265
-0.922903
-0.46154
0.182539
-0.528063
-0.0805523
-0.902619
-0.186616
0.10594
0.309601
0.319961
-0.919039
-0.468045
-0.687387
-1.0686
-0.448694
-0.631608
-0.344201
-0.0445651
-0.26961
-0.860065
-1.15124
-0.205948
-0.745819
-0.252642
0.359409
-1.04488
0.85854
0.637075
-0.972368
-0.664059
-0.157949
-1.25923
-1.08247
-0.246405
-0.807195
0.214246
0.177327
-0.923007
-0.239754
-0.0786642
-1.1236
-0.837709
-1.41419
0.0737034
0.194746
-0.0251359
-0.0764301
-0.408608
-1.30644
0.139397
-0.619695
-0.0174039
-1.64048
-0.664161
-0.425809
0.562871
-0.68591
-1.25939
-0.54199
-0.937947
-0.484617
0.0352788
-0.472122
-0.460296
0.464402
-0.351538
-0.635146
-1.17383
0.227668
-0.042344
-0.0722642
0.344582
0.513423
-0.196609
-0.267938
-0.329719
0.087409
0.485925
-0.0322097
-0.143052
0.140762
-0.0666905
0.141857
-0.159771
0.0613535
-0.144023
0.222341
0.202791
-0.0742981
0.0800181
0.232968
-0.436089
-0.311385
-0.315743
-0.134495
-0.144451
0.0128844
0.272231
-0.0506345
0.234969
0.216082
-0.0369675
0.335236
0.0491465
0.35364
0.455153
0.172234
0.281198
0.159473
-0.23036
-0.082151
-0.448059
-0.0864943
-0.400987
-0.188956
0.411487
0.261511
0.481229
0.447586
0.297693
0.400539
0.180471
0.238526
-0.106546
-0.204065
-0.269217
-0.425262
-0.28489
0.44495
0.158321
0.535281
0.179659
0.0416117
-0.546803
-0.0450563
-0.548268
0.331016
0.0684447
0.368906
0.3755
0.252677
-0.304264
-0.189507
0.247524
-0.431171
0.353092
-0.672162
-0.779833
0.596265
0.33279
-0.369505
0.419046
-0.141605
0.50209
-0.182344
-0.205337
0.0724634
-0.087232
-0.0301838
0.399109
-0.270108
-0.503676
-0.0725368
0.0445731
0.316952
-0.398529
0.208025
-0.437544
-0.32152
0.143797
-0.24434
-0.412981
-0.326846
0.192607
0.191052
0.342501
-0.105658
0.454169
0.0857298
-0.169618
0.0512396
-0.400254
0.113904
0.303081
0.240023
0.394252
-0.0890425
0.0662347
-0.310781
0.374796
0.0791466
0.596707
-0.530588
-0.260449
-0.169065
0.186353
-0.136113
0.22887
-0.0677217
0.349226
0.0769266
-0.281469
0.197643
0.195234
-0.51338
0.196701
0.141861
0.392488
0.120575
0.124809
-0.367002
0.232501
0.363445
-0.678282
0.790914
0.706555
-0.579136
-0.0763713
-0.191502
-0.538603
-0.367652
-0.627847
-0.0939583
1.02838
0.363308
-0.305264
0.264298
0.212033
-0.387751
-0.854302
-0.074501
-0.133464
0.324281
-0.724929
-0.520831
-0.5075
-0.465495
-0.372522
-0.0879492
-0.216632
0.0973461
-0.0780149
0.129749
0.614228
0.409578
-0.507808
-0.113222
-0.603649
0.172268
-0.207597
0.0163404
0.219667
0.367359
0.214143
-0.187184
-0.542132
0.507386
-0.0334241
0.183115
0.423083
0.351311
-0.150514
-0.198732
0.354857
-0.221392
0.794975
0.623591
-0.437357
-0.389351
0.434874
-0.349439
0.741896
0.104241
0.0960898
-0.427123
0.154031
-0.560001
0.248549
0.14114
0.449236
0.0197756
0.803804
0.249129
0.24028
0.829862
-0.198976
-0.254281
0.558628
0.582231
0.0482605
0.312414
-0.209781
0.0925028
-0.626471
0.0471479
-0.47091
-0.422837
0.315367
-0.210848
0.259599
0.411341
-0.385038
0.217125
0.0725442
-0.265318
0.610725
1.10405
-0.802615
0.711467
0.109981
-1.18367
-0.491983
0.291669
-0.585364
-0.5387
-0.517567
-0.616492
0.315951
0.36966
0.0670192
-0.164078
0.0266117
-0.216774
-0.279604
-1.21181
0.0242976
-0.141469
0.418954
0.343486
0.272134
-0.0752348
-0.130325
-0.197992
-0.736934
-1.19757
-0.153734
-0.715885
-0.0661418
-0.256465
-0.38851
-0.0963508
-0.393228
-0.59565
0.615858
-0.326284
0.173216
0.560721
-0.137489
-0.36168
-0.491413
0.749142
-0.0523291
0.128112
-0.121601
0.535222
0.403703
-0.254275
0.330095
0.302953
0.298809
0.239916
0.609666
0.537869
0.0237161
0.355056
0.328029
-0.168064
0.478124
0.0827141
0.557609
0.291002
-0.358128
0.393038
0.0492536
0.385191
0.145663
0.234823
0.127467
0.37307
-0.0195394
0.253155
-0.305347
0.376321
-0.0352329
0.5379
0.304538
0.170659
0.263662
-0.161674
0.134967
0.270045
-0.0206389
0.51045
0.321017
0.336193
0.545724
-0.312962
0.326778
0.218409
0.139955
0.068027
-0.516416
0.0624664
-0.189677
0.237537
0.0844377
0.233823
-0.170536
-0.550091
0.349955
-0.296661
-0.590112
0.0539149
0.483751
0.230247
-0.250725
-0.322261
0.205285
0.271189
0.337224
0.616397
0.633835
0.491834
-0.214885
0.0190434
-0.21709
-0.315412
0.377179
0.315223
-0.0916224
-0.153297
0.306119
-0.142857
0.0909535
0.244661
-0.459527
0.117429
0.239773
-0.433191
0.223765
-0.179683
0.454987
-0.205585
0.520756
-0.0981614
0.167798
-0.0464419
0.32249
-0.455171
0.519872
0.699119
-0.317809
0.540439
-0.854362
-0.690627
0.197363
-0.594251
0.420276
0.294744
0.478838
-0.150175
0.54864
-0.554185
-0.613721
-0.552201
-0.79783
-0.187909
1.24911
0.453882
0.287155
-0.49481
-0.394324
0.339478
-0.0458496
-0.233643
-0.866233
-0.0559489
0.420733
-0.399201
0.495105
-0.833124
0.321521
0.583533
-0.540071
0.814508
-0.267109
0.00218152
0.949721
-1.07943
-0.0137718
-0.154244
0.110438
-0.925523
0.146372
0.956485
-0.208548
0.634031
0.0480524
-0.213199
-0.0104373
0.245942
-0.735021
-0.211053
-0.549042
-0.417365
-0.226598
0.238985
-0.757217
0.140173
0.0916937
-0.0733934
-0.37307
-0.593815
-0.287223
0.11066
0.450718
0.52528
0.169687
-0.045578
0.205626
-0.771375
-0.482165
-1.4478
-0.824293
-0.256277
-0.308887
0.49617
-0.0192369
0.218143
0.362776
-0.684184
0.736765
-0.423191
-0.18365
-0.197501
-0.269456
-0.0727952
0.132864
0.331608
0.00701183
0.559206
-0.0029525
-0.614553
0.305892
0.588233
-0.658294
-0.336661
-0.355785
-0.423976
-0.25206
-0.263473
-0.131021
-0.235987
0.474825
-0.193219
0.102808
-0.0810059
-0.0531299
0.147659
0.1647
0.069013
-0.313084
0.360971
-0.363726
0.0333234
-0.546224
0.133479
-0.571282
-0.282862
-0.805593
-0.641774
-0.50764
0.324458
0.128114
0.00863085
0.398141
-0.290094
-0.396345
0.046464
-0.637018
0.293967
0.1222
0.159143
-0.10142
0.304943
0.18946
0.120174
-0.231166
-0.0892588
0.33284
0.284712
-0.614227
-0.0854112
0.2894
-0.367812
-0.236173
0.396069
0.507823
-0.108679
0.390387
-0.589639
0.0835812
-0.18392
-0.241893
-0.352511
0.37246
-0.443812
-0.253481
-0.116626
-0.655404
0.259681
0.0555029
-0.423914
-0.531066
-0.448541
-0.125952
-0.53044
0.387281
-0.140421
0.128806
-0.0300614
-0.0776877
-0.115992
0.244949
-0.186069
-0.229364
0.0901043
0.351473
0.129981
0.0481984
0.233873
-0.467862
-0.546193
-0.794388
0.26509
0.352151
-0.714172
0.792265
0.542765
-0.828311
-0.838123
-0.128174
-1.39843
-0.513255
-0.796318
-0.548493
0.285888
0.788727
-0.808928
-0.709226
-0.261734
-0.866728
-1.0945
-1.56544
0.0534971
-0.266883
0.306998
-0.446035
-0.624689
-0.902131
0.277882
-0.874106
0.13957
-0.750877
-0.688094
-0.177991
0.255786
-0.418427
-0.643204
-0.783111
-0.462013
-1.2362
-0.672412
-0.494565
-0.177394
-0.264755
-0.460892
-1.00849
-0.725712
0.682537
0.595692
-0.414871
-0.22207
0.726073
-0.323192
0.0899729
1.00757
0.600503
-0.188331
1.00627
0.438274
0.678218
0.569065
-0.640974
-0.746089
0.38748
-0.574567
0.0887723
0.995272
0.745609
0.701258
0.00937603
0.0369009
-0.0967608
0.0112793
-0.0276458
0.553175
-0.27247
0.361141
0.13212
0.669187
0.31684
-0.0228099
-0.648153
0.0511938
0.328297
0.227426
0.0206068
0.71544
0.485829
0.0246508
-0.38681
0.134135
0.109237
1.01842
0.942241
-0.684481
0.183852
-0.248429
-0.0391027
0.55938
0.0707465
0.0302698
-0.286521
-0.548511
-0.227417
0.171423
-0.134809
0.636134
0.333388
0.0732186
0.109309
0.412973
0.458935
0.119329
0.126852
-0.1848
0.562421
-0.406224
-0.189192
-0.20279
-0.35806
0.179758
0.307821
-0.234394
-0.594214
-0.0608922
-0.0485554
-0.158035
0.347629
0.327032
0.362608
-0.0686005
-0.345938
0.0333719
0.313209
0.33002
-0.580443
-0.167765
-0.342237
-0.316389
-0.490724
0.52137
0.302643
-0.412422
0.61615
0.379426
-0.4281
0.740551
0.930476
0.17388
-0.363443
-0.306471
0.0760531
0.148363
0.336379
-0.253331
0.531899
-0.0584511
0.384807
0.259505
-0.631875
-1.02763
-0.73371
0.112907
-0.0209069
-0.048935
-0.161911
0.423011
-0.703117
-0.195611
-0.595814
-0.503622
0.798567
0.253054
0.196222
0.727104
0.769547
-0.127495
-0.336164
0.155212
-0.743593
-0.223788
0.0399981
-0.688656
-0.0715058
-0.047638
-0.322434
0.149866
-0.734536
-0.433375
0.586019
0.442605
-0.232413
-0.127509
0.419251
0.116976
0.58659
-0.221789
0.0748167
0.467906
0.014695
-0.237134
0.0454327
0.363823
0.394958
0.357352
-0.270645
-0.0939252
0.220325
0.422027
-0.0067812
-0.251173
-0.0413145
0.46995
0.518336
0.561013
0.0320575
0.362865
-0.186709
0.352085
0.0475687
-0.348326
0.281874
0.424663
0.481679
0.40303
0.00710432
0.251021
0.399401
0.543834
-0.244865
-0.220667
0.241065
0.197316
0.462627
0.113386
0.446351
-0.175848
0.115402
0.461787
-0.421296
0.0621025
0.0297706
-0.0757455
0.45301
0.0242309
0.0484124
0.381189
-0.423801
0.236519
0.566078
0.521391
-0.414139
0.572947
0.0881513
0.258181
0.515544
0.577454
0.111378
0.3866
0.41026
0.290145
-0.152532
0.553868
0.556382
0.331281
0.20192
0.021783
0.161842
-0.0612072
0.735084
-0.16198
-0.300668
0.295904
0.558048
0.312759
-0.338237
0.147403
0.454961
0.459022
0.271478
0.537735
0.34286
0.0578609
0.0728138
0.55075
0.794041
0.284568
-0.0672646
0.351211
0.057323
0.166046
-0.0497103
0.348484
0.0176954
0.323183
-0.01114
-0.00219195
-0.0149598
-0.127252
-0.0141937
0.343837
0.429084
-0.0205383
0.216759
0.338051
0.554474
0.324558
0.343512
0.174223
0.256124
-0.0447249
0.433857
-0.186382
-0.0685866
0.124972
0.635549
0.573621
0.544701
0.117201
0.438765
-0.131771
-0.239166
-0.0418057
0.0841263
0.229868
0.461517
0.628028
-0.185247
0.334714
-0.18891
-0.47327
0.304385
0.324677
0.00990139
0.208713
1.205
0.410738
-0.278897
-0.315862
-0.305213
0.254932
0.346816
0.0788225
0.502402
0.0486932
-0.107646
0.510693
0.00301718
-0.194887
-0.161788
-0.515723
-0.015566
-0.00727616
0.224857
-0.225155
-0.56005
0.0752362
-0.0900347
-0.555035
0.969626
-0.562778
-0.558534
0.35464
0.0724419
0.544447
-0.567857
-0.390879
0.663173
-0.29268
-0.226781
-0.331965
-0.00564735
0.24563
-0.165176
-0.317361
-0.293188
0.0675659
-0.869313
0.110149
1.00791
-0.700819
0.253678
0.289222
-0.00853419
-0.127979
-0.0819756
-0.8071
-0.928274
-0.51712
-0.137569
0.563874
0.480206
-0.5629
0.163881
0.207731
-1.22753
-0.116233
-0.88843
-0.174794
0.0265446
-0.0565558
-0.475419
0.063077
-0.0470907
0.306826
-0.0589799
-0.0202628
-1.05178
-0.0844726
0.0724982
0.455745
0.121202
-0.488404
-0.540799
0.0792798
-1.12025
0.180528
-0.459513
0.542696
0.547033
0.171797
-0.781392
-0.599483
0.514758
0.528131
-0.0422232
-0.363908
0.596866
-0.0718611
-0.604628
0.932648
-0.171296
0.0359682
0.129864
0.777442
0.716733
0.148214
-0.45887
-0.308756
0.644641
0.163926
-0.246035
0.541861
-0.311474
0.964238
0.528512
-0.287968
-0.260255
-0.329917
0.152171
0.209049
-0.278745
-0.567189
-0.0452961
1.38587
0.0857243
0.847604
0.102023
-0.093105
0.480936
-0.521683
0.0864895
0.258255
0.210377
-0.552839
-0.388099
-0.198453
0.445991
0.192176
-0.198304
-0.687109
-0.567807
-0.435544
-0.112986
-0.129839
-0.0426176
0.131479
0.06096
0.298751
0.275186
-0.757689
-0.239206
-0.513178
-0.691603
0.33781
0.744678
-0.313361
-0.121681
-0.486267
-0.129117
-0.305713
0.227662
0.28825
0.0264756
0.714947
0.118584
-0.738668
-0.467119
0.331934
-0.326916
0.21821
-0.452718
0.246098
0.124609
0.282137
-0.103555
-0.190919
-0.247725
-0.160043
-0.253669
0.365796
-0.40425
0.200766
0.501316
-0.307062
-0.00694974
0.151741
-0.323963
0.134899
-0.545435
-0.233224
0.00888839
-0.125594
-0.134806
-0.0188186
-0.530803
0.328285
-0.0317414
0.405429
0.344263
0.0811757
0.221572
-0.489618
-0.222273
-0.286865
-0.330441
0.516548
-0.0185991
-0.253924
-0.488159
-0.412035
-0.27877
-0.605093
0.731233
0.372204
-0.400792
0.543897
-0.0295899
-0.0247359
0.535731
-0.142774
0.113725
-0.244394
-0.157797
0.515636
-0.0421746
0.19725
0.233871
-0.159747
0.186208
-0.236783
0.407459
0.277707
-0.31324
-0.256879
-0.0804442
-0.022625
-0.453517
0.308676
-0.036346
0.0948829
-0.300111
0.270903
0.404888
0.0748928
0.185261
-0.0656708
-0.0993773
-0.0890667
-0.169307
0.410846
-0.19007
-0.254404
-0.302344
0.381173
-0.305281
0.0876893
-0.34243
0.183307
0.10593
0.254725
0.028606
0.497336
0.0975426
0.0972574
-0.0382357
-0.0233483
-0.0162287
-0.0833391
-0.0380437
0.138088
-0.0210193
0.488772
-0.00621001
0.281987
0.598753
0.232004
-0.0704294
0.0318803
-0.017723
-0.434865
0.480477
-0.212854
-0.414507
0.12844
0.484689
-0.52693
0.0563041
-0.310062
-0.456985
-0.0675432
0.0670208
0.196343
0.55256
0.0970327
-0.046607
0.244962
0.166559
-0.258457
0.467253
0.0424214
0.446441
0.27679
-0.3469
-0.0598558
0.0155986
0.289302
-0.0915448
-0.268651
0.12529
0.167798
0.0431018
0.14614
-0.0212571
-0.115132
-0.310512
0.214119
-0.056889
-0.072648
0.419658
0.37283
0.0129334
0.240954
-0.335528
-0.405657
0.195515
0.478983
-0.165007
0.141832
0.123048
0.277597
-0.206028
0.555581
-0.362438
-0.251575
-0.392258
-0.0131529
0.00976694
0.450963
-0.0385635
0.12161
0.306238
-0.226043
-0.30745
0.309205
0.358963
-0.0323011
0.107155
-0.0989624
-0.333219
-0.394689
-0.0727353
-0.00383168
0.520663
-0.331795
0.484296
0.151674
0.371151
0.11011
0.369518
-0.0269158
-0.0641083
-0.099876
-0.0326424
0.25689
0.20252
-0.449378
0.426346
0.289539
-0.392138
0.0368881
-0.0352517
-0.276374
0.142593
-0.365093
-0.019963
0.11362
0.163536
0.0810345
-0.409695
0.286236
0.100829
0.559953
0.138422
0.398519
-0.125296
0.166688
-0.190103
0.451343
-0.211355
0.325879
-0.0452439
-0.108001
-0.058946
0.495026
-0.104966
-0.000335487
0.648306
0.47385
-0.195521
0.634041
0.218708
0.741924
0.485883
-0.140325
0.632492
0.328069
-0.00846481
0.699047
0.0737192
-0.200378
0.304576
-0.554867
0.0815406
-0.389302
0.256199
-0.522319
0.359279
0.0633459
0.124717
0.325667
0.597477
0.283492
-0.209297
0.570328
0.329817
-0.311886
0.0194072
0.314141
0.759209
-0.473863
0.654779
0.59864
-0.0725923
-0.0145183
0.417534
-0.261421
0.166895
-0.0367948
0.267567
-0.85014
0.167916
-0.469598
0.499382
0.438607
0.687533
0.458739
1.05227
-0.455697
0.299824
0.700435
0.0794055
-0.100348
0.387386
0.00698922
0.332436
-0.626052
0.323946
0.00723541
-0.850394
-0.51987
0.183314
-0.402705
0.225391
0.0982574
0.559711
0.346756
-0.605026
0.286546
0.606501
0.40766
-2.40265
1.3518
2.04491
1.23251
0.341582
0.906391
-0.474961
-0.241904
0.872188
3.11858
1.59148
0.113341
0.847504
-0.75507
2.5035
3.47227
-0.0513031
1.10335
-0.390976
2.32222
1.06056
2.9722
1.00122
0.660599
2.89878
1.88298
1.76075
-0.618197
2.6994
-2.19575
0.630413
2.30919
0.758745
0.756506
0.976292
1.8048
1.81735
-1.93145
1.40302
-1.07963
-0.420221
-0.424186
0.0170924
0.931442
1.64581
