#input normalization
0.160827 0.269693
61.5421 58.8155
10.4329 39.4066
8.32924 32.1105
0.0113499 0.0441394
0.00908754 0.0331882
0.569779 1.57915
0.878489 1.39365
1.08799 1.57375
1.34273 1.74767
1.61947 1.90894
1.88816 2.0396
2.13633 2.15596
2.38858 2.26089
2.61311 2.33294
2.81624 2.36435
3.00998 2.37819
3.17935 2.36065
3.29683 2.30588
3.40901 2.24214
3.47428 2.14716
3.5456 2.03413
3.5817 1.92454
3.58621 1.78759
3.54745 1.63424
3.51314 1.47842
3.43246 1.32269
3.35597 1.15517
3.23349 0.96904
3.0952 0.784753
2.96394 0.619376
2.82207 0.465701
2.67087 0.314089
2.53134 0.175751
2.38729 0.0468479
2.23385 -0.0815856
2.08319 -0.192129
1.94456 -0.288603
1.7925 -0.383626
1.66522 -0.4637
1.52969 -0.544693
#output normalization
1 0
#neurons weights
-0.100732
0.314741
-0.384767
0.496339
-0.248671
0.0708226
-0.336975
0.0368038
0.0755874
-0.419302
0.350015
0.425025
-0.0861444
-0.0764567
-0.111862
-0.109998
-0.0264286
-0.480972
-0.0150391
-0.357395
-0.0219801
-0.396293
-0.22696
0.340618
0.230094
-0.0339251
0.0277719
0.273258
0.457478
0.196109
-0.29127
-0.0307764
-0.259948
-0.33831
-0.217288
0.198196
0.349115
0.172008
-0.492277
0.31832
-0.316282
-0.410012
2.42717
0.775151
0.500987
0.576052
-0.326227
-0.762117
-0.424738
-0.590402
0.30858
-0.712492
1.20051
-2.43746
-0.813449
2.47768
2.35929
2.28976
1.66368
-1.89765
-3.55316
1.03608
-1.4535
-1.19998
2.02863
1.33726
0.738821
0.077169
2.2506
0.831581
-0.390639
-0.198752
-0.0713914
0.427949
1.39641
0.147019
-0.112183
0.0121898
0.481361
-0.260051
-1.04381
-0.213698
-1.70881
0.412944
-0.0616063
-0.0184364
0.168787
-0.388393
-0.360648
-0.701311
0.120965
0.560789
0.0755619
-0.301326
0.0926971
-0.616324
0.0110299
0.387451
0.430666
-0.146053
0.17048
0.497963
0.486657
-0.302353
-0.253511
-0.167656
-0.166806
0.524964
-0.167016
-0.07396
0.193049
0.846929
-0.082544
0.0766648
-0.0711476
-0.376497
0.205521
-0.233959
0.608996
-0.820864
0.0532884
0.11422
0.165941
0.169088
1.43905
#synapses weights
-0.372992
-0.718104
-0.0590261
-0.202033
-0.707805
-0.657166
-0.167698
0.152062
0.0644366
-0.534348
-0.288462
-0.437044
-0.122731
-0.0517243
-0.762852
-0.585078
0.0730679
-0.326641
-0.270011
-0.0778329
-0.78221
0.18035
-0.00798869
-0.81747
-0.253492
-0.846365
-0.545689
-0.842939
-0.666473
-0.614166
-0.111356
0.072909
-0.670477
-0.216965
0.186641
-0.713331
-0.0339531
-0.0320707
-0.329037
0.100556
-0.0197131
-1.25022
-1.0912
-0.386972
0.157636
0.54545
0.263463
-0.674176
-0.435033
-0.255619
0.545061
0.202185
-0.242903
0.241971
-0.466327
-0.0724155
0.449073
-0.119982
-0.0136745
0.155764
-0.388952
0.0524947
0.505565
0.256582
-0.0522823
0.0857495
0.0217921
-0.202372
0.0663893
-0.254174
-0.538044
0.441538
0.530308
-0.522774
-0.119057
0.247974
-0.604351
0.592811
0.319001
-0.641519
-0.330163
0.763571
-0.597023
-0.644445
-0.204687
0.277918
0.0440711
0.475534
-0.120024
0.247301
0.514761
0.376671
0.487043
-0.375548
0.248078
-0.323046
-0.00538683
-0.0051675
-0.475433
0.371091
0.220361
0.236071
-0.350364
0.616949
0.360511
0.425452
-0.383273
-0.536932
-0.634364
0.194879
-0.143571
0.255814
-0.951923
0.983229
1.26425
-0.212008
-0.34449
0.213169
0.228433
-0.207928
0.15492
-0.607306
-0.570963
0.489788
1.0697
-0.450137
0.65403
0.466413
-0.103806
0.0298232
0.619196
0.414765
0.462697
0.137887
0.296744
0.613966
0.673063
0.312004
0.241177
0.689433
0.594106
0.278943
0.258757
0.582609
0.38393
0.705217
0.446488
0.785027
1.00056
0.739437
0.48135
0.54011
0.745946
0.584712
0.801355
0.284736
0.623773
0.127738
0.0297846
0.668541
0.471361
0.378161
0.685544
0.251741
0.154084
-1.01221
-0.0939985
0.244936
1.01268
0.0362005
-0.320746
0.121286
0.515383
0.296668
0.432148
0.500174
-0.568815
-0.327498
-0.368886
-0.408824
0.627427
-0.292931
0.0605164
-0.152929
-0.252457
-0.248078
-0.333197
0.271634
-0.277987
-0.530856
0.611331
-0.157749
-0.322053
-0.324886
-0.328728
0.240194
-0.71784
0.366057
-0.186463
0.25797
0.201737
-0.292471
-0.312028
-0.125867
-0.270238
0.487163
0.661645
-0.188921
0.264084
0.140856
-0.0573353
0.3694
-0.416861
0.254805
0.825718
0.161038
-0.201519
-0.374398
-0.647769
-0.156525
-0.916139
0.530974
0.446948
0.827412
0.301067
0.0149112
0.109472
0.397923
0.208493
0.0565382
0.0791586
-0.0506294
0.186974
-0.0329335
0.104275
-0.154896
0.0191343
0.149663
-0.0992013
0.255928
-0.0781689
-0.0626375
-0.16936
0.533975
0.00608176
0.249761
0.764425
0.784762
0.16
-0.00526239
-0.13105
0.638937
0.0413184
-0.23782
-0.196528
0.222191
0.104464
-0.186799
-0.115228
-0.310659
0.247392
0.242034
-0.0936625
0.130602
0.604704
0.130852
0.713878
0.447206
0.329557
0.509388
0.310217
0.480347
-0.0118408
0.287939
0.188419
0.125733
0.0407367
-0.0478922
0.241616
0.197104
0.456992
-0.0845155
-0.175128
0.467936
-0.272584
0.053944
0.219298
-0.157151
0.226378
0.612816
-0.477562
-0.260784
-0.274714
-0.316667
0.338822
-0.0467611
0.160114
0.490073
-0.081945
-0.0547816
0.421587
0.682553
0.387857
-0.327489
0.560259
0.884539
0.475622
0.458604
0.225388
0.36553
0.401877
0.405507
0.414394
-0.0207138
0.563741
0.422311
0.198154
0.636635
-0.00777421
-0.092349
0.736997
0.169024
0.240868
0.608245
0.22012
0.043678
-0.0357253
0.454461
0.301876
0.952854
-0.225531
0.268477
0.201575
-0.0730698
-0.102482
-0.164941
0.137023
0.727185
-0.189794
0.772551
-0.264163
0.0849491
-0.563578
-0.0733792
0.12327
0.641186
-0.527383
-0.773079
0.687348
0.150078
0.249091
-0.400499
0.361409
-0.685411
0.159693
-0.428674
-0.246525
-0.503803
0.139543
0.0437582
0.293577
0.21822
0.193988
-0.339671
0.0278574
-0.804655
0.385972
0.267918
0.630278
-0.495445
-0.0877222
0.607309
-0.5035
0.516517
0.404094
0.151537
0.754207
-0.260601
0.533088
0.118097
-0.148549
0.330138
0.177229
-0.110282
0.724818
0.1624
0.197113
0.310857
0.163701
0.330173
-0.100968
-0.342584
0.494428
0.268776
0.657481
0.908889
1.04618
0.724445
0.263832
0.410505
0.130674
0.866066
0.118881
1.09406
0.4602
0.777266
0.973209
0.377882
-0.0043491
0.199012
0.257185
1.18131
0.515579
-0.145346
-0.19226
0.222524
-0.258741
0.256509
0.1722
-0.129539
-0.00266862
0.52965
-0.144714
0.082226
-0.0551131
0.534464
-0.0638873
0.399903
0.85542
0.17316
-0.179302
0.166616
0.457891
-0.427504
0.101501
0.318388
-0.350321
0.0315741
0.0370976
0.238621
0.326183
-0.158371
0.346224
-0.15538
0.0550884
0.0417888
0.146719
0.116905
0.20577
-0.0666219
-0.0190881
-1.36323
-0.546143
-0.292023
-0.473704
0.471416
0.606597
0.396334
-0.2312
0.1501
0.260221
-0.439984
0.219092
0.143956
-0.366243
-0.40094
-0.488437
-0.388519
0.101322
0.454311
0.430025
0.10114
-0.637886
-0.526611
-0.531653
-0.0920798
0.032347
-0.324419
-0.0865304
0.223644
0.244877
0.551406
-0.101787
0.277396
-0.197253
-0.0473998
-0.324326
0.145062
-0.494726
-0.0269938
-0.211876
0.313731
0.405693
0.998143
-0.433539
-0.0695931
-0.472423
0.139086
-0.104479
0.349613
-0.296085
0.524303
0.501014
0.0197342
-0.103149
0.116823
-0.6134
0.285738
0.054317
0.592219
-0.283448
0.142717
0.324633
0.0601657
-0.602374
-0.524362
0.298263
-0.410601
-0.343556
0.0820779
-0.0685053
-0.315349
-0.544773
-0.478438
0.0690098
0.117652
-0.668222
-0.372409
0.386689
-0.329109
0.0659979
0.691617
0.526871
0.635195
0.925241
0.412928
0.197183
-0.308338
-0.550721
-0.0324074
0.111756
0.134879
-0.380248
0.376321
-0.589272
0.202372
-0.243076
0.455936
0.347138
-1.08785
-0.282025
-0.207731
-0.0952376
0.0113786
-0.125142
-0.35097
0.572095
0.134269
0.379797
0.548543
0.405385
0.409688
-0.0987806
-0.00776849
-0.00549307
-0.156856
0.0947451
0.271552
0.375695
-0.144481
0.397389
-0.0536922
-0.0173279
-0.679006
-1.41034
-1.20438
-0.245822
0.222999
0.598507
0.448955
0.937362
0.025357
0.118145
0.071708
-0.175921
0.435032
-0.788074
0.139656
0.0394611
-0.646467
0.570653
0.268782
0.480606
0.885014
0.426754
-0.964377
-0.0333101
0.049645
-0.15935
0.0679283
-0.125
-0.00585589
0.0771868
0.486977
-1.07219
0.07173
-0.485135
0.329232
-0.341301
0.678743
0.446393
-0.333858
0.13368
-0.168294
-0.250313
0.422558
-1.20958
2.60359
-0.465669
-0.865322
-0.692519
-0.105474
-0.268494
-0.245195
-0.133002
0.580519
-0.0648898
0.136878
0.119118
0.0437581
-0.0401197
0.0814131
0.836291
-0.451277
-0.0571969
0.119544
0.157336
-0.214569
0.0583255
-0.0779189
-0.29914
0.539667
0.412857
0.457184
-0.270477
-0.383218
0.307953
0.0570877
0.206221
0.0906917
0.116826
-0.328288
0.165643
-0.153668
0.329979
-0.229112
-1.01929
-0.902279
-0.743544
-0.766463
0.137771
0.0798357
0.0316608
0.381012
0.210115
-0.968804
0.103015
-0.278087
0.466481
0.409786
0.190222
-0.465437
0.761355
-0.147048
-0.599108
0.1492
-0.0229664
0.455765
-0.236788
0.152602
0.0870108
-0.398326
0.198572
-0.345484
0.219538
-0.212294
0.186035
-0.197871
0.309508
-0.441681
0.697939
-0.627596
0.275459
-0.242445
0.310617
-0.00185265
-0.0846169
0.134955
-0.92016
1.81777
-0.62863
-0.518096
-0.0549979
-0.109259
0.214286
-0.558664
0.404426
0.156615
0.181725
-0.382962
0.136671
1.01763
0.11531
-0.0621558
-0.262261
0.761173
-0.171418
-0.188792
0.244471
-0.534562
-0.0772193
0.234453
0.265513
-0.422304
0.00614828
-0.388207
0.456394
0.333669
-0.154837
-0.666738
-0.0837145
0.0798808
0.423443
0.0364759
-0.79074
0.573152
0.0218176
0.430533
0.449946
0.656139
0.047792
0.0401373
-0.170927
-0.081018
0.0497614
-0.269018
-0.552056
0.382027
0.197381
0.0552954
-0.313864
-0.522747
-0.269834
0.0594262
0.455921
0.94878
-0.739309
0.114527
0.889831
-0.43104
-0.0451207
0.393393
-0.120941
-0.722489
0.202658
0.58916
-0.0133883
-0.089226
0.226402
-0.734028
-0.057904
-0.413672
0.0143792
0.0780703
-0.241389
0.414403
0.336776
0.147254
0.508824
0.730523
1.72522
0.597794
0.289395
-1.25032
0.462775
0.415022
-0.809587
0.400802
0.118734
-0.525277
-0.275742
0.292908
0.32453
0.404113
-0.277798
0.396953
0.00380105
0.0517687
0.126164
-0.0783667
-0.274445
-0.280411
0.0393012
-0.133786
-0.228303
-0.0332257
-0.314644
-0.229916
0.177712
-0.0722679
0.38714
-0.194269
0.280782
-0.183144
0.21779
-0.0206178
-0.0823438
-0.341885
0.153659
0.191737
-1.15432
0.0411157
-0.190193
0.105688
-0.291552
-0.139549
0.412192
-0.486778
-0.17413
-0.384403
-0.0230389
1.04757
-0.246936
0.109902
-0.115491
-0.483057
0.33926
0.0225219
-0.351704
-0.086326
0.0790506
-0.217859
-0.484938
0.153141
0.26181
-0.587493
-0.544218
0.0088349
0.331232
-0.07631
-0.0445678
0.663105
0.0481515
-0.289304
-0.252361
-0.420723
0.3672
-0.18574
0.191952
-0.122994
0.272152
-0.073566
0.548942
-0.225594
-0.00491429
-0.493192
-0.0139751
-0.200858
0.117257
-0.277164
-0.832755
0.754842
0.0700403
-0.180865
-0.465111
-0.64449
0.135104
0.127377
0.587176
-0.419537
0.207696
0.546473
0.237198
-0.262366
-0.0879355
-0.0775715
-0.965704
0.257172
0.344481
-0.194335
0.729836
0.309415
-0.7917
-0.0938542
-0.291659
0.367227
0.441653
-0.458501
-0.540054
-0.084827
0.313044
0.342898
0.342074
1.8359
0.0820732
-0.114033
-0.245082
0.469209
0.156408
-0.0194178
-0.399811
0.0940628
1.01944
-0.0584324
0.488165
-0.11953
0.261442
-0.491633
0.108327
-0.670752
-0.22963
0.451158
-0.192925
0.200999
-0.48144
-0.249705
-0.567447
-0.232935
0.539507
-0.10036
0.268668
0.491541
-0.594753
-0.249126
-0.985054
-0.210278
0.661092
0.364696
-0.309708
-0.558604
0.402613
0.567975
-0.765827
-0.200826
-0.953281
1.28223
-0.21837
0.111034
-0.238893
-0.0786755
-0.0253144
0.368736
0.52909
-0.408866
-0.0737139
-0.0974965
0.0404761
-0.841557
0.101466
0.125072
-0.447123
0.373356
0.359796
0.00612577
0.922146
-0.396144
-0.0201315
0.0888692
-0.676098
0.730775
-0.0493744
-0.22376
0.400295
-0.165353
0.00542867
-0.401022
0.434092
-0.380392
0.301646
-0.356873
-0.196908
0.186266
0.81395
-0.361413
-0.280767
-1.75254
0.035246
-0.00395634
0.388494
0.0320673
0.992911
0.275479
-0.58064
-0.354032
-0.41612
-0.269241
0.172683
0.0104788
0.339437
0.252072
-0.0469515
-0.0923259
0.0891096
-0.514488
-0.0895847
0.0448346
-0.0984985
-0.551943
0.355716
0.543786
0.655051
0.86222
-0.333722
-0.25969
0.0368675
0.0551246
-0.759366
0.368995
0.126741
-0.164187
-0.206259
0.0583435
0.617825
-0.0877822
0.535782
-0.249546
-0.541159
-0.294754
0.167039
0.784109
-0.322016
0.103617
0.441247
-0.561358
0.300462
0.511101
-0.752337
0.167851
0.535434
-0.413514
-0.175714
-0.38812
0.314927
0.0918289
0.21932
-0.193095
-0.0100729
-0.903371
-0.494565
0.0120678
0.0505426
0.203533
-0.195879
0.525196
0.12364
-0.628265
0.0147795
0.0115314
-0.523868
0.456237
-0.648885
-0.412767
0.0308259
0.323625
-0.221524
0.303507
-0.0594507
0.906227
-0.106457
0.235558
-0.10083
0.184138
0.559342
-0.307005
0.000742962
0.699427
0.389595
-0.287386
-0.0751707
0.584667
0.397014
0.513472
-0.183365
0.120219
-0.027937
0.211911
-0.323328
0.372218
-0.0750506
0.298962
0.438643
-0.289607
0.351831
0.371033
0.0300738
-0.357139
0.0199022
0.111497
-0.130869
0.525397
-0.24919
0.1411
0.39251
-0.0285378
-0.138254
-0.0346191
0.143878
-0.973789
-1.44209
-0.146182
-0.126136
-0.339613
-0.169286
0.266854
-0.0282872
0.331726
-0.435123
0.772505
-0.429827
-0.188206
-0.273274
0.107588
0.137873
0.15449
-0.0417257
-0.968995
-0.0734939
1.19116
-0.221017
0.578709
-0.204277
-0.0291591
-0.228486
0.401164
-0.155769
0.0440303
0.122473
-0.252871
-0.375061
-0.225446
0.211342
0.279224
-0.213576
0.44557
0.00822988
-0.20234
-0.193498
-0.0278675
-0.78472
-0.757601
-0.263003
-0.170762
-0.227695
0.031223
-0.199411
0.147785
0.252947
-0.324281
-0.6273
0.197176
-0.31055
-0.36502
0.0205069
-0.250651
-0.708356
-0.230689
-0.125389
-0.594456
-0.309471
0.0118017
0.153647
-0.215098
-0.297474
0.314014
-0.344487
0.373876
-0.152032
0.317462
-0.105556
0.0136716
-0.258032
0.105706
-0.0971607
0.447874
-0.239309
0.189733
-0.0954284
0.01746
-0.797308
-0.741288
1.28291
-0.550526
0.374604
-0.441483
0.255045
-0.067437
0.995124
0.383778
-0.151897
-0.713526
-0.17354
0.00591851
-0.0690749
0.498299
-0.0670527
-0.0336261
0.141781
-0.267503
-0.0190084
-0.0587004
-0.274345
0.624037
0.00182335
-0.0565141
0.397207
0.0752912
-0.233955
0.311521
-0.365711
0.275832
0.338875
-0.0999106
-0.105422
0.0692528
-0.206788
0.210922
0.0939522
0.164242
0.176426
-0.23194
-0.217581
0.349578
-0.238061
0.143794
0.0646214
0.309282
-0.160968
0.0253918
-0.161339
-0.577834
-0.266127
0.135235
-0.290622
0.300554
0.70395
0.906826
0.593554
0.754297
0.821253
-0.00263044
-0.129883
0.460571
-0.227225
-0.218198
0.227129
0.565631
0.0797613
0.337114
-0.629832
-0.271011
-0.399237
0.036953
0.0625994
0.764127
0.399997
-0.156308
0.482798
-0.0162572
0.264808
0.109766
0.600961
-0.349317
0.259396
0.206683
-0.272186
0.265485
0.524282
-0.149196
-0.233073
-0.100426
0.4238
-0.00825252
-0.511354
-0.500377
-0.137783
0.359865
-0.044653
-0.227854
0.334147
0.455734
0.863928
0.5584
0.239803
0.33654
-0.0516165
0.590354
0.00338715
0.258792
0.41005
0.755559
0.902001
0.355225
0.000153885
0.0611119
0.341776
-0.00114459
0.302149
0.50795
0.336347
0.41738
0.277587
0.572267
0.647365
0.17769
0.226408
0.496058
0.0370983
0.0755469
0.15202
0.0980813
0.208707
0.448709
0.0628283
0.699996
0.293008
0.481493
0.372418
0.374105
0.325754
0.0425671
0.460873
0.506827
0.660295
0.471523
-0.318622
0.212553
-0.0320127
0.618993
0.387644
0.274796
-0.134403
0.272902
0.618449
0.530265
0.0308539
0.709479
0.403214
0.758971
0.0831897
0.449188
0.136907
-0.206963
0.591418
-0.931913
-1.27679
1.07032
-1.25115
1.22839
-0.60066
-0.887639
-0.119517
0.0684385
0.170856
-0.258176
0.0926503
0.481672
-0.0172191
-0.342261
0.332845
0.652509
-0.282291
0.142116
-0.200951
0.689259
-0.732709
-0.337044
1.01061
-0.465508
0.649649
-0.324129
-0.0323108
0.02891
0.136361
0.615518
-0.70441
0.325975
0.00473229
-0.235367
0.333984
-0.539553
0.728118
-0.325882
0.372949
-0.666863
-0.178249
-0.220599
-0.501073
-0.190993
0.0306237
0.220359
0.290958
-0.628713
0.529761
0.356866
0.694103
0.861098
0.278601
0.521075
0.606809
0.704586
0.699783
0.458196
0.247803
-0.180008
-0.0561874
-0.0338179
-0.0100344
0.199496
0.12859
0.286039
-0.0766447
0.188759
0.174179
0.414078
0.451539
-0.0132714
-0.388176
-0.276379
0.408057
-0.0144039
-0.145473
-0.311592
0.358979
0.212637
0.146534
-0.0163652
0.369455
-0.407557
-0.229164
0.640066
0.692482
0.248114
-0.00479574
-0.0239384
0.419719
0.903924
0.292132
0.282924
0.040699
0.521003
0.663912
0.592937
0.546628
-0.124629
0.341773
0.74532
0.882763
0.262086
0.686738
0.261857
0.181499
0.239706
-0.182468
0.334613
0.576194
0.374214
1.01847
0.69102
0.402045
0.760233
0.124602
0.892428
0.408764
0.740662
0.836124
-0.021426
0.49967
0.19291
0.0823646
-0.0430291
-0.311739
0.427091
-0.249808
0.172932
-0.45141
-0.340505
-0.901788
0.943277
0.644499
0.554423
1.04407
0.842199
0.0518368
0.271912
-0.00954604
0.0575899
0.0556624
0.536834
-0.231775
0.0568334
0.428004
0.142275
-0.451775
-0.121957
-0.402329
0.0638704
0.253804
0.140364
-0.0946747
0.180238
-0.332066
-0.07042
0.436671
0.234357
0.315158
0.0762299
0.263818
-0.134453
0.10746
-0.102399
-0.0720753
0.0490818
0.721874
0.281312
-0.080247
-0.0499874
0.538882
-0.379152
0.223677
0.00192825
-0.352923
0.0481804
0.732191
0.246352
0.523872
0.274394
0.292253
0.587655
0.523987
0.950355
0.18329
0.119111
0.739108
0.391447
0.0950409
0.563039
-0.0177403
0.427047
0.567379
-0.125642
-0.18135
-0.0599465
0.577196
0.586512
-0.0332813
0.110182
-0.281662
0.23393
0.213749
1.08256
-0.134193
0.103105
-0.0417217
0.42178
0.770771
0.354142
-0.338924
0.0713754
-0.0381911
-0.00530335
-0.0156889
0.462627
-0.377217
0.181222
-0.227025
0.337461
0.294008
0.408262
-0.627018
-0.413805
-0.0682018
0.109892
-0.479187
0.0718125
0.466327
-0.0894522
0.0460074
0.250368
0.207844
0.103128
-0.151282
-0.0188101
-0.190994
-0.180742
0.211321
0.0666353
0.381106
-0.395819
0.391381
0.490283
0.175551
0.140661
-0.0575296
-0.00232685
-0.0602573
-0.360152
-0.199648
0.826817
-0.469053
0.395657
-0.273941
0.346088
0.985768
-0.399851
0.952137
0.686418
0.0268866
-0.485685
-0.107195
-0.0523777
0.209008
-0.544429
-0.331736
0.366857
0.31897
0.328176
-0.350832
0.115171
-0.174461
0.67411
-0.354336
0.297782
-0.0218469
-0.269165
0.328007
0.289867
0.119256
-0.0425743
0.03116
0.0964879
-1.33639
0.48488
-0.317049
0.182127
-0.0538815
0.125454
0.128402
0.402987
0.150161
-0.412487
-0.0844872
-0.124529
-0.0910331
0.0386433
-0.270632
-0.120614
0.452021
-0.19475
-0.427056
-0.182205
0.0971464
0.166785
0.430573
-0.422209
-0.0108651
-0.090725
-0.141729
-0.541119
-0.184904
-0.0038085
-0.434029
-0.0135625
-0.154496
-0.451162
0.131918
0.126192
-0.540948
-0.347349
-0.651155
0.116969
0.185058
0.403716
0.698838
-0.0422998
0.176883
0.311088
-0.144993
-0.423267
0.401259
-0.0711678
-0.394413
0.266824
-0.55655
-0.0476691
0.150872
0.240491
0.0617824
0.573501
-0.498414
0.151874
-0.617128
0.445994
0.540796
-0.540844
0.178423
0.0488071
0.127599
0.0311363
0.448315
-0.108754
-0.174861
-0.970416
0.998011
-0.601457
0.50244
-0.227376
-0.754517
0.375132
0.392904
-0.0813961
-0.441916
-0.184323
-0.184583
0.311678
0.121905
0.435096
-0.436306
0.429408
0.581731
-0.0460007
0.357976
-0.302901
0.425673
-0.0394552
-0.153719
0.5548
0.281793
0.325055
0.664511
-0.12646
0.533396
0.806646
0.421271
-0.227361
0.954556
0.15271
-0.420812
-0.547132
-0.020644
-0.681926
0.0660263
0.0342143
0.0626552
0.0963007
-0.510037
-0.339098
0.0796892
-0.344498
0.792761
0.0216003
0.727115
0.227381
0.189021
-0.119421
-0.371857
-0.0241463
-0.0802279
0.403202
0.480477
-0.184806
-0.41965
-0.114133
-0.295241
0.088509
0.256352
-0.1921
-0.535136
0.101701
0.549473
0.429164
0.642254
0.827646
0.246575
-0.63265
0.327774
0.236308
-0.630429
0.0767373
0.304256
0.427354
-0.183191
0.0601987
0.285448
-0.530751
0.451192
-0.0385165
0.115147
-0.0968681
0.000681014
0.557006
0.243737
-0.0197886
0.532438
-0.447964
-0.228153
-0.155625
-0.406541
0.181743
0.274108
0.504378
0.327345
0.334733
-0.134385
-0.0628627
-0.244295
-0.0671483
0.0112019
-0.108826
-0.979078
0.489574
0.703847
0.368886
0.16553
0.691184
0.497656
-0.376074
-0.563952
-0.511517
0.249406
0.593958
0.689015
0.290688
-0.237002
0.380351
0.200654
-0.268307
-0.129696
-0.0557008
-0.139645
0.822138
-0.512177
-0.0548419
-0.39721
0.568797
-0.0665753
-0.389397
-0.666074
-0.137808
0.15006
0.0932146
-0.497017
-0.041331
-0.217399
0.17261
0.566005
0.05598
0.210385
0.155924
-0.238727
0.522106
-0.236163
0.286471
-0.267024
-0.400169
-0.204462
-0.0480959
0.152376
0.182537
-0.0689159
0.224267
0.160514
-0.15773
-0.348404
-0.574696
0.288501
-0.262683
-0.497984
0.628743
0.398211
-0.154473
0.0868053
0.207716
0.268023
0.322655
0.540967
-0.235149
0.342851
-0.0645995
-0.117152
0.378732
0.275264
0.206623
0.0173354
-0.113721
-0.197938
0.157937
-0.214957
-0.375174
-0.324163
-0.684612
-0.686166
-0.793314
0.197095
0.12862
0.159902
0.0993206
-0.694138
0.146491
0.0605582
-0.412611
0.0381106
0.0671902
-0.763993
-0.489464
0.0673587
0.0296224
-0.801245
0.324233
0.547551
-0.679122
-0.124988
-0.0193741
0.108114
-0.628844
-0.48752
0.0214232
-0.169382
-0.841731
-0.669162
-0.682069
-0.407174
-0.482269
-0.418623
-0.117304
-0.461215
0.193405
0.223924
0.250911
0.579623
-0.0905186
0.342894
0.283439
0.556959
0.235591
-0.0657373
0.217328
0.448694
-0.247749
-0.191374
0.0957505
0.0595055
0.747631
0.179296
0.212005
0.293979
-0.210435
-0.57343
-0.491492
0.0733155
0.0663533
-0.150081
-0.453317
0.328338
0.26107
0.15714
-0.208466
0.198593
0.247536
-0.0614096
-0.0814349
-0.349054
0.459901
0.142517
-0.215243
-0.371586
-1.32279
-0.361717
-0.486396
-0.363187
0.00525626
0.290065
0.0572491
0.387755
-0.408467
0.388888
-0.39433
0.120456
0.252668
-1.37161
-0.3182
-1.07112
-0.848036
0.305957
0.496804
-0.810218
0.399655
-0.238059
0.0968008
-0.408979
-0.571635
0.24905
-0.14121
-0.562097
-0.672953
0.177044
0.129851
0.183185
-1.00984
-0.239239
-0.778864
-0.0797724
0.382565
0.311405
-0.264665
-0.117761
0.501413
-0.0912095
-0.321533
0.114241
-0.411224
-0.183814
-0.410416
-0.0766335
0.400318
0.336131
0.344648
-0.359403
-0.267989
0.348526
-0.291442
-0.137202
0.528918
-0.167556
-0.187295
-0.236827
-0.50931
0.442791
0.142646
-0.216946
0.278908
0.608066
0.465508
-0.186819
-0.135272
-0.253522
0.161785
0.564149
-0.244914
0.211922
-0.0800973
-0.270044
-0.240215
-0.168912
0.536522
-0.214919
-0.267914
-0.268033
-0.190054
0.21907
-0.874355
-0.292925
-0.554959
-0.758296
0.181977
0.279868
0.0141238
0.614285
-0.504043
0.726753
0.124472
0.748635
-0.0697949
0.0168111
-1.16086
-0.275345
-0.893651
0.207916
0.872354
-0.606068
-0.0586388
0.927663
-0.541815
-0.56826
0.141503
-0.411476
-0.494054
0.407023
0.432572
-0.324536
0.238521
-0.341995
-0.316398
-0.832294
-0.0109018
0.159407
0.147425
-0.320619
0.569532
0.547227
-0.127869
0.134201
0.188376
0.628624
0.550575
-0.279511
0.81011
0.0225714
-0.296703
0.839365
0.0496159
0.229752
0.113709
0.229438
0.24272
-0.303684
0.0474778
0.0496867
0.151667
0.24385
0.0738706
0.116208
0.0174965
0.930019
0.517409
-0.33998
-0.35646
0.594227
-0.191989
-0.0602188
0.591545
0.516004
0.151885
0.610584
-0.0213293
0.226387
0.34322
0.451108
0.123079
-0.211758
0.0615893
0.819545
0.220374
0.673952
-0.549769
-0.132945
-0.214609
-0.744661
-0.0331405
-0.0117634
0.421004
0.0373327
-0.642057
0.659117
0.322341
1.12046
-0.256184
-0.788348
-0.835044
-0.303476
-0.288217
0.0927857
0.756159
-0.0355464
0.769513
0.103508
-0.764234
-0.24153
-0.531293
-0.383462
0.151783
-0.15776
0.21634
-0.0616079
0.210789
0.0635063
-0.645473
-0.771538
-0.226789
0.64977
-0.0371726
0.407447
0.407049
-0.165745
0.563979
-0.365617
-0.597713
0.266774
0.13032
-0.607208
0.115729
-0.251349
-0.036751
-0.0782988
0.3397
0.510628
0.426464
0.376957
0.470748
0.404777
-0.179425
-0.314426
-0.0323624
0.548746
0.353132
-0.414924
0.35106
0.0771926
-0.650392
0.260362
-0.484608
0.0359115
0.118163
-0.509131
-0.0907277
0.57376
0.226598
-0.360004
0.0718093
0.00838653
-0.0872157
0.147105
0.38333
0.491144
0.688189
0.494463
0.139135
-0.135931
-0.42926
-0.171302
0.137614
0.129757
-0.0622941
-0.602732
-0.575625
0.374455
-0.460866
0.0253129
-0.884735
-0.262139
0.217158
0.0349686
-0.92144
-0.440634
-0.180259
0.136227
-0.156645
-0.0503381
0.373111
-0.445768
0.054261
0.17888
-0.493056
0.0408579
-0.134782
-0.0959563
-0.316822
-0.588834
-0.744412
-0.477396
-0.00882631
-0.330227
-0.383439
-0.734526
-0.726175
-0.231692
-0.323541
0.613032
0.284116
-0.0715517
-0.39375
-0.0282433
-0.286697
-0.446126
-0.110802
0.343008
0.153929
0.588514
-0.524143
0.126384
-0.111754
-0.100961
0.507926
0.317221
-0.383032
0.233402
-0.448811
0.233797
0.732878
0.201745
-0.512395
0.95447
-0.361487
-0.125263
-0.31963
0.477837
-0.66571
-0.129663
0.582156
-0.212959
0.0126937
-0.13935
-0.0330912
0.104076
0.185187
-0.255724
0.260675
0.342186
0.589345
-0.327317
0.500805
-0.124925
-0.246472
0.527331
0.560228
0.184666
0.687639
0.279282
0.560762
0.245001
0.0321877
0.625717
0.31977
-0.16636
-0.0795093
-0.0615959
0.191115
0.0100639
0.392921
0.62179
0.0586448
-0.121615
-0.224625
0.0379018
-0.0838865
-0.6241
-0.207624
0.136091
0.298748
-0.139744
0.443701
0.483672
0.0940897
-0.178729
0.28862
0.394338
0.255916
0.108643
-0.223903
-0.409788
0.397539
0.613444
0.353172
0.267533
-0.0335142
-0.704194
0.396647
-0.360276
0.410312
0.590207
-0.0209566
0.300273
-0.27561
0.250931
-0.231799
0.831863
0.115153
0.0550612
-1.02103
-0.352741
-0.766548
1.05217
0.0594305
0.281686
0.631817
0.14232
-0.610845
-0.316221
-0.335967
0.344262
-0.992397
-0.714793
0.783199
-0.698876
-0.349124
-0.702928
-0.748587
-0.422593
-0.270209
-0.150037
0.585981
0.0906952
0.0902811
0.162574
0.705918
-0.247931
-0.725928
0.195176
-0.386145
-0.500503
0.3402
-0.0729101
-0.0273457
0.0323179
-0.365267
0.828276
-0.545469
1.01584
0.660434
-0.0999262
-1.20515
-0.673465
-0.25966
0.187778
0.157159
0.221534
1.03529
0.326792
-1.20073
0.000712773
-0.210968
0.464314
0.0478569
-0.0499489
0.43402
-0.251811
-0.483162
0.335595
-0.994044
0.130301
-0.117049
-0.234428
-0.110211
-0.870637
0.227298
1.03089
0.172617
-0.347927
0.76269
0.588144
0.0127967
0.0600494
-0.154149
-1.00081
-0.341895
-0.252068
0.759302
-0.111325
0.620459
-0.588472
-0.0882907
0.22028
0.103088
0.0113479
0.635037
-0.251223
-0.323395
-0.141507
-0.0592962
-0.460951
0.75119
0.593051
0.329451
-0.565981
0.55834
0.488044
0.410142
-0.29205
0.484488
-0.0948554
0.621851
0.662662
0.62038
-0.485699
-0.0589279
0.276181
-0.30419
-0.507565
-0.871722
-0.0561408
0.589544
0.636443
0.000101506
-0.194767
0.724393
0.701511
-0.396751
0.279361
0.0987905
0.683741
0.055646
0.398294
0.0346263
0.612109
0.00225833
0.0237657
0.405081
-0.20343
0.0488219
-0.154492
-0.272275
0.532015
-0.22548
-0.177725
-0.0423046
0.36444
0.224341
-0.0813665
0.482658
0.494657
0.366649
0.40329
0.358417
-0.0687513
-0.100762
-0.0446061
-0.0129365
0.110347
0.678998
0.0381895
0.272639
-0.103187
-0.0472934
-0.277807
0.2788
0.256512
-0.293274
0.572651
0.147116
-0.000644703
-0.118667
0.233963
0.412517
0.408063
0.0201725
-0.225232
-0.0413175
0.600448
0.131404
0.386618
-0.0212725
0.286291
0.195305
0.267431
-0.210047
0.123147
-0.202599
0.305622
-0.450947
0.418272
-0.0979692
0.478806
0.231224
0.528518
0.63927
-0.370729
-0.358562
0.143598
0.656803
0.515819
-0.262095
-0.236535
-0.0718076
0.548037
0.647587
-0.241419
-0.0318851
0.567404
-0.644369
0.117438
0.122237
-0.168982
-0.0341126
-0.32477
0.0307306
-0.416659
-0.100275
0.577869
0.040683
-0.0662316
-0.152075
-0.484897
0.0681545
-0.225968
-0.404255
-0.0532097
0.169777
0.0395509
0.14787
-0.337564
0.24099
0.396852
0.401953
0.0499592
-0.15247
-0.186123
0.0971057
0.15961
0.0283703
-0.147484
-0.323501
0.508638
0.132997
0.448477
0.169362
0.362039
-1.24716
-0.389964
0.488145
-0.496046
0.301911
0.222008
0.521547
-0.242028
0.199466
0.31225
-0.0956314
0.272875
0.830883
-1.02646
-0.527972
-0.943565
-0.3137
0.315697
0.636432
-0.60168
0.805849
0.0440959
-0.4622
-0.787767
-0.720079
-0.104336
-0.294679
0.164924
-0.609712
0.526333
-0.227089
-0.104717
-0.908531
-0.244682
0.38659
-0.250157
0.0323988
-0.572525
0.462682
-0.00912085
0.793001
-0.0560655
0.141941
-0.480516
0.350868
-0.219581
0.368209
0.528002
-0.0737841
0.612767
0.186734
0.443626
0.418587
-0.458376
0.7344
-0.286905
-0.16354
0.297112
-0.292276
0.0751335
-0.180502
-0.613102
-0.292603
-0.127207
-0.377633
-0.328092
0.0896828
-0.498411
0.132477
-0.359904
0.0840094
-0.384654
-0.335636
-0.37161
-0.0169771
0.445639
0.303854
-0.164343
0.423549
-0.356062
-0.267274
-0.421698
-0.275798
0.412426
-0.229453
-0.330128
0.330718
0.298574
0.224906
0.275936
-0.0912377
0.537867
0.270085
0.717903
0.0707268
-0.0616187
0.492752
0.0389416
0.716699
-0.137259
0.371217
0.165026
0.234754
0.390908
-0.535355
0.135872
0.328883
-0.487384
0.069905
0.0832331
-0.366765
-0.226437
0.468258
0.514974
0.221993
0.196543
-0.405636
-0.156972
0.0962083
0.294297
-0.23645
0.335832
0.585024
0.252641
0.454737
0.294272
-0.140622
-0.767588
-0.410332
-0.518919
0.331702
0.46238
0.0246021
0.488663
-0.340217
1.03549
-0.153683
-0.0350112
0.435112
-0.758157
-0.532773
-0.382867
-0.299062
0.462645
1.10042
-0.939341
-0.37462
0.39474
0.405337
-0.130127
-0.406996
-0.236011
-0.443526
-0.00918597
-0.66859
-0.536461
-0.3642
-0.284269
-0.0833415
-0.643067
-0.660589
0.574916
-0.585999
-0.294842
0.222067
-0.402617
0.790754
-0.51668
-0.557835
0.439099
0.316821
-0.239755
0.271431
-0.297477
0.0780998
0.105327
0.121143
0.640216
0.252374
0.145933
0.0446696
-0.245924
-0.962395
-0.760083
-0.730658
-0.0120181
0.440191
-0.246168
0.580868
0.177086
-0.372976
-0.189144
0.0384039
-0.0344032
-0.484866
-0.102865
-0.283969
-0.165813
0.139848
0.199153
-0.522732
0.0760979
0.263496
0.0429411
0.125395
0.238776
-0.119761
0.28877
0.218058
0.546039
-1.28121
-1.19811
-0.65754
0.193636
-0.917782
0.742605
-0.452847
0.336477
-0.547461
0.440739
-0.612679
0.393407
0.347253
-1.54816
-0.245941
-0.423365
-0.176792
-0.00322524
0.706263
-0.677647
0.15548
1.01605
-0.346161
-1.03444
-0.408175
0.312719
-0.633328
-0.523816
0.351938
-0.220763
0.168156
-0.5168
-0.764253
-0.229053
-0.575096
0.294823
-0.074507
0.690904
-0.0962351
-0.452657
0.757886
0.458786
0.0265943
0.346531
0.462895
-0.169072
-0.0684682
-0.247437
0.189227
-0.0883303
-0.216879
-0.585669
-0.301991
0.161806
-0.515838
-0.247575
-0.153492
0.547386
0.180363
0.0652122
-0.133904
0.236136
-0.237095
0.265763
0.639345
0.598878
0.576735
0.382495
0.51043
-0.400698
-0.0691963
-0.375639
0.516924
0.0271608
0.0877906
0.199949
0.259192
-0.187231
0.109066
-0.292732
-0.116736
-0.406445
-0.422262
-0.380314
1.55545
0.338894
0.340069
0.308187
0.332531
-0.126481
0.542629
-0.589174
0.751296
-0.179511
-0.13995
-0.215936
-0.337442
1.19448
-0.00291475
0.98361
0.954733
-0.00818561
-0.607041
0.739687
-0.371817
-0.693888
0.299357
0.567133
0.138285
-0.257493
1.06813
0.852312
-0.338
-0.145862
0.815271
0.371501
0.726233
0.497065
0.655232
-0.307853
0.134235
-0.371236
-0.0243994
0.193663
-0.849371
-0.0753273
-0.147696
-0.11091
-0.260118
-0.0945591
0.104846
-0.423568
-0.0470189
-0.0352626
0.540814
-0.139379
0.0933736
0.373573
-0.188704
0.431278
0.425861
0.688771
0.494671
0.373326
-0.184182
-0.0959508
-0.562088
-0.111377
0.421828
-0.0137563
-0.234126
0.156911
-0.174601
-0.0380513
-0.374534
-0.208904
0.0384911
-0.269893
-0.0832629
0.134321
-0.196536
-0.439964
-0.245865
0.540727
0.0595038
0.148381
0.333215
0.52745
-0.148166
0.0118818
-0.310398
-0.098791
0.0463371
-0.470075
-0.208868
-0.164842
0.152334
0.310568
-0.0704534
-0.399454
-0.174821
0.122252
0.469151
0.396488
0.489136
-0.106638
0.0293538
-0.295785
0.269502
0.164574
0.48731
-0.275159
0.539849
-0.512735
0.328317
0.00898287
-0.146603
0.178797
-0.213946
-0.0221727
-0.0943895
0.201407
0.295819
-0.0580811
-0.26719
-0.383667
0.187951
0.278615
-0.359429
-0.568809
0.360408
0.139181
0.516356
0.532861
-0.394138
-0.61353
-0.782873
-0.479189
-0.0337302
-1.2268
0.110914
0.451068
-0.473729
0.155439
0.948392
0.606933
0.253024
-0.29147
-0.722069
-0.220273
-0.257252
-1.13352
0.0848119
-0.020996
0.408771
0.474774
0.878392
0.728301
-0.265368
0.447749
0.235315
0.175028
0.08752
0.559231
0.343001
-0.0847944
-0.0915104
-0.169631
-0.618824
0.866692
-0.754665
-0.419777
-0.71629
-0.521611
0.15006
-0.753314
0.100346
1.09583
0.32077
0.537405
-0.485331
0.653073
-0.72779
1.13567
0.111634
-0.802685
-0.714704
-0.841453
-0.372125
-0.125085
0.757826
-0.516843
-0.0130299
0.918042
-0.510715
-0.623368
-0.384598
0.341459
-0.113699
-0.243509
-0.814462
-0.269133
-0.51047
0.300653
-0.38926
-0.271342
-0.293763
0.44715
-0.409195
-0.669167
0.428049
0.184798
1.17642
-0.582681
-0.37327
-0.259228
0.0100648
-0.515024
0.578367
0.0431925
0.312416
0.505306
0.365737
0.35898
-0.306138
0.30747
-0.0802913
0.0911048
0.105088
-0.281264
-0.0120031
0.395401
-0.0951274
0.398338
0.0540249
-0.292954
-0.0523721
-0.348534
0.00812397
0.450784
0.161468
-0.128896
0.177181
0.137887
0.452907
-0.0376002
0.185348
0.378999
0.461883
0.335525
-0.374933
0.205874
0.299484
-0.337203
0.06688
0.0117413
-0.0250949
0.238965
0.347215
-0.287206
0.696817
0.488171
-0.49892
-0.104388
0.00912894
0.668573
-0.193339
1.02581
0.356862
-0.108554
-0.909242
-0.4016
-0.186017
0.244831
0.33028
-0.43769
0.755151
0.525492
-0.96711
-0.457482
0.0508504
0.082267
-0.494605
-0.170486
0.198368
0.18682
0.330485
-0.163347
-0.434385
0.00542376
0.210435
-0.0298313
-0.551533
0.130354
-0.121492
0.0298741
0.738612
0.399872
0.659025
-0.207449
-0.228981
-0.0420492
-0.292466
-0.0348951
0.196855
0.540671
0.736731
-0.0744711
0.503526
-0.403316
-0.00481911
-0.234083
-0.0902666
-0.127539
-0.292295
-0.153884
-0.0936368
-0.241005
-0.508359
0.487795
-0.202292
0.455863
-0.0117229
0.274908
-0.0418883
-0.120131
0.642563
-0.0441986
-0.231542
0.142986
0.612007
-0.0711869
0.591773
0.373452
0.0376659
0.554545
0.0216708
0.345105
0.419279
-0.947415
-1.84117
-1.38797
-0.322006
-1.23803
0.210606
0.186574
-0.13093
0.873795
-0.441605
0.50934
-0.966189
0.948017
0.546597
-2.04971
-1.86283
-1.938
-1.99948
0.518945
1.446
-1.3836
0.457462
0.657847
-1.07772
-1.25102
-1.25826
-0.300364
-1.76978
-1.36758
0.117063
-0.00132623
-0.793891
0.0238194
-1.25578
-0.160995
-0.612244
-0.38383
-0.962808
-0.570281
-0.117345
-1.09378
0.296613
0.310906
-0.223973
0.462609
0.317431
0.333238
0.530135
0.657694
0.426762
0.524484
0.251528
0.202403
0.28078
-0.0934696
0.360557
0.0963877
0.20337
-0.061209
0.412884
0.603565
0.470752
-0.463575
0.200104
-0.0154796
0.416131
-0.479891
0.431555
0.0128163
0.378507
0.0200088
0.1885
0.0389739
-0.352814
0.0626597
0.02427
0.402505
-0.392025
0.623181
0.388268
-0.157522
0.547358
0.190033
0.611608
0.0984502
-0.40647
-0.218842
0.170518
-0.260786
-0.190158
-0.355572
-0.866864
-0.059395
-0.46798
-0.291176
-0.00425878
0.0695697
0.191828
-0.371078
-0.34215
-0.563352
-0.628996
-0.390066
-0.32771
-0.106648
-0.374789
0.197903
-0.716162
-0.800154
-0.429686
-0.609218
-0.227739
0.412983
-0.654502
-0.72438
0.124273
0.171552
0.0564194
-0.201603
-0.240685
-0.725305
-0.421194
-0.358738
0.0127337
0.00849567
0.288597
-0.563343
-0.645819
-0.609195
-0.167001
0.146434
0.279767
0.60687
0.235111
0.48716
-0.292511
0.582023
-0.91037
0.719062
0.5359
-1.11829
-0.859942
-0.478545
-0.849295
0.534662
0.973133
-0.667809
-0.209458
0.201207
0.1587
-0.890195
-0.221279
-0.298101
-1.03815
-0.326871
0.290672
0.0981154
-0.199101
-0.0758778
-0.710029
0.0838886
-0.425598
0.139776
0.279794
-0.311287
0.120929
-0.697855
0.353204
-0.374359
-0.00179546
-0.0665052
-0.0424485
0.553858
0.132106
0.0112858
-0.0967357
-0.00613676
0.492852
-0.229953
-0.309719
-0.518837
0.139837
0.575948
0.393565
0.0684953
0.428195
-0.199139
-0.564571
0.370494
-0.378931
0.334055
0.153422
-0.149963
0.43237
0.0301674
-0.471828
-0.315319
0.0436341
-0.451189
-0.264428
-0.324958
-0.0325681
-0.0275416
-0.399122
-0.332394
-0.19143
0.176959
-0.308879
-0.143661
0.418739
1.95713
-0.576585
-1.25255
0.766902
-1.96544
0.24274
2.65158
-0.442576
1.84311
1.11359
2.08591
0.735553
-1.48057
1.26427
1.00184
3.62879
1.76976
-1.84721
1.35403
0.770182
0.277379
2.73652
0.813389
1.41481
2.54397
1.33091
4.11383
-0.428835
-2.44795
0.355605
-0.621072
-2.4287
2.41104
0.00174719
0.973784
0.726203
4.22851
1.82113
-1.15432
1.81796
0.598682
