#input normalization
0.160836 0.269712
26.6782 35.4124
11.0312 36.0333
8.53334 30.7516
0.0111613 0.0409683
0.00921519 0.0324252
0.569779 1.57915
0.878489 1.39365
1.08799 1.57375
1.34273 1.74767
1.61947 1.90894
1.88816 2.0396
2.13633 2.15596
2.38858 2.26089
2.61311 2.33294
2.81624 2.36435
3.00998 2.37819
3.17935 2.36065
3.29683 2.30588
3.40901 2.24214
3.47727 2.14324
3.56582 2.0056
#output normalization
1 0
#neurons weights
-0.117574
0.257082
-0.0510476
-0.198595
-0.162181
0.413577
0.184397
-0.444246
-0.254597
0.320068
0.384502
0.348397
0.338176
-0.27079
-0.0850938
0.14069
-0.350765
0.123142
0.201506
0.216754
0.492319
-0.0619149
2.07935
-1.2511
0.608176
-0.0738217
1.19716
0.851877
0.375517
-1.57455
2.25345
-0.371209
-1.54255
2.64049
-0.372768
3.18282
0.525976
-0.936147
-0.760965
-3.39096
1.65709
-0.939703
-3.75104
2.13998
0.142219
0.351829
0.753012
-0.499888
0.0110716
0.0542484
0.548375
0.0584238
-0.637715
-0.740464
-1.21304
-0.793994
-0.493444
-0.456925
0.0845257
-0.868868
-0.233465
-0.213414
-0.0459295
0.335569
-0.438363
-0.348001
0.215194
1.518
#synapses weights
0.172487
-0.354478
1.05242
0.144543
0.404145
0.490681
-0.897196
-1.24768
0.356624
-0.627381
0.729239
0.995437
-1.11407
0.704555
0.779909
0.14278
-0.580363
0.572929
-1.6998
-0.881422
0.327507
-0.931035
-0.161154
1.73749
-0.942221
-0.0502571
-0.410257
-0.170373
0.486588
0.389139
-0.0296782
0.585181
0.864997
0.264715
1.08944
0.717985
0.783769
1.02261
0.796749
0.690689
1.56284
1.39019
1.0952
1.87603
0.949398
1.30709
-0.970844
0.0183029
0.407421
0.222625
0.742541
0.641089
0.0295374
0.73044
1.09463
1.64565
0.967018
0.917435
0.664801
0.245659
1.29539
1.13683
1.21683
1.08226
0.654359
0.24851
0.289552
1.14128
0.235251
-0.129156
-1.14911
0.66582
0.180648
0.376961
0.02149
-0.0914054
-0.435097
-0.243486
0.26885
-0.0182822
0.313101
0.234016
0.109911
-0.257872
-0.133741
0.419552
0.445159
-0.39865
-0.402776
-0.309174
2.22477
-0.0693056
0.282285
-0.481017
-0.0166292
0.839204
0.038807
-0.0396898
0.0251618
0.184977
0.56217
-0.0585904
0.203737
-0.221131
-0.299999
-0.0719554
0.363703
-0.372039
-0.576474
-0.141681
-0.3349
-0.922131
0.50394
-2.04804
-0.514666
-0.803264
0.174266
-0.293632
0.0948088
0.790716
-0.0380033
-0.361334
0.128627
0.196608
-0.610741
0.35843
0.472737
-0.723406
0.601072
0.0739362
0.0645626
0.711482
-0.157487
0.625082
-0.207998
-0.197729
-0.532548
-0.0595013
-0.269608
-0.473756
0.1639
0.502033
0.187746
0.44967
0.362225
1.04941
0.5181
0.317326
1.06011
0.376652
0.505688
0.588724
-0.196988
0.00539858
-0.141431
1.17682
-0.968934
0.363406
0.0443434
0.216336
0.138989
0.716714
0.102981
-0.102186
0.0597985
0.402557
-0.656362
0.0358428
-0.500696
0.14656
-0.71993
0.000389197
-0.0814809
0.0424569
-1.41534
0.705428
-1.17328
-0.474412
1.20516
-0.215455
-0.370381
0.695453
-0.0149301
-0.228785
0.149186
0.0791934
0.583153
0.453699
-0.887993
-0.0289494
0.230607
-0.600444
0.000999225
-0.296322
-0.449366
-0.0222225
0.264291
0.505457
0.591889
1.41517
-0.140797
0.316404
0.0482734
0.173579
-0.0735686
-0.527762
0.404787
0.414957
0.51406
-0.0476579
0.23885
0.0733008
-0.212404
-0.478205
0.196363
-0.187633
-0.308868
-0.700832
0.347432
0.479485
0.827773
0.287093
0.0773624
0.142935
0.661909
-0.39062
-0.324359
0.105031
-0.34909
-0.12344
0.11339
0.296933
-0.351098
0.383147
0.0799767
0.498281
0.153037
0.327689
0.810095
0.775733
0.840264
0.8831
0.302373
-0.114306
2.92888
-1.69815
1.12205
-0.604643
0.327767
-0.0850737
0.594046
-0.233788
0.21854
-0.110063
-0.174193
0.305619
0.437862
0.557559
0.656594
-0.550862
0.255385
-0.782554
-0.199601
-0.0260981
0.0391421
1.21613
-1.06088
-0.303972
0.646921
0.778284
0.380344
0.174642
-0.0305
0.798985
0.718155
1.06983
0.638769
0.640658
1.03775
1.49299
1.01411
1.51823
1.14514
1.52429
1.19388
1.7568
-0.062692
-0.939459
2.01001
-0.478474
0.914177
-0.58888
0.00620544
0.194827
-0.70402
0.125302
0.0181089
0.419036
-0.11089
0.110585
-0.142847
-0.072523
-0.598373
1.07126
0.198996
0.118555
-0.54102
-0.00776926
0.968903
1.95227
-0.281246
0.0314008
0.498247
0.694937
-0.125832
0.985034
1.08763
1.22373
0.975538
1.12939
1.62973
0.948195
1.06123
1.06734
1.93807
1.92247
1.63212
1.91164
2.39554
1.63402
0.271791
2.20786
-0.911939
-0.191834
0.104713
1.34385
0.604065
1.13437
0.626502
1.47097
1.13638
1.46076
1.37807
2.12271
1.64446
2.54887
2.13782
2.38637
1.94523
2.73432
2.24913
2.29831
0.103998
0.638746
0.211036
0.359961
-0.841676
0.149095
-0.00727138
-0.361968
0.371537
0.0557159
0.222756
0.136181
-0.176016
-0.101396
0.175192
0.217211
-0.0528408
0.0856079
0.638602
1.05281
1.50725
2.12329
0.69514
0.536293
0.562595
-0.0758325
-0.761046
0.550484
0.0962635
0.0134497
-0.947061
-0.296157
0.11684
0.333335
-1.47051
0.420731
0.439265
0.476489
0.448513
-0.262145
0.913898
-0.177688
-0.213344
-0.0395052
-0.185086
-0.616053
0.808487
0.0959874
0.267686
-0.637889
-0.0979526
0.359512
0.455533
-0.526983
-0.119392
-0.450257
-0.405926
0.238052
-0.017122
0.833331
0.318361
-0.473201
0.138452
0.690423
-0.886001
-1.43087
-0.315329
-0.913991
-0.529655
0.222418
-0.363397
-0.0243784
-0.0160393
-0.284549
0.337707
0.132581
-0.205151
-0.458159
-1.10748
-0.238068
-0.9895
-1.26487
-0.885799
-0.833774
-0.315967
-0.515896
0.0754342
0.373369
1.33272
0.749632
0.56166
-0.00147793
-0.646554
-0.197535
-0.0408015
-0.638301
0.224866
0.565437
0.549352
0.202275
-0.0112811
0.106078
-0.0770469
-0.28427
-0.0634546
-0.0748554
-0.353895
-0.472931
-0.0106978
1.36696
-0.319415
0.677837
-0.759072
-0.266626
0.788906
0.182197
0.575403
0.238938
0.554018
0.70926
0.583405
0.9261
0.268431
0.606926
0.395388
0.338781
0.551827
1.18943
0.42773
0.932867
0.924578
0.308461
0.885613
-0.151988
-0.102006
-0.140636
0.0558969
0.188083
0.244165
0.30756
0.117358
-0.4085
0.376172
0.223276
0.402932
-0.693151
-0.7808
-0.164643
-0.538138
-0.0489769
-0.353921
-0.885365
-0.604277
-0.773341
-0.148443
-0.341247
-0.559564
0.208683
-0.0583918
-0.270666
-0.22043
0.131235
0.015529
-0.0552291
0.939379
-0.375695
-0.402421
-0.866854
-0.209874
-0.858046
0.727781
0.885777
-0.853585
0.0711714
0.736397
-0.260908
0.0877772
0.397052
0.444894
-0.0619928
0.630584
0.408319
0.0539948
0.34183
0.144181
0.18725
1.08628
0.513021
-0.431098
0.580016
-0.0211742
-0.0510758
0.440979
0.587494
0.53811
0.0897659
-0.253859
0.726585
0.65513
-0.355992
-0.536663
0.445164
-0.519431
0.0845435
-1.14707
-0.196479
-0.543463
-0.216498
-0.507039
0.103837
-0.747465
-0.961872
-0.620961
-0.648656
0.23296
0.248593
-0.364705
0.0409435
0.28098
1.37852
0.215759
-0.899715
1.38789
0.0796698
-0.0704558
-0.953966
0.955579
0.267566
-2.08444
0.338479
0.710685
-1.11634
1.09245
1.65098
-0.952608
-0.508796
-1.95052
-0.73388
-0.751383
0.993956
0.415464
-0.729746
-1.02134
1.5627
-0.231307
-1.27159
0.155206
-0.041989
0.115231
-0.717537
0.664146
0.727553
-0.195344
-0.554999
1.33333
-0.607447
-0.173967
-0.657565
0.0631986
0.771331
-0.457422
-0.20217
-0.183944
-0.708693
0.133148
0.353328
-0.72846
0.183489
-0.0334096
0.00266351
-0.0379224
-0.33284
0.655396
-0.327136
-0.362299
-0.0643994
0.843208
-0.675073
0.991363
0.323223
-0.11367
0.363817
-0.408446
-0.203796
-0.027999
0.391972
0.334991
-0.587547
-0.482722
1.14147
-0.233933
0.359936
0.0561198
0.398243
-0.0405344
0.587014
-0.134636
0.245992
0.631624
0.343332
-0.132775
0.667073
-0.00389577
-0.258526
0.38947
-0.0760953
-0.30525
0.027536
0.951596
0.716009
-0.313097
0.151494
0.595964
0.569246
0.200556
-0.541281
0.139576
-0.235758
-0.622974
-0.526683
-0.543351
-0.494042
-0.704114
-1.06352
0.107616
-0.465295
-0.827075
-0.419134
-0.243413
-0.63769
-0.414182
-0.228544
0.676689
-0.435529
0.190374
-0.336877
-1.24365
0.128797
-2.16051
0.46987
-0.274887
0.265686
-1.52619
-1.55377
0.115918
1.13666
-2.59809
0.567905
1.18325
-3.07263
0.522009
-2.65217
-0.757297
0.340477
0.851905
1.3658
-1.93583
-1.01502
1.12508
-0.785974
-0.616588
-1.60801
0.567603
-0.570299
0.170752
-1.40924
-0.876066
-0.77484
0.504906
-1.70083
-0.293735
0.906986
-2.29684
0.0318654
-1.40179
-0.609334
-0.427846
0.787343
1.15815
-0.866818
-0.859421
1.06523
-1.35023
0.1913
-0.17004
0.280979
-0.267796
-0.587552
0.126076
0.339779
-0.10176
-0.426091
-0.0990801
-0.872389
-0.82337
0.151537
-0.357834
0.148158
0.431586
0.521847
0.0871032
0.426242
-0.277388
-0.147708
-0.677091
0.0197728
-0.314208
-1.57644
0.954393
-0.832715
0.717762
-0.906409
0.169872
0.0147392
-0.19264
-1.53849
-0.287182
0.367442
-1.70358
0.193544
-1.4358
0.0233493
0.0262155
1.17229
1.40563
-0.727522
0.0859098
0.415458
-0.692798
0.848299
-1.34835
0.820857
-0.440001
0.078742
-1.83437
-1.56146
-0.170348
1.06379
-0.00204985
0.700216
0.782416
-1.15018
0.708038
-0.945157
-0.817566
0.306603
0.674869
0.234647
-0.487308
-0.209966
0.724083
0.100293
-0.633605
-0.717264
0.204962
-0.580081
-0.198595
-0.456016
0.276682
-0.0617628
0.253019
-0.72201
-0.00232094
0.930035
-1.50729
-0.412088
-1.07131
-0.267027
0.131693
0.135438
1.00249
-0.39624
0.163252
0.657428
-0.265569
-0.333323
-0.338101
-0.466226
-0.606176
-0.532182
-0.488432
-1.01314
-0.772787
0.00176964
-0.820234
-0.482989
-0.18169
-0.31901
-0.0455358
-0.531209
-0.0411092
-0.170239
-0.292326
-0.238124
0.338467
1.01129
-0.307595
-0.763304
0.660264
-1.40968
0.0132458
-0.705313
0.615705
-1.72731
-0.803619
-0.575659
0.208564
-2.05451
-0.275246
0.100658
-2.585
0.242763
-1.30891
-0.328695
0.126913
0.0890103
0.676268
-1.55699
0.221889
1.22444
-1.23336
-0.338023
-1.85824
0.267585
-1.25004
0.238514
-0.726119
-0.0215168
-0.108387
-0.425732
-1.0668
-0.585756
0.441217
-1.34771
0.473025
-1.45832
-0.65721
0.43382
0.11992
1.02014
-1.24923
0.260384
0.265596
-1.205
0.382338
-1.2541
0.159206
-0.4508
-0.0889915
-0.450346
0.0704799
0.0680646
0.529243
-0.935196
-0.141869
0.887564
-1.71427
0.452065
-0.799889
0.127319
0.214372
-0.0365696
0.813335
-0.047513
0.0386189
1.66732
-0.55692
0.0524472
-0.0751271
0.636993
0.0181454
0.306785
-0.0342473
0.169625
-0.102564
-0.0195039
-0.358188
0.651845
0.299418
-0.150022
0.519231
-0.399952
0.247158
0.295105
0.851307
0.922159
-0.202707
0.177823
0.623505
0.0216907
-0.0516508
-1.74268
0.56563
-0.333741
0.551103
-1.24609
-1.68772
0.0575102
0.889402
-1.96432
0.751879
1.14687
-2.18684
-0.526487
-1.96519
-0.971049
-0.0462746
0.854265
1.57114
-1.46566
-0.772545
0.474218
-0.0366156
-0.791059
-0.569642
0.113656
-0.786766
0.526625
-0.378196
-0.0467473
-0.38858
1.01003
-0.788945
0.974248
0.621567
-0.576504
-0.295953
-0.205025
-0.0865575
0.00942469
1.09087
1.43724
-0.32654
-0.647934
0.753404
-0.642876
0.374096
0.113548
0.300869
-0.0752095
0.397141
-0.365597
-0.252002
-0.192206
0.45994
-0.0314742
0.0653777
-0.328545
-0.488532
0.52193
0.261615
0.329553
0.00238033
0.30122
0.697845
0.283988
0.339444
0.0733894
-0.225245
-0.0957306
1.34251
1.86229
-2.11275
5.85172
-2.66563
2.61138
1.13018
-1.68503
5.10282
0.631712
-1.5464
-0.0319846
3.86536
1.29922
-2.28869
0.774702
0.17866
1.88681
1.02669
4.39997
2.27824
0.464081
