#input normalization
0.160833 0.269706
32.0155 39.9792
10.8446 36.9275
8.42926 31.1311
0.0111092 0.0419496
0.00916298 0.0327712
0.569779 1.57915
0.878489 1.39365
1.08799 1.57375
1.34273 1.74767
1.61947 1.90894
1.88816 2.0396
2.13633 2.15596
2.38858 2.26089
2.61311 2.33294
2.81624 2.36435
3.00998 2.37819
3.17935 2.36065
3.29683 2.30588
3.40901 2.24214
3.47428 2.14716
3.5456 2.03413
3.58432 1.92066
3.60321 1.76072
#output normalization
1 0
#neurons weights
0.196656
0.241831
0.391773
-0.0453554
0.443271
0.213138
0.47752
0.306796
0.439927
-0.170344
0.195825
-0.181879
-0.443222
-0.259137
0.14644
0.00981534
0.15675
-0.409085
0.36564
0.0300094
-0.155912
-0.240973
0.28956
-0.144989
-3.60313
-3.29716
0.782644
-0.0722391
-3.12322
-0.360217
-0.119652
1.06435
0.210561
0.656674
2.61965
-3.29128
-0.536312
1.18474
3.61691
-0.112771
1.65991
-0.81049
-0.767165
0.987477
0.468734
-1.41546
0.360389
2.84291
0.0943613
-0.313297
0.289705
0.0981811
-0.773096
0.475174
-1.10608
0.157883
0.188266
0.297954
0.046838
0.256421
-0.0801341
0.0634373
-0.166721
-0.457553
-0.372903
0.728459
-0.243157
0.111575
0.68525
-0.42734
-0.291059
-0.0881033
-0.37098
2.44279
#synapses weights
-0.414202
1.2133
-1.5297
0.785336
-0.399041
0.0134326
-0.586045
0.425098
-0.12771
-0.115194
-0.326071
0.561796
-0.477663
0.184994
-1.62325
0.309804
-1.30595
0.201252
0.450426
0.686915
-0.748602
0.177896
0.0797357
0.828224
1.0137
1.22344
0.504755
-0.135716
-0.414492
-0.288344
-0.51549
-0.594852
0.268158
0.472381
0.00365623
0.36718
0.283673
0.0559501
-0.0294963
0.243579
-0.599305
-0.322479
-0.0114017
-0.188258
-0.473383
1.14641
-0.103641
-0.00198012
-0.0631959
-1.03561
0.458549
-0.492293
-0.666729
0.317728
0.238584
0.103639
-0.593891
-0.0988793
-0.193638
-0.233012
0.352571
-0.0381784
-0.516432
0.932879
-0.298011
-0.566874
0.787783
-0.0229644
-0.0714167
-0.226968
0.711365
-0.125648
-0.103493
-0.884581
-0.62749
-0.231492
0.408942
-0.124138
-0.219843
-0.00348677
0.0311987
-0.209261
-0.162437
-0.00370807
-0.37572
-0.138413
-0.609522
-0.435865
-0.191241
-0.366554
-0.392808
-0.111673
-0.463631
-0.601803
-0.908488
-1.0201
0.340471
0.0203916
-2.27046
0.541935
0.491005
0.268204
-0.129581
-0.36039
0.040393
0.137325
0.0733385
-0.160616
-0.645187
0.558901
-0.0114518
-0.0282635
-0.0596987
0.683361
-0.79402
0.330477
0.614101
-0.160292
0.57084
1.13285
-0.338602
1.8163
-0.296052
-0.495291
-0.178502
0.28768
0.597514
-0.363054
-0.260714
-0.0467167
0.627349
0.679709
0.15296
0.269807
0.993544
1.20369
1.51797
1.15802
1.43192
0.81395
1.53159
1.66746
1.46351
1.51223
0.333989
2.17088
0.064026
0.127426
-0.819439
0.858916
0.240606
0.063926
-0.17758
0.260288
-0.133626
-0.259035
-0.338074
0.00531978
-0.322481
-0.477409
0.204592
-0.0443078
0.105733
0.127613
-0.453054
-0.7395
-0.212073
0.342912
-0.48296
-0.827702
0.451392
-0.339807
-0.0503893
-0.218112
-0.815197
-0.316341
0.105339
-0.32063
-0.746014
-0.854853
-0.80256
-0.509989
-1.36301
-0.908555
-0.630903
-1.34157
-1.1454
-1.0056
-1.08894
-1.61962
-1.52952
-1.11889
0.404758
1.74556
-0.0693684
0.0585407
-0.0217055
0.313913
0.111392
0.196181
-0.323214
-0.223777
0.309009
0.376713
0.79464
0.0582849
-0.294401
0.54831
-0.697685
0.020256
-0.22685
-0.514367
0.326001
0.334545
-0.10444
0.356748
-1.26734
0.319157
-0.802599
0.0688361
0.0979018
0.780096
-0.295793
-0.00541003
0.601448
0.0454026
-0.0734434
1.33382
0.00493512
1.04609
0.397586
1.13018
0.241638
0.345876
0.433312
0.126097
0.47413
-0.0922477
0.355464
1.09176
-0.446675
-1.17726
1.39809
-0.106799
-0.0445299
0.207893
-0.496834
-0.337062
0.355472
-0.112769
-0.309384
-0.0257561
-0.939783
0.86655
-0.000138791
0.14083
-0.322921
0.208736
0.463379
0.809945
-0.815099
-0.884108
0.0571648
-0.264878
1.07897
0.356181
0.413747
0.010302
-0.171231
-0.212052
0.00265653
0.270997
-0.187447
-0.906209
0.398804
0.254501
-0.229635
0.0830076
0.37202
-0.19414
0.312297
0.278413
-0.204488
0.193305
-0.323699
-0.0370221
0.340875
-0.152448
0.161778
-0.519426
0.285929
0.414068
0.312588
0.342116
0.849634
0.0910014
-0.202126
0.388835
0.145491
0.794706
-0.0633843
-0.176011
-0.617991
-0.332393
0.0355295
0.264676
-0.264897
-0.29077
-0.291709
0.256092
0.346771
-0.440232
-0.367989
-0.553288
-0.547185
0.0353989
-0.398767
0.722998
0.490446
0.133132
0.546742
-0.764931
0.0323713
0.213636
-0.0354287
0.0153595
0.110533
-0.454788
-0.27035
-0.197964
-1.16543
-0.906482
0.203004
-0.759401
-0.575037
0.14332
-0.174127
-1.21631
2.38096
-0.332789
0.0461657
-0.209745
0.0410305
-0.0145246
-0.738157
0.27503
-0.0719953
0.336208
-0.0743056
0.364808
-0.340398
0.304258
-0.514483
0.823172
0.157163
0.101101
-0.31669
-0.194934
0.305023
-0.0547318
0.108211
0.317804
-0.122994
-0.487636
-0.0590639
-0.161855
-0.187523
0.325207
-0.341527
0.10037
0.310911
0.483171
0.00345742
0.194289
0.801984
1.31105
0.706606
0.561791
0.629181
0.566098
0.721538
0.441288
0.316156
0.508444
-0.523766
-0.388523
2.69029
-2.27578
2.02642
-0.869136
-0.536456
0.258914
0.271056
-0.370923
0.0980595
-0.031527
0.338224
-0.00809815
-0.0594493
0.483589
-0.0220033
-0.694053
1.07201
0.049806
-0.479763
0.299521
-0.445565
0.155779
0.479064
0.633907
0.367704
-0.0954755
0.0784112
0.0765408
-0.179551
-0.288919
0.503805
0.0611544
-0.158876
0.133794
-0.471627
0.0774926
0.825133
0.176391
0.774823
0.811148
0.909668
0.308384
0.560277
1.13372
1.05552
1.10684
0.609009
0.441021
-0.0432802
0.106721
0.264302
0.0366384
-0.0580092
-0.551105
-0.239259
0.818346
-0.716466
-0.784101
0.728019
0.0447368
0.356694
1.17628
0.634534
0.371013
0.245838
0.535595
0.056552
-0.269755
0.24411
-0.358274
0.610138
1.22067
-0.989837
0.48683
0.240741
0.440335
0.6716
1.41109
0.393015
1.42221
1.59073
1.64368
0.987151
0.831284
0.341935
0.273001
1.65306
0.917432
1.50517
1.80793
0.575759
0.452766
1.10744
0.538513
0.25348
-1.41681
-0.322548
-0.131754
1.22562
0.453405
-0.0825865
-0.298722
-0.958261
0.784961
-0.11464
0.331125
0.247497
-0.606678
-0.385947
-0.700044
-0.10869
0.920701
-0.68206
-0.622771
0.0665767
0.0292645
-0.081558
-0.49915
0.358927
1.08365
0.420468
-0.177747
-0.206021
0.0222595
-0.155029
-0.306903
0.18676
0.0394521
0.0791856
0.424369
-0.1273
-0.0183206
-0.0412513
0.266827
-0.0709996
-0.246758
0.846546
0.209861
0.768111
0.928364
1.23833
1.55744
-1.16293
-1.10778
1.13237
-0.712992
0.105778
-1.02021
-0.145321
-0.354058
0.0583888
0.87047
-0.267394
0.173306
-0.35626
0.392019
-0.0722859
-0.525437
-0.147498
0.686782
-0.573568
0.280365
0.527329
0.842006
-1.01293
0.627448
-0.843929
-0.706391
0.577357
-1.86229
-0.15011
-0.787304
0.401583
0.178878
0.859299
-0.820462
0.890565
0.334224
-0.334653
-0.325579
-0.0801952
-0.618895
0.701301
-0.453502
-0.898476
0.201462
0.0262259
0.527663
1.11388
-1.0464
-0.0612606
1.73906
-0.151614
0.25921
0.814093
0.882547
0.457472
-0.0134308
0.244773
0.431761
0.907681
0.49946
0.868031
0.592299
0.729506
1.63796
1.22031
1.38383
1.81355
2.07143
2.03012
1.29437
1.57312
1.21122
0.263715
-0.527104
0.848508
0.00835295
0.676593
-0.7222
-0.384145
0.0432127
-1.19783
-1.19188
0.767729
0.361866
0.0909657
0.520371
-0.741163
-0.405856
-0.951278
-0.494531
-0.837692
0.100351
0.473575
-0.290475
-0.842034
-0.928102
0.446503
0.677602
0.619009
0.508786
-0.582458
0.313144
-0.0391817
-0.0680618
0.00664096
0.329782
0.20105
-0.252959
0.0997942
0.370243
0.0650446
-0.536447
0.415056
-0.220889
0.284178
-0.00312341
-0.15958
-0.353667
0.0218727
0.202163
0.169344
0.436173
1.17704
0.160545
-0.453241
-0.951439
0.883342
0.329141
0.347179
-0.684324
0.00849417
-0.875767
-0.891562
0.983692
0.343815
-1.02956
-1.17225
0.0148155
-1.12398
0.426557
0.197234
-0.259088
-1.17474
0.634248
-0.77984
-0.547126
0.294026
1.28067
0.317962
-0.618738
-1.21553
1.64813
-0.315356
0.777149
-1.22636
0.527807
-0.749735
-1.61274
0.690405
-1.07324
-0.785199
-1.92083
0.301084
-2.84738
0.0829161
-0.423521
-0.775773
-1.34447
1.18035
-1.64615
-2.09668
-0.258015
0.220117
0.289692
-0.84923
-0.465679
0.583748
0.558506
0.930558
0.198506
1.20083
0.321731
0.0312854
-0.293363
-0.253333
-0.0867451
-0.215865
0.447626
0.0443278
0.480233
0.879201
-0.222286
0.0856891
0.161514
-0.0193967
0.916439
-0.356807
1.5399
0.911617
-0.847184
-1.71158
1.89369
-0.628688
0.350335
-1.39592
0.260553
-0.787364
-1.95012
0.767161
-1.12882
-0.413147
-2.64362
-0.31329
-2.96248
-0.203205
-0.00356243
-0.561009
-1.33812
0.197102
-1.76188
-1.97475
-0.966186
0.50212
0.383942
-0.138947
-0.657765
0.142415
-0.608468
0.216065
0.0664016
-0.628326
-0.95195
-0.804206
0.429011
0.196975
-0.355786
-0.455013
-0.890701
-1.00956
-0.69386
-0.190734
-0.250967
-0.59971
0.604607
-0.481515
-1.26538
0.0126563
0.511314
1.29416
-0.502661
0.485705
0.83051
0.223206
0.652467
-0.546028
0.248491
0.314318
-0.902954
1.24479
0.0426503
-0.0686019
-1.05219
0.450779
0.338994
-0.125703
-0.0411644
0.087367
0.113495
0.784956
-0.862945
-0.743013
-0.346133
0.538681
1.25668
0.778349
-0.681425
0.678473
-0.232571
1.59669
-0.424172
0.278188
-0.814554
0.199058
1.53376
-0.199879
-0.669066
-0.608025
-0.805183
-0.364531
-0.0142656
0.126256
-0.634101
-0.276654
0.782138
-0.335773
-1.48246
-1.01407
0.447134
1.07013
0.25991
-0.670914
0.849866
-0.0702344
0.974697
-0.198261
-0.331052
-0.604279
-0.294684
1.10866
0.614799
0.0927382
-0.418955
-0.375116
-0.746845
-0.267375
0.163386
-0.217779
-0.782383
0.289247
0.398966
-0.466008
0.0320538
0.481395
1.42795
0.411806
-0.130883
-0.0217637
-0.618276
0.92899
-0.00970185
-0.196389
-0.727924
-0.231371
0.950538
0.29937
-0.93517
-1.21491
0.208775
0.0329919
0.308356
0.0661548
-0.766048
-0.825507
0.518177
-0.345909
-0.793489
-0.276958
-0.219267
-0.502617
0.129854
0.617385
-0.309461
0.24705
-0.0948284
-0.361617
-0.387923
0.67618
1.08428
-0.767507
0.422404
-0.257095
0.936441
-0.212617
0.754107
-0.0304677
0.492685
0.765379
0.610183
0.15169
-0.00864037
0.0876913
0.0437784
1.46501
0.253283
-0.571824
-0.784013
0.946599
-0.453418
1.08069
-0.976502
-0.322352
-0.587265
-0.665532
0.552054
-0.0765877
-0.799606
-1.98228
0.043303
-1.86079
-0.682019
-0.765725
-0.631431
-1.25952
1.40716
-0.992853
-1.74474
0.108604
-0.288872
-0.500028
0.445836
-0.272278
-0.491997
0.341646
0.0390679
-0.333418
-0.0349744
-0.0883124
-0.146017
-0.620551
-0.539993
-0.453185
-0.242826
-0.224726
0.471816
0.207303
-0.0282301
-0.0582175
-0.407809
-0.239422
0.419379
0.361789
0.0706674
-0.316763
-0.324013
0.0923939
-0.148422
-0.389852
0.319946
0.207465
0.429581
-0.234203
-0.0434529
-0.0823382
-0.294701
0.364233
-0.211806
-0.00933812
-0.424893
-0.203708
0.275578
-0.0990636
-0.350986
-0.0104435
0.0630117
0.465633
0.107808
0.192198
1.60702
0.903268
-0.9364
-0.939422
1.75215
-0.0710446
0.88944
-0.907156
0.620109
-0.843084
-1.43738
0.176576
-0.724111
-0.559568
-2.70493
-0.237716
-2.47371
-0.35294
-0.258486
-0.692912
-1.26753
0.850398
-1.01945
-1.75842
-0.318816
0.259971
0.240667
-0.397429
-0.266031
0.974354
-0.573515
1.07852
-0.0300038
0.441267
-0.502982
-0.189969
0.461019
0.0506931
0.621
-0.548811
-0.272859
-0.268936
-0.120576
0.045446
-0.101525
-0.352739
0.226348
-0.64161
-0.139761
-0.199668
1.54438
0.989455
-1.04613
-0.711973
0.700791
-0.249195
1.20702
-1.16312
0.610392
-0.299401
-0.44238
1.37221
-0.691622
-0.617167
-2.06666
0.435641
-1.70445
0.0529471
-0.605897
-0.577668
-1.03337
0.644884
-1.34457
-1.9072
-0.493512
-0.0830332
-0.390391
0.287929
0.505143
-0.532108
-0.226209
0.0505253
-0.195698
-0.10322
0.444185
0.30144
-0.103913
-0.501341
0.610789
0.154096
-0.156881
0.441519
-0.235313
-0.356395
0.248178
0.488151
0.275704
0.198942
0.605759
0.196325
0.334886
0.611401
-0.825727
0.162579
0.225508
0.170989
1.0377
0.174316
0.859616
0.122459
-0.363654
0.228874
-0.601747
-0.500712
-0.333265
0.319675
-0.617654
0.207125
0.208693
0.314615
-0.536502
0.74362
0.138311
0.144866
0.418343
-0.648088
-0.588249
0.203886
-0.16935
-0.676297
-0.0945903
-0.306558
-0.644868
-0.72489
-0.490175
-0.357225
0.167978
0.223061
-0.50485
-0.133138
-0.638811
-0.856883
-0.205381
-0.587433
-0.236749
-0.608917
-0.554684
0.129429
-0.950099
-0.437112
-0.000126876
0.401777
0.656567
-0.139392
0.494487
0.208895
0.0396387
-0.171795
-0.0336931
-0.817045
-1.07277
1.41956
0.543124
-1.04654
-0.894689
0.0764948
-0.616995
0.832141
0.194008
-1.13014
-0.685233
0.28967
-0.67627
-0.0340646
-0.00085728
-0.421062
-0.39247
0.214754
-0.290635
-0.276717
0.28887
0.122638
0.232054
-0.908237
-0.416361
0.433344
-0.26949
-0.145833
0.173136
-0.204145
-0.139472
-0.676934
0.117376
-0.66616
0.327312
-0.0239849
-0.607768
-1.10522
-0.377487
-0.532414
-0.566911
-0.475176
0.493561
-0.140608
-0.32095
0.788123
-0.196773
0.0352037
0.209361
0.0723425
-0.0317322
-0.369505
-0.0454611
0.042927
-0.0503518
-0.0692344
0.314
0.0496499
-0.378424
0.450902
0.0784966
-0.410088
0.304023
0.438968
0.652146
-2.93862
0.0150474
2.39639
4.07228
2.21559
4.90955
-0.39307
3.05249
1.05519
1.18086
2.18248
-1.83118
1.8774
-1.09222
0.0497608
2.8891
1.72384
2.89681
-0.50662
2.38389
-2.82886
4.02677
-1.51481
-0.423097
