#input normalization
0.160827 0.269694
55.2905 55.7587
10.4636 39.1248
8.32786 31.9961
0.0112902 0.0439464
0.00909981 0.0331845
0.569779 1.57915
0.878489 1.39365
1.08799 1.57375
1.34273 1.74767
1.61947 1.90894
1.88816 2.0396
2.13633 2.15596
2.38858 2.26089
2.61311 2.33294
2.81624 2.36435
3.00998 2.37819
3.17935 2.36065
3.29683 2.30588
3.40901 2.24214
3.47428 2.14716
3.5456 2.03413
3.5817 1.92454
3.58621 1.78759
3.54745 1.63424
3.51314 1.47842
3.43246 1.32269
3.35597 1.15517
3.23349 0.96904
3.0952 0.784753
2.96394 0.619376
2.82207 0.465701
2.67087 0.314089
2.5319 0.173668
2.39053 0.0325117
#output normalization
1 0
#neurons weights
0.251587
-0.00183519
-0.0142879
0.362168
0.0527657
0.221511
0.417176
-0.416948
0.101512
0.362077
-0.0253236
0.249989
-0.00285417
0.382931
-0.221679
-0.359024
-0.288357
-0.376942
0.141315
-0.495361
-0.434409
-0.333414
0.449042
-0.1601
0.132743
0.12566
-0.410624
0.334082
-0.446122
0.346107
-0.151069
-0.470523
0.236441
0.334975
0.0707164
-2.86769
-0.892656
2.55353
-1.02186
-2.38207
-1.03008
0.460086
2.80619
-1.00899
1.16861
-1.44805
-1.3157
0.687682
0.467078
1.79381
2.0553
1.69984
1.40084
-1.72183
1.23817
0.519982
-0.646406
3.40103
2.04381
-0.64079
-2.03242
-0.867124
1.16868
1.68313
-1.39332
-2.38537
-0.599148
0.402999
2.28693
-3.90956
0.567807
0.346448
-0.304757
0.118816
0.573973
-0.0705224
-0.115376
-0.751363
-0.0579598
-0.103729
0.383984
0.0135891
0.176922
-0.166664
0.41156
1.0101
-0.552103
-1.13464
-0.309202
-0.833613
-0.613008
-0.120283
0.020083
-0.203107
0.00164524
-0.369628
-0.277633
-0.482431
0.790226
0.424907
-0.0104352
-1.35423
0.0832322
0.289763
-0.696857
0.317501
1.99366
#synapses weights
-0.0986487
1.62626
-1.33005
0.211789
-0.00119125
0.2562
-0.0571675
0.140352
0.124931
0.158227
0.156612
0.282739
-0.0607121
-0.315373
-0.182739
-0.278262
-0.018228
-0.551395
-0.546257
0.332972
-0.709647
0.383451
0.422816
-0.438854
0.328464
-0.546368
-0.0496423
0.22399
0.684079
-0.331175
0.0038802
-1.33595
0.258487
-0.187855
0.304198
0.0552501
0.564062
-0.420697
0.220936
0.0364039
0.299343
0.24954
-0.394851
-0.302206
1.08268
-0.848827
-0.0359093
-0.19688
-0.532729
0.253967
-0.282657
0.613075
0.136043
-0.10305
0.11728
0.204999
-0.0692647
0.409074
0.119815
-0.361518
0.354645
-0.0610234
-0.242784
-0.157731
0.114291
0.279858
0.0605848
0.0109551
-0.0161836
-0.0287421
0.214019
-0.441157
1.81481
0.0196189
0.481232
-0.809481
0.225056
0.437644
-0.0376448
0.425514
-0.726497
0.0160174
0.445314
0.0596665
0.17235
-0.483111
0.367762
-0.971432
0.336181
0.339601
0.257161
-0.529965
0.00483322
0.526251
-0.068969
0.680085
0.58758
-0.168657
-0.393345
-0.0978701
-0.149934
0.141696
-0.24757
0.115068
-0.42978
0.329312
1.34406
-0.325711
0.190043
0.331742
-0.0220882
0.415094
0.0659994
-0.313515
-0.0430906
0.149076
0.167514
0.178012
-0.165119
-0.440203
0.131833
0.156213
0.6565
-0.882694
-0.151576
-0.0908125
-0.417392
-0.101297
0.634143
0.424282
-0.545796
-0.19831
-0.615408
-0.366956
-0.299237
-0.0557753
0.0599444
0.220095
0.375953
0.481331
1.35536
0.19697
0.490645
-0.0805423
-0.472816
0.408875
-0.0428924
0.166312
-0.0486106
-0.00336943
0.0333947
-0.38321
0.249955
0.190001
0.119837
0.533397
-0.476764
-0.662697
0.185339
-0.173494
-0.188858
-0.140453
0.0692978
0.981344
0.670451
0.447664
0.496827
0.866777
0.465263
0.306299
-0.0570351
-0.0672805
0.17815
0.244464
0.16909
2.02798
0.143575
0.549351
0.24252
-0.195331
0.541043
0.288355
-0.43587
-0.0682303
0.381737
0.161095
0.607601
-0.246046
-0.153784
-0.535885
-0.312855
-0.175942
-0.133722
-0.510272
-0.342687
0.125645
0.338196
0.0601072
-0.244639
0.236046
-0.168378
-0.278874
0.369473
-0.468625
0.0668646
-0.0200539
0.0942318
-0.000378688
0.460999
0.101273
-0.148799
-0.22509
-0.144129
0.0247864
-0.0659752
0.216706
0.635395
0.197835
-0.546056
0.160116
-0.446739
0.200829
-0.0682633
-0.323424
-0.281267
-0.114102
-0.254804
-0.550069
-0.723327
0.159057
0.124417
-0.0314141
0.200021
-0.631574
0.054534
-0.463769
-0.285804
-0.414598
-0.0590076
-0.584887
-0.737148
-0.443909
0.187419
-0.245212
-0.327561
-1.73876
-0.40621
0.801658
-0.207215
0.655848
-0.113927
-0.479257
-0.366088
-0.695702
0.687216
0.806539
-0.0654269
-0.537014
-0.296235
-0.38773
0.50835
-0.271067
-0.300288
0.393243
0.477183
-0.299724
0.102914
-0.250671
0.00664281
-0.021263
-0.332478
-0.301497
0.983296
0.104238
-0.915262
0.0793805
0.20007
0.04891
-0.00795588
0.313794
-0.19223
-0.579187
-0.336176
0.189238
0.112513
-0.351877
0.0332347
0.152023
0.375415
-0.510821
-0.444569
0.496834
-0.504657
-0.725051
-0.664163
-0.760407
0.0897009
-0.759037
-0.0389496
0.134506
0.347742
-0.0188083
0.0971701
0.317706
-0.432958
-0.220901
0.136164
-0.130441
-0.372585
-0.192172
-0.1768
0.128777
-0.252915
-0.237624
-0.135658
0.0853014
-1.23839
0.0934264
-0.1621
0.888265
-0.161282
-0.522734
-0.166651
-0.600922
0.0203932
0.124603
0.542367
0.137852
-0.775084
-0.665065
0.827934
-0.454837
0.228686
0.229167
-0.297257
0.29656
0.318447
0.76468
-0.0871686
0.385988
0.488379
0.140033
-0.355544
-0.0814722
-0.729494
-0.5742
-0.0643335
0.266276
0.312378
-0.0803562
-0.024918
0.895399
-0.0126355
0.175877
0.130962
0.234351
0.237608
0.0351538
0.00751586
-0.665756
0.121773
0.343654
-0.36733
0.0597607
-0.633712
-0.375984
0.558917
-0.286525
-0.0939083
0.434693
0.568709
0.169433
0.181493
-0.201773
-0.491278
-0.165324
-0.345703
-0.120265
-0.33219
0.384565
0.52285
0.292718
-1.05803
-0.0491871
-0.10675
0.634785
0.289377
0.140087
-0.0677142
-0.386945
0.0886559
-0.179695
-0.58186
0.916827
1.05789
0.908372
0.16351
0.593771
-0.0536898
-0.0239552
-0.0104055
-0.460704
0.0565771
-0.180786
-0.243657
-0.580661
0.541496
0.107743
-0.0208977
-0.262051
0.00152181
-0.373552
0.32195
0.0760002
-0.828643
-0.71485
0.147992
-0.24893
-0.243908
-0.168435
-0.125092
-0.00686945
-0.080311
0.154541
-0.0843245
0.77431
1.35262
0.315775
0.25479
-0.158339
0.808487
0.085995
-0.275095
0.842129
-0.0592321
0.0100451
0.0304139
0.0612783
-0.79553
-0.040842
-0.598852
0.118859
-0.424067
-0.302655
-0.326093
0.0962466
-0.00184899
-0.619309
0.146478
-0.0306637
0.126558
-0.353055
0.405523
0.282262
1.06896
-0.471258
0.825341
-0.0496488
-0.282852
0.690221
-0.153061
-0.0548125
0.164322
-0.117212
-0.220729
0.204203
0.104826
0.0929205
0.0664922
0.173888
-0.0260686
-0.287217
0.137519
0.0568175
0.0446808
-0.140776
-0.025217
0.588113
0.720886
0.50797
0.792887
0.777516
0.196433
0.470696
0.995563
0.475134
1.16443
0.266589
0.907911
0.593689
-0.526677
0.0191928
1.27351
-0.105159
0.825941
-0.289562
-0.718034
0.102616
-0.207588
0.34357
-0.189696
0.490303
-0.120882
-0.120381
-0.279628
0.529988
0.395745
-0.387028
-0.49145
-0.332314
-0.352562
-0.114985
0.621562
0.491539
-0.0160667
-0.43472
0.436217
-0.312171
-0.166357
-0.0707438
-0.201933
-0.375159
0.490652
-0.268568
-0.459007
-1.04251
-1.3897
-0.0460656
0.162858
-0.398705
-0.138156
0.389559
-0.445945
-0.139558
-0.252858
0.660585
0.549932
-0.12028
-0.704418
0.0426781
-0.267964
-0.142388
0.0919479
-0.164526
-0.501859
0.274758
-0.4759
0.586721
-0.0875646
-0.011279
-0.376893
0.606338
0.807906
-0.0535603
0.0267102
-0.307005
-0.205348
0.158815
-0.434445
0.0584947
-0.688554
-0.434474
1.85063
-0.559054
0.405901
-0.309359
0.344601
-0.6962
0.653133
-0.0261222
-0.157358
-0.44808
0.144222
0.292925
0.0364116
-0.45185
-0.561831
0.389697
-0.0405102
-0.0627751
0.313893
0.274138
0.107467
0.280756
0.232508
-0.279201
-0.50753
-0.111529
0.0191512
0.0657768
-0.112749
0.0721212
0.448304
-0.496607
0.656814
0.340654
-0.199227
0.566552
-0.119952
0.0913099
-0.292325
0.498163
-0.702078
0.481938
-0.371834
0.52098
-0.131388
0.233709
-0.326998
1.25525
0.105469
0.0398929
0.395271
-0.429855
-0.63791
0.157992
-0.0255213
-0.0790694
-0.12142
-0.137618
-0.102187
-0.478921
1.38252
0.0405857
0.151637
0.449857
-0.164496
-0.492681
-0.0781379
-0.329618
0.171604
0.923655
-1.0035
0.352904
0.351975
0.060467
-0.034883
0.147511
-0.60132
-0.130614
0.231439
-0.106634
0.660927
0.512045
0.527162
-0.283628
-0.601801
0.100281
0.341449
0.130942
-0.0297891
-0.361309
0.132843
-0.346652
-0.154642
0.602726
-0.731315
0.531261
0.0420306
-0.0761389
-0.668461
0.202832
0.163327
-0.475635
0.0754112
-0.349486
-0.732048
0.226082
-0.986138
0.297616
0.282412
0.256577
0.271081
0.363811
-0.314479
0.405021
-0.218699
0.258647
-0.455327
-0.00996124
-0.521837
0.501409
-0.00644649
-0.449871
0.567828
0.621261
0.862522
0.0497416
-0.0447105
-0.339073
0.147527
0.344859
-0.539313
-0.426732
0.111491
-0.0467782
0.142545
-0.731089
-0.115751
-0.702504
-0.147991
-0.529443
0.0054772
0.0346617
0.910325
-0.0418206
-0.561924
0.082301
0.728846
1.11956
0.033935
-0.814576
-0.479301
0.132894
-0.447277
-0.837069
0.315978
-0.127674
0.416474
-0.272532
-0.3203
-0.496594
-0.781934
0.290248
-0.82387
-0.50712
-0.170044
0.0913044
0.112346
0.0546578
-0.153371
-0.0542978
-0.462601
0.4346
-0.244043
0.736329
0.781002
-0.0508957
0.477183
-1.07571
0.302954
0.117164
0.618007
0.39433
-0.548777
-0.394193
0.582891
-0.333003
-0.916757
0.705997
0.165566
-0.076087
-0.3103
0.35063
-0.665267
0.306274
0.939936
-0.424337
0.441714
-0.284465
0.120117
-0.149962
0.0336452
-0.075213
0.293152
-1.02127
-0.0353717
0.0293548
0.149526
0.411781
-1.69425
-1.3919
-1.00473
0.000201176
0.300128
0.593509
-0.0112388
0.668119
-0.103497
-0.821268
0.125898
0.153821
-0.115252
-0.0910392
0.315467
-0.245645
0.832035
-0.0724442
-0.180474
-0.0708043
0.513257
-0.304531
0.437368
-0.321912
0.518949
0.524118
-0.0544936
-0.314044
0.123259
-0.141604
-0.457847
-0.547508
0.0433189
0.36257
-0.459719
-1.09542
-0.884949
-0.275614
0.107169
-0.216806
-0.0172716
-0.0620843
-0.29733
0.727671
-0.385424
-0.866016
0.881967
-0.68125
0.474031
0.0493068
0.182069
0.628283
-0.380851
-0.273414
0.302653
0.823589
-0.406253
-0.917468
0.432422
-0.613073
-0.0590075
0.397818
-0.472122
-0.0937876
-0.236104
-0.703586
0.648679
0.340232
0.050396
-0.434382
0.300403
1.24304
0.436838
0.0678525
-0.553913
0.018688
-0.421912
0.394098
0.504872
-0.437427
0.124036
0.651866
-0.143537
0.225695
-0.263186
0.692441
-0.184368
-0.0523602
0.522206
0.355635
0.197353
-0.306589
0.377691
-0.590052
-0.409902
0.119953
0.413932
-5.28551e-05
0.230995
0.201174
0.450373
-0.0601308
0.160408
-0.30805
0.134603
1.15334
0.988323
0.160141
-0.236057
-0.928733
-0.0846555
-0.101639
-0.496858
-0.322546
-0.217045
0.158158
-0.241889
-0.0348146
-0.0136784
0.306971
-0.677651
0.633118
0.30471
-0.667934
0.5386
-0.131524
-0.335435
0.182444
-0.156196
0.577688
-0.276225
0.0967499
-0.116566
-0.180126
0.07828
-1.115
0.00597647
-0.238767
0.483933
0.0325252
0.405899
0.391061
-0.489217
-0.296305
0.272365
0.598347
0.120753
0.0457359
0.0948146
0.94533
0.331299
0.655667
0.910033
1.02005
0.020629
0.689912
0.811454
0.493373
-0.232064
0.575747
0.610296
0.184554
-0.066445
0.406758
0.259476
0.0516082
0.587695
0.844241
0.5535
0.415586
0.798155
0.0272743
-0.180795
-0.0253661
0.15171
-0.603299
-0.845605
-0.0354119
-0.104547
0.0362688
-0.404951
-0.137351
0.396607
-0.216087
-0.539727
-0.209544
-0.853872
0.364703
-0.126782
0.28307
0.626036
-0.270471
0.0635311
0.340098
0.0788401
-0.591124
-0.139065
0.182354
0.0313587
-0.349976
0.743377
-0.343016
-0.341372
0.0868663
0.209374
-0.0244883
-0.151104
0.123814
-0.130977
-0.437142
-1.11867
-0.568123
-0.337754
-0.127139
-0.118788
-0.150223
0.0423966
0.480812
0.10826
0.144366
-0.333953
-0.342475
-0.304495
0.198933
-0.00478478
0.066543
-0.271837
-0.207962
-0.65041
0.209278
-0.164747
0.470463
0.503568
0.306213
-0.64879
-0.273702
-0.0458199
-0.133292
6.32914e-05
0.37367
-0.160831
-0.396349
-0.193047
-0.279707
-0.286738
0.291257
1.17644
0.0449853
-0.0778447
-0.24346
0.262655
-0.144727
-0.115605
-0.0645175
-0.610378
-0.0816235
-0.0459683
-0.364618
0.364609
0.128693
0.63942
0.753052
-0.276373
-0.179513
-0.157811
-0.316882
0.361917
-0.843793
-0.513414
-0.548736
0.805578
0.473083
-0.234018
-0.113684
-0.388374
1.04792
-0.251446
-0.039184
0.00781435
-0.114466
-0.0991744
0.793395
-1.01081
0.528066
-0.205898
-0.0749759
0.295328
0.0843276
0.558251
-0.16018
-0.171608
-0.917366
0.644793
-0.221707
-0.284199
0.424969
-0.479304
-0.0542741
0.146473
-0.175404
0.626602
-0.105525
0.31603
0.420172
-0.348457
0.22218
0.393687
-0.165791
-0.408987
0.253494
-0.465298
0.290696
-0.607266
0.428318
-0.222331
0.0134355
0.970239
-0.0247544
0.215465
-0.01338
0.121953
-0.128311
-0.178489
0.372194
0.0500545
-0.694486
0.0903143
0.0111375
0.437629
0.450716
-0.218751
0.00203376
-0.317158
0.315811
0.0119659
0.113679
0.728312
0.103762
0.169109
0.727342
0.75148
0.641773
-0.139705
0.228555
-0.442036
0.0767165
0.114594
0.474559
0.0429205
0.0835908
0.0289063
-0.992549
-0.47479
-0.0154571
0.241068
0.178211
-0.184619
0.588393
-0.296966
-0.510884
-0.507692
0.226614
0.423473
0.739233
-0.400055
0.265794
0.232488
-0.71565
-0.940291
-0.173064
-0.614863
-0.270907
-0.420205
-0.682057
0.0299099
0.126933
0.0527259
-0.107892
-0.583858
0.378664
0.314529
-0.0318824
-0.0614428
-0.204157
-0.103044
0.638181
-0.540342
1.48148
-0.478114
-0.513712
-0.344738
-0.297626
0.632947
-0.25415
-0.627011
0.457128
-0.705476
0.42634
0.180248
-0.279134
0.536071
0.187142
-0.538549
0.0319731
0.0174952
-0.053402
0.847615
-0.0359848
0.597725
0.485611
-0.676891
-0.779313
0.103024
0.332751
0.0111923
0.58467
-0.696495
-0.343229
-0.204301
0.377961
0.660523
1.38391
-0.0425937
0.799577
-0.180372
0.433067
-0.354228
-0.111072
-0.0545442
-0.0338096
0.0508135
-0.118482
-0.198838
0.188258
0.30188
0.702912
0.218603
-0.651266
-0.330683
-0.626499
0.672707
-0.51911
0.0208665
0.491167
0.457586
0.0567624
-0.261292
-0.465293
0.162215
-0.473595
0.110079
0.0457178
1.00385
-0.391907
-0.229253
-1.01281
-0.820977
0.860369
0.126531
0.187748
-0.452321
-0.262848
-0.0987195
0.224534
-0.211553
-0.120122
0.891143
-0.103935
-0.29253
-0.0391547
0.287485
-0.277987
-0.0182085
-0.292076
-0.218154
0.41629
0.0974453
-0.235417
0.111215
0.27235
-0.0903744
0.406742
-0.193318
0.278088
0.24733
-0.0694789
0.47648
-0.145897
-0.208573
-0.40797
0.593371
-0.310068
-0.65407
0.0928395
0.286711
0.417244
0.0135657
0.276426
-0.401295
-0.480807
0.939488
0.399162
-0.439632
-0.853934
0.248219
-0.926665
0.35292
-0.729266
0.390917
-0.500596
0.0384596
0.442017
-0.326325
-0.277619
0.945446
0.742081
-0.479224
-0.825592
-0.317663
0.0885589
0.361859
0.379092
0.341979
-0.674595
0.167403
-0.400068
-0.435529
-0.298252
-0.536524
-0.619823
-0.121413
0.378721
-0.309219
-0.592865
0.892366
0.296177
-0.262189
-0.387293
-0.283805
-0.506379
-0.394699
0.287202
-0.392998
0.391035
-0.635066
-0.565846
0.580331
-0.24759
-0.458159
-0.140251
-0.86594
-0.249367
0.225658
0.358068
-0.268741
-0.41533
0.169826
-0.796409
0.516622
-0.155413
-0.267439
-0.170768
-0.0780592
0.0849313
0.200281
0.354762
0.474398
0.426174
0.504698
0.383004
-0.103089
-0.0175368
0.737044
0.0911199
0.375767
0.132371
0.56553
0.205
0.69524
0.109093
0.781968
-0.0901017
0.287066
-0.143183
0.388508
0.129583
0.927703
0.384811
-0.0417565
0.0827986
0.232498
0.431192
0.262387
0.757788
-0.314539
0.11905
-0.129235
0.0410484
0.278984
-0.25663
0.239211
0.364913
-0.0666905
0.323808
-0.0804866
0.322535
0.363083
0.0422229
0.306466
0.36416
0.0555679
-0.098906
0.19178
0.325108
0.11714
-0.0739351
-0.057045
0.594924
-0.164467
-0.0701573
0.19626
0.240612
0.396875
0.50625
0.311222
0.306575
0.0867617
-0.267661
0.389624
-0.133948
0.240381
0.172313
0.0472662
-0.0529409
0.281192
-0.0724108
-0.625456
-0.491927
0.335824
-0.112006
0.176061
-0.885727
-0.806983
-0.150481
0.0454483
0.0264577
-0.0330166
0.049437
-0.418261
0.203963
-1.0644
-0.207058
0.347935
0.0121361
-0.457153
-0.40051
-0.518551
-0.376097
0.418088
0.0371531
-0.743033
-0.193109
-0.838534
0.167481
0.272002
0.176412
-0.217333
-0.175351
0.476054
-0.103153
-0.0268066
-0.0711958
-0.00940692
0.436501
0.563486
-0.117675
-0.357984
-0.208001
0.0903821
-0.088389
-0.125238
0.394137
0.43357
0.555578
-0.201765
0.115782
0.230843
0.487936
-0.111148
-0.280154
0.556319
-0.338965
-0.390341
-0.00212349
0.17338
-0.105529
0.136971
-0.538057
-0.313595
0.330498
0.0301943
-0.122888
-0.344979
-0.156346
0.00859688
0.31258
0.597403
0.170567
-1.32544
0.5096
0.33298
-0.103914
-0.748266
-1.24473
-1.24344
-0.740739
0.342584
0.0306047
0.415238
-0.397155
-1.21983
-1.02316
-0.860335
-0.80575
0.209724
-0.934475
-0.974887
0.380969
-1.12802
-0.940599
0.073417
0.745415
-0.618728
-0.528839
-1.26949
0.0351508
0.39768
-0.186411
-0.410368
-1.17187
0.702775
-0.559103
-0.00512942
0.281354
-0.317238
0.367767
0.466626
-0.306994
-0.00313293
-0.117683
-0.599412
0.275421
0.511219
-0.0376442
0.13976
-0.0181729
0.42686
-0.363639
-0.0640741
-0.54494
0.567205
0.162469
0.0889747
0.0541575
0.0113895
-0.23167
0.323048
0.471268
0.555559
0.110267
-0.582
0.655942
0.645094
0.514404
0.198685
-0.121272
-0.0453112
0.14966
0.268177
0.417572
-0.138564
0.797257
0.419238
-0.136097
-0.144875
0.594473
-0.351441
-0.067885
-0.0280467
-0.292234
0.131261
0.255453
0.0904245
-0.432868
-0.0737193
-0.219909
0.189524
-0.208244
0.0866884
-0.0835696
-0.412438
-0.271425
0.156537
0.467209
0.417521
-0.310015
-0.374761
-0.0052409
0.759218
0.682146
-0.124038
0.296193
0.331551
-0.364812
-0.926147
0.557681
0.153255
-0.325941
-0.359876
-0.510579
0.506634
0.679253
0.162553
0.407299
-0.377149
0.103923
-0.441866
0.949133
0.342223
-0.0472543
0.358427
0.449407
-0.112733
0.199515
0.496318
-0.724652
0.169499
0.442262
-0.202143
-0.37878
0.120635
0.474192
-0.117347
-0.736731
-0.382738
-0.291142
-0.177757
0.81573
-0.179127
0.203266
-0.417445
-0.523008
-0.631887
-0.259241
-0.400688
0.390395
-0.215535
-0.401183
-0.0441778
-0.0111978
-0.624683
-0.368974
-0.227509
-0.111076
-0.575376
0.129896
-0.320846
0.214439
-0.448606
-0.0828933
0.318889
-0.228656
-0.188022
-0.082429
-0.818866
0.263979
0.417343
-0.428972
0.210818
-0.406255
-0.0634362
-0.0624195
-0.110964
-0.114993
-0.0987433
-0.37372
-1.0444
-0.432268
0.519681
-0.611491
-0.494805
0.00864669
-0.234791
-0.022587
0.196075
-0.0502073
-0.0348948
0.495147
-0.108519
0.591175
-0.352127
-0.0626734
-0.14552
-0.0185583
-0.345551
0.0887079
0.523556
-0.392011
0.559985
0.29934
-0.398418
-0.140237
0.129087
0.501132
0.369433
-0.229777
-0.175358
-0.336446
0.548468
0.594082
-0.920087
0.35053
-0.528859
0.014893
0.265307
0.274841
0.272712
-0.00244661
0.356581
0.0937156
0.804327
0.537006
-0.0122422
0.0968492
0.406706
0.153106
-0.0560637
0.13546
-0.130751
0.128894
-0.410824
-0.374201
-0.394265
-0.346114
-0.247293
0.130773
-0.405013
0.332616
0.0336933
0.55277
-0.332635
-0.212748
-0.042797
-0.320222
0.234077
-0.287645
-0.244026
-0.456379
0.680591
-0.0412417
-0.5198
0.813895
-0.31817
-0.259847
-0.0965179
-0.474421
0.00912191
-0.206834
0.834033
0.961406
-0.709984
-0.492411
-0.453672
-0.746319
-0.12509
-0.577278
0.654043
0.117308
-0.607502
0.111771
-0.891552
0.122421
0.264618
0.612032
-0.814458
0.14696
-0.117733
0.000258611
0.264761
0.17059
0.277471
-0.592262
0.330787
-0.75388
0.152956
-0.0907292
0.734865
0.013897
0.770781
0.557729
0.704534
0.15616
0.482808
0.263247
0.519281
-0.121926
0.549548
-0.584236
0.857831
0.908624
0.565211
0.247108
0.897904
0.914483
0.173986
0.585775
0.388495
0.724474
0.355027
0.895191
-0.492815
0.583514
0.274933
0.818086
0.130295
0.128039
0.0958272
0.451104
0.669176
0.0936155
0.77722
-0.58764
-0.308564
0.60366
0.81876
0.674413
-0.309257
-0.698377
-0.970973
-0.783934
0.166954
0.762997
-0.233519
-0.423473
-1.20402
0.371882
-1.0224
-0.721351
-0.0730695
-0.393395
-0.547147
0.667094
-0.391722
-0.491427
0.610807
1.24216
-0.423539
-0.676164
-0.758069
0.551867
0.254185
0.345322
-0.63902
-0.674219
1.18069
-0.725431
0.147203
-0.00701193
-1.19534
0.0404207
0.416224
0.056852
-0.621833
-1.74943
-0.602121
-0.775641
-0.489581
0.604627
-0.48045
-0.133224
-0.97632
-0.291069
-1.12318
-0.253893
1.02228
-0.592755
-0.913373
0.273267
-1.15096
-1.70295
-0.209006
0.69384
-0.37689
-1.07849
-1.29742
0.154469
0.106278
0.0960612
-1.22224
-0.45197
1.27269
-0.92766
0.165533
-0.485418
0.132504
-0.222042
0.537625
0.799178
-0.189623
-1.10907
-0.67163
-0.732498
0.665316
-0.153556
-0.60783
-0.842153
-0.0567006
0.467778
-0.471299
0.686419
-0.0494507
0.4094
0.138062
0.542119
-1.29692
-0.738821
1.06514
0.635548
-0.758625
-0.173912
-0.364349
0.490519
-0.308174
-0.140302
-1.00847
-0.366614
0.771377
0.848512
1.07181
-0.434701
-1.2585
0.526311
0.563792
0.203144
-0.208266
-1.23299
-0.891424
-0.31857
-0.0934377
0.335552
-0.0254149
-0.169377
-1.0298
-1.02918
-1.25469
-1.04205
0.600312
-0.744704
-0.865497
-0.269405
-0.99666
-1.0802
0.685852
1.01589
-0.335082
-1.31365
-1.08122
0.53845
0.753678
0.116794
-1.27044
-1.23983
1.83971
-1.31565
-0.386668
-0.528538
0.1738
0.0757152
-0.503897
0.210878
-0.398632
-0.498082
-0.215447
0.401737
-0.596563
0.228109
-0.0391577
0.0158063
-0.592879
0.221694
-0.492859
-0.356715
-0.462468
0.176037
0.178497
-0.375079
0.0883923
-0.275911
-0.103663
-0.290114
0.157799
0.077226
-0.175909
0.323249
0.204357
-0.443155
0.0241817
-0.0525834
-0.325734
-0.110944
-0.0246279
-0.163972
-0.196679
-0.463585
-0.395509
-0.2731
0.60526
0.441001
-0.218332
-0.13611
0.0653862
0.0264877
0.484797
0.167502
-0.343139
0.472365
0.136588
0.322985
-0.142929
-0.0774201
-0.0651711
-0.149667
0.568967
-0.370492
-0.332508
0.107327
0.21291
0.650791
0.554673
0.276736
-0.373363
0.129019
0.103605
0.402725
-0.26339
-0.152748
-0.0837915
0.0520086
0.346668
-0.593952
-0.00868723
0.256064
-0.163755
0.0845859
0.0206714
0.474458
-0.175166
0.0865256
-0.321533
0.0102865
-0.458197
0.221911
0.327504
-0.263143
-0.543792
-0.191972
-0.277039
-0.547027
-0.0140431
-0.371413
0.0400748
0.190555
0.162171
0.221874
0.0872722
-0.516821
-0.484027
0.207824
0.104664
-0.495732
-0.330279
-0.0590897
0.700572
-0.484232
-0.419107
-0.302593
0.87076
0.621711
-0.161893
-0.163065
-0.498226
0.261929
0.0976213
0.882614
-1.53772
-0.196798
-0.454018
0.0667937
-0.813304
-0.133278
0.218863
-0.354403
-0.600831
0.400845
-0.912095
-0.417959
0.339861
0.440349
-0.624894
-0.258593
-0.400824
0.924012
0.767257
-0.385047
-0.475131
0.0902433
0.619112
-0.352302
0.012601
-0.324839
0.286561
-0.0797776
-0.447447
0.0474912
-0.584063
-0.424431
-0.212503
-0.517969
-0.34528
-0.179142
-0.190124
0.144181
-0.216626
0.158239
-0.0379598
-0.422887
-0.0602707
0.0941246
-0.337396
-0.29205
-0.245406
-0.236087
0.178706
-0.241025
-0.152075
-0.417892
-0.337853
-0.0689402
0.1143
-0.340077
-0.209164
-0.593955
-0.543416
0.277499
0.837762
-0.18685
-0.500732
0.0481637
0.0260384
0.314582
0.586916
0.185069
-0.499398
-0.491325
0.798739
0.129734
0.0381729
-0.56125
-0.631938
-0.348664
-0.407317
-0.306966
0.350008
0.414198
-0.565941
0.177804
-0.547703
-0.0763792
0.198234
0.180791
-0.698649
0.168523
0.396178
0.545716
-0.034607
0.152428
-0.658351
-0.0671354
0.591419
-0.624501
-0.341796
-0.529788
0.210527
-0.0629543
-0.369015
0.284731
-0.0297985
0.0412739
-0.421451
0.308445
-0.195734
-0.255331
-0.390082
0.127683
0.0439259
-0.594074
-0.22203
-0.253347
0.215762
0.162017
-0.495654
0.220045
0.121894
0.150245
-0.121032
-0.15865
-0.442338
-0.404767
-0.234595
0.446478
-0.187591
-0.285529
-0.123544
-0.425576
0.299577
0.476704
-0.560445
-0.366473
-0.323076
-0.587966
-0.298263
0.537019
-0.36207
0.200257
-0.219586
0.570141
-0.444693
-0.336866
0.858515
-0.101341
-0.35002
0.49563
0.736549
0.243797
-0.475751
0.15021
-0.0891432
-0.070678
0.306036
0.559267
-0.71657
0.342798
0.418034
0.427506
-0.361156
-0.336634
-0.413342
0.290152
0.384294
0.206338
-0.266307
0.222059
-0.0254859
0.390451
0.974892
-0.098407
0.266939
-0.739287
-0.00259679
0.343658
-0.0719303
-0.5455
0.00277009
0.603531
0.313928
0.322872
0.512471
-0.11382
0.535505
-0.243212
0.598903
0.231295
-0.542054
0.365162
0.0320556
0.0645184
0.642503
-0.515647
-0.101103
-0.239073
0.311226
0.393518
0.46731
0.952918
-0.675054
0.127746
0.0365462
-0.122263
0.390966
0.200353
0.103744
0.251269
0.181535
-0.378479
-0.11454
0.352119
-0.402552
0.186787
0.0271218
0.829183
0.35936
0.339197
0.0676892
-0.595788
0.639577
-0.100285
0.725168
0.712873
-0.56054
0.190936
0.0210342
-0.217633
0.9154
-0.0215639
0.706609
-0.385562
-0.207548
0.201977
0.260047
0.842307
0.0183951
0.239757
0.0396434
0.0910335
-1.11838
-0.526207
0.00747454
-0.335991
0.218263
0.566778
-0.230661
0.204838
0.188438
0.556853
-0.236125
-0.445263
1.25785
0.107541
0.0497621
-0.270095
-0.0496241
0.200569
-0.473593
0.149535
0.128679
0.143271
0.0627925
0.323047
-0.037695
-0.585309
0.72647
0.541755
0.223184
-0.357427
-0.382594
0.54671
0.199595
0.627683
-0.16426
0.81533
0.0249244
-0.36244
-1.38141
0.179156
0.447227
-0.355842
-0.65991
-1.74373
-0.881919
-0.515259
0.124904
0.162132
-0.732004
-0.492762
-1.17628
-0.997634
-1.61061
-0.484881
0.854869
-0.523907
-0.928462
0.368221
-0.896351
-1.72863
0.0553028
1.18728
-0.491181
-1.41077
-0.855958
-0.152525
0.0859283
0.291542
-0.624247
-1.09111
1.37812
-0.437128
0.286905
0.702207
0.00851204
0.526043
0.0948546
0.264994
-0.163889
0.162447
-0.776825
0.128718
0.558149
0.525831
-0.26711
0.262434
0.401368
-0.303316
0.315037
0.443435
0.699749
-0.693403
0.350129
0.614892
0.109684
-0.0965127
0.354018
0.0704862
-0.00862416
-0.192765
0.477502
0.258807
0.468149
0.675855
-0.0337443
0.642304
0.344474
-0.031951
0.975388
0.225281
-0.51253
0.665842
-0.0750959
-0.302306
-0.586708
0.115522
-0.258251
-0.149822
0.307109
-0.0715102
0.154784
0.471567
-0.307439
-0.218441
-0.358747
-0.178843
0.619893
-0.137111
-0.129794
0.787032
-0.392656
-0.35669
-0.135172
-0.202464
0.135137
-0.238806
-0.145462
0.334
0.638814
-0.337581
-0.542248
-0.297802
-0.0394096
0.317722
0.650397
-0.322583
0.000973272
0.521852
0.683436
0.18133
-0.468748
-0.313366
-0.724628
-0.963772
0.213265
0.116938
-0.738259
-0.273854
-0.984292
-0.757065
-0.699405
-0.430056
0.836463
-0.673227
-0.393138
0.0941618
-0.142174
-0.2286
0.324505
0.878268
0.0785613
-0.976979
-0.465975
-0.0352258
0.524089
0.0148057
-0.749177
-0.703276
0.890464
-0.747559
-1.01648
0.241406
0.557377
-0.841717
0.495775
-0.0832407
-0.286261
0.513824
0.0172766
0.586685
-0.632202
-0.0171348
-0.107318
-0.083523
0.135923
-0.0405826
0.146617
0.745562
-0.0414971
0.456205
0.0744284
-0.554357
0.184078
0.572925
0.126848
-0.88027
0.259993
-0.306601
-0.0190974
-0.469059
-0.640479
-0.324113
0.873139
0.444194
-0.517493
0.523108
2.87468
-1.5504
1.79011
0.557411
1.0839
0.737957
1.5061
0.940641
1.83047
-1.81909
-1.12224
-2.14605
-0.437277
2.30647
2.49029
3.30731
2.66631
2.38428
4.72789
-0.622373
-0.595108
-0.710162
2.85972
-0.207243
1.69964
0.166842
-1.47158
1.94216
1.40423
-2.11407
3.90802
1.93694
2.05358
1.23599
-1.68607
