INCLUDE default.par
ZLAYER 0 -0.000000 0.000000 0.000000

XCUT 	 1 	 -110.000000 -109.000000 -167.000000 -166.000000 -0.600000 0.600000 -0.600000 0.600000 0.000000 17.000000

XCUT 	 2 	 -110.000000 -109.000000 -167.000000 -166.000000 -0.600000 0.600000 -0.600000 0.600000 0.000000 17.000000

XCUT 	 1 	 -106.000000 -105.000000 44.000000 45.000000 -0.600000 0.600000 -0.600000 0.600000 0.000000 17.000000

XCUT 	 2 	 -106.000000 -105.000000 44.000000 45.000000 -0.600000 0.600000 -0.600000 0.600000 0.000000 17.000000

XCUT 	 1 	 -24.000000 -23.000000 -46.000000 -45.000000 -0.600000 0.600000 -0.600000 0.600000 0.000000 17.000000

XCUT 	 2 	 -24.000000 -23.000000 -46.000000 -45.000000 -0.600000 0.600000 -0.600000 0.600000 0.000000 17.000000

XCUT 	 1 	 48.000000 49.000000 73.000000 74.000000 -0.600000 0.600000 -0.600000 0.600000 0.000000 17.000000

XCUT 	 2 	 48.000000 49.000000 73.000000 74.000000 -0.600000 0.600000 -0.600000 0.600000 0.000000 17.000000

XCUT 	 1 	 -46.000000 -45.000000 139.000000 140.000000 -0.600000 0.600000 -0.600000 0.600000 0.000000 17.000000

XCUT 	 2 	 -46.000000 -45.000000 139.000000 140.000000 -0.600000 0.600000 -0.600000 0.600000 0.000000 17.000000

XCUT 	 1 	 -9.000000 -8.000000 72.000000 73.000000 -0.600000 0.600000 -0.600000 0.600000 0.000000 17.000000

XCUT 	 2 	 -9.000000 -8.000000 72.000000 73.000000 -0.600000 0.600000 -0.600000 0.600000 0.000000 17.000000

XCUT 	 1 	 33.000000 34.000000 50.000000 51.000000 -0.600000 0.600000 -0.600000 0.600000 0.000000 17.000000

XCUT 	 2 	 33.000000 34.000000 50.000000 51.000000 -0.600000 0.600000 -0.600000 0.600000 0.000000 17.000000

XCUT 	 1 	 -8.000000 -7.000000 -19.000000 -18.000000 -0.600000 0.600000 -0.600000 0.600000 0.000000 17.000000

XCUT 	 2 	 -8.000000 -7.000000 -19.000000 -18.000000 -0.600000 0.600000 -0.600000 0.600000 0.000000 17.000000

XCUT 	 1 	 7.000000 8.000000 58.000000 59.000000 -0.600000 0.600000 -0.600000 0.600000 0.000000 17.000000

XCUT 	 2 	 7.000000 8.000000 58.000000 59.000000 -0.600000 0.600000 -0.600000 0.600000 0.000000 17.000000

XCUT 	 1 	 -2.000000 -1.000000 -20.000000 -19.000000 -0.600000 0.600000 -0.600000 0.600000 0.000000 17.000000

XCUT 	 2 	 -2.000000 -1.000000 -20.000000 -19.000000 -0.600000 0.600000 -0.600000 0.600000 0.000000 17.000000

XCUT 	 1 	 35.000000 36.000000 50.000000 51.000000 -0.600000 0.600000 -0.600000 0.600000 0.000000 17.000000

XCUT 	 2 	 35.000000 36.000000 50.000000 51.000000 -0.600000 0.600000 -0.600000 0.600000 0.000000 17.000000

XCUT 	 1 	 6.000000 7.000000 61.000000 62.000000 -0.600000 0.600000 -0.600000 0.600000 0.000000 17.000000

XCUT 	 2 	 6.000000 7.000000 61.000000 62.000000 -0.600000 0.600000 -0.600000 0.600000 0.000000 17.000000

XCUT 	 1 	 7.000000 8.000000 59.000000 60.000000 -0.600000 0.600000 -0.600000 0.600000 0.000000 17.000000

XCUT 	 2 	 7.000000 8.000000 59.000000 60.000000 -0.600000 0.600000 -0.600000 0.600000 0.000000 17.000000

XCUT 	 1 	 -9.000000 -8.000000 73.000000 74.000000 -0.600000 0.600000 -0.600000 0.600000 0.000000 17.000000

XCUT 	 2 	 -9.000000 -8.000000 73.000000 74.000000 -0.600000 0.600000 -0.600000 0.600000 0.000000 17.000000

XCUT 	 1 	 32.000000 33.000000 50.000000 51.000000 -0.600000 0.600000 -0.600000 0.600000 0.000000 17.000000

XCUT 	 2 	 32.000000 33.000000 50.000000 51.000000 -0.600000 0.600000 -0.600000 0.600000 0.000000 17.000000

XCUT 	 1 	 47.000000 48.000000 73.000000 74.000000 -0.600000 0.600000 -0.600000 0.600000 0.000000 17.000000

XCUT 	 2 	 47.000000 48.000000 73.000000 74.000000 -0.600000 0.600000 -0.600000 0.600000 0.000000 17.000000

XCUT 	 1 	 33.000000 34.000000 51.000000 52.000000 -0.600000 0.600000 -0.600000 0.600000 0.000000 17.000000

XCUT 	 2 	 33.000000 34.000000 51.000000 52.000000 -0.600000 0.600000 -0.600000 0.600000 0.000000 17.000000

XCUT 	 1 	 -4.000000 -3.000000 -20.000000 -19.000000 -0.600000 0.600000 -0.600000 0.600000 0.000000 17.000000

XCUT 	 2 	 -4.000000 -3.000000 -20.000000 -19.000000 -0.600000 0.600000 -0.600000 0.600000 0.000000 17.000000

XCUT 	 1 	 -6.000000 -5.000000 -19.000000 -18.000000 -0.600000 0.600000 -0.600000 0.600000 0.000000 17.000000

XCUT 	 2 	 -6.000000 -5.000000 -19.000000 -18.000000 -0.600000 0.600000 -0.600000 0.600000 0.000000 17.000000

XCUT 	 1 	 32.000000 33.000000 51.000000 52.000000 -0.600000 0.600000 -0.600000 0.600000 0.000000 17.000000

XCUT 	 2 	 32.000000 33.000000 51.000000 52.000000 -0.600000 0.600000 -0.600000 0.600000 0.000000 17.000000

XCUT 	 1 	 -5.000000 -4.000000 -19.000000 -18.000000 -0.600000 0.600000 -0.600000 0.600000 0.000000 17.000000

XCUT 	 2 	 -5.000000 -4.000000 -19.000000 -18.000000 -0.600000 0.600000 -0.600000 0.600000 0.000000 17.000000

XCUT 	 1 	 -9.000000 -8.000000 -19.000000 -18.000000 -0.600000 0.600000 -0.600000 0.600000 0.000000 17.000000

XCUT 	 2 	 -9.000000 -8.000000 -19.000000 -18.000000 -0.600000 0.600000 -0.600000 0.600000 0.000000 17.000000

XCUT 	 1 	 -3.000000 -2.000000 -20.000000 -19.000000 -0.600000 0.600000 -0.600000 0.600000 0.000000 17.000000

XCUT 	 2 	 -3.000000 -2.000000 -20.000000 -19.000000 -0.600000 0.600000 -0.600000 0.600000 0.000000 17.000000

XCUT 	 1 	 -45.000000 -44.000000 139.000000 140.000000 -0.600000 0.600000 -0.600000 0.600000 0.000000 17.000000

XCUT 	 2 	 -45.000000 -44.000000 139.000000 140.000000 -0.600000 0.600000 -0.600000 0.600000 0.000000 17.000000

XCUT 	 1 	 6.000000 7.000000 59.000000 60.000000 -0.600000 0.600000 -0.600000 0.600000 0.000000 17.000000

XCUT 	 2 	 6.000000 7.000000 59.000000 60.000000 -0.600000 0.600000 -0.600000 0.600000 0.000000 17.000000

XCUT 	 1 	 -24.000000 -23.000000 -47.000000 -46.000000 -0.600000 0.600000 -0.600000 0.600000 0.000000 17.000000

XCUT 	 2 	 -24.000000 -23.000000 -47.000000 -46.000000 -0.600000 0.600000 -0.600000 0.600000 0.000000 17.000000

XCUT 	 1 	 -10.000000 -9.000000 72.000000 73.000000 -0.600000 0.600000 -0.600000 0.600000 0.000000 17.000000

XCUT 	 2 	 -10.000000 -9.000000 72.000000 73.000000 -0.600000 0.600000 -0.600000 0.600000 0.000000 17.000000

XCUT 	 1 	 6.000000 7.000000 60.000000 61.000000 -0.600000 0.600000 -0.600000 0.600000 0.000000 17.000000

XCUT 	 2 	 6.000000 7.000000 60.000000 61.000000 -0.600000 0.600000 -0.600000 0.600000 0.000000 17.000000

XCUT 	 1 	 35.000000 36.000000 49.000000 50.000000 -0.600000 0.600000 -0.600000 0.600000 0.000000 17.000000

XCUT 	 2 	 35.000000 36.000000 49.000000 50.000000 -0.600000 0.600000 -0.600000 0.600000 0.000000 17.000000

XCUT 	 1 	 -5.000000 -4.000000 -20.000000 -19.000000 -0.600000 0.600000 -0.600000 0.600000 0.000000 17.000000

XCUT 	 2 	 -5.000000 -4.000000 -20.000000 -19.000000 -0.600000 0.600000 -0.600000 0.600000 0.000000 17.000000

SHRINK 	 1 	 1.056527 

SHRINK 	 2 	 0.887369 

SHRINK 	 1 	 1.065920 

SHRINK 	 2 	 0.891009 

AFFXY 	 0 	 1.000000 0.000000 0.000000 1.000000 0.000000 0.000000

AFFXY 	 0 	 1.000000 0.000000 0.000000 1.000000 0.000000 0.000000

SHRINK 	 1 	 1.070807 

SHRINK 	 2 	 0.887040 

AFFTXTY 	 1 	 0.999996 -0.002664 0.002664 0.999996 0.001669 -0.001301

AFFTXTY 	 2 	 0.999996 -0.002807 0.002807 0.999996 0.000542 0.006200

AFFXY 	 0 	 1.000000 0.000000 0.000000 1.000000 0.000000 0.000000

AFFXY 	 0 	 0.999856 -0.000069 -0.000017 0.999978 0.097798 0.125275

AFFTXTY 	 0 	 1.000000 -0.000487 0.000487 1.000000 -0.002123 0.001168

SHRINK 	 0 	 1.002097 

SHRINK 	 1 	 1.081686 

SHRINK 	 2 	 0.897984 

SHRINK 	 1 	 1.073374 

SHRINK 	 2 	 0.889383 
