#input normalization
0.160875 0.273024
45.7313 52.4237
9.73518 36.6367
7.99526 31.4133
0.0112147 0.0424942
0.00897811 0.0338069
0.273939 1.04515
0.645634 0.984976
0.870403 1.17916
1.09282 1.40596
1.34689 1.61625
1.62668 1.8223
1.89572 2.00288
2.15039 2.17061
2.40209 2.31987
2.64604 2.43361
2.87976 2.52399
3.10078 2.59463
3.3129 2.64136
3.46902 2.62551
3.62744 2.60989
3.74383 2.54487
3.83958 2.47079
3.92164 2.38596
3.99546 2.28585
4.00857 2.15326
4.01273 2.00649
3.98072 1.83756
3.90461 1.63185
#output normalization
1 0
#neurons weights
0.41292
0.0337455
-0.293713
0.160397
-0.00818144
-0.481239
-0.1486
0.135873
0.455871
0.308803
0.327308
0.133356
0.00706189
-0.1076
-0.163699
0.134595
0.0105425
0.0426273
0.035218
-0.351178
0.222841
-0.342061
0.120333
-0.20788
0.0298162
-0.3671
0.333728
0.432105
0.190897
-0.728448
2.29385
-0.597724
3.27784
-0.458863
0.0541582
4.01386
-1.22886
0.673027
-1.73742
0.282719
-1.82951
-0.0671251
0.456007
4.08151
1.8396
1.30991
-1.49521
0.440845
-0.766784
1.00097
0.0703381
0.754653
-0.573641
-2.80504
1.37514
-0.633909
-2.22835
-3.37069
0.730657
-0.998897
-0.875359
-1.51307
-0.416724
-0.162461
-0.00960984
-0.357919
-0.390201
-0.21974
-0.349489
-0.0493141
-0.29562
-0.163824
-0.0650662
-0.660804
-0.489218
-0.399812
0.653686
-0.946919
-0.654521
-0.77438
-0.470776
-0.191908
-0.675737
-0.222583
-0.690689
-0.467605
-1.17975
0.410056
0.449327
#synapses weights
-0.151576
0.952907
-0.162246
0.120821
-0.444853
-0.260375
-0.163522
0.31795
0.304598
0.319974
-0.0624129
-0.470969
-0.256956
-0.355951
-0.170753
0.0209209
0.167785
0.251972
0.548802
1.07257
0.611154
0.438686
0.546195
1.0513
0.552532
0.203262
0.791497
1.20508
0.902284
-0.0159342
-0.0665153
0.360933
-1.32883
-0.513594
-0.520094
0.352811
-0.551401
-0.10497
0.0575674
-0.119203
-0.922778
0.564117
0.249173
-0.31804
0.245718
0.360827
-0.529182
0.0459039
0.059952
-0.101464
0.223479
-0.184213
-0.53243
0.265755
0.241522
0.280425
-0.567092
-0.544033
0.568081
1.18291
-0.49143
0.295748
0.230813
0.543346
0.213231
0.397167
0.416426
0.683606
0.475871
0.0397132
0.762199
1.06248
1.2938
0.708498
0.487089
0.669931
0.962953
0.928448
1.07894
0.663491
0.735599
0.840436
0.864817
1.09897
0.800618
1.59891
1.58984
-0.810751
-0.119915
2.48026
-0.854652
0.975153
-0.568786
0.105062
-0.64814
-0.0634523
0.142796
0.378672
0.362642
-0.171712
-0.324987
0.450892
-0.596521
-0.0479282
0.0786545
-0.209758
0.740405
-0.212808
-0.434606
-0.0491841
0.0851817
0.461245
-0.114306
0.299107
-0.920939
0.214425
0.19687
0.389868
-0.714505
-0.280709
-0.144085
0.137561
-0.443183
0.17406
-0.411474
-0.0219661
0.625998
0.122078
0.247393
0.0199576
0.386209
0.108174
0.910124
0.683078
0.86045
0.954476
0.336299
0.934265
0.862061
0.892065
0.302245
1.05503
0.670886
0.322197
0.899363
-0.0146461
0.674107
-0.614697
-0.275728
0.652437
0.902051
-0.00705433
-0.124926
-0.101568
0.760143
0.0953501
0.635227
0.112054
0.140668
0.508847
0.600811
0.587157
0.82586
1.13901
0.649417
0.568393
0.908285
0.91523
1.27141
1.24467
0.696775
0.673663
1.36247
1.31164
-1.19119
-0.558071
0.216619
-1.05082
1.79462
0.696837
-0.57671
0.655264
0.164398
0.15411
-0.379085
-0.351514
0.0277905
0.23838
0.520717
0.327093
0.433455
-0.67145
-0.133913
-0.480882
0.706305
0.799564
-0.24296
0.0608852
-0.677443
0.913882
-1.22795
-0.435479
-0.510592
-0.317299
1.21399
-2.25976
0.381739
0.623957
0.789776
0.27253
-0.101832
-0.046312
-0.551199
0.403042
-0.110636
0.0751928
-0.294668
0.115574
0.251125
-0.0450096
-0.513367
-0.033807
0.0937263
-0.137884
-0.191737
-0.175489
-0.591795
0.217926
-0.114038
0.472425
-0.478182
-0.509796
-0.112276
-0.104333
0.8649
-0.0275367
0.467868
0.456575
0.398801
-0.21176
-0.304093
-0.209344
-0.134052
-0.0245744
-0.346786
0.177958
-0.438073
-0.690415
-0.630254
-0.133833
-0.310037
-0.0651847
-0.470467
-0.514884
-0.666112
0.00953755
-0.35591
-0.718839
-0.513137
-1.02618
-0.558754
0.629138
0.747491
-0.547566
0.440979
-0.0388377
0.05262
0.798181
0.237337
-0.410829
0.53278
-0.768361
-0.409607
0.704145
-0.391543
-0.350205
1.22796
-0.048237
0.630452
-0.316547
0.00161931
-0.367378
-0.483489
0.319399
0.175615
-0.216772
0.342412
0.304078
0.507199
0.405185
-0.246587
-0.991515
-0.181078
-0.156286
0.262031
-0.555434
0.223454
0.278898
-0.680591
-0.717935
-0.198656
-0.762047
-0.443529
-0.589989
-0.989148
0.142152
-0.370614
-0.251469
0.223311
0.0554809
-0.00830254
-0.491469
0.201933
-0.0777571
-0.734015
0.305905
-0.146147
-0.345161
-0.148141
-0.0182189
0.836428
0.20018
-0.0408465
-1.28297
0.591923
-0.124849
-0.516817
-0.588954
0.679917
-1.05773
0.499936
-0.394206
0.143419
-0.265715
-0.0865068
-0.783824
0.265165
0.25312
0.295173
0.442759
0.770456
0.00109231
0.0429576
-0.543543
0.255395
-0.51022
-0.423221
0.533535
0.249795
1.44952
-0.237359
0.199114
0.684629
0.392013
-0.174975
-0.145017
0.223752
0.502229
0.367729
0.811045
0.761447
0.941005
0.373163
0.213534
0.418602
0.325885
0.653483
0.980196
0.95589
0.610549
0.433789
1.2597
0.637981
1.3605
1.27678
1.03661
0.992398
0.249309
0.972647
-0.283436
-0.47524
-1.14328
0.128496
0.128719
0.79704
-0.112472
-1.00126
-0.298815
-0.0736293
-0.668851
0.21563
0.351932
0.214648
0.319144
0.433486
0.278764
0.504893
0.538525
0.596644
-0.134924
0.689665
0.251523
0.412546
0.702358
1.27831
0.975214
-0.344846
-0.0255668
1.54589
-1.44968
-0.0155386
-0.688668
-0.237445
0.364395
0.119357
-0.786962
0.349474
0.549842
-0.473798
0.433254
-0.321823
-0.189771
-0.751536
-0.282217
0.489243
-0.450378
0.0278925
-0.165786
0.578967
0.487195
-0.813369
-0.10784
0.221804
-0.00676435
-0.527196
-0.055612
-0.515241
0.115033
-0.235326
0.375915
0.525721
-0.215727
0.435462
0.0988172
0.282722
-0.223944
-0.288439
0.0618547
0.181029
-0.0777208
0.606263
-0.201291
-0.239316
-0.0608419
-0.126926
-0.386638
-0.128465
-0.426409
-0.159496
-0.150112
0.197831
0.243532
-0.596882
-1.45838
0.469073
0.482541
-0.530935
-0.253099
1.05462
0.777087
0.292883
0.15993
0.785428
0.754874
0.731014
0.257804
0.195853
0.409574
0.414977
0.80351
0.919193
0.727786
1.29985
0.719279
0.815858
1.18744
0.88908
0.639989
0.530143
0.49683
0.369781
0.0122998
-0.423348
0.27357
1.00256
-0.0266174
-0.233107
-0.378376
-0.0988418
-0.637297
0.396861
0.0397646
0.356909
-0.461939
0.129699
0.303314
-0.137703
0.366925
0.265613
0.181095
-0.074268
0.0691527
0.0386033
0.138241
0.263025
0.179808
-0.032244
0.27535
0.904326
0.343817
0.649851
1.30204
-0.785021
-0.973713
0.594611
0.0915207
-0.35961
0.29361
-0.13581
-0.326242
-0.0136883
0.389697
-1.08802
0.448881
0.0966351
-0.330048
0.276666
-0.317646
-0.366913
0.584232
0.152566
0.189112
-0.0426609
-0.0457802
0.112784
0.340093
0.0154063
-0.406753
-0.559963
-0.0868241
0.11173
0.657471
0.417581
-0.586217
-0.0464828
0.21872
-0.0726263
-0.411391
0.0729104
0.223609
-0.259776
-0.00728529
0.699088
0.511559
-0.111347
0.733351
0.787428
0.579271
0.678578
0.250479
0.209146
0.144921
1.13881
1.00303
0.881302
1.11477
0.721531
0.34498
1.03332
0.900899
-0.198138
1.14707
-0.0142571
0.234596
0.92673
0.445579
0.156879
0.560291
0.127136
0.503411
0.938367
-0.0148171
-0.0511025
0.440141
0.483755
0.541327
0.498921
0.130531
0.312132
0.60758
0.0770875
1.09784
0.585876
0.484816
0.493276
0.366917
0.301078
-0.181191
0.55631
0.0182054
0.212523
0.592802
0.795526
-0.221358
0.562164
-0.493075
0.132014
-0.156906
0.128258
-0.0533408
-0.274772
-0.264521
-0.114031
-0.373719
-0.212674
0.252319
-0.0619468
0.130263
0.269324
-0.183579
0.005855
-0.241644
-0.643868
-0.0953719
-0.240228
-0.199659
-0.791352
-0.496129
0.106515
-0.707646
0.379912
-0.117111
-0.0614548
0.148356
-1.50842
0.355449
-1.03898
0.242627
-0.00316938
-0.0808838
0.0726478
0.104779
0.170924
-0.116072
0.24035
-0.125791
-0.244725
0.400673
0.0465696
0.640381
0.359949
0.113732
-0.132232
0.194452
-0.570397
-0.822837
0.0533267
-0.152385
-0.0402375
0.172359
-0.148815
0.1645
-0.228411
-0.822305
0.195612
-0.102464
0.304191
0.0964261
0.630002
-0.0978052
0.0146318
-0.507917
-0.373431
0.399166
-0.333205
0.0704858
0.681499
0.23865
0.185001
0.569169
0.243856
0.511461
0.548584
0.42323
0.161382
0.571226
0.0979232
1.3631
-0.691844
0.338343
-1.12156
0.443612
-0.353395
-0.0982517
0.213107
0.0450348
0.276565
-0.100374
0.394581
-0.287804
0.137201
-0.438486
-0.749198
-0.0957461
-0.261526
0.00247288
-0.0982403
0.0258832
0.00776007
0.882748
-0.550522
0.0707998
-0.233297
-0.719148
0.226108
-0.968675
0.289414
1.51536
-0.581033
1.18645
-0.325923
0.627137
0.0350212
-0.121703
0.729021
-0.0474661
0.187198
0.482099
-0.496382
0.385377
0.441498
-0.0270024
-0.0957569
-0.251636
0.416855
0.196909
-0.26354
-0.08804
-0.182837
-0.804183
-0.190047
0.0495904
-0.133206
-0.938417
0.978011
0.723058
0.51909
0.0712809
-0.490436
0.536831
-0.185333
-0.431305
-0.275468
0.115818
0.308202
0.79453
-0.235057
0.0513767
-0.0813229
-0.104897
-0.202408
0.384212
0.0512012
0.55835
0.473641
0.407794
0.779323
0.125785
0.910056
-0.192113
-0.22612
1.11243
1.74377
0.917861
0.582598
-0.169885
0.00263253
-0.136174
0.42551
-0.314249
0.049864
0.0183614
0.00809252
-0.195749
-0.0080881
0.142224
0.421658
0.404471
-0.520354
0.740441
-0.495589
0.187804
0.151053
0.131402
-0.106504
0.476671
0.0696811
-0.321669
-0.364517
-0.271329
-0.765854
0.625177
1.46658
0.517035
1.16929
-0.243643
-0.920769
0.16085
0.119744
-0.128281
-0.101279
0.303988
0.11963
-0.145611
0.0788026
0.458032
-0.0375509
-0.0424434
-0.0415711
-0.0846328
0.189604
-0.0824305
-0.251459
0.308077
-0.47327
-0.0659734
0.047271
0.710254
-0.0518469
0.256984
-0.70906
0.381599
0.575224
0.384886
-0.124342
-0.654761
-0.00297961
-0.596524
-0.172051
-0.179331
-0.335487
-0.396233
0.561163
0.52784
0.580324
0.82317
0.738529
1.00588
0.761906
0.42369
0.0233509
-0.0530939
0.0874099
0.0254485
-0.172621
0.0634356
0.111671
-0.145733
0.105071
0.229761
-0.57355
-0.425344
0.260051
-0.763659
-0.469541
-0.320311
-0.636392
-0.6423
-0.171194
-0.218192
-0.258279
0.079072
-0.25924
-0.588965
-0.602349
-0.819362
-0.0543146
-0.173436
0.167948
0.0607219
-0.619496
0.275885
0.00202226
-0.32462
-0.486828
0.10726
-0.503264
0.0846318
-0.431557
-0.424997
0.326808
-1.16666
0.225717
-1.81138
-0.23119
-0.351391
-1.81975
0.964113
-0.524619
0.865472
-1.11916
0.291231
0.356047
0.522015
-1.72742
-0.79943
-0.707392
0.490975
-0.384703
0.405666
-0.113362
-0.665212
-1.37134
-0.355086
1.21126
-0.573152
0.366647
1.03982
1.21139
0.193134
0.470206
-1.22907
-0.30338
-2.29229
0.196131
-0.324074
-1.558
0.969563
-1.28632
0.804301
-0.96376
0.0439706
-0.216659
-0.136619
-2.39518
-1.95652
-0.717733
0.313604
-0.7237
0.404569
-0.418156
-0.946426
-1.36602
0.350061
0.742274
-0.965253
0.493652
0.125354
0.023428
-0.525523
0.191317
-0.707724
-0.529887
-0.592858
-0.178555
0.651935
-0.706551
1.08079
-0.373387
0.140709
-0.456952
0.95689
0.268591
-0.0314764
-0.484008
-0.49676
-1.02361
0.466136
-0.338555
-0.0960439
0.140106
-0.51652
-0.053387
0.510844
0.356216
-0.599337
0.962226
1.02975
0.12519
-0.508561
-0.43047
0.31758
0.298902
-0.475532
-0.330965
0.224337
0.304243
-0.536891
-0.00651939
-0.278363
0.200902
-0.315106
0.536237
-0.22389
0.000550646
0.124831
-0.373138
-0.0532491
-0.0673894
0.0991377
0.0995124
-0.0180607
-0.191561
-0.385618
-0.836608
-0.429455
-0.0965591
-0.520131
-0.209104
-0.322288
0.32472
0.342559
0.327725
-0.449669
0.408794
-0.184895
-0.852426
0.141857
-0.38003
0.659357
-0.347593
0.28119
-0.33231
0.44964
-0.784486
-0.0220079
-0.295233
0.519736
-0.630651
0.576402
-0.0290326
0.267128
-0.263477
-0.396594
0.5576
-0.207491
0.174364
0.309308
0.644086
0.253454
-0.189697
0.631227
0.378167
0.539704
0.446553
-0.385798
0.275605
-0.588379
-0.293057
-0.755203
0.0313523
-0.537679
0.0837114
-0.15535
0.446461
0.365566
0.590287
-0.0361594
0.251547
-0.43545
-0.429234
-0.47797
0.194428
0.333128
-1.00466
0.19052
-0.323798
-0.625716
-0.744979
-0.323206
0.494737
0.375854
0.133845
-0.161655
0.368819
-0.319676
0.18121
0.108879
-0.0262411
0.393892
0.184401
-0.150377
0.437714
0.214523
0.36697
0.348111
0.2235
0.490782
-0.0903911
0.210772
0.450758
-0.0328623
-0.0471224
-0.0300985
-0.408221
-0.0533881
0.374842
-0.0480325
0.273949
0.504495
-0.232411
0.10221
-0.351074
-0.257935
-0.357631
0.448445
0.240043
-0.596883
0.32352
-0.327749
0.0572449
0.172112
0.0524779
0.0386255
-0.18275
-0.226517
0.0228261
-0.151393
0.0629987
-0.168831
0.665594
-0.656205
0.432669
0.338475
-0.410308
0.526567
0.0683292
-0.697681
-0.27559
0.126054
0.0519328
-0.906616
-0.264463
-1.57358
-0.237789
0.072319
-0.746747
1.03696
-0.386361
0.393076
-0.728774
0.270775
-0.254713
-0.38166
-1.59267
-0.31644
-0.0167024
0.184209
-0.640047
-0.368595
-0.446673
-0.24147
-1.05419
0.114689
0.595346
-0.579748
0.925591
0.691293
0.411156
-0.158677
-0.1339
-1.3172
0.08879
-1.10166
-0.232678
0.0343366
-0.729891
0.396966
-0.339053
0.356251
-1.02953
0.548324
-0.501752
-0.810398
-0.818411
-0.847783
0.573708
-0.051542
-0.673132
-0.0618598
-0.17562
0.167433
-0.474154
0.189029
0.924532
-0.291697
0.578115
0.449563
0.900594
0.182456
-0.15157
-1.00015
-0.169126
-0.158937
-0.0662322
-0.174853
-0.515814
0.156961
-0.55747
0.187438
-0.0446134
-0.0908861
0.395033
0.0292205
-0.412609
-0.549891
-0.198753
0.370497
-0.755435
-0.00640393
0.230734
0.283214
-0.423005
0.592895
0.143333
-0.742607
0.252949
0.921024
1.42529
0.388225
-0.377574
0.307807
-0.354962
-0.152749
-0.118459
-0.0212592
-0.414348
-0.0045889
-0.35646
-0.509843
-0.320868
-0.162083
-0.392689
0.447519
-0.117381
0.301029
0.433368
-0.0982135
0.413777
0.153354
-0.353949
-0.0799755
0.225602
-0.1605
-0.290117
-0.404737
-0.509211
0.0687142
0.0560328
0.261662
-0.353451
-0.0707309
0.523174
0.206828
-0.0351958
0.197993
0.338458
0.494813
-0.354149
-0.0337759
0.00423539
0.333717
-0.0539406
-0.128369
-0.41374
-0.389753
0.0641292
-0.0393118
-0.197364
-0.313752
0.436656
-0.0765577
0.0326808
-0.262781
2.33526e-05
0.314882
0.531278
-0.0623787
0.197911
0.16825
0.235284
0.121803
-0.102505
-0.979635
0.162437
0.03757
-2.07522
0.36844
-0.988745
0.600506
-0.781083
-0.159544
-0.573328
0.366842
-2.10028
-1.25519
-1.05176
-0.0675827
-1.1201
0.108277
-0.427551
-0.645662
-1.29866
-0.470215
0.30288
-0.820287
0.184031
0.855299
0.0318321
0.332594
-0.415733
-0.29085
-0.540308
-0.38443
-0.499206
-0.331188
-0.65953
0.0704664
-0.0574251
-0.346864
0.0178312
-0.440757
-0.428608
-0.0671805
-0.187659
-0.619976
-0.833494
-0.476285
-0.710567
0.268767
0.048442
0.216305
-0.604139
-0.0427605
0.226103
-0.307708
-0.474968
-0.087634
-0.426057
-0.404834
0.507588
0.101482
0.423553
-0.533572
-0.112471
0.169324
-0.656915
0.696633
0.11658
0.154786
0.423965
0.22766
0.482711
0.0731868
0.216404
0.268895
0.198036
0.33451
-0.283702
-0.110905
-0.0718579
0.602776
0.114483
0.415844
-0.0133468
-0.0989251
0.11505
0.397601
0.120657
0.197431
0.0527241
0.202684
-0.271997
0.62258
-0.31943
0.0197697
0.212584
-0.192065
-0.266822
-0.173402
0.00542622
-0.269302
-0.280454
-0.673121
0.355248
0.89828
0.185676
-0.371279
0.519551
-0.16592
-0.121383
-0.299389
-0.124771
0.16797
0.172061
0.826816
0.00567141
0.33135
0.0944023
0.210557
0.348298
-1.98089
0.0401062
-2.61968
0.243337
-0.273298
-2.62511
1.02269
-1.2397
0.36538
-1.78294
0.285504
-0.257949
0.244537
-2.18805
-1.60512
-0.885142
0.587387
-1.12842
0.314681
-0.730535
-0.909568
-0.986409
0.150697
0.969881
-1.39254
0.319463
0.312206
0.764746
0.0563777
-0.323906
-0.455397
-0.121715
-0.0102145
-0.338277
0.0291593
0.0653957
-0.617288
-0.382655
0.0105859
-0.342118
-0.137933
0.484775
-0.585392
-0.471358
0.159197
-0.237717
0.0599935
0.277904
-0.310301
-0.292495
-0.52552
0.123461
-0.276549
0.163462
-0.593756
-0.158482
-0.471949
-0.596073
-0.0142372
0.0773172
-0.783746
0.157572
-1.19227
0.120224
-0.129197
-1.90957
0.7433
-0.947553
0.429825
-0.81564
0.416752
-0.326961
-0.315439
-1.76124
-1.13152
-1.04311
-0.138069
-1.45389
0.376122
-0.395679
-0.654028
-0.575705
-0.365392
0.067197
-1.49811
-0.139751
0.544795
0.329769
0.137764
0.272188
-0.1709
-0.416513
-0.314863
-0.262738
-0.0445058
0.222098
0.610693
0.41254
0.697422
-0.435098
0.380057
0.357552
-0.404512
-0.608995
-0.3432
-0.146313
0.370388
-0.633623
0.217101
-0.00322374
0.270078
-0.696859
0.104734
0.426927
-0.185137
0.627393
-0.0131412
1.13066
0.379954
0.763264
-0.026308
0.403542
0.00538402
0.544994
0.0829959
0.534395
-0.666362
0.478126
-0.520156
-1.5722
0.681355
0.00807936
0.60157
0.762209
0.315838
0.786276
0.302009
-0.578234
0.577216
0.816405
0.314215
-0.288675
0.725015
0.616401
0.956715
1.23926
0.313496
-0.363336
1.23884
-0.273151
-0.326345
-0.390414
-0.387582
-0.0103147
0.313564
-0.247467
-0.00413724
-0.455466
-0.124963
-0.257391
-0.317848
-0.470453
-0.253808
-0.251995
-0.384778
0.171872
-0.527121
0.331511
-0.214936
-0.378029
-0.0346387
-0.464026
-0.354619
-0.396436
-0.0474173
-0.040481
-0.309602
-0.431985
0.349642
0.0817501
-0.213506
0.327534
-0.127419
0.254695
0.0667062
-0.163952
0.139997
0.0342444
0.297493
-0.242191
0.69858
-0.153344
0.461956
-0.366561
-0.217192
0.0602147
0.582732
-0.213524
0.0452914
0.135567
0.22229
-0.74308
-0.516729
0.862177
0.441637
0.367762
0.850368
0.303704
0.473131
-0.288058
0.490969
0.527137
-0.205902
0.0120603
0.23469
-0.873183
0.143902
-0.880851
0.0619089
0.162868
0.550905
0.234675
0.280401
-1.1194
-1.07856
-0.758684
0.512933
-0.706177
-0.0819875
-1.10407
0.281147
-0.581993
-0.901236
-0.053545
-0.346612
0.660046
-0.0850379
-0.303107
-0.193197
-0.320153
-1.36993
-0.257618
-1.31646
-0.138808
0.347075
-0.385493
1.1446
-0.142239
0.444041
-1.34243
0.783368
-0.222735
-0.371965
-1.09207
-1.31711
0.614233
0.134969
-1.08975
-0.134152
0.168518
-0.566055
-0.349322
0.330339
1.39161
-0.278674
0.730274
0.713686
1.44802
-0.440959
-0.0199932
0.0675205
0.181116
-0.933719
0.0625546
-0.726922
-1.17831
0.525791
-0.151617
-0.274498
-0.353784
0.335381
-0.11262
-0.0447396
-1.48346
-0.665706
-0.780104
0.315259
-0.509124
-0.324781
-0.362963
0.169877
-0.851427
-0.29991
-0.376049
-0.732924
0.359231
0.103297
0.432161
-0.449408
0.239205
0.00110814
0.513699
0.427096
-0.037877
0.382356
-0.0257906
0.346633
-0.310178
0.621179
0.504223
0.26634
0.453138
0.201031
0.13577
-0.539351
0.105577
0.591984
0.0517795
0.455927
-0.397999
-0.042281
-0.0285384
-0.513222
0.308103
-0.401045
0.466333
0.598493
0.2184
-0.254358
-1.42074
3.87514
2.14103
3.03193
-1.0831
0.399215
-1.87324
0.279129
-0.60209
1.41155
3.37386
3.23745
-0.50332
0.347393
0.934933
-0.474914
0.605425
-0.114891
4.91005
-0.994807
1.40684
2.19758
3.06393
-0.31813
1.50945
-0.462913
5.04623
-0.27886
0.433381
