#input normalization
0.160871 0.273018
74.7453 69.4734
9.55359 38.2048
7.9516 31.9981
0.0115298 0.0438593
0.00893233 0.0339642
0.273939 1.04515
0.645634 0.984976
0.870403 1.17916
1.09282 1.40596
1.34689 1.61625
1.62668 1.8223
1.89572 2.00288
2.15039 2.17061
2.40209 2.31987
2.64604 2.43361
2.87976 2.52399
3.10078 2.59463
3.3129 2.64136
3.46902 2.62551
3.62744 2.60989
3.74383 2.54487
3.83958 2.47079
3.92164 2.38596
3.99546 2.28585
4.00857 2.15326
4.01273 2.00649
3.9795 1.83963
3.89597 1.6476
3.79115 1.45907
3.69834 1.27562
3.58893 1.09599
3.44732 0.916924
3.28163 0.73915
3.11476 0.569483
2.9841 0.421046
2.80854 0.274972
2.67248 0.144037
2.51626 0.024842
2.35872 -0.0950835
2.21113 -0.201291
2.0823 -0.291514
1.93416 -0.379162
1.79417 -0.457607
1.65163 -0.531922
1.51187 -0.601011
#output normalization
1 0
#neurons weights
0.490006
0.498603
0.458786
0.288029
-0.361083
-0.399471
-0.190053
-0.440978
-0.0213819
0.00632301
-0.493294
0.421638
0.231951
-0.496849
0.130759
-0.425443
0.370142
-0.401934
0.118212
0.277858
0.441964
-0.170861
0.377178
-0.176487
0.393815
0.326964
0.337432
0.133352
0.186839
-0.119725
-0.0461232
-0.00616412
0.199665
0.241857
-0.495535
0.00749584
-0.420821
0.0397551
0.124241
-0.136341
0.211304
0.404912
0.4215
-0.172815
-0.0803556
-0.277449
-0.228711
-0.312182
1.56272
-0.358988
0.0675984
0.102627
-0.5758
0.439606
0.40896
-0.479584
0.839044
-1.68525
0.980731
-0.355313
-0.415764
-0.0577064
-1.82138
0.278716
2.10402
-0.113445
0.391951
2.05865
0.241881
0.0672523
3.10981
-0.858307
-0.315308
1.24224
0.265459
0.18321
2.3857
0.313241
0.501222
0.150284
-1.34513
-0.146476
1.00116
0.431771
0.903559
1.50609
-0.248269
-0.0355196
-1.85092
1.60479
-3.05488
2.37906
0.332976
0.199264
-0.157935
-0.748564
-0.140177
0.330305
-0.179807
-0.154879
0.222071
-0.365391
-0.380786
0.785901
0.683381
0.401627
-0.397413
-0.309663
0.125462
0.717359
0.81155
-0.298706
-0.345972
-0.255956
0.0403184
-0.0856149
-0.905676
0.384499
-0.0335285
-0.143228
0.108198
0.0330982
0.438266
0.0718095
0.489985
-0.297503
0.28472
0.15774
0.454399
0.15414
-0.279845
0.353618
0.277159
0.265885
0.0130165
-0.205284
-0.192808
-0.0662248
-0.415613
1.43957
#synapses weights
-0.645771
0.775935
-0.28682
0.42368
0.0649385
0.0124738
0.597862
0.481025
-0.0898473
-0.406221
0.15828
0.312392
0.0922018
-0.310888
-0.108287
0.558537
0.213287
0.638813
0.342307
0.122205
0.729929
0.185789
0.400414
0.727591
0.390381
0.772772
0.120765
0.283776
0.546362
0.111752
0.573573
0.299078
0.424388
0.569916
0.456683
0.17411
0.484485
0.837997
0.63038
0.154554
0.106154
0.124711
-0.101696
0.191507
0.733197
0.344868
-0.541992
0.811068
-0.461651
-0.0423458
0.474772
0.189961
-0.229584
-0.289493
0.569623
0.504656
0.153638
-0.0593236
0.585453
0.0492145
0.163617
0.196314
0.874995
0.581754
0.537554
1.10568
0.278559
0.459423
0.207626
0.487434
0.364819
0.431504
1.11677
0.5302
1.24528
0.542037
1.06114
1.10445
0.547553
0.736683
0.645979
0.889814
0.724823
1.04947
0.290132
1.07459
0.65288
0.373212
0.146
0.323785
1.00774
1.02288
-0.593671
-1.62364
-0.780336
0.796744
1.00238
-0.0337667
-0.0710422
0.111983
0.279606
-0.0550466
-0.164488
0.0830393
-0.0414968
0.151911
0.0339499
-0.0458465
-0.0601472
-0.389683
0.344926
-0.0734633
-0.338327
0.0020454
-0.00972416
-0.191716
-0.226814
0.340049
0.260251
-0.0247833
0.0893457
0.0995212
0.0479689
-0.0728315
-0.243135
-0.053204
0.243979
0.391891
-0.245136
-0.129314
-0.283211
0.210903
-0.0769389
0.00742726
0.0516416
-0.0386244
-0.291959
0.045002
0.460921
-0.726904
0.618285
0.344417
-0.144822
0.033852
-0.0859343
0.0781615
0.158027
-0.191054
-0.308994
0.346292
0.411341
-0.405919
-0.612383
-0.639115
0.0272921
0.0199442
-0.444288
-0.11319
-0.625779
-0.00190559
-0.442017
-0.595539
-0.756773
-0.714497
-0.431524
-0.53597
0.0593057
-0.552484
-0.293505
-0.109443
-0.0715908
-0.116214
0.133426
0.0131173
-0.0963588
-0.399045
-0.784279
-0.0711053
-0.134786
-0.521658
-0.745987
-0.507308
-0.399142
0.163153
-0.0778474
-0.372803
-0.254803
-0.620628
-1.02867
-0.834408
0.165542
0.387973
0.411457
-0.454043
-0.451932
-0.254565
-0.166939
0.0579328
-0.240436
-0.00922043
-0.0482651
-0.516913
-0.246271
-0.196594
-0.921395
-0.147927
-0.785874
-0.244977
-0.0597065
-0.589184
-0.690714
-0.101928
-0.789645
-1.01225
-0.034801
-0.136146
-0.3077
-0.612239
-0.0742059
-0.214544
-0.244584
-0.36893
-0.0491559
-0.8617
-0.456901
-0.152846
-0.75707
-0.713399
-0.580289
-0.531429
0.159725
-0.343552
-0.0161648
0.327369
0.348152
-0.0852519
-0.232322
0.1017
0.0430683
0.183012
-0.458503
-0.48408
-0.288377
0.352338
0.385363
0.0894355
-0.348305
-0.502725
-0.594186
-0.185034
-0.331043
-0.263563
-0.340186
-0.0803989
-0.0105053
-0.40346
0.311729
-0.0894103
-0.0463338
-0.524687
-0.106628
-0.010608
-0.276109
-0.468256
0.291405
-0.376892
-0.0313717
-0.162435
0.307542
0.259138
0.00990396
-0.595773
0.174298
-0.353774
0.00705762
-0.091474
0.7004
0.366612
0.487216
-0.158358
-0.652314
0.145882
-0.156678
-0.156975
-0.0281197
-0.1592
-0.0813666
-0.125171
0.775373
0.731056
0.636071
0.469597
-0.206252
-0.194277
0.484681
-0.0980291
0.43112
-0.222534
0.024031
-0.2664
0.261103
0.179002
-0.0651886
0.498285
0.304277
0.435416
0.310117
-0.19008
0.421052
0.138898
-0.303331
0.445922
-0.052459
0.28802
0.0771635
0.014522
0.297547
0.0616257
0.20698
-0.0692775
0.531307
0.117164
-0.202712
1.24006
-0.0494055
-0.132029
0.173555
0.245753
0.108722
0.00385132
0.0257565
0.825845
0.242359
0.475758
0.660628
1.11512
1.19107
0.762015
0.354687
0.733771
1.05372
0.478521
0.957614
0.455247
0.854469
0.997165
0.457532
0.934704
1.30591
0.901695
0.646751
0.462542
1.24894
0.94571
1.35636
1.15358
0.67125
0.708237
1.11611
0.444835
0.680082
0.723348
0.2464
0.759866
0.83371
0.391359
0.475305
0.548802
-0.106168
-0.686897
-0.400116
-0.345096
-0.280928
0.0958422
0.309465
-0.00836938
-0.0700152
-0.0586998
0.0828989
-0.358537
-0.481895
-0.462145
-0.342338
-0.700436
-0.889812
-0.655758
-0.690445
-0.96404
-0.382397
-0.884284
-0.583944
-0.211641
-0.350428
-0.0978303
-0.505926
-0.227963
-0.833041
-0.082239
-0.86112
-0.642334
-0.977446
-0.411598
-0.3484
-0.691501
-0.136386
-0.643217
-0.377633
-0.185762
-0.489051
0.045575
-0.77599
-0.303202
-0.810186
0.0523916
0.428299
0.670448
-0.142882
0.559488
0.400599
-0.154469
0.365546
0.101475
0.236612
0.367804
-0.0523604
0.943582
0.259269
0.51329
0.142573
0.386979
0.405205
0.705983
0.830562
0.843529
0.502344
0.626449
0.873064
0.140953
0.408233
0.869747
0.72994
0.259002
0.672699
0.85594
0.999375
1.01787
0.650642
0.128031
0.195721
0.253564
0.672637
0.616037
0.205386
0.277052
0.130633
0.0775637
0.0200006
0.251383
0.405986
0.570522
-0.141979
-0.601448
0.526247
-0.0402455
0.346506
0.365238
-0.174496
0.315471
-0.082427
-0.320178
0.648815
-0.348772
-1.02187
0.426064
0.666778
0.00336112
-0.398648
0.198031
-0.634958
-0.106793
-0.310219
0.0283228
-0.179571
0.288026
-0.210272
-0.00599418
-0.0961068
-0.398021
-0.33301
-0.00926571
-0.266758
0.223111
0.233164
-0.522905
0.0257595
-0.132661
-0.0883625
-0.0326863
-0.139309
0.217406
-0.00103067
-0.432638
-0.0998901
-0.273127
0.210484
-0.248511
0.106123
1.10817
0.236092
-0.0125575
-0.361309
0.119545
0.0785198
-0.818219
0.318988
0.50311
-0.14452
-0.218415
-0.0569668
-0.197832
0.375146
-0.00176507
0.137414
-0.192331
-0.0906766
0.0939883
-0.168099
-0.0862604
-0.338161
0.236081
-0.167561
0.136394
-0.0133198
0.0976028
-0.19707
0.608031
-0.395627
-0.275178
0.186337
-0.032078
0.0150549
-0.00310647
0.0873947
0.0797752
-0.580996
0.136067
0.0207464
-0.113783
-0.193438
-0.107502
0.400797
0.022038
-0.241253
-0.0180301
0.364238
0.380303
-0.120447
0.862678
0.182877
0.0719174
-0.124386
0.207042
0.47942
-0.229123
0.208793
-0.0823553
-0.0237379
0.477894
0.34273
0.0435738
-0.444189
0.303014
0.161855
-0.160927
0.465259
-0.089939
-0.148147
-0.455981
-0.632189
-0.234374
-0.545627
-0.522625
0.0566406
-0.408472
-0.029132
0.0967992
0.283057
-0.0328403
-0.284856
-0.433976
-0.0374399
0.172753
-0.409843
-0.384795
0.074869
-0.364599
0.0446638
-0.126982
0.411729
0.620057
-0.160393
-0.251112
0.0145341
0.511233
-0.409028
0.0120823
0.475851
-0.0354519
0.107471
0.716203
0.357142
0.317616
-0.111233
-0.0259804
0.855907
0.596885
0.1469
0.0433502
0.651979
0.701195
0.608086
0.416953
-0.0369395
0.0231851
0.360975
0.881766
-0.0574575
0.117923
0.622291
0.112143
0.367737
0.300995
0.810111
0.246246
0.54979
0.285538
0.389727
-0.0662951
0.0597441
0.791145
0.0653799
-0.19833
0.289619
-0.102782
0.461437
0.967866
-0.107942
0.30048
0.380499
0.0682893
0.41017
-0.094877
0.280531
0.446029
-0.441917
-0.0982788
0.0119331
-0.0987248
0.46006
0.671556
0.0543442
0.400183
-0.209827
0.304074
0.0518392
0.193859
-0.00687715
0.244974
-0.331817
0.261101
0.132196
-0.206248
-0.0218664
-0.534089
0.18256
0.0991281
-0.580304
-0.0249226
0.179988
0.104653
0.126592
-0.107902
0.0516866
0.240861
0.350772
0.118354
-0.257803
-0.0828182
-0.167
0.338637
0.15077
0.261081
0.348113
-0.0111542
0.333101
1.02094
0.326794
0.312827
0.186451
0.602985
0.477501
0.3309
0.0971088
0.246871
0.051621
-0.049852
0.669491
-0.274821
0.145694
0.113422
-0.270569
-0.240117
0.301317
-0.187681
-0.0303477
-0.0699225
0.779621
0.700213
0.216872
0.53369
0.667933
0.403803
0.113146
-0.286612
0.210053
0.0188139
0.626492
0.334555
0.0910757
0.215014
0.623825
0.39028
0.190339
-0.183257
0.0731308
-0.354728
0.144922
0.440264
-0.515761
-0.314617
-0.575735
-0.331877
0.0036157
-0.239258
-0.327268
-0.0566528
0.532193
0.377603
0.0746703
-0.102185
-0.0321337
-0.0949248
-0.0149963
-0.444926
0.448393
-0.227392
0.263159
0.313034
-0.0641277
0.00949594
-0.0790597
-0.0409221
-0.514466
0.266821
0.0456614
0.171032
-0.680292
0.638355
0.213759
-0.171997
-0.457189
0.19301
0.470084
0.0681202
0.0988889
0.205863
0.226865
-0.645556
-0.115787
0.0842451
0.329573
-0.116524
-0.309095
1.00455
-0.201188
0.367136
1.05568
0.825096
0.363314
-0.220378
0.41942
-0.117012
0.308427
0.463593
0.283119
0.44651
1.40024
1.2996
1.20407
0.730684
1.1544
1.43264
1.36234
1.02936
0.865249
0.768308
1.4507
1.30295
1.4964
0.626724
0.94727
0.710445
1.25721
0.627183
1.42523
1.37939
1.37466
0.798326
1.26476
0.975972
1.27182
1.40885
0.582764
0.920445
0.482836
0.668607
0.57189
0.775545
-0.24621
-0.811593
-0.0452263
-0.127241
1.16917
-0.406522
0.0526697
-0.126418
0.0806489
-0.531882
0.0825811
0.00285241
-0.151958
0.236641
0.366659
0.700374
-0.187076
-0.645309
-0.155442
0.24984
0.0119646
0.330925
0.262466
-0.0351985
0.18601
-0.352615
-0.558546
0.129237
-0.0543412
0.134204
-0.201743
-0.268046
0.154921
0.113453
0.25436
0.0734573
-0.286151
-0.253747
0.925152
-0.344769
-0.375893
-0.074363
0.090619
-0.119474
0.293884
-0.0836145
0.620197
0.234199
0.229095
0.267334
0.733617
0.573848
0.0154121
-0.0458888
0.128474
-0.235188
-0.229005
0.0863039
-0.238974
0.78205
0.449716
-0.0306389
0.46379
0.244046
0.319597
0.0811045
0.435244
0.0607639
0.699167
0.21277
0.74517
0.438694
1.04205
0.35885
0.353467
0.848431
0.802251
1.03894
0.204514
0.678599
0.490684
0.128999
0.479725
0.822683
0.78725
-0.0245612
0.583596
0.668973
0.135343
0.154574
0.396667
0.352651
-0.406731
-0.114317
0.0777538
-0.117327
-0.0478225
-0.0313135
-0.141366
0.265453
-0.314395
-0.303598
-0.93503
-0.797949
-0.061156
-0.668545
-0.530721
0.237405
-0.249186
-0.113808
0.240747
0.170337
0.812885
1.03327
0.830068
0.133545
0.0253184
0.179607
0.253977
0.0767943
0.136485
-0.0315124
-0.006587
0.351488
0.11163
0.436465
-0.0536971
0.0249677
-0.139106
-0.105076
0.531154
0.131262
0.504126
-0.171041
-0.209978
0.670068
0.322155
0.338986
0.355712
-1.7281
2.38331
-0.507673
-1.10953
-0.321922
-0.0337676
-0.161425
-0.104158
0.310878
-0.085318
0.0914348
0.0531078
0.276247
0.0230059
-0.0942991
0.109615
0.145466
0.0486808
0.0190162
0.0665403
-0.0547338
-0.00335859
0.102253
-0.0374855
0.000737395
0.276853
0.374398
0.144617
0.252847
-0.0988584
-0.0250965
0.0448383
0.0876088
0.130723
0.199761
-0.1686
0.475197
-0.149115
0.249149
0.227439
-0.205505
0.162213
0.142981
-0.0352327
-0.238382
-0.208754
0.182995
-0.406125
0.347346
0.61265
-0.0841816
-0.242491
0.381728
-0.292261
-0.17669
0.417093
0.00455284
0.607126
0.787597
0.928227
0.941892
0.304347
0.391585
0.543943
1.00534
0.253024
0.630019
0.485797
0.956085
0.893991
0.688257
0.0894014
0.428138
0.268523
0.525412
0.457423
0.346713
0.348073
0.0541578
0.240499
0.192202
0.728244
0.465642
0.585276
0.272341
-0.0652985
0.665273
0.0251322
0.131172
0.694471
0.131531
-0.431717
0.00255003
-0.150864
0.311981
-0.217905
-0.181818
-0.351563
-0.157962
-0.354317
0.259047
0.285
-0.314118
0.582181
0.665996
-0.22837
-0.213685
0.389865
0.348818
0.191385
0.647757
0.654754
0.755261
0.525679
0.818446
0.177029
0.745673
0.662587
0.530547
0.529156
0.365333
0.000741681
0.101829
0.263128
0.0434368
0.642608
0.841073
0.537626
-0.0340012
0.526424
0.284967
-0.120045
-0.0642342
0.49833
0.84244
0.325542
0.705968
-2.16835
-1.09845
-0.219385
-0.643594
1.31032
0.577081
0.000462028
-0.272047
-0.382386
0.274499
0.00368131
0.0536718
0.172576
0.231029
-0.588299
0.100182
0.19993
-0.457183
0.189852
-0.118573
0.228373
-0.248941
-0.161907
0.086933
-0.153767
0.398838
0.122407
-0.247266
0.586622
0.0093756
-0.208948
0.113475
0.115647
-0.386589
0.023747
0.146164
0.0533872
0.147022
0.330846
-0.369228
0.177234
-0.0341081
-0.622571
0.379569
-0.0221676
-0.112915
0.199907
-0.114111
-0.211965
0.205146
-0.672887
0.00746838
-0.360162
0.664109
-0.52665
-0.10005
-0.058864
0.0299749
-0.233571
-0.431613
-0.228451
-0.354464
-0.432647
0.0390632
0.118262
-0.371919
0.129881
0.10766
-0.509655
0.275877
0.351402
-0.219055
0.129372
-0.537759
0.0798178
-0.362295
-0.638939
-0.659514
-0.363066
-0.140306
-0.409915
-0.922868
0.0428055
-0.0360421
0.0438093
-0.30697
-0.442826
-0.0407747
0.111843
0.229555
-0.516891
-0.444063
0.202286
0.841223
0.254395
-0.0330758
0.466244
0.686582
-0.282471
0.16684
-0.405391
0.0462952
0.00972005
0.171978
-0.135852
0.271645
0.593394
0.587817
-0.0834016
0.0882408
0.527124
-0.154885
-0.295071
-0.101441
0.702803
-0.0391031
0.883803
0.832598
0.139698
0.241865
0.331172
0.501459
0.0439612
0.188193
0.0440364
-0.0534576
0.53702
0.634139
0.362936
0.0553762
-0.260413
-0.190988
0.532683
0.500697
0.159158
0.454279
0.0245012
-0.0559075
-0.137936
-0.236774
-0.232768
-0.117659
0.27306
-0.572283
0.127036
-0.305165
0.561812
0.0678039
-0.241021
-0.269381
0.335922
-0.753374
0.226562
-0.268942
-0.677342
0.333661
0.238937
-0.283678
0.119934
0.392546
-0.387749
-0.542267
0.127541
-0.10169
-0.253722
0.241323
-0.475391
-0.0105454
-0.333788
-0.363325
-0.055842
-0.17851
0.251974
-0.0322356
-0.379315
0.156307
0.0268102
-0.30053
-0.15
-0.0250133
0.0938393
-0.121909
-0.135141
-0.0386392
0.323601
0.428649
0.291595
-0.175425
0.345356
0.101788
-0.330873
0.330204
0.126766
-0.272819
0.542849
-0.0558822
0.660885
0.77852
0.052906
0.702821
0.638806
0.423023
0.648718
0.57872
0.8414
0.664486
0.420743
0.554803
0.852189
0.606509
0.738944
0.380459
0.930004
1.04854
0.374538
1.07662
0.303141
1.04022
0.653967
0.634733
0.964553
0.522271
0.0984092
0.225723
0.584911
0.15869
0.465673
0.932772
0.0762806
0.909315
-0.0736051
-0.478004
-0.483979
0.408577
0.160047
0.157861
-0.284777
-0.467074
-0.0121371
-0.188055
-0.613357
-0.0378216
-0.720488
-0.575268
-0.304325
-0.628784
-0.514003
-0.643141
-0.968854
-0.892194
-0.838531
-0.772907
-0.52304
-1.17402
-0.218409
-0.690941
-0.584373
-0.703931
-0.381742
-0.174696
-0.44329
-0.948804
-0.263288
-0.569061
-0.767491
-0.359681
-0.426363
-0.90022
-0.643408
-0.894023
-0.532542
-0.830232
-0.856972
-0.39786
-0.0417712
-0.499741
-0.32604
-1.57282
1.37054
-0.343652
0.382519
-0.0755349
-0.112047
-0.000496911
-0.158183
-0.211564
0.345845
0.341545
-0.154224
-0.277324
-0.0835823
-0.263105
-0.23259
0.204591
-0.0930497
-0.25585
0.214322
-0.0410108
0.21414
0.293269
0.21902
0.203602
0.17152
-0.309376
-0.249325
0.316063
-0.0314632
0.0449138
0.256375
-0.0367929
-0.111213
0.216143
0.394301
0.00145758
-0.689059
-0.0495458
0.0244572
0.272328
0.0651535
-0.22702
0.656136
-0.0288137
-0.584038
0.184408
-0.269916
-0.116323
0.176675
0.279825
0.122548
0.0070117
-0.187329
0.136421
0.39208
0.27865
0.133325
0.679017
0.426369
0.24165
0.630058
0.186017
0.0970534
0.113188
0.519793
-0.206954
0.304772
-0.109583
0.710039
-0.0929129
0.188268
-0.051887
0.0201605
0.0822036
0.340995
0.684643
-0.171589
0.0302357
0.610915
0.440908
-0.251259
0.345437
0.069491
0.336338
0.185211
0.305408
0.647924
0.529928
0.392183
0.0630773
0.342398
0.645572
0.399011
0.714089
-0.0711126
0.653291
-0.204939
0.215255
-0.32146
-0.100017
-0.122421
0.282573
0.000720005
0.182238
0.0185436
-0.57942
-0.518101
-0.0862028
-0.160319
-0.081742
0.0314831
-0.28241
0.184695
-0.476684
-0.13426
-0.066606
-0.149535
-0.0660917
-0.260601
-0.158611
0.0788432
0.382059
-0.098803
-0.13468
0.236305
0.0869798
0.044142
-0.171792
-0.0382067
-0.192454
0.00251582
-0.645272
-0.675732
-0.612997
-0.945162
-1.02836
0.257521
0.385104
-0.112946
0.325369
-0.241929
0.281675
-0.16797
0.0938266
-0.167883
-0.412118
0.281294
0.742433
0.654557
1.00193
0.442356
0.752403
0.882814
0.335611
0.130322
-0.536003
0.0277126
-0.494188
-0.279976
0.159411
-0.115808
0.057658
-0.0782085
-0.192478
0.0767098
0.173524
-0.447709
0.381882
0.273357
-0.0068039
0.0725576
-0.419597
0.400671
0.0866511
0.137667
-0.217442
-0.0154482
0.607283
-0.099932
0.0133309
0.190666
0.030827
0.982663
0.355634
0.0205363
0.115473
0.435441
0.130976
0.00549482
0.0706396
0.276334
-0.523717
0.49876
-0.0172193
-0.282319
-0.35876
0.304678
0.181363
0.127321
0.0780893
-0.220239
-0.0275798
0.089876
0.320902
0.412883
0.373269
0.404909
0.416671
0.112792
-0.384487
-0.192159
0.086281
-0.163872
0.286627
0.423365
0.20167
-0.19769
0.103699
-0.0974847
-0.246757
0.24503
0.379934
-0.461456
0.107607
0.0841667
0.285194
0.0388897
0.200389
-0.44595
-0.374342
0.102707
-0.0596128
-0.21349
-0.338254
0.613988
-0.155241
0.024077
-0.353168
-0.651664
-0.468249
0.0271125
-0.263105
0.0193329
0.453651
-0.148787
0.119926
-0.272132
-0.335533
-0.29058
-0.393051
0.155564
-0.0607786
-0.164757
0.22343
-0.302976
-0.496194
-0.215103
-0.152243
-0.0620006
-0.311452
-0.70237
-0.432743
-0.718493
-0.829963
-0.137158
-0.799718
-0.230838
-0.0680482
0.0189739
-0.394107
-0.367241
-0.314381
0.247872
-0.338369
-0.0397918
-1.17284
0.360565
-0.0738144
-0.220111
0.0358623
0.1547
0.579131
-0.260957
0.643852
-0.962622
-0.0190541
-0.0100516
-0.0086678
-0.129591
0.485544
0.0374884
0.419804
-0.083021
-0.2571
0.448857
-0.21451
0.294668
-0.314473
0.0886248
0.732468
-0.576466
-0.337501
0.223519
0.308021
0.048229
0.554771
0.16241
-0.324509
-0.424351
-0.261031
-0.124298
0.0809524
0.225899
-0.0686395
-0.598252
0.228797
0.186187
0.254636
0.179161
0.127147
0.505989
-0.0193957
-0.269495
0.340804
0.660017
0.110129
0.245514
0.365915
0.792082
0.561677
0.325287
-0.211405
0.301028
0.0629635
-0.290364
0.0195667
0.0827359
0.138411
0.448819
0.260493
-0.110048
0.0927757
-0.216096
-0.316249
-0.0363613
0.266682
-0.36982
0.597036
-0.0601611
0.453658
-0.176899
0.424142
0.340302
-0.291185
0.272625
-0.113455
-0.249251
0.376907
-0.227576
0.4985
0.018336
-0.211252
0.145207
0.365478
0.169073
-0.14789
-0.626928
-0.901892
0.393592
-0.353844
0.765044
-0.205001
0.242051
0.421051
-0.118782
0.0407775
0.0226196
0.151105
-0.16211
0.415522
0.681967
-0.452358
0.441349
0.301251
-0.353981
0.245884
-0.197879
-0.0699836
-0.274057
-0.183903
0.201835
0.223506
-0.211211
0.276424
0.221599
-0.0894181
-0.124661
-0.146202
0.156887
0.302193
-0.389534
0.451613
0.376904
-0.719988
0.0692833
1.03934
-0.171881
-0.291005
-0.621372
-0.24477
0.000597551
0.650466
-0.751932
-0.769096
0.166559
-0.545867
-0.028398
0.0231918
-0.246749
-0.102102
-0.52938
-0.242549
0.0317381
0.408829
0.0592248
-0.35785
-0.0758218
-0.169276
-0.104741
-0.272356
-0.337188
0.317982
0.0709981
0.585516
-0.083859
0.0371601
0.328203
-0.238669
-0.222391
-0.471265
-0.186659
-0.272787
-0.257909
0.00144697
0.32182
0.204139
-0.19704
0.163678
-0.683153
-0.0153269
0.360683
0.253386
-0.169556
-0.22426
-0.262208
-0.219363
-0.00862872
-0.121506
1.01959
0.439729
0.0758615
0.448282
0.00890779
0.215451
-0.0999317
-0.49478
-0.353656
0.315985
-0.184364
0.518558
0.510209
0.522286
0.783541
0.669684
0.24301
0.665182
0.296119
0.521237
0.829492
1.03863
0.973987
0.71288
0.482164
0.863917
0.367197
0.956436
0.520534
0.298008
0.163081
-0.0253907
0.312832
0.435778
0.771252
0.163937
-0.124367
-0.0372974
0.711013
0.121068
-0.075885
-0.196613
0.645053
0.132903
0.694977
0.635662
0.434323
0.745893
0.410159
-0.401581
-0.0496947
0.274575
0.179229
-0.105297
0.0607544
-0.00796333
0.414763
-0.306533
-0.163455
0.0677855
-0.0208948
-0.550817
-0.0130042
0.222373
0.385391
0.825012
0.678365
0.638135
0.554352
0.3628
0.277501
-0.152967
0.163966
0.289865
0.338269
-0.133737
0.423889
0.15479
0.261701
-0.387505
0.326699
0.10982
-0.242293
0.397119
-0.428342
0.255593
-0.0623554
0.0431519
0.107551
0.0737866
0.583539
0.47161
0.140459
1.44797
-0.259839
0.0714533
-0.974976
0.315242
0.925526
0.988739
0.142924
-0.485329
0.239578
0.592802
0.284111
0.0440688
-0.242062
-0.27899
0.0179557
0.169295
-0.482037
-0.307373
-0.232364
0.479651
-0.203719
0.0819732
-0.183594
0.162276
0.451708
0.254866
0.12428
-0.404652
0.306897
0.0418392
0.0669299
0.0128601
0.120713
-0.435447
-0.0440785
-0.18225
-0.138564
-0.10929
0.138251
-0.211921
0.421334
0.228983
-0.365201
0.331121
-0.488935
-0.615473
-0.237146
-0.782223
-0.205037
-0.447745
0.153614
-0.313224
0.38266
-0.427279
0.0340207
-0.141821
0.119942
-0.36051
0.00536657
-0.140116
0.126181
-0.0268471
0.498365
0.009113
-0.0129922
-0.123267
-0.391803
0.546527
0.481388
-0.558349
-0.0111799
-0.274716
0.487535
-0.173074
-0.0345513
0.48198
-0.339605
0.0862761
-0.48149
-0.315907
0.41548
-0.00640019
-0.0458975
0.00712615
0.431077
-0.2964
-0.000537856
0.150343
0.143935
-0.321433
0.784598
0.613221
0.3009
0.143735
-0.874146
0.817902
0.029665
-0.235705
-0.889823
-0.00181423
-0.733124
0.862597
-0.00932646
0.653188
-0.029754
-0.138762
0.0647237
-0.0524594
0.302278
0.0753057
0.383791
-0.293995
-0.3291
-0.171195
0.725711
0.0758907
-0.402082
-0.215582
0.0979371
-0.385534
0.0173847
0.559072
-0.0523379
-0.00896992
-0.212897
0.322048
-0.232161
0.0847615
0.0885525
0.302907
-0.0929015
0.35124
-0.8388
0.0434001
0.470976
0.105189
-1.13962
-1.14001
-0.437374
-1.36714
-0.486472
-0.0742048
-0.0490767
-0.273581
-0.193607
0.117043
-0.0184041
0.275203
0.223294
-0.0971323
-0.0477402
0.0219402
-0.0106671
0.0377321
-0.196694
0.347127
0.0646699
0.489495
0.112903
-0.128644
-0.487554
0.214952
-0.00425844
0.456086
-0.877476
-0.552389
0.600442
0.206164
0.0527528
0.0133698
0.569027
-0.283832
-0.0391485
-0.022297
-0.127062
-0.163106
0.161761
0.584099
-0.450624
-0.060203
-0.365978
0.0643964
0.475315
-1.04964
0.355515
-0.345353
1.05566
-0.0552125
0.00804135
0.311501
-0.106995
-0.731115
0.323922
-0.230113
0.284157
0.284865
-0.694787
-0.226463
-0.0109341
-0.138191
-0.238449
-0.0650443
0.355262
-0.315577
-0.221527
0.137925
-0.282046
-0.000431125
0.511324
0.15774
0.236675
-0.543385
-0.0338345
0.230682
-0.242894
-0.0903308
-0.425572
-0.19453
-0.0501979
0.348753
0.107951
-0.208359
-0.153682
-0.207166
-0.205551
0.0371061
0.287003
-0.0395278
-0.0722959
-0.160405
-0.448657
0.0257387
0.111193
0.382309
0.246233
-0.244574
0.0728394
-0.551241
-0.410474
-0.0501821
-0.28467
-0.209083
0.182949
0.157255
0.526896
-0.0798427
-0.559943
0.244396
-0.494124
-0.90292
0.288469
-0.2302
-0.0980129
0.208051
-0.187208
0.139574
0.0456768
-0.0781812
-0.208384
0.238286
-0.00879387
0.558052
0.24152
-0.410301
-0.374449
-0.580258
-0.836391
-0.387496
0.34367
-0.192513
0.523568
0.0140867
-0.303732
0.192506
-0.00389102
-0.770426
-0.141896
0.583581
0.414802
0.351801
0.240844
0.0824944
-0.00309441
-0.718864
-0.213216
0.474009
-0.180204
0.333837
0.234961
-0.536006
-0.181548
0.353616
0.295153
-0.263908
-0.0153275
-0.443318
0.35862
0.13378
0.0130179
0.038067
0.182005
0.242264
0.37466
0.261228
-0.649176
0.406453
0.0522742
-0.287648
-0.277665
-0.0985004
-0.400676
0.183318
-0.29582
-0.315366
-0.151611
0.588719
-0.622891
-0.403585
0.144679
-0.728843
0.00146406
0.586927
-0.370811
-0.464192
-0.332193
0.237258
0.230487
0.0990348
0.164369
-0.782067
-0.344218
-0.161808
-0.498679
-0.158494
-0.153924
-0.884872
-0.31716
-0.76849
-0.263823
0.458097
-0.332485
-0.38638
-0.517517
-1.07787
-0.814931
-0.577773
-0.7068
0.62735
0.0287711
-0.846363
0.324972
-0.578063
0.0703783
-0.718607
0.260712
0.107423
0.907881
0.0678282
0.0982254
-0.0611713
-0.969899
-0.537308
-0.460655
-0.728174
-0.322304
-1.17541
-0.473593
-0.74424
0.277929
-0.0459999
-0.155227
0.683758
-0.445314
-0.0726963
0.490788
-0.431922
0.514845
0.259571
-0.209819
0.638574
-0.435354
-0.135644
-0.0785007
-0.354394
0.0281312
-0.253344
0.29341
0.380291
0.466034
0.200977
1.24058
-0.113737
-0.362243
0.0157804
-0.329522
-0.00110038
0.319931
-0.172172
-0.372233
0.488227
-0.115533
-0.262195
0.285746
-0.765867
-0.0309243
0.224355
-0.25347
-0.305513
0.523431
-0.126223
-0.560285
0.449661
0.135573
-0.444175
0.422874
-0.116025
-0.527615
0.338767
0.228412
-0.151847
0.0376116
0.314363
-0.498135
-0.179521
-0.505086
0.0397294
0.256979
-0.175436
-0.242313
-0.365645
-0.0260573
-0.151114
-0.116685
-0.201252
-0.6205
-0.0696771
-0.443334
0.0946421
-0.125901
-0.124584
0.253747
-0.0228767
-0.0435688
-0.26124
-0.431373
-0.458015
0.245713
-0.126139
0.199762
0.405101
-0.0937322
-0.193595
0.215093
0.277632
0.00592214
-0.270381
-0.207179
-0.179899
-0.324629
-0.46479
-0.261387
-0.578642
-0.208252
-0.0920809
-0.207987
-0.935507
0.646393
0.51894
0.276133
0.187181
-0.123333
-0.393043
-0.220408
-0.542494
0.261124
0.297982
0.185573
0.0723336
-0.4719
0.559463
0.243452
-1.19277
-0.638852
0.141558
-0.942176
0.102775
0.08404
-0.918694
-0.0746526
0.596002
-0.537995
0.052179
0.433315
-0.296154
-0.639088
0.84042
0.483223
1.00014
-0.588035
-0.637158
0.0374595
-0.882813
-0.865544
0.179726
-0.171485
0.616331
-0.344614
0.475792
-0.76639
-0.417861
-0.127335
-0.227003
0.160078
0.019917
-0.165631
0.064468
0.0223801
0.0330483
-0.314687
-0.407024
-0.717807
-0.145476
-0.0623364
-0.298061
-0.221549
0.111272
0.0263025
0.649678
0.141181
-0.270144
0.128001
-0.554425
0.367582
0.208643
0.158958
0.416627
0.465381
-0.48086
0.393906
-0.509797
-0.618894
0.313474
0.16869
0.525387
0.131022
0.269566
0.120836
0.0742522
-0.644528
-0.402928
-0.390078
0.256377
0.784258
-0.263309
0.0145656
-0.633996
0.277251
-0.171482
0.0734786
0.531127
-0.472642
0.110598
0.184477
-0.432196
0.257799
0.51275
0.504508
-0.123238
-0.374366
-0.363738
-0.0746059
0.422673
0.190109
0.304643
-0.124199
0.814657
-0.229086
0.539546
0.240535
-0.00181265
0.226189
0.337645
-0.202445
-0.212697
0.343662
0.123357
0.291735
0.613987
0.367891
-0.563098
-0.536611
-0.640104
0.488572
0.189287
-0.300282
0.485226
0.636027
-0.332955
-0.404745
0.114936
0.0188678
0.0809808
0.683146
-0.406207
-0.352553
0.295612
0.832306
-0.196718
0.189897
0.218749
-0.714722
0.373269
-0.102769
0.214686
0.532048
-0.516894
0.784065
-0.0474969
-0.853123
-0.6317
0.0444151
0.0584756
-0.237229
-0.312123
0.00121879
0.884314
0.364585
-0.323445
0.999355
0.0046633
-0.457112
0.629684
-0.00148305
0.21435
0.901715
0.0247867
0.0624074
0.120864
-0.0174578
0.365491
0.591326
-0.370371
0.569302
0.352457
0.0283609
0.125706
-0.258241
0.73157
-0.723923
1.11625
0.359396
-0.198945
-0.0664111
-0.992221
0.0377776
0.496173
-0.0970513
0.799765
-0.423
-0.858091
-0.771654
-1.13068
1.31695
-0.261797
-0.14806
0.547276
-0.634195
0.83939
0.165524
-1.54581
-0.00533559
-0.417402
-1.84502
-0.0572463
-0.0794775
-1.98843
-0.446051
0.0878714
-1.05849
-0.203268
-0.0983705
-1.4135
-0.1334
-0.0670724
0.697582
1.09529
-1.01325
-1.00771
0.316559
-0.790985
-1.72226
0.146397
-0.366231
1.0252
-1.35849
1.03113
-1.23822
-0.261177
0.400519
-0.144841
-0.0644443
-0.145966
0.30099
0.00306981
-0.157417
0.438506
0.272914
0.260142
0.177995
0.439455
0.400495
0.0203808
-0.064223
0.090333
-0.0810093
-0.171948
-0.142031
0.432833
0.259531
-0.318202
0.227782
0.305362
-0.182428
-0.0460765
-0.206483
0.597415
-0.399636
-0.0872573
0.156571
0.221144
-0.0726355
0.48759
-0.174441
0.554624
0.519046
0.59548
0.44191
0.525249
0.527946
0.586351
0.568349
0.414628
0.698181
-0.0373816
0.183958
-0.366426
-0.252675
-0.235607
0.512207
0.351887
0.396341
0.386153
-0.0688855
-0.0509828
0.213051
-0.334449
0.452726
0.887182
-0.169092
0.610222
0.0984311
-0.586893
0.434993
-0.276609
0.100802
0.0740859
-0.173149
0.292576
0.027419
0.776651
0.394637
0.297755
-0.549953
1.31018
0.187317
-0.21879
-0.246024
1.29824
1.17894
1.53596
0.144665
-0.371915
0.623825
-0.14927
-0.307937
0.941764
0.595536
1.16523
-0.721858
0.102448
-0.193007
-0.207869
0.0780037
0.0140735
-0.343322
-0.767155
-0.0679882
0.365535
-0.0509757
-0.0396023
-0.270012
0.221497
0.620387
-0.671302
-0.0113915
0.580284
-0.180838
-0.347653
0.183851
-0.202007
0.306552
0.368945
0.56143
0.509936
-0.420761
-0.316964
0.307872
0.0878947
-0.444619
0.766978
-0.0899139
0.442056
-0.140918
-0.402944
0.0441608
0.279539
0.0478449
0.269148
0.0255315
0.479258
0.394295
0.697519
-0.452727
0.011406
-0.656769
0.178585
0.0720118
-0.121246
0.0855749
0.0419526
-0.0692374
0.655315
-0.146682
-0.28259
0.310732
0.218606
-0.270815
0.116115
0.193951
-0.125636
-0.205739
-0.160358
0.411827
-0.39655
-0.237037
-0.335588
0.464129
0.627481
-0.241836
-0.268782
0.685375
-0.152637
0.535765
-0.426157
-0.415136
0.325206
0.216067
0.0489672
0.477666
0.219259
0.00289306
0.117152
0.12652
-0.198519
-0.185787
-0.29523
-0.362664
0.443288
0.12655
-0.356845
-0.136203
0.404267
0.684522
-0.341351
0.0846119
-0.0761857
0.0911616
0.423046
0.158366
0.355825
0.0739531
-0.0646468
0.347515
0.122771
-0.347655
-0.176636
-0.271806
0.278651
0.243978
-0.0965567
0.326543
-0.237199
0.241239
0.62877
-0.544256
-0.107833
-0.0923251
-0.353784
0.221739
0.42361
0.275331
-0.241632
0.557956
0.214364
-0.132975
-0.136919
-0.455778
0.529474
0.32316
0.687771
0.444931
-0.432999
0.178296
-0.377771
0.323241
0.181216
0.0125712
0.52434
0.716477
-0.054922
-0.482657
0.124174
-0.0759323
-0.0384433
-0.174314
0.0598624
-0.306568
-0.267662
-0.383517
0.0553753
-0.116307
-0.484182
-0.000131846
-0.186187
0.427399
-0.455529
-0.0838343
0.177782
0.377488
0.576985
0.35618
0.174177
0.00294906
-0.214371
-0.633075
0.197382
0.521589
0.207853
0.148578
0.43706
-0.409949
-0.360093
0.22765
0.00970279
-0.129407
-0.229292
-0.232771
0.615665
0.062639
-0.329438
-0.149637
-0.355602
-0.0100236
0.396327
-0.146632
0.198679
-0.269065
0.637728
0.406102
-0.0570543
0.118303
0.144944
-0.4148
0.000139865
0.156968
-0.0516935
-0.268721
-0.0352539
0.566239
-0.00786561
0.0560285
0.846293
0.0875919
0.358739
0.38856
0.137139
0.591261
0.27657
0.290254
-0.192298
-0.0712303
0.26774
0.367758
-0.0455157
-0.237232
0.054257
0.313491
-0.00327147
0.647008
-0.252266
0.452602
0.230171
0.102559
0.274701
0.688369
0.457174
-0.309963
0.566768
0.0316736
-0.201383
0.493728
0.643757
0.851646
0.179755
0.279324
-0.322273
0.0950112
-0.388429
0.45651
-0.16648
0.974051
0.9874
0.502565
0.223713
0.528991
-0.315283
0.401506
-0.548079
0.584444
0.311446
-0.0166799
0.189909
0.326092
0.955073
0.60779
0.0327875
0.260408
0.180641
-0.0105583
0.560853
0.00102554
-0.470443
0.733998
0.7836
-0.11767
0.647134
0.150193
0.000607996
0.360953
0.573154
0.355191
0.675921
0.369758
0.279683
0.324167
-0.427239
0.0269855
-0.000425749
0.327043
0.177131
-0.454602
0.539299
0.306628
0.148443
-0.29427
-0.0825055
-0.489213
0.164187
0.774501
0.303415
0.457205
0.0764561
-0.477273
0.329928
-0.351611
0.0279671
0.311776
0.21182
0.0805302
-0.255724
0.138702
0.44932
-0.315163
0.274175
-0.550677
0.00430362
-0.0570105
-0.210731
0.370367
0.570913
0.118982
-0.51442
0.289122
0.343261
0.455176
0.190208
0.507187
0.685026
0.825028
0.0676634
-0.597726
-0.146712
0.319125
0.022966
0.520338
0.42352
-0.434623
-0.675968
0.639382
0.229088
-0.153374
0.112068
0.110128
0.0371838
-0.0205113
0.18547
-0.0760619
-0.198389
-0.536216
-0.472986
-0.271077
0.368494
0.370156
0.587221
-0.161211
0.00728238
-0.487718
0.0643163
0.452694
-0.31409
-0.215046
0.249963
0.203153
0.417377
0.443179
0.132113
-0.0414282
0.0472656
-0.269522
-0.297503
-0.121655
-0.244011
-0.0814077
-0.266751
-0.241301
0.605369
-0.182639
-0.0731144
0.48206
-0.0604396
0.335234
0.321236
0.120607
0.34145
0.247927
-0.196317
0.249974
0.543099
-0.380727
-0.477139
0.314635
0.0991822
0.0864425
0.283429
-0.497784
-0.0817842
-0.260531
0.0772887
-0.567382
-0.0519089
-0.0609886
-0.358275
0.282146
-0.508916
0.0872162
0.121877
0.13675
-0.414359
-0.175904
-0.0992817
-0.290928
-0.653584
0.159536
-0.124768
-0.140137
-0.588445
0.210075
-0.161156
-0.0174763
-0.330656
0.4825
-0.419232
0.48543
0.111156
0.222972
-0.0541806
-0.0613542
-0.126257
0.205569
-0.342568
-0.391876
-0.70099
-0.397699
-0.22605
0.0311724
0.477295
0.786624
-0.222995
-0.138966
0.189659
-0.492457
0.844108
-0.119972
0.477686
0.210589
0.362666
-0.261657
-0.684407
0.347498
0.804427
0.826091
-0.474888
-0.0554273
-0.105854
0.223269
0.180662
0.546195
0.386914
-0.116911
0.105698
-0.201031
0.013834
0.440812
-0.0213301
-0.31
-0.0966859
-0.02377
-0.312212
0.778858
-0.26635
0.539433
-0.215723
0.127412
0.214481
0.432152
0.550077
0.442253
0.0157791
0.0157415
0.501289
0.800973
-0.99867
0.232836
-0.359799
0.25023
-0.531254
-0.400378
0.447039
-0.100243
-0.426668
-0.171244
-0.0664636
0.313655
-0.0408038
0.251002
0.230677
-0.166245
-0.223124
-0.130816
-0.346822
-0.189936
0.0483453
0.0986908
-0.038576
-0.112505
-0.077465
0.582766
0.312199
0.39774
0.642524
-0.216598
0.393451
0.15462
-0.145044
0.0437188
-0.414272
-0.622252
0.172546
0.0202659
-0.462532
0.670653
0.133596
0.128574
-0.165909
-0.677934
0.044202
-0.021167
-0.243574
0.0537409
-0.856292
-0.952889
-0.743891
-0.397566
0.033295
-0.550075
-0.272407
-0.444558
-0.0270416
-0.0495322
-0.553529
0.491302
-0.866454
-0.0327219
0.064416
-0.0105899
0.828265
-0.0535929
-1.18167
-0.685832
-0.420685
-1.05863
-0.815371
-0.0762208
-1.67056
-0.593797
-0.0755534
-0.588625
-0.17178
-0.104009
-1.30734
-0.415462
-0.6253
0.276546
0.673933
-0.852993
-0.859202
0.543199
-1.02454
-0.593253
-0.150627
0.15289
1.24002
-1.32549
1.2996
-1.03634
-0.599284
0.173942
0.247579
0.0429324
-0.286935
0.403717
0.514681
0.272227
-0.284879
0.217175
0.422622
0.191072
0.0909384
0.45626
-0.377691
-0.387175
0.257662
0.409059
0.138216
-0.46853
0.365289
-0.123682
-0.231117
0.414194
0.403652
0.0316716
-0.0907275
0.590026
0.418912
0.295255
0.368132
0.339051
0.204855
0.294583
0.100538
0.381317
0.280872
0.0803892
0.271177
-0.0182911
0.372168
0.29029
0.0596673
-0.00565421
0.207287
0.538223
-0.178548
0.284936
-0.212342
0.307318
0.45798
0.132672
-0.149617
0.25998
-0.20602
0.430341
-0.00219585
0.38498
0.476163
-0.414361
0.327284
0.500222
0.312793
-0.365894
0.0358873
-0.344408
0.0943082
0.350963
0.473086
0.361286
0.0608387
0.537882
-0.294251
-0.11508
0.0464271
-0.322285
-0.232421
-0.309898
-0.339064
-0.181303
-0.224658
0.302047
0.0447312
0.510095
-0.149129
0.235215
0.163027
-0.0358503
0.450081
0.248419
-0.536466
0.601992
-0.33027
0.0953965
-0.425977
-0.0575393
0.205961
-0.00742608
-0.215148
0.251368
0.22148
0.800975
-0.120154
0.258062
0.207133
0.396373
-0.211594
-0.387003
0.623545
0.0160891
-0.0033957
0.0464728
-0.00900908
-0.0549013
0.225344
0.234291
-0.160525
0.109458
0.211296
0.378437
0.365618
0.430252
-0.379322
0.325197
0.0505718
-0.168586
-0.278636
-0.086441
0.509253
-0.412536
0.251468
-0.0449233
0.281571
0.230846
-0.290565
-0.356553
0.319303
0.267407
0.427332
0.706878
0.555865
0.0172723
0.212114
0.240181
0.193157
0.505688
1.11151
0.390486
-0.0806833
0.538951
-0.027487
0.260327
-0.761264
0.820881
0.648445
0.0172605
0.332288
0.0520212
0.468803
0.756822
-0.543421
0.298632
-0.836585
-0.472387
-0.103719
0.425671
0.306464
0.352192
0.504658
-0.691141
1.08066
0.0236282
-0.0694469
0.00322022
1.05761
0.716773
1.03833
-0.465969
0.0237796
0.0725585
-0.0708259
-0.175262
0.0625622
0.878029
0.480143
-0.348895
-0.364828
0.0830209
0.536016
-0.192152
0.354513
-0.311721
-0.245547
0.191606
-0.237294
-0.449173
-0.38506
0.144849
-0.346147
-0.00541026
-0.0385435
-0.0703304
-0.1516
-0.160667
-0.199397
-0.359652
-0.40012
0.45349
-0.00704134
-0.0739945
0.703726
0.12784
0.122417
0.121894
-0.171729
-0.243981
0.364878
-0.467091
-0.0416943
0.654258
-0.404372
0.152474
-0.350326
-0.711581
-0.306496
0.516974
-0.281937
0.477971
0.11703
-0.0809668
0.440479
-0.555753
0.6429
0.338423
0.0607259
-0.237993
-0.247968
0.462288
-0.471497
0.230742
0.0400627
0.403404
-0.115295
0.436959
0.0191278
-0.110455
0.372338
0.686316
0.176902
0.411575
0.170952
0.330592
-0.151829
0.323906
0.204984
-0.0337345
0.259954
0.204754
-0.0149541
-0.243515
0.0050022
0.450921
0.225892
-0.442623
0.702903
0.0472028
-0.0112603
0.10514
0.665461
0.533841
0.537789
0.422057
0.0254087
0.0402139
-0.450763
-0.338286
0.23718
0.0817348
0.28999
0.106657
-0.312913
0.137725
-0.133064
-0.375901
-0.0806244
-0.988676
0.364391
0.520288
-0.147395
0.129152
-0.57347
-0.204536
0.110996
0.149661
0.767132
0.378772
-0.13598
-0.0239747
0.166304
0.896647
0.633697
-0.962165
-0.531435
-0.128271
-0.617951
-0.0609006
-0.487533
-0.707558
0.589255
0.184458
-0.326217
-0.0743569
-0.285782
-0.17497
-0.672714
0.936636
0.0450917
0.648532
-0.163934
-0.338587
0.02457
-0.860396
-0.546178
0.395375
0.593161
0.774984
-0.537231
0.6237
-0.800371
0.568549
-0.650542
0.251513
-0.203731
0.718454
0.019201
0.107279
0.218745
0.169732
-0.0713537
0.738465
-0.142035
0.333582
-0.30811
0.220195
-0.020847
0.387242
0.633731
-0.173411
-0.48445
-0.20028
-0.490229
-0.906499
-0.377386
-0.581645
-0.30822
0.0748848
0.153322
0.327583
0.301291
-0.132458
-0.511315
0.145537
0.335496
-0.374757
-0.164048
-0.258396
-0.263584
0.182788
-0.415852
0.0166421
0.459319
0.117194
0.666111
-0.797958
-0.390058
-0.723516
-0.491896
-0.2792
0.302933
-0.041797
0.00662469
0.351716
-0.225412
0.260885
-0.0500548
0.415079
0.145052
-0.146175
-0.253929
0.292868
-0.348371
0.0844845
-0.355197
-0.496967
-0.479485
-0.252371
0.25999
0.297472
0.499621
-0.0163155
0.292736
-0.446508
0.167661
0.114598
0.298496
-0.432952
-0.300015
0.485195
0.111644
-0.138228
-0.286068
0.115161
0.213039
0.403819
-0.354437
0.443735
0.251028
0.107505
-0.406368
0.0378946
0.526263
0.552612
0.504617
-0.0787803
-0.392813
0.0977257
-0.855333
0.0330196
-0.176742
-0.24551
0.128203
-0.663913
-0.194772
-0.0171678
-1.07624
0.835368
0.409424
-0.532761
0.586979
-0.462159
1.11818
0.527041
-1.23445
0.0329366
-0.199206
-1.22097
0.194921
-0.209381
-1.53436
-0.248178
-0.192569
-0.631007
0.308445
-0.198091
-1.17869
-0.502673
-0.152115
-0.00253173
0.904344
-0.353677
-0.549842
-0.121854
-0.730926
-0.484422
0.0954424
0.262704
0.841897
-0.693007
1.06636
-1.10036
-0.135723
-0.305989
0.0341447
-0.838072
-0.203263
0.560816
-0.201651
0.373286
0.18714
-0.362305
0.250752
-0.0458692
0.588123
0.252243
0.30894
0.341861
-0.508674
0.14542
-0.366262
-0.41525
-0.184046
0.446305
-0.681351
-0.199914
0.1371
-0.0922739
0.432539
0.178527
-0.0912008
0.401436
-0.314154
-0.660821
0.168656
0.151959
0.551075
1.00525
0.379499
-0.306587
-0.128567
-0.21121
-0.308349
-0.00537506
-0.0462369
0.170124
-0.180435
0.134104
0.375711
-0.347611
0.0234443
-0.142348
0.114468
-0.533333
-0.0298682
0.220467
0.434164
0.126923
-0.320796
0.276135
0.615249
-0.447212
-0.376038
0.0164261
0.216454
0.381366
0.238502
-0.248332
-0.27417
0.0611207
0.433418
-0.0168711
0.147645
-0.212716
0.499229
0.177028
-0.423409
-0.145728
-0.463693
0.0451701
-0.219957
0.132661
-0.425969
-0.34808
0.244554
-0.154767
0.386198
-0.273996
-0.148064
0.550916
-0.285765
-0.0602772
-0.401936
-0.201822
0.227888
0.220982
-0.427765
-0.655856
-0.595653
-1.0622
0.306781
0.598367
0.0666944
0.457853
0.282023
0.0598516
-0.376903
-1.0048
0.398644
-0.284871
-0.490324
0.481532
-0.547237
0.409638
0.215235
-0.413524
0.139319
-0.450091
-1.44522
0.118428
-0.0753519
-1.15298
-0.322121
0.542026
-1.04036
0.405213
-0.283308
-1.16231
0.277348
0.450254
0.19058
0.396997
-0.087792
-0.155841
0.532247
-0.71083
-0.572388
0.551919
0.622065
0.544159
-0.726474
0.832635
-0.732959
-0.145228
0.136289
-0.208817
-0.32803
0.265711
0.0931806
-0.00611657
0.116067
0.491199
-0.360861
0.560413
0.640002
0.0726855
-0.177303
0.404053
0.340022
0.401698
0.0554732
0.441839
-0.17444
0.163794
0.294469
0.17054
0.230491
0.547103
0.3301
0.269429
-0.331374
0.170511
-0.381823
0.294216
0.133865
0.195136
-0.483459
-0.336666
-0.288285
-0.166484
0.456199
0.403127
-0.15875
0.390947
0.4044
-0.00712238
0.025272
0.608372
0.276626
-0.12614
-0.563574
0.168782
0.29099
-0.0896109
-0.0275088
-0.370827
-0.293878
-0.19303
-0.199269
-0.189132
0.120553
-0.261123
-0.255962
0.0246861
-0.286973
0.448845
0.54487
-0.340764
-0.0949314
-0.457551
-0.0308714
0.0832083
-0.266727
0.426588
0.56926
0.304609
0.0835074
-0.049535
-0.135608
-0.422346
-0.493785
-0.41073
-0.118246
0.275554
-0.524877
-0.339062
-0.625612
0.184671
-0.282789
-0.374493
-0.572962
0.2913
0.121729
-0.128505
0.196624
0.203818
-0.420215
-0.0536171
-0.0568744
-0.374906
0.0361253
0.572261
0.0964865
0.097053
-0.374712
0.301984
-0.350657
0.109108
-0.531079
0.869899
0.185201
-0.114076
0.347406
0.0612435
-0.103434
-0.0495165
-0.609829
0.175884
-0.246971
0.00353691
-0.582627
-0.212462
-0.369724
0.230852
0.221911
-0.448274
0.575153
-0.0929748
-0.242987
-0.594564
-0.133768
0.468868
0.335023
0.061877
0.0802664
-0.369694
-0.734146
-0.483405
0.179342
0.487764
0.50498
-0.395447
-0.14275
-0.421302
0.560778
-0.60487
-0.684706
-0.424327
0.699657
-0.300848
0.0491106
0.752125
0.311064
0.295255
-0.119897
-0.281221
0.391729
0.270811
-0.356398
0.0655567
0.0321202
0.518677
0.290094
-0.483283
0.298845
0.239288
-1.4727
-0.232536
-0.391298
-1.26236
-0.603435
0.0320156
0.0183176
-0.0500731
-0.296307
-0.588649
0.208011
-0.105771
0.202031
1.01868
-0.197633
-0.0414608
-0.189849
-0.524002
-0.91975
0.554001
-0.138305
0.15649
-0.327289
0.971104
-1.1524
-0.633562
-0.198551
-0.0936643
-0.499684
-0.474149
-0.103834
-0.00662068
0.0215301
-0.138097
-0.26059
-0.192633
0.323934
-0.157587
0.117178
-0.0224675
-0.0249414
0.301154
-0.763976
0.111105
0.0166134
0.474283
0.155478
0.477104
-0.317156
0.0265187
0.412649
0.0497624
-0.484007
-0.26567
-0.699728
0.272589
-0.264117
0.465892
0.107795
-0.110671
-0.0117093
0.502131
-0.470751
0.462121
0.181611
-0.324257
-0.560265
-0.374428
-0.784221
0.0549613
-0.0381103
0.440701
0.110996
0.354031
0.128676
-0.27952
-0.412604
-0.350455
0.153474
-0.743582
0.266985
-0.339707
0.220277
0.173499
-0.214406
0.481153
0.0415663
0.0403826
-0.148101
-0.507203
0.0478607
-0.396104
-0.155162
-0.303823
-0.0868559
-0.519049
-0.60285
-0.0466035
-0.276032
-0.474547
0.379068
-0.126292
-0.181917
-0.0720701
-0.354997
0.408373
-0.209119
0.270132
0.284938
0.217217
-0.714224
-0.102503
-0.550843
-0.583557
-0.0154018
-0.0101308
0.474796
-0.472199
-0.33489
-0.338178
0.101953
-0.148974
0.504187
-0.500279
0.0010684
0.243604
0.0708869
-0.259921
0.0448981
0.374624
-0.146781
-0.186354
0.290443
-0.220446
0.0191701
0.245162
-0.474155
-0.0849811
0.283839
-0.078453
0.390324
0.870279
0.0790462
0.166899
0.526597
-0.418003
-0.632149
0.138098
-0.0596765
0.192779
0.115718
0.345543
-0.227335
-0.157662
-0.547292
0.0707645
0.635308
0.355577
0.134634
0.00302483
-0.15319
-0.432773
-0.690813
0.202513
0.254604
0.113599
-0.15093
-0.608804
-0.386407
-0.665974
1.00449
0.114287
0.199131
0.744006
-0.0571486
-0.410944
-0.0771993
-0.456415
1.50206
-0.166631
-0.352558
0.00215433
-0.511146
0.38461
-0.151692
-1.5159
-0.29429
-0.693613
-1.4854
-0.714471
-0.198014
-0.800774
0.503571
0.483693
-0.972989
0.578835
-0.421968
-1.26569
-0.0422968
0.0672349
0.418299
0.977774
-0.590695
-0.402653
0.00948661
-0.608062
-1.37901
-0.123418
-0.212909
0.962916
-1.42291
0.345481
-0.837704
-0.0699314
0.426264
-0.217212
0.778838
0.181899
-0.132614
-0.301947
-0.269054
-0.559098
0.0160791
-0.600103
0.349903
0.0443948
0.874037
-0.466425
-0.157334
0.164382
0.146031
0.32798
0.0757123
0.318836
-0.432986
0.576608
0.302865
-0.045732
0.408528
-0.561229
-0.552041
-0.123084
0.759189
-0.310147
0.612813
0.324042
-0.62172
0.632522
-0.51706
-0.251432
0.56896
0.0627084
0.216974
0.0347299
0.155461
-0.719427
-0.14321
0.54756
-0.241495
0.213279
0.353729
0.675107
-1.81382
-1.86812
-1.8502
0.00222014
2.92393
0.942913
-0.723657
-2.98041
3.79946
1.82032
4.94167
-0.556418
-0.613552
-0.251706
0.864276
0.456738
0.892326
1.26669
-0.134784
-1.21794
2.08597
-0.181786
3.76059
1.09438
0.145333
1.60666
-1.66748
-0.208943
0.476898
1.9115
2.51149
-0.512205
3.44847
1.3505
0.276646
2.23458
0.299836
0.758526
0.0801846
1.98818
1.1499
-1.01541
-0.737045
2.10841
-2.86672
