#input normalization
0.160871 0.273018
70.0533 67.3757
9.56365 38.0637
7.95249 31.9423
0.0114908 0.0437621
0.0089383 0.0339663
0.273939 1.04515
0.645634 0.984976
0.870403 1.17916
1.09282 1.40596
1.34689 1.61625
1.62668 1.8223
1.89572 2.00288
2.15039 2.17061
2.40209 2.31987
2.64604 2.43361
2.87976 2.52399
3.10078 2.59463
3.3129 2.64136
3.46902 2.62551
3.62744 2.60989
3.74383 2.54487
3.83958 2.47079
3.92164 2.38596
3.99546 2.28585
4.00857 2.15326
4.01273 2.00649
3.9795 1.83963
3.89597 1.6476
3.79115 1.45907
3.69834 1.27562
3.58893 1.09599
3.44732 0.916924
3.28163 0.73915
3.11476 0.569483
2.9841 0.421046
2.80854 0.274972
2.67248 0.144037
2.51626 0.024842
2.3589 -0.0961402
2.21222 -0.209495
#output normalization
1 0
#neurons weights
-0.476047
-0.422169
0.246783
-0.345862
-0.156111
-0.0833441
-0.442866
-0.275025
-0.0385107
0.39321
-0.255055
-0.104216
-0.186417
0.224547
0.440413
-0.129963
0.0961796
0.37154
0.220774
-0.0785868
-0.337281
0.187469
0.0703545
-0.258697
-0.228852
-0.18288
0.175376
-0.414665
0.449142
-0.33293
0.033606
0.219276
-0.307927
0.0191289
-0.401886
-0.302594
0.0283359
0.420615
0.368866
0.47555
-0.474885
0.712614
3.15774
0.430722
-2.92837
1.21208
-1.45059
0.0105898
2.26669
1.39493
-0.98284
-0.741334
-1.84292
-0.303982
1.3004
0.0525865
1.35586
-0.737075
2.73891
2.76697
-1.27369
1.89699
-0.678925
1.86478
0.521695
2.41854
0.521915
-0.87527
-1.23826
-0.588931
0.239713
-0.644712
1.01861
-0.0749594
0.27008
1.36851
2.81214
-0.0518127
0.0942752
-0.526165
-0.320666
-1.82383
-2.07608
-0.607814
-0.260503
-0.0951234
-0.245317
-0.355805
0.0670413
0.47279
-1.05659
0.0863389
-0.365529
0.133198
0.35375
-0.600644
0.115879
0.437338
-0.159144
-0.115632
0.093883
0.200823
-0.251292
0.318686
-0.206051
-0.283078
0.107341
0.363351
0.253818
0.0391367
0.0766072
-0.098513
-0.143089
0.223136
-0.14945
0.401684
-0.119057
0.0840093
0.307943
-0.0424561
0.25634
0.154993
-0.686419
-0.247713
0.701623
#synapses weights
-0.501422
-0.174446
0.189611
0.0147624
0.432298
-0.16628
0.244189
-0.285414
0.0892338
-0.0815956
0.78113
0.218729
0.0700316
-0.596606
0.448825
0.223495
-0.0772399
0.0281597
0.0517171
-0.675702
0.200624
-0.479538
-0.878623
0.0660805
-0.360106
0.310338
0.40007
-0.576232
0.751744
0.0270833
0.159762
0.0968639
-0.975996
0.616127
-0.315447
0.503016
0.123851
0.107896
-0.344063
0.541433
-0.823199
-0.0510712
-1.41178
1.35775
-0.176723
0.520212
-0.456552
-0.0402368
-0.175808
-0.209058
-0.0073195
-0.548859
-0.112805
-0.236741
0.978772
0.503451
-0.540133
-0.189689
-0.158681
-0.167731
0.20805
0.446889
-0.114465
-0.164642
-0.379909
0.0782534
0.355313
-0.0175691
0.260822
-0.286369
0.325755
-0.126497
0.365718
-0.0931403
0.260229
0.0264463
-0.357045
-0.0175323
0.0744953
0.945314
-0.37985
-0.191992
0.64237
0.758915
0.262761
0.120133
-0.177532
0.091645
-0.264106
-0.117849
-0.28335
0.291597
0.333967
0.103766
0.975243
0.552876
1.13079
0.252669
0.843394
0.30118
-0.507844
0.0839362
0.0184105
0.414137
-0.184756
0.0408933
-0.159059
-0.441084
-0.25462
-0.073557
-0.0228269
-0.0033546
0.59887
0.187226
-0.386578
-0.204769
-0.262762
0.536525
0.143059
0.356437
-0.140192
0.715413
0.0845966
1.44149
0.842764
0.337714
-0.126517
-0.438115
0.266563
0.127421
0.0742983
-0.541681
0.681285
-0.408823
-0.627132
0.612383
-0.0306691
-0.0390974
0.462192
0.303155
0.350853
0.483843
-0.471573
0.468657
-0.74651
0.196663
-0.296514
0.173986
-0.0998467
-0.123182
-0.264195
0.300297
0.154798
-0.574456
0.486719
-0.422946
-0.327185
-0.241712
0.231766
0.442388
0.746519
-0.384511
0.506368
-0.0211867
-0.416364
-1.33194
0.678876
-0.190453
0.205984
-0.262819
-0.263587
0.458388
-0.350162
0.524007
-0.248506
-0.267209
0.330039
-0.467257
-0.137005
-0.0999775
0.0866864
0.437467
-0.443144
0.868423
0.0147846
-0.322979
0.505938
0.380768
0.642555
-0.023431
-0.958112
-0.510655
-0.0722293
0.576642
0.794409
0.391142
-0.203894
-0.66238
0.312998
-0.165469
-0.545421
0.564216
0.0344406
-0.427192
0.368529
1.05749
0.812546
0.335557
-0.14743
-0.131291
0.269085
-0.174155
0.251841
0.0847852
-0.406308
0.427383
0.0340672
-0.601188
0.373752
0.260874
-0.258841
-0.245672
0.244388
-0.179893
-0.00256921
0.284021
0.0666355
0.0598543
0.24709
0.246498
0.0207827
-0.0787252
0.0604607
0.0883767
0.110511
0.531048
-0.217861
0.710104
0.239452
-0.586643
-0.152602
-0.31472
-0.135108
0.0091895
0.512835
0.346615
-0.584149
-0.142525
-0.0626849
0.0250958
0.0826686
-0.118816
0.116328
0.230498
0.0969996
0.391877
-0.00119914
-0.883638
-1.08488
-0.153261
0.256996
0.0307926
0.33488
0.0218876
-0.513583
-0.153229
-0.0286109
-0.121455
0.0347574
-0.415761
-0.156779
0.256233
0.223915
0.132666
0.300632
0.00652762
0.0454267
-0.307228
-0.221921
0.298966
0.0273346
-0.169935
-0.580044
-0.236423
-0.229451
0.14425
-0.591703
-0.646254
-0.478275
0.200447
-0.0200004
0.180276
-0.189648
0.360082
0.689212
0.391969
-0.414022
0.210453
-0.90444
-0.228162
0.90019
-0.453774
-0.268195
-0.292702
0.00482924
-0.351855
-0.524823
-0.00176356
-0.16392
-0.0732724
-0.361138
-0.00861076
0.223968
0.378572
0.425772
-0.284581
0.313924
-0.0414216
-0.125
0.266387
-0.499899
-0.689558
-0.370679
0.471597
0.216717
0.284264
-0.465065
-0.20586
-1.29508
-0.77549
0.305633
-0.179864
0.266631
0.0814634
0.229313
-0.0624902
-0.0135604
0.242842
-0.441941
-0.251508
0.22896
0.0336153
-0.114294
-0.162946
0.0955375
-0.170626
-0.22371
-0.514995
-0.0466607
-0.48546
-0.725826
-0.458679
-0.0122813
0.0840485
-0.410426
0.31914
-0.179935
0.69208
-0.0844216
-0.215816
0.0412198
0.0066366
0.128284
-0.443358
-0.179998
0.159982
-0.147387
-0.514692
-0.638965
0.0458513
0.214473
-0.152765
-0.194668
0.302816
0.0585752
0.130415
-0.168807
-0.194365
-0.0781814
0.183974
-0.00475402
-0.0226335
0.487668
-0.349632
-0.325184
0.31918
-0.258025
0.0194127
0.362095
-0.266241
-0.68708
-0.364716
-0.148216
0.191296
0.0842803
-0.220164
0.413707
1.0195
0.706907
0.435385
-0.105354
0.159287
0.316598
0.234523
0.350526
0.0184517
0.244201
0.266244
-0.304456
0.304016
0.585439
0.341934
-0.42657
0.0966329
0.299957
0.103749
1.17561
-0.16526
0.268394
-0.787645
0.804678
-0.488838
0.0496299
0.259758
-0.815458
0.528011
-0.744618
1.03061
-0.0427097
-0.246479
-0.130589
0.106673
0.00178389
0.19969
0.255135
-0.0629835
0.0532624
-0.191639
-0.193024
-0.375142
-0.289024
0.115448
0.297196
-0.180982
-0.443562
-0.0891989
-0.0706644
0.294406
0.623278
0.238338
0.301827
-0.3753
1.6897
-1.52242
0.526335
0.259991
0.0677036
0.0471643
0.0729634
0.123174
-0.0836315
0.143618
-0.675246
0.351068
-0.208204
0.261315
0.0496432
0.242852
-0.704653
-0.0803574
0.469841
0.175343
-0.317213
-0.134871
-0.64936
0.295137
0.244508
-0.696603
-0.424152
-0.186417
-0.208939
0.124643
0.392355
-0.234233
0.269425
-0.420232
-0.183904
-0.247941
0.0894026
0.993444
-0.30833
-0.509885
0.45149
0.217474
-0.256932
-0.0500594
-0.0637331
0.753885
0.179579
0.189529
0.0930685
0.783236
0.353262
0.0176086
0.353943
-0.292821
-0.0968262
-0.0792922
0.224377
0.345826
-0.266922
-0.300696
0.146721
-0.283621
-0.189291
-0.0706518
0.272972
-0.386201
0.200817
0.229222
0.34985
-0.0993674
0.160428
-0.12251
0.291872
0.0344844
0.223151
-0.17187
-0.0791556
0.194328
0.154853
0.324417
0.146821
-1.75834
0.101267
-0.222531
-0.834938
0.230803
-0.5265
0.620687
-0.183045
-0.0403798
0.159702
-0.000788746
-0.459046
0.203066
0.0362844
-0.774522
0.727366
0.245537
0.200857
-0.56578
0.196777
-0.340604
-0.177592
-0.251113
0.153809
-0.250195
0.454852
-0.634315
0.249911
-0.00978023
0.0217221
0.30962
-0.0302296
-0.494937
-0.113907
0.0143733
-0.533671
0.243688
0.272186
-0.357152
-0.383685
-0.485506
0.00862967
0.390736
0.269504
-0.354915
-0.201684
0.274901
-0.101417
-0.150595
0.0425175
-0.017385
0.218666
0.690874
0.118122
0.78662
1.16867
0.687985
0.443183
0.104032
0.421836
-0.326988
0.226225
0.499601
0.2945
-0.051653
-0.241502
-0.0211404
0.394861
-0.171847
-0.279326
-0.612203
-0.688676
-0.195117
0.335992
0.222676
-0.624641
-0.170374
-0.240091
-0.608231
0.136851
0.442678
0.185145
-0.145069
-1.843
0.0282043
-0.37216
1.24577
-0.315806
0.198836
0.0892613
0.380105
0.0583392
0.299159
-0.502372
0.175324
-0.28368
0.459816
-0.0569764
0.26506
-0.0654054
-0.270665
0.178252
-0.17032
0.394137
0.328959
0.289727
-0.169473
0.129021
0.377183
0.532759
0.0513114
-0.143655
-0.298761
-0.0292548
0.199698
-0.246079
0.119231
-0.0992533
-0.0254434
-0.599223
0.792517
-0.139922
-0.108658
0.908922
-0.0305451
-0.190591
0.0321718
0.393467
-0.0268592
0.190789
0.384385
0.329534
0.577658
-0.00479418
-0.180233
0.726709
-0.0884504
-0.392149
0.320153
0.375794
-0.666915
-0.625643
0.233648
-0.113253
0.251771
-0.293672
-0.247237
0.114281
0.691206
0.476401
0.296773
-0.467913
0.328725
0.0967164
-0.241439
0.271135
0.199579
0.455536
-0.283339
-0.325043
-0.0767249
-0.0119714
0.572042
0.0754427
-2.15538
-1.21636
-0.0238697
-1.07223
1.37254
-0.0565912
0.0365527
-0.189063
-0.543983
0.0256609
0.26911
0.450889
-0.205033
0.124487
0.0727842
-0.0344977
-0.182714
-0.020296
0.0943545
-0.396404
-0.245274
-0.0253865
-0.0900264
-0.295062
0.254778
0.104663
0.648704
-0.111655
0.656823
0.419588
-0.621425
0.100843
0.651774
-0.340463
0.159368
0.203488
0.480077
-0.50083
0.171431
-0.615007
-0.236144
-1.09592
-0.704758
-0.170606
-0.54294
0.374527
-0.0436918
0.0450652
-0.141319
-0.499878
0.185847
-0.387821
0.198407
-0.504452
-0.20951
-0.246316
-0.317267
-0.326329
0.241074
0.999143
-0.766422
-0.277173
-0.203392
-0.201575
-0.420254
0.244766
0.276468
0.43977
-0.274177
0.357285
-0.246281
-0.462191
0.15804
-0.131408
0.499225
-0.203456
-0.0587326
0.447929
-0.122413
-0.458992
0.336814
-0.0154349
0.0719741
0.905317
0.180513
-0.119726
-0.158302
0.205393
0.120437
-1.1506
0.138421
0.22079
-0.144875
0.0152687
0.110997
-0.661456
0.184143
-0.176564
0.201497
-0.333146
-0.325883
-0.486868
0.296877
-0.168573
-0.0199973
0.490883
0.212109
0.425336
0.462213
-0.0544897
-0.0539098
0.193667
0.322907
0.0991187
-0.143966
0.426699
-0.0158283
0.146323
0.49758
-0.578173
-0.0456244
-0.312948
0.172757
-0.29661
-0.127746
1.70876
-0.794259
0.897575
-0.0807306
-0.364641
-0.161123
0.990203
-0.205654
-0.155072
0.303408
-0.238113
0.0693497
0.425243
-0.425714
0.398674
0.044201
-0.379638
0.391279
0.541522
-0.204726
-0.0562176
0.476715
-0.0771238
0.0044911
-0.292706
0.140651
0.344469
-0.135304
-0.259583
-0.266364
-0.16054
-0.244303
0.634476
-0.20672
-0.320775
0.151227
-0.196268
-0.0273153
0.0678488
-0.992141
1.12926
-0.77149
0.307838
1.00524
0.0290214
-0.21591
0.282199
-0.35455
0.481794
-0.0774605
0.121378
-0.511177
0.0366325
-0.133621
0.619677
-0.554718
-0.163434
0.278036
-0.211697
-0.0284765
0.0919853
0.354868
-0.170913
-0.0367164
0.0642615
-0.461745
-0.0224298
0.278793
-0.284776
0.102313
-0.017018
-0.285564
0.169049
-0.214325
-0.500634
0.252235
-0.43811
0.0612819
-0.475515
0.395386
-0.562617
-1.21258
-0.29885
-0.00829898
0.607145
-0.24815
-0.102075
-0.169831
0.494255
-0.991755
0.261024
-0.0598722
-0.15823
-0.419828
0.00599288
0.187562
0.486719
-0.126709
-0.00667026
0.269188
0.494711
-0.164972
0.586662
0.00461957
-0.694991
0.177261
-0.0956918
-0.101569
0.281965
-0.280258
-0.00605421
-0.44935
0.36452
0.0387867
0.0322216
0.178745
-0.673275
-0.583628
0.223898
0.849349
1.2793
0.196661
0.781194
0.199671
0.501449
-0.0965572
-0.0744378
-0.223473
-0.121383
0.222617
0.0146021
-0.223234
0.116548
-0.528712
0.0788318
0.22589
-0.212021
0.0359164
0.843096
0.460817
0.902148
0.810871
0.432473
0.145708
0.27749
0.270811
0.406878
-0.122226
-0.00621117
0.545361
-0.154227
-0.093701
0.363645
0.261505
-0.468562
-0.0802293
0.334585
-0.293236
-0.531558
0.266845
0.133577
-0.22589
-0.618305
-0.656905
0.0610259
-0.672837
0.0361169
-0.25512
-0.401556
0.0678434
-0.0668729
-0.0668839
0.0708225
0.182731
0.358907
-0.469428
-0.0718256
0.695585
-0.648358
0.167306
0.173298
0.225909
0.0648502
-0.141329
-0.00538499
0.256232
-0.0792015
-1.0913
-0.298226
0.666438
-4.34146e-05
-0.828702
0.228028
0.033522
-0.0233677
0.271723
-0.281777
0.14772
0.31531
-0.381138
-0.581329
0.874806
0.0453222
0.423162
0.551372
0.301929
-5.36042e-05
-0.211011
0.25745
-0.0773829
-0.348763
-0.324726
-0.0868781
0.340289
-0.183651
0.0459648
0.528084
-0.00934128
0.143733
-0.159213
0.135476
0.661541
0.183467
0.58504
0.0518733
0.339054
0.815838
0.894895
0.643025
0.110461
-0.0657505
-0.102514
0.661031
0.428164
0.123452
0.44685
0.251352
0.711833
-0.226488
0.0665388
0.156364
-0.050113
0.151984
-0.162217
0.553821
0.880597
0.089268
0.18261
0.137772
0.0670436
0.00103078
-0.0197717
0.235962
0.327194
-0.42537
-0.271212
0.810723
-0.384044
0.279258
0.527613
-0.172588
0.0815916
0.192182
-0.517166
-0.351657
-0.00520353
0.233582
0.41631
0.185006
-0.0450364
0.283967
0.0718478
0.00570738
-0.101629
0.0480593
-0.571523
-0.0162479
0.288072
-0.131661
0.709211
-0.252291
-0.140773
-0.344883
0.227386
0.443662
0.336968
0.999924
0.57697
-0.255872
-0.350221
-0.066237
0.0989135
0.201618
-0.280885
-0.334576
0.212686
-0.186763
0.544261
-0.500342
-0.36632
0.229444
0.113703
0.411126
0.00597379
-0.195302
0.460663
-0.158491
-0.113678
-0.0265492
-0.121167
0.0227325
0.325665
-0.104403
0.546165
0.194353
0.271643
0.0154018
-0.348499
0.0197539
-0.46562
0.506176
0.0996382
0.0779543
-0.0910355
0.366244
0.262133
-0.098265
-0.217487
0.280064
0.0117067
0.581583
-0.379493
0.0241814
-0.269925
-0.00170331
-0.464119
-0.616904
-0.44717
0.0772991
-0.361265
0.245546
-0.54394
0.0467277
0.227823
0.278529
-4.22024e-05
-0.0222872
0.555673
0.385318
-0.185827
0.163668
-0.175018
-0.154829
0.297013
0.230532
0.815622
0.240993
0.51369
0.519812
-0.0365816
0.223582
0.102722
-0.0185471
0.200451
0.143804
0.553808
0.0935327
0.0028516
-0.639105
-0.0769881
-0.190939
-0.174683
0.330162
-0.829057
0.389725
-0.220316
-0.521179
-0.180032
-0.0598934
0.35102
0.00320426
0.542811
0.179904
-0.118371
-0.793335
0.0891927
-0.352554
0.00745127
0.165661
-1.02225
-0.618183
-0.152543
0.345488
0.502225
-0.00842625
0.165227
-0.160753
-0.0356596
-0.0746517
-0.108064
-0.424523
-0.145698
0.22609
-0.078477
-0.0161845
0.152033
-0.185979
-0.0360274
0.139537
0.836103
-0.189853
0.386219
-0.132632
-0.145022
-0.228092
0.0769931
0.0822547
-0.207258
0.752477
1.21111
-0.402997
-0.292252
0.34266
0.256331
0.606026
-0.732251
0.186027
-0.00234629
-0.510894
-0.303079
-0.0552048
-0.157735
-0.747809
0.26647
0.335043
0.281519
0.128428
0.372433
-0.0131154
0.100422
-0.00874838
-0.364397
0.319309
-0.151422
0.286977
-0.216218
-0.0993146
-0.317137
0.188641
-0.109343
-0.970235
-0.0473158
0.00517021
0.661951
-0.472841
0.106054
0.181714
-0.714687
-0.282049
0.266774
0.351471
0.498832
-0.0976746
-0.326158
0.474142
-0.178714
0.32938
-0.360207
0.100528
-0.213587
0.507049
0.00157699
0.0835315
0.0190186
-0.497059
-0.283226
0.0572159
0.467973
-0.143561
0.634365
-0.124063
0.0687362
0.37543
-0.394094
-0.0427353
-0.0489109
0.120445
-0.102859
-0.133449
0.0152315
0.428798
0.850116
0.426015
0.0938993
-0.216152
0.536624
-0.12993
0.0989393
-0.0521888
-0.284368
-0.64884
0.0876558
-0.12166
0.0667512
1.01599
0.241398
0.482572
-0.013629
0.283888
0.59243
0.203132
0.578655
0.601417
-0.296949
-0.28356
0.053181
0.129602
0.0179373
0.234289
-0.239733
-0.0628993
-0.0518648
0.0517233
-0.285826
0.265373
-0.000436476
0.302002
0.103655
-0.143944
0.339107
0.388761
0.693224
0.781328
-0.113094
0.086823
0.315014
0.203825
-0.0161682
0.723765
0.639627
0.183362
0.645797
-0.657615
0.0355006
0.273663
-0.147602
-0.326166
0.213855
-0.03063
-0.101927
-0.14103
0.152845
0.317836
0.340891
0.298951
-0.00302476
0.0840671
0.167225
-0.11773
0.365518
-0.38447
-0.331461
0.251211
-0.266604
-0.117859
-0.0765185
0.285375
-0.115544
-0.292416
0.461453
0.638533
0.0711963
-1.04904
-0.72841
0.216301
-0.438927
0.883117
0.524019
0.11733
-0.245615
-0.161375
0.774587
-0.175754
-0.445886
0.400283
0.224875
-0.180844
0.355163
0.48136
-0.510598
0.00382177
-0.031478
0.498288
-0.551073
0.227317
0.196474
-0.620194
-0.294738
-0.124957
-0.335167
-0.0563169
0.424586
-0.725019
-0.292559
0.808198
-0.536058
0.189683
-0.0614378
0.492249
0.346095
0.333336
-0.480159
-0.258206
-0.443269
-0.910381
0.716669
-0.709726
-0.297957
-0.78951
0.252784
-0.0403634
0.417613
-0.470648
0.0469413
-0.664012
0.217329
0.601859
-0.738122
0.608109
0.066955
-0.027095
0.185278
-0.144275
0.325584
0.461054
-0.0655082
-0.874842
0.0171819
1.0761
0.0966554
-0.82213
-0.845431
-0.175294
0.660009
0.455555
-0.241417
0.175834
0.0113218
0.68799
-1.05056
0.674142
-0.199055
-0.314235
-0.128239
0.304632
1.02593
-0.676691
-0.142826
-0.341367
0.212877
0.609154
0.789592
-0.196098
0.675003
-0.442317
-0.3193
0.165252
-0.414664
-0.277682
-0.200309
0.351909
0.212997
0.438852
0.025079
0.433703
0.441767
0.507698
0.482971
0.672176
0.00244759
0.508338
0.458197
0.573002
0.354993
0.152037
0.124385
0.388893
-0.163569
0.671015
0.387358
-0.250854
0.255964
-0.124194
-0.121341
0.615506
0.0332523
-0.504645
-0.444576
0.251549
-0.211377
0.120125
0.250481
0.601051
-0.189003
-0.470409
0.330313
0.397117
0.447873
-0.478064
0.0405977
-0.591905
-0.542
-0.619973
-0.445597
-0.213859
-0.0410545
-0.422826
-0.0541011
-0.287289
-0.324534
0.155546
-0.0613321
-0.545426
-0.132783
-0.812474
-0.0260789
-0.0450602
-0.396938
-0.234803
-0.398147
-0.968906
-0.0256919
-0.376201
-0.24028
0.0356752
-0.655911
0.425152
-0.532195
-0.933824
-0.0423464
-0.523779
-0.182542
0.196976
-0.33559
-0.408556
0.0165792
0.237426
0.410262
0.0565715
0.417697
0.644654
0.396576
0.407164
-0.533579
-0.229554
0.298059
-0.0318732
0.0952919
-0.693173
-0.0192438
-0.625267
-0.65481
-0.124313
-0.43826
0.294658
-0.0106397
-0.437107
0.250884
0.455137
0.412713
0.301255
-0.329667
0.304215
-0.63792
0.0111189
0.343029
0.121508
-0.00537506
0.523213
0.335118
0.3917
0.353068
-0.0698525
0.318496
0.49733
-0.10162
0.223088
0.0282799
-0.204094
0.494409
0.271735
0.677761
0.0678356
0.603424
-0.00184961
0.82659
0.15152
0.402074
0.410066
0.733798
0.262532
-0.0456139
0.0844189
0.388681
0.690182
0.281307
0.530198
-0.135132
0.688694
0.419228
0.178137
0.628226
0.131318
-0.028663
0.437703
-0.307937
-0.251372
0.357766
0.00265434
1.30967
0.344977
-0.158533
-0.957667
0.300487
0.00774442
-0.459555
-0.380053
0.0438322
-0.482823
-0.51563
0.507924
-0.285785
0.247314
-0.0904228
-0.665231
0.378697
-0.185926
0.103263
0.306678
0.0673861
-0.599552
0.113775
-0.48576
0.094416
0.0930782
0.262681
0.166941
-0.110413
0.336386
0.245619
0.547255
-0.243717
0.399299
-0.563481
-0.549895
-0.830774
-0.787451
-0.117445
0.958657
-0.452172
0.161754
-0.863829
0.153464
1.02459
0.255126
0.0677859
0.219698
0.0991085
-0.525519
-0.135241
0.337048
0.174124
0.365053
-0.0561217
-0.305263
0.650828
0.384435
-0.694765
0.0298094
0.0397535
0.226035
-0.056346
-0.419083
-0.482487
-0.324763
0.800548
0.260022
-0.44925
0.0836082
-0.157223
-0.555893
0.305891
-0.369169
0.786117
0.215284
-0.517839
0.404039
0.237833
-0.291521
0.283383
-0.127809
-0.225506
-0.24117
0.249446
0.389092
0.103737
0.184995
-0.325722
-0.123662
-0.238594
-0.264976
-0.567566
0.250051
0.42453
-0.507042
-0.328072
-0.544463
-0.144519
-0.195374
-0.509705
-0.568575
-0.367351
-0.416807
-0.238054
-0.0254422
0.0638634
-0.505165
-0.196381
0.193001
-0.0180579
0.146188
-0.293524
-0.522745
-0.399778
0.138156
0.248009
-0.083635
-0.621393
-0.32185
0.0450384
-0.230173
0.40275
0.0131017
-0.290344
-0.354032
0.411159
0.238391
0.347783
0.0276719
-0.655209
-0.374041
0.378229
0.0459365
0.168604
0.267556
-0.285848
-0.411856
-0.515504
-0.0163978
-0.102236
-0.383331
-0.175644
-0.130131
0.639283
0.03366
0.0932316
-0.212969
0.335902
-0.157717
-0.277617
0.375908
-0.454948
0.208962
-0.238026
0.196105
0.239026
0.327034
-0.641024
-0.123273
-0.168246
-0.0634127
0.235266
0.0603259
0.549476
-0.616387
-0.793202
0.513082
0.165911
-1.09666
0.0510451
-0.320669
-0.783722
-0.9194
0.0219343
0.871108
0.10075
0.587197
-1.06157
-0.312799
-0.512101
0.230086
-1.50507
-1.40644
0.0659579
-1.39465
0.138382
-0.94317
-0.484725
-0.951765
-0.347156
0.811424
0.0417814
-0.170505
-0.94131
-0.111707
-0.825404
0.832018
0.25875
-1.50884
-1.01131
0.153735
0.242024
0.0746414
0.522824
-0.077214
-0.121022
-0.107506
0.368111
0.174005
0.179284
0.553521
0.208279
0.186192
0.516867
0.312384
0.195686
-0.622376
-0.785402
0.33567
-0.226175
-0.475482
0.0959479
0.226419
0.593901
0.0510896
-0.259133
-0.0274117
0.207403
-0.168278
-0.273053
0.785087
0.0267324
-0.161337
0.28661
-0.472312
-0.215848
-0.0651603
0.708055
0.0333554
0.194074
-0.0355375
0.287147
0.0733595
0.348432
-0.291342
0.556101
-0.617034
0.223656
-0.0806304
-0.073212
0.754798
0.114356
-0.21337
-0.382579
-0.157418
-0.307111
0.244428
0.432106
0.0345766
0.344431
0.283409
0.489619
0.0565189
0.101411
-0.269498
-0.0829725
-0.0782822
0.729158
0.370396
0.332473
-0.071228
-0.0767683
0.0148072
-0.0465939
0.0123968
0.574254
-0.67274
-0.0152805
0.727449
0.0109814
0.15634
0.0521801
-0.371772
-0.485007
0.335242
-0.140829
0.553145
-0.303122
-0.372471
0.0644847
0.586449
0.475071
0.161268
-0.0211349
0.102436
-0.0957456
0.33617
0.315767
0.144151
-0.145718
-1.01431
-0.398299
0.499748
-0.400159
0.175271
-0.0458679
-0.398321
-0.00154538
-0.00901862
-0.0738451
0.0414107
-0.277479
0.479721
0.188271
0.0229392
0.000107673
0.000311578
-0.656367
0.352872
0.139538
-0.405538
0.193185
-0.600003
0.0398065
0.549996
0.516207
0.210584
-0.710809
0.063653
0.462406
-0.37556
-0.739969
0.37915
0.229426
0.536838
0.595565
0.112655
0.0252437
-0.111385
-0.0763878
-0.185996
0.257332
-0.0805367
-0.222999
-0.282113
0.244076
0.537495
-0.311929
0.478336
0.0632251
0.435021
0.510112
0.0855571
0.462849
0.0961128
0.159669
0.529726
-0.0528881
-0.0123995
0.359188
-0.066662
0.536155
0.415725
-0.239387
0.0261168
-0.0520509
-0.0266909
-0.248956
0.196612
-0.278851
0.52725
-0.19211
0.548103
0.534899
-0.914952
-2.24675
0.321045
1.0391
-1.1824
0.644316
-0.767089
-1.2735
-1.10134
-0.269531
0.270218
0.553222
0.194242
-1.80082
-0.211383
-1.8372
-0.104179
-1.72579
-1.77741
0.310264
-1.79526
-0.382592
-1.67118
-1.04683
-1.78081
-0.799978
0.473777
-0.0541444
0.143836
-1.46887
0.289169
-1.49004
0.37024
0.0827755
-1.88207
-1.80967
-0.152854
-0.870723
0.10929
0.0456242
0.0822432
0.104417
-0.272222
-1.28725
0.637714
0.422099
-0.867189
0.320087
-0.677344
-0.327114
-0.795723
-0.446695
-0.0558165
0.161116
0.427083
-0.95608
-0.27979
-0.330494
-0.197965
-1.28988
-0.136084
-0.0548871
-0.658161
0.316184
-0.816485
0.046182
-0.924233
0.18959
0.0129196
-0.221566
0.473227
-0.217506
0.565143
0.0810124
0.251981
0.639186
-0.241174
-0.792447
-0.0250038
0.465856
0.899265
-0.017709
0.87226
-0.483234
-0.316284
-0.256212
0.0372628
0.140493
-0.716314
-0.432916
0.0835585
0.129898
-0.709257
-0.0537151
0.31522
0.539997
-0.43226
0.128738
-0.0867438
-0.0842088
0.142241
0.0121153
-0.788929
0.531634
0.139932
0.205456
-0.182128
0.0015156
-0.352936
0.218799
0.458247
-0.473069
-0.171195
0.0648527
0.365169
0.048724
-0.174065
-0.142896
0.215233
-0.49153
0.281571
-0.145481
0.347667
0.229692
0.256886
-0.0181841
-0.518109
0.32871
0.283485
0.0409518
-0.488155
0.374221
-0.328572
0.0282778
-0.263592
-0.156429
-0.0916994
0.296728
0.136268
-0.0345641
0.119884
-0.682281
0.208723
0.562759
-0.304095
0.476939
0.219928
0.239387
-0.76098
0.0317388
0.13665
0.211399
0.487118
0.680206
-0.224293
0.400272
-0.0633047
0.00818272
0.102252
0.338668
0.028341
-0.372614
0.262441
-0.0227945
-0.243221
0.0701841
0.272002
0.0663473
0.0877817
-0.158819
-0.195139
0.332041
0.0853495
0.301152
0.269292
-0.133202
-0.479282
0.37651
0.365232
-0.104632
-0.100799
0.536189
0.161858
-0.584164
-0.114402
0.479503
-0.189117
0.0685447
-0.0966139
0.17256
-0.342221
0.666937
-0.149524
0.509271
-0.231271
0.29329
0.404439
-0.50813
0.112555
-0.158121
0.108422
0.189304
-0.260098
-0.335822
0.705129
0.189974
-0.313812
0.405346
0.446989
-0.0674664
-0.857202
-1.67404
0.0131677
0.777053
-0.80258
0.664732
-0.573512
-0.411385
-0.968971
-0.521443
0.481713
0.779883
-0.230543
-1.20516
-0.324269
-1.11263
-0.448382
-1.9721
-1.48406
0.672612
-1.21092
-0.124371
-1.22994
-0.987095
-0.58796
-0.103069
0.340456
0.719798
0.292344
-0.461381
-0.0799235
-0.861831
0.375991
-0.124677
-1.48961
-1.47622
0.119046
-0.796537
0.179827
0.137211
0.36845
0.35233
0.0337831
-0.694156
-0.171339
-0.334026
-0.211095
-0.188555
-0.630309
-0.313836
0.281032
0.176082
-0.301483
0.812372
-0.118934
-0.335001
0.272083
-0.314604
0.137417
-0.63735
-0.0389306
-0.312941
-0.154473
0.353761
0.327094
0.275778
-0.550732
0.259164
0.0814469
-0.476118
-0.117919
-0.00730339
0.566714
-0.621504
0.54594
-0.17083
-0.694891
-0.521244
0.419822
0.0351537
0.0478527
-0.46198
0.175441
0.382674
0.505597
0.337981
0.218386
-0.13242
0.712425
0.0155174
0.377532
0.431206
-0.067177
0.290893
-0.552634
0.138378
0.190453
0.250484
0.563796
-0.295867
0.45377
0.474349
0.549607
-0.077039
-0.181692
-0.332173
-0.0957639
-0.251794
0.705128
0.107363
-0.229775
-0.403832
-0.0678176
-0.014979
0.0819962
0.189879
-0.432153
-0.295738
0.0249273
-0.182632
0.352852
-0.169844
0.17143
0.231583
-0.579112
-0.591016
-0.631403
-1.49577
0.0235079
0.516787
-0.932763
0.430483
-0.692281
-0.460674
-0.639641
-0.260308
0.368905
0.353708
0.0921649
-1.19397
0.0181906
-0.782975
-0.110834
-1.194
-1.06324
0.628822
-0.966226
0.0915498
-0.0849427
0.0197683
-0.907151
-0.316642
0.0131102
0.707635
-0.22685
-0.451292
-0.00328964
-0.418808
0.0647964
0.101974
-0.695155
-0.730544
0.168857
-0.0484489
-0.168552
0.121555
0.00547147
0.331088
-0.526948
-0.36989
-0.0353092
0.270889
0.267925
0.275875
0.281576
0.303935
0.210871
0.47792
-0.0351975
-0.055974
0.179596
0.462652
0.726242
-0.547125
0.0501639
-0.0362567
-0.0755567
0.37255
0.207435
-0.00908847
0.0403115
0.107826
0.382503
0.473593
-0.132774
0.0830465
0.0864958
-0.141762
0.642462
0.0468877
0.599821
0.208662
0.155128
0.444029
-0.440657
-0.515962
-0.441602
0.414158
0.471115
0.22814
0.015788
1.12638
0.406613
-0.0342293
-0.212476
0.386281
0.425586
0.320749
0.78272
0.131315
0.0972639
0.243778
-0.0369309
0.439105
0.183048
0.152348
0.503995
0.945653
0.0395102
0.430859
0.345581
0.145709
0.787069
0.55787
0.913755
0.0615523
0.103903
-0.442956
0.118333
0.710865
-0.0666823
0.369147
0.208322
0.322764
0.489122
-0.0645383
-0.102949
-0.208285
-0.12044
0.2146
-0.0181604
0.137439
-0.361386
0.218554
-0.515806
-0.472991
0.750798
-0.604672
0.52846
0.366734
0.414079
0.378428
-0.373134
-0.630713
-0.448802
0.85428
0.632652
0.754961
-0.368431
0.916643
0.872536
0.0844595
0.233543
-0.464217
0.222122
-0.238849
0.360805
-0.286804
-0.582817
-0.316925
0.192622
0.0547834
0.13895
0.340004
0.137329
0.0459945
0.544023
0.168487
0.424707
0.0142186
0.18479
0.343655
0.222647
-0.160432
-0.299271
-0.269976
-0.0583244
0.546852
-0.0483332
0.718524
0.28548
-0.379412
-0.519156
0.341516
0.121779
0.929739
0.281834
-0.266901
0.344703
-0.183774
-0.227822
-0.385426
-0.185139
0.663612
-0.144071
0.188143
-0.434589
-0.128584
-0.109138
0.233691
-0.0480725
0.41159
-0.303145
-0.708778
0.544768
-0.387109
0.219141
0.188306
0.034588
0.0586738
0.352827
0.144254
-0.475648
0.155568
0.332587
0.378783
0.135118
-0.477655
-0.528564
0.413983
0.345812
-0.460239
0.440112
0.0384193
-0.0943504
-0.523552
0.334639
-0.106647
-0.472634
-0.123275
-0.384399
0.421151
-0.520826
-0.0388356
-0.141222
0.447944
-0.194916
-0.00307593
0.321165
0.325388
-0.111574
-0.0748063
0.345334
-0.473605
0.215968
-0.389702
-0.462633
0.262526
0.00112603
-0.114207
-0.535941
0.304731
-0.428453
-0.458277
-0.0187997
0.165586
-0.349293
-0.361853
-0.382778
-1.46524
0.056002
0.273225
-0.422881
-0.443719
-0.221011
-0.591365
-0.65369
0.030752
0.538519
0.541202
0.423808
-1.02032
-0.232156
-0.884333
-0.120143
-0.92554
-1.1593
0.499688
-0.22299
-0.304885
-0.0122584
-0.476757
-0.770466
-0.772276
-0.243602
0.313143
0.338268
-0.555632
0.0276571
-0.537862
0.733186
0.453105
-0.911217
-0.336815
-0.0418761
0.100992
0.104919
0.230574
-0.189567
-0.209288
0.470977
-0.670243
-0.0582461
0.754246
-0.417365
0.435998
-0.0367142
-0.41652
0.152554
0.0528802
0.511363
0.581021
-0.57395
0.251004
-0.769206
-0.642317
0.372201
-0.0838648
-0.324381
0.0193383
-0.172313
-0.168024
-0.576346
-0.319528
-0.520868
0.411823
0.281186
0.378609
0.139707
-0.217256
-0.59815
-0.589172
-0.466738
-0.292168
0.224592
0.0796193
-0.166669
-0.198265
0.428717
0.134737
1.04093
0.207344
-0.202077
0.132881
0.223604
-0.348585
-0.303583
0.333921
-0.00230314
-0.165223
0.41982
0.435803
-0.382641
0.156179
-0.44023
0.104317
-0.148186
0.324949
-0.195407
0.211745
-0.250852
-0.49716
-0.476122
0.482448
-0.386025
0.512488
0.130669
-0.380086
0.253349
0.437076
0.0416277
-0.404465
-0.122117
-0.447705
0.114177
0.00918383
0.0301333
0.161719
-0.234921
0.21218
-0.423765
0.302929
-0.484656
0.278886
-0.256701
-0.270007
0.215002
-0.0956146
-0.0226821
0.173052
-0.00851725
-0.213561
0.197425
-0.176655
0.467626
0.279813
-0.380803
0.0016859
0.0511832
-0.0627623
0.470285
-0.448018
0.256293
-0.056999
0.0211516
0.371975
0.0770597
0.25968
-0.358693
0.383224
0.0331487
-0.218795
0.221424
-0.0253254
0.460317
-0.670761
0.0356541
0.473634
-0.0626678
-0.0206856
-0.207714
-0.173597
-0.379508
-0.378246
0.241378
0.419082
0.464294
0.187624
-0.488495
-0.811911
0.450913
-0.331932
-0.155501
0.660439
0.000914369
-0.156491
0.264425
-0.115018
-0.300183
-0.230031
-0.291265
0.538881
0.501362
0.641626
-0.0167229
0.458022
0.0635186
-0.580536
0.699471
-0.136703
0.100938
0.302723
-0.0299637
0.223288
-0.0116962
0.31356
-0.30151
0.0766313
-0.0800441
-0.00130316
0.774436
0.312077
0.360327
-0.207832
-0.249558
0.234926
-0.327319
-0.511174
-0.701527
-1.10772
0.281595
0.277688
-0.217867
0.630074
-0.625478
-0.718367
-0.92047
0.354253
0.41669
0.0602725
-0.189417
-0.263939
-0.436595
-0.608697
0.432963
-0.832643
-1.14953
0.265
-0.841294
0.173763
-0.352985
0.00169749
-0.988511
0.34179
0.0409748
-0.282495
0.18019
-0.0321025
0.0870256
-0.649194
0.101239
-0.354744
-1.24173
-0.998896
0.607822
-0.158988
-0.254599
0.240422
0.09184
-0.264785
-0.117831
-0.13172
-0.233391
-0.127377
-0.513738
0.282659
0.228497
-0.467186
0.0138845
0.138445
0.600563
0.461881
-0.137347
0.262816
-0.358001
0.047799
0.503651
0.130122
-0.269818
0.0447525
-0.00560583
-0.103168
-0.14828
0.529929
0.0118795
0.405119
0.137058
0.00536821
0.332799
-0.475903
-0.124421
-0.458325
0.346748
-0.214173
-0.55331
-0.123015
-0.0823931
0.148793
0.394384
0.0570915
-0.345169
0.368434
-0.0942638
0.472463
-0.495242
-0.481533
0.407869
-0.379335
-0.274713
0.620586
-0.111754
-0.362311
0.0633456
-0.317867
0.149379
-0.0288765
0.107178
0.573725
-0.140863
-0.269658
0.235941
-0.328924
0.401549
0.147712
0.15691
-0.111359
0.345161
0.392946
0.0753042
-0.198026
0.294191
0.494709
0.467312
0.395358
0.212583
-0.0697968
-0.189449
-0.309467
0.173134
-0.277933
-0.298818
-0.213107
0.324876
-0.0863946
-0.8923
-0.898348
-0.13952
-0.0454778
-0.373537
0.497326
0.298441
0.0623441
0.253127
-0.529686
0.436095
1.12114
-0.66887
-0.135624
0.371788
-0.98129
-0.752942
0.319381
-0.340522
-0.162178
-0.306036
0.376486
-0.352855
0.537689
-0.313024
-0.151969
0.41048
0.0188849
-0.542275
0.32008
-0.391489
-0.218024
0.452695
0.22317
-0.839563
-0.396828
0.524776
0.344814
0.030812
-0.0497821
1.1442
-0.0592909
0.535209
0.0309187
0.389989
0.134486
0.18691
0.276655
0.191785
0.336682
0.498434
0.295577
-0.130862
-0.207359
0.180794
-0.186991
0.234307
0.475733
0.221571
0.325597
-0.0972445
-0.134403
-0.24009
0.493439
0.434207
0.442503
0.322557
0.389947
0.582367
0.387024
-0.269962
0.0485858
0.676753
0.271392
0.161148
-0.0978501
0.0851097
-0.00877444
0.695038
0.554823
0.266659
-0.130202
0.289932
0.0488289
-0.22944
-0.211632
-0.320618
0.712588
-0.0421765
0.0100743
-0.109826
-0.497844
-0.786939
-0.231214
-0.107979
0.468823
-0.279695
-0.42198
0.389542
-0.186645
-0.527961
0.292423
-0.228361
0.230056
-0.0889292
0.176922
-0.250273
-0.425357
-0.181081
0.310183
-0.185151
-0.186951
0.129397
0.283879
-0.407882
-0.0908636
0.437602
-0.137961
-0.230894
-0.0923758
-0.404449
-0.291649
-0.0973894
0.16731
0.527615
0.535679
-0.218917
-0.138667
0.388055
0.70817
-0.213658
0.472259
-0.325117
0.0670472
-0.514798
-0.13475
0.165863
0.421756
0.0349885
0.300644
-0.0842197
-0.401872
0.524019
-0.198776
-0.061316
0.487796
0.24292
0.244345
0.399281
0.26658
-0.445459
-0.210644
-0.0843104
0.445027
0.118649
-0.512823
0.500227
-0.67106
-0.0402223
0.0448546
-0.478724
0.136526
-0.364279
0.0970496
-0.141205
-0.0634201
-0.328852
-0.238649
-0.492776
-0.277715
0.0897959
0.0427979
-0.825575
0.743504
0.265815
-0.373785
-0.743808
0.648946
0.750212
0.79225
0.468827
-1.10206
-0.304672
-0.669585
0.0848163
-0.346605
-0.78945
0.263082
-0.27124
0.796501
-0.63169
-0.398892
-1.08795
0.0480527
0.808223
0.170369
0.59525
-1.07262
-0.371024
0.26503
-0.237253
0.419515
-0.675258
-0.87522
0.193764
-0.465871
0.0875513
-0.383122
0.200783
0.587524
-0.133189
0.327448
0.636708
-0.0970806
0.423345
0.250713
-0.281132
0.356582
0.271397
0.201486
0.347018
0.0698346
-0.0602174
0.377482
0.345004
-0.39489
0.0407965
0.374356
0.196926
0.179112
0.0419366
-0.408049
-0.463676
-0.0405809
0.449162
0.22167
0.502473
0.333121
0.446399
-0.273836
0.53227
0.237316
0.473744
0.137241
0.108592
-0.0568625
0.381002
-0.442189
0.151823
0.110091
0.441107
-0.0647825
-0.159802
-0.577947
0.0906759
0.68358
-0.548034
0.0855221
-0.257526
-0.211975
-0.365856
-0.302977
-0.346797
0.416986
-0.448423
-0.344037
-0.0408887
-0.288382
-0.570893
-0.320387
-0.283263
0.28756
0.392089
-0.321107
-0.566327
-0.0434261
0.189156
-0.241769
-0.226755
-0.109884
0.167059
0.242239
0.393999
-0.417958
0.0456223
-0.0612451
-0.423238
-0.12919
-0.292032
0.461717
0.529222
0.1599
0.717419
0.0833696
-0.0186042
-0.104327
-0.47925
-0.472605
-0.399676
-0.561415
0.106199
-0.0323027
-0.0826975
-0.0801846
-0.489635
0.180721
-0.242255
-0.117545
-0.317195
-0.137164
0.148393
-0.531448
0.255979
-0.492621
-0.654628
-0.11045
0.131983
0.014812
-0.155335
-0.22543
0.230748
0.143923
-0.0100025
-0.553501
-0.55714
0.390383
-0.452942
0.0608403
-0.426749
0.319484
0.0612695
-0.361543
0.539011
-0.302585
0.258416
-0.416577
0.159678
0.113449
0.0897045
-0.323095
-0.0279335
0.112776
0.456374
0.189351
0.404407
-0.371689
-0.532489
0.0644497
-0.480261
-0.268137
0.120296
0.0457839
-0.0935777
-0.450826
0.00493577
-0.311451
-0.139567
0.137204
0.322332
-0.528248
-0.38698
0.239381
-0.448878
-0.291337
0.0519467
-0.484177
-0.213097
0.0188092
-0.0476668
-0.414681
-0.134704
-0.172966
-0.0475383
0.375348
-0.326182
0.279338
0.11133
-0.0809421
0.409044
-0.777838
0.941915
-0.135522
0.104379
0.13276
-0.410746
-0.463563
0.702145
-0.511209
-0.0957776
-0.139722
0.234967
0.221777
0.631811
-0.152426
0.29464
0.377975
0.187579
0.0125698
0.429935
0.275824
-0.301864
0.0352339
0.366
0.0869327
0.488509
0.211754
0.389892
-0.233684
0.707785
0.0443992
0.697242
0.650933
0.688757
0.0880783
0.187129
0.328962
-0.827934
0.153712
0.160649
-0.183833
-0.376126
-0.978252
0.37364
1.05889
-0.590659
0.547785
-0.836084
-0.776689
-0.671568
-0.161764
-0.0602429
0.435429
0.0457684
-0.940433
-0.115984
-0.67076
0.304683
-1.23234
-0.99368
-0.19275
-0.960034
-0.469662
-0.637455
-0.166591
-0.698119
-0.414392
0.849976
0.65864
0.0176705
-0.0699842
-0.0466542
-0.279901
0.250216
0.678231
-0.720186
-0.738436
0.348543
-0.0518973
0.903277
0.000805866
0.168692
0.241132
-0.151799
-0.177735
0.190371
0.538894
-0.294918
0.057074
0.172099
0.133106
-0.517624
0.582051
0.107413
0.783163
-0.0909777
0.303362
-0.409263
-0.808993
0.372735
0.100342
-0.429451
0.124307
-0.279571
0.656772
-0.207839
-0.306859
-0.659801
0.0503545
0.243975
0.598148
0.45062
-0.00402089
0.282577
-0.199884
0.405279
-0.211827
0.187653
-0.582815
0.164456
-0.136827
-0.131962
-0.0320966
0.100696
0.694461
-0.209739
0.817196
3.05162
-0.503047
0.718542
-1.3227
0.262601
4.28177
2.56801
0.947048
1.25095
1.16557
3.50928
0.888272
-1.05648
1.69747
1.05657
0.449718
-1.59132
1.2113
-0.672092
1.45583
1.86846
0.497211
0.468079
-1.17261
2.31557
0.603358
-0.644328
2.55101
0.962265
0.677134
0.87782
2.71808
1.26558
1.26075
-0.742608
-0.358121
2.28411
3.16674
1.34472
