#input normalization
0.160873 0.273021
53.6502 57.9857
9.64877 37.2511
7.96666 31.6356
0.0113053 0.0430857
0.00896477 0.0339104
0.273939 1.04515
0.645634 0.984976
0.870403 1.17916
1.09282 1.40596
1.34689 1.61625
1.62668 1.8223
1.89572 2.00288
2.15039 2.17061
2.40209 2.31987
2.64604 2.43361
2.87976 2.52399
3.10078 2.59463
3.3129 2.64136
3.46902 2.62551
3.62744 2.60989
3.74383 2.54487
3.83958 2.47079
3.92164 2.38596
3.99546 2.28585
4.00857 2.15326
4.01273 2.00649
3.9795 1.83963
3.89597 1.6476
3.79115 1.45907
3.69913 1.27397
3.59492 1.08246
#output normalization
1 0
#neurons weights
0.0837652
0.438924
-0.367211
0.413794
0.437699
0.381963
-0.312561
0.323906
-0.132148
-0.485913
0.157722
0.307289
0.39691
-0.201012
0.167657
-0.0558735
-0.271343
0.204966
-0.182825
0.166448
-0.26316
0.411665
-0.154659
0.213421
-0.44261
0.0103951
0.266986
0.470168
-0.188486
0.488296
-0.413361
-0.0460435
0.382355
-2.73118
0.174759
0.817695
0.891235
-2.79647
0.306335
0.0471529
-1.78536
0.640753
0.403817
0.197032
0.202752
1.00619
1.60847
-2.05587
3.38176
-2.24566
0.132413
2.84614
-1.43245
0.0605363
0.391927
0.766262
-1.23544
2.59383
-0.050641
-1.2036
0.371205
-2.05967
1.61117
-0.811748
-0.544876
-0.613046
0.0799575
-0.310247
-0.716399
-0.442186
0.553112
-0.6921
-0.158852
-0.323393
-0.307634
0.0329108
0.299682
-0.079966
-0.540849
-0.0207164
-0.0847889
-0.0607285
-0.0547589
-0.380693
-0.383295
0.475855
0.459803
-0.82652
0.532543
0.589618
0.171505
-0.0954159
-0.301963
-0.0544727
0.196424
-0.369091
-0.301322
0.753316
#synapses weights
-0.497155
0.586299
0.341742
-0.0606498
0.304232
0.354549
-0.295689
0.183029
0.131101
-0.253126
-0.188892
-0.370117
0.381882
-0.229312
0.00512776
0.602284
-0.123818
0.0555349
0.782738
0.742411
0.211505
0.871676
0.178551
0.398523
0.639754
0.46189
0.565101
0.867306
0.51952
0.531106
0.540573
0.844346
0.801422
0.613507
0.337154
0.121732
-1.69568
0.200432
-0.0490563
-0.211953
-0.609522
-0.154818
0.143692
0.663824
0.0416632
0.608438
-0.419699
0.133002
-1.13318
0.353631
0.101409
-0.132745
-0.0744486
-0.543497
-0.0703105
0.0364824
0.752188
0.170069
-0.739203
0.290968
0.130738
0.0768447
0.090193
0.423423
0.0370022
0.652604
0.369658
-0.744447
0.147391
-0.0646676
-0.329116
-0.213743
0.141377
0.302468
-0.367397
0.714481
0.050243
0.213116
0.159492
0.411685
0.561527
0.174717
0.826154
0.828748
0.178201
0.902078
0.219494
0.962931
0.873993
0.208936
0.349559
0.755249
0.500299
0.552082
0.660757
0.794872
-0.330572
0.581672
-0.308966
-0.233174
0.0174699
-0.0423827
0.128512
0.632083
-0.116736
0.160001
0.0517294
-0.104344
0.497829
0.37474
0.499597
0.170424
0.0791822
1.02272
0.400284
1.00806
0.538334
0.855174
1.11538
1.10949
1.49879
0.57234
0.950991
0.958722
1.22211
0.720741
0.596829
0.826905
0.43647
0.834755
0.41531
0.00686514
-0.520972
0.073305
-0.348606
-0.121606
0.00797654
-0.318608
-0.402286
0.80433
0.0363533
0.568354
1.1055
0.648972
0.894746
0.586119
0.176886
0.172878
0.0549712
-0.0887468
0.228848
0.0562428
-0.134064
0.408957
0.4777
0.589922
-0.151487
-0.452385
-0.264763
0.361237
-0.00564435
0.939444
-1.26457
0.393296
-0.756649
0.482602
-0.090215
0.583142
-0.0997257
-0.20046
0.0547766
-0.800536
0.551808
0.208491
-0.137701
0.0485329
-0.673138
0.49226
-0.453214
-0.316285
-0.182501
0.510026
0.546624
-0.0159193
-0.772361
0.0188946
-0.0728499
0.354013
-0.987147
-0.296085
0.734093
0.593562
-0.255433
-0.833257
0.421234
-0.765635
0.829043
-0.371738
0.179575
0.261375
0.286907
-0.856328
0.572086
0.041649
1.59534
-0.411626
0.331081
-0.330553
0.838179
0.34854
0.000835848
-0.314571
0.108659
-1.37452
-0.257688
0.495567
-0.0300776
0.119853
-0.120859
0.303748
-0.143142
-0.201673
0.294421
0.115997
-0.862037
-0.782866
-0.30624
0.128895
0.125209
-0.428492
0.0393195
-0.0656309
0.00918082
0.282563
-0.390059
0.871636
-0.138335
-0.629493
-0.368406
0.667993
0.260366
0.0668032
-0.409743
-0.497313
-0.687166
-0.798503
-0.271005
0.10862
-0.29802
-0.446944
-0.0182505
-0.486252
-0.0429186
0.170215
-0.330127
-0.871956
-0.832527
0.505197
-1.23562
-0.0262383
0.688049
0.0650787
0.00468248
0.654156
-0.059285
-0.310245
0.0612118
0.181653
0.0327667
-0.397608
-0.414726
0.190062
0.510956
-0.46243
-0.00185495
0.972737
-0.518884
-0.668153
-0.291538
-0.240349
0.421623
-0.0332076
-0.835624
-1.08678
0.263835
-0.283502
0.700431
0.675066
-0.922799
-0.250682
-0.513711
0.238674
-0.214199
-0.202081
-0.360641
-0.359352
-0.32385
0.0239329
-0.0206639
-0.33904
0.161706
-0.19112
0.130871
0.128915
0.110926
0.0160737
0.0932486
0.375138
-0.33742
0.112372
-0.283557
-0.392648
-0.0157873
0.0545966
-0.254257
-0.533534
-0.341425
0.133356
-0.519522
-0.884501
-0.411381
-0.508716
-0.239112
-0.433829
0.350117
-0.549947
0.0792346
-0.316109
0.161727
-0.366833
0.183516
-0.15291
0.179355
-0.824468
-0.609701
-0.249197
0.100849
-0.101722
-0.356696
-0.0312442
0.537577
0.393899
-0.124053
-0.0201062
-0.336291
0.239397
-0.278442
-0.0393862
-0.50453
-0.142359
-0.520018
-0.831506
0.635625
1.12717
-0.503852
-0.0630873
0.494801
-0.102867
0.26416
1.24102
0.306785
0.402357
0.454031
0.180918
-0.0492052
0.727306
0.478232
0.694096
0.389716
0.790996
0.731997
0.560271
0.430006
0.781563
0.81429
0.362394
0.59005
0.700897
0.566994
-0.00855636
0.290128
0.161023
-0.0316271
0.276888
0.166667
-0.62581
-0.55672
-0.349753
-0.207895
-0.328657
-0.178732
-0.0369326
-0.342589
-0.39393
-0.443948
-0.189383
-0.477668
-1.01958
-0.827819
-0.603325
-1.19494
-1.04292
-0.793549
-0.342603
-1.26543
-0.826815
-1.17741
-0.963985
-1.05725
-0.477065
-1.5617
-1.33662
-0.979757
-0.922172
-0.560867
-0.719418
-0.447022
0.270374
1.50024
-0.572249
0.534483
-0.570492
1.10494
0.157073
-0.152674
0.709427
0.394744
0.303882
0.345913
-0.478264
0.379264
0.58835
-0.0381954
0.212286
-0.191255
0.48829
0.351301
0.0919886
-0.264899
0.00755925
0.0415613
-0.0787738
-0.269075
-0.394345
-0.381043
-0.20926
-0.611675
-1.0765
0.501844
-1.18623
2.00538
-0.729517
-0.591978
-0.24153
0.00971198
0.112289
0.130265
0.00455079
-0.184203
0.275327
0.250987
0.107708
-0.373503
-0.205592
0.109624
0.0999368
0.0169743
0.214769
-0.131195
0.218478
0.460639
0.333516
-0.562794
0.0457966
-0.00920037
0.107868
0.470386
0.405226
0.44723
-0.622112
0.265772
0.435933
-0.352618
0.374491
-0.757469
0.561903
0.397908
-0.422808
-0.260287
1.19625
-0.815662
-0.364009
0.857171
-0.301413
-0.221585
-0.194953
-0.0929522
0.462175
-0.0752576
0.143365
0.17744
0.628621
-1.27001
0.0452843
-0.105536
0.464561
0.230896
-0.279479
0.485156
0.576059
0.25052
-1.00295
-1.4233
-0.849353
1.34245
-0.621701
1.6145
-0.276694
0.178071
0.0760507
-0.549701
0.363112
-0.115802
-0.312096
-0.342909
1.18898
-0.102836
-0.337231
-0.328009
-0.215091
0.507178
-0.0257131
0.145168
0.10348
-0.428687
-0.443292
0.496746
0.790666
-0.145604
-0.545938
0.389484
0.0217259
-0.365002
0.147412
0.233515
0.726678
-0.52253
1.04122
0.326839
0.710517
0.0584382
-0.0277927
0.461934
-0.246691
0.121482
0.484263
-0.176291
-0.0425396
-0.131275
0.23912
-0.131655
-0.0460666
0.103293
-0.0631058
-0.330613
-0.453725
0.593181
-0.09871
-0.70888
-0.0587293
0.54574
0.448763
0.170879
0.0918014
-0.138464
-0.218691
-0.459223
-0.951521
0.0950897
0.227121
0.796591
0.782157
0.907248
-0.059098
0.545592
-0.625473
-0.307132
-0.0238706
0.544957
-0.0569623
0.0962854
-0.296014
-0.269712
0.275573
-0.0861757
-0.936863
-0.519758
-0.0444082
-0.443024
-0.0631547
0.121204
-0.277694
-0.317419
-0.0824873
-0.358201
0.0572433
-0.312014
-0.448297
-1.14592
-0.416748
-0.600309
-0.786153
-0.175419
-0.0103929
-0.141252
-0.33649
0.346844
-0.226041
-0.0984183
0.576577
-0.269855
-0.459446
-0.207699
0.077724
-0.46964
-0.191544
-0.601114
-0.0672151
0.0295628
0.58579
0.533477
0.401739
-0.301212
0.192095
-0.254512
0.6907
0.139933
-0.312427
0.413659
-0.773589
0.934069
1.30452
0.324295
0.0096226
0.071311
-0.102581
0.308919
0.199179
-0.198452
0.00474082
0.243358
-0.306022
0.467625
-0.39753
-0.0690107
0.448716
0.125577
0.287902
-0.143413
0.0148296
-0.0601268
0.179076
0.103565
-0.174249
-0.366031
-0.0913417
0.256803
-0.406846
-0.629736
0.329436
0.145132
0.751891
-0.446526
1.05857
-0.0885261
0.248787
0.310711
0.230906
0.0645348
-0.0522047
0.342331
-0.112146
0.551759
0.660987
0.315033
0.907731
0.0240513
0.210504
0.135046
0.927703
0.448785
0.696917
0.839384
1.042
0.8129
0.215919
0.230033
0.0820147
0.699997
0.358013
0.483159
0.182766
1.03496
0.824467
-0.398717
-0.704425
-0.13274
0.0568879
0.198709
0.043372
-0.0502788
-0.0759136
-0.622602
-0.810773
-0.935876
-0.0651849
-0.803323
-0.549385
0.125944
-0.546746
-0.71716
0.338908
0.42238
0.0617126
0.0303495
0.72398
0.14082
0.130396
-0.0727625
0.145127
-0.134163
-0.381039
-0.219205
-0.346233
0.168014
-0.118932
0.1879
-0.132027
-0.834405
-0.376777
0.0824602
0.114029
0.165747
-0.534011
0.0547854
0.395865
-0.0803224
0.0387601
0.164138
0.416503
0.520009
0.124635
0.155204
-0.127255
-0.00466345
0.323076
0.315662
0.255721
0.278606
0.511698
0.668511
-0.225024
0.652955
-0.0301968
0.870488
1.26307
1.35249
0.559416
-0.686339
0.289019
-0.60399
-0.686529
0.367626
-0.584981
0.350746
0.453951
-0.409238
0.0281823
-0.329975
0.557948
0.711802
-0.283491
0.0381095
0.209957
-0.447738
0.319907
-0.819464
-0.0871073
-0.410121
-0.0869785
0.149605
0.315597
0.35565
0.297934
0.116784
0.124464
0.21844
0.686739
0.573447
0.115412
-1.08223
-0.11227
0.3395
-0.58681
0.770626
0.219609
-0.110001
-0.0146329
-0.271959
0.502966
0.0665446
-0.436215
0.578147
-0.397921
-0.632974
1.0163
-0.327307
-0.114069
-0.0801538
0.296102
0.118413
-0.141149
-0.251163
-0.020523
-0.486457
0.157241
-0.17949
-0.384069
-0.70637
-0.0736075
0.217013
-0.300206
-0.204281
0.145665
0.26583
-0.126623
0.471501
0.370973
-0.383832
0.135202
-0.367423
0.401364
0.292145
-0.381524
0.511774
0.412146
-0.042724
0.321183
-0.124579
0.177907
0.679575
0.786865
0.253628
-0.0384373
0.685245
-0.0352189
0.352514
0.342638
0.372992
0.282031
0.784944
0.523197
0.616641
0.688765
-0.397621
1.17257
0.289571
-0.184186
-0.904509
0.25105
-0.186573
0.00938998
0.00983533
-0.19526
-0.714275
-0.146795
-0.473422
0.134089
-0.651273
-0.968552
0.0388079
0.266709
0.0901925
-0.175384
0.531606
0.570525
0.180641
0.383844
0.404825
-0.0900146
-0.231314
0.0111735
-0.186251
0.426557
0.144716
0.223712
-0.558786
-0.799829
-0.446157
0.561747
-0.339355
0.394856
0.399329
0.16808
-0.117206
-0.0177983
-0.246494
-0.855481
-0.124894
-0.316619
0.0975689
-0.493685
-0.407285
-0.25714
-0.259716
-0.708088
-0.315331
-0.323329
-0.823262
-0.511129
-0.323786
-0.827545
0.00806692
-0.39013
-0.718665
-0.35665
-0.712639
-0.702409
0.727596
1.15845
-1.01844
-0.0943931
0.0409286
0.134058
-0.0695046
-0.157494
0.348478
-0.44006
0.242957
-0.110149
0.0869571
0.235483
-0.165342
-0.265617
0.32015
-0.526453
-0.0667451
0.121867
0.380598
-0.0577943
-0.171234
0.497601
0.145279
0.0977972
-0.798043
-0.014515
0.213172
-0.442547
0.176364
-0.439478
-0.00864717
-0.915694
0.700892
-0.269974
0.766561
-0.140719
0.0471833
0.612595
0.399612
-0.599069
0.118298
-0.986861
0.224582
0.472665
-0.638019
0.41831
-0.686068
0.738348
-0.189375
0.332378
-0.480274
-0.0530237
0.0651276
-0.050003
0.068311
0.0602564
0.301594
-0.0621618
-0.650875
-0.131398
0.384597
0.181217
0.0654417
0.336966
0.514563
-0.349157
-0.507381
0.0144087
0.282689
-0.983802
0.223922
0.230709
-0.474527
0.333604
0.168124
-0.273861
0.134343
-0.0565087
-0.0898625
0.405018
0.158167
-0.270414
-0.0670979
0.411848
0.702024
0.257428
0.838164
0.149237
0.25878
-0.234514
-0.207615
0.329527
0.382005
0.726945
-0.270152
-0.05748
-0.396566
-0.431569
0.369222
0.238321
0.0819212
-0.142839
-0.364436
-0.493361
0.265037
-0.0505241
0.398101
-0.36008
-0.0108333
0.182799
0.408916
0.382952
-0.195137
-0.00174528
0.167759
0.495193
0.438076
0.298558
0.841993
0.055802
0.67888
0.600846
0.611533
0.654654
0.51027
0.241384
-0.139691
1.07287
-0.119357
-0.172715
0.313554
1.20871
-1.21348
-0.824374
0.987636
-0.608087
-1.00733
-0.359777
-0.200651
-0.300406
-0.790798
1.36992
-1.83943
1.27453
-0.302493
-1.70312
0.413519
-0.352811
-1.03329
0.350921
0.0416813
-1.17816
0.0453272
-0.38732
-0.543229
-0.00239272
-0.916956
0.408812
0.313813
0.453828
0.300446
-0.178512
0.437082
0.436316
0.632218
0.0028116
0.104371
0.291229
-0.340082
-0.693754
0.53222
0.635056
0.00322964
-0.360332
0.0577602
0.117771
0.915754
0.381166
0.277475
0.760066
-0.198314
-0.343234
-0.112114
-0.849717
0.406246
-0.266758
-0.0551227
0.559868
0.689082
-0.401217
-0.24857
0.188766
-0.0601312
0.450294
-0.0120335
-0.415088
0.243963
1.39213
-1.15397
-0.927287
0.635585
-0.897265
-0.898198
0.0246862
-0.260377
-0.671484
-1.22149
0.609074
-1.68598
1.14621
-0.483952
-0.852697
0.143096
-0.298687
-0.00552453
-0.348482
0.484511
-1.03045
0.139323
0.05392
-0.634351
0.847166
-0.695836
0.116067
0.234731
-0.890055
0.944105
-0.582523
-1.01724
-0.0526069
1.3542
-1.23432
-0.0650979
0.411283
-1.4646
-1.44317
-0.694957
-0.733475
-0.859901
-0.951512
0.117645
-1.07955
0.656982
-1.48509
-1.52672
0.7507
-1.10243
-0.584091
-0.347055
0.334991
-1.84675
-0.360802
0.407034
-0.963011
0.797136
-1.30148
-0.482653
-0.505418
-0.241227
0.169912
0.261273
-0.371641
-0.337382
-0.340371
-0.365901
-0.325408
-0.400299
0.415798
-0.378219
0.0414724
-0.377286
-0.0799835
-0.465391
0.307438
-0.355086
0.558472
-0.368473
0.242809
-0.199861
0.149277
-0.214903
0.319394
-0.347926
0.212036
0.186981
-0.265623
-0.405928
0.0767784
0.433074
0.355599
-0.208983
0.555539
0.433488
-0.137796
0.182612
0.00731768
0.517603
0.522804
0.05333
-0.229421
0.105375
-0.120571
0.536451
0.847938
0.0776168
0.376503
0.0801204
0.39232
0.726537
0.0810681
0.478119
0.54106
0.197758
-0.115494
-0.161868
-0.0872247
0.431924
0.111983
-0.180169
0.432787
0.458853
-0.0379523
0.664527
0.0697671
-0.50377
0.554804
0.123836
-0.376741
0.306263
0.211248
-0.510433
-0.787816
0.785052
-0.641828
-1.13288
-0.446417
-0.615826
-0.569524
-0.816625
0.502059
-0.557835
0.30367
-1.07878
-1.25765
-0.178525
-0.111723
-0.101276
-0.55164
0.394651
-1.27605
-0.226181
0.288482
-1.00447
0.270472
-0.636068
-0.0228822
-0.443127
-0.372024
0.277694
-0.156754
0.146306
0.617451
0.122901
-0.123458
-0.376617
0.365304
0.0393372
-0.264952
-0.528993
-0.0397407
0.0458656
0.0914469
0.26623
-0.0829774
0.734065
-0.371355
0.193124
0.365161
0.156708
0.216578
0.208289
0.122527
-0.121558
0.0825902
0.327596
-0.0535899
0.60234
-0.270862
0.0680719
-0.233744
-0.164193
0.892604
0.130155
-0.357011
-0.392991
0.850177
-0.664169
-0.285987
0.085072
-1.21276
-0.626724
-0.76627
-0.346239
-1.32576
-1.26587
0.493637
-1.4535
1.24587
-1.22811
-0.755454
-0.0512734
-0.453911
-0.842868
-0.268766
0.0207229
-1.35877
0.126116
-0.108512
-0.803434
0.432014
-1.03213
0.217618
-0.130163
0.343456
0.020045
0.621693
0.460559
-0.305037
0.455867
-0.220033
-0.00541706
-0.0124013
-0.531723
0.0400125
-0.523149
0.377426
-0.533393
-0.828816
-0.102744
-0.189363
0.70453
-0.109116
-0.491534
0.905068
-0.525797
0.15277
-0.584016
0.580306
-0.391586
-0.162165
0.256313
-0.854461
0.445949
-0.594145
0.38116
0.723077
-0.148949
0.360371
0.120992
-0.1745
-0.139172
-0.377634
0.705352
-0.0122211
-0.719987
0.130615
0.232191
0.426795
0.260164
-0.0124087
0.614824
-0.0237994
0.704559
-0.470555
0.523267
1.2393
-0.449597
-0.458107
0.791141
0.345383
-0.0362957
1.16833
0.00633087
0.455127
0.546127
-0.830538
-0.322643
0.0304553
0.305988
0.645957
0.205148
0.743325
0.153524
1.03487
-0.0810476
0.345752
-0.802781
0.0632899
-0.724249
-0.570605
0.293505
0.0701764
1.01398
0.592148
0.0106432
0.645636
-0.0868309
1.09812
0.861029
-0.0770484
-0.14401
-0.914644
-0.686705
-0.654953
0.548206
0.54086
1.0139
-0.327802
-0.000132791
-0.216203
0.307448
0.588377
-0.0968989
0.625823
0.422867
0.139662
0.498671
-0.302067
0.331361
-0.160832
0.272227
-0.237436
0.361022
0.198148
0.0217249
-0.221626
-0.273883
-0.142417
0.342402
-0.0693272
0.208952
0.332352
0.461863
0.404712
-0.216128
-0.321106
0.547459
-0.160818
0.533304
0.423521
0.131791
0.405361
-0.677723
-0.0432534
-0.148202
0.269479
0.686585
0.839678
-0.108297
0.544058
0.522471
-0.205082
-0.416266
0.914734
-0.641597
-0.174911
0.0965144
-0.75396
-0.200924
-1.12891
0.543963
-0.630429
0.603581
-0.184806
-0.993287
-0.191298
-0.00169229
0.448858
-0.125792
0.974685
-0.558912
0.544947
0.788485
-1.00731
0.175096
-0.976202
0.0913549
-0.244988
-0.129091
0.237204
0.556889
-0.476258
0.224682
0.321929
-0.265126
-0.332548
0.975565
-0.118779
-0.759053
-0.959075
-0.350354
-0.325647
-0.588603
0.611846
-0.113231
0.789466
-1.05193
-0.524317
0.210506
-0.00237585
0.395
-0.00568813
0.59897
0.0464894
0.217106
0.0336951
-1.0016
0.905758
-0.514901
0.0835319
-0.240855
-0.0482375
0.211119
0.479037
0.0500517
0.633939
0.584561
-0.037887
-0.181206
0.533874
-0.732408
-0.186182
0.100838
-0.241815
-0.189908
-0.0930616
0.0992504
-0.0484119
0.0862021
0.0361699
-0.594995
0.33345
0.0708263
-0.270378
0.314162
0.284815
-0.472819
-0.00280072
-0.00298649
-0.699707
0.200052
-0.535611
0.352802
0.202204
0.137546
0.0747329
0.132002
0.442167
-0.0994409
-0.188745
0.153856
-0.369231
0.228788
-0.304365
-0.567297
-0.153552
-0.135165
0.58135
-0.871846
0.600158
-0.501247
0.380657
-0.114762
-0.238328
0.238989
0.337848
-0.241244
-0.507196
0.288479
0.187041
-0.129661
0.514652
-0.324393
1.0837
0.21479
0.253687
0.512187
0.272302
0.601121
0.806285
-0.24941
-0.481379
0.37022
0.147573
-0.280589
0.0655254
-0.603863
-0.258854
-1.07702
0.146243
-0.840864
-0.845619
0.341383
-0.143373
0.740911
-0.653511
-0.540352
0.813881
-0.552169
-0.289377
-0.0916248
0.86587
-0.676733
0.403973
0.584329
-0.582544
0.401503
-0.178124
0.777166
-0.263722
-0.101935
0.322269
0.485262
-0.305765
0.337203
0.923374
0.3675
-0.153607
0.33163
-0.190022
-0.305966
-0.692528
-0.61242
-0.599215
-0.0244134
0.104825
-0.894146
1.29401
-0.432619
-0.18136
0.0648237
0.30982
-0.0793296
-0.477082
1.0615
-0.00373418
0.291613
-0.069445
-0.485927
0.0890939
-0.582888
0.172642
-0.235168
-0.327514
0.707367
-0.363299
-0.0171295
0.441775
0.868596
-0.656411
-0.575427
0.395332
-0.793032
-0.543192
-0.503921
-0.102517
-0.959772
-0.729231
1.28505
-1.83627
0.885803
-0.0945014
-1.59085
0.197836
-0.0556971
-1.01758
0.0706507
-0.0227251
-1.62272
-0.210501
0.379204
-0.341624
0.489845
-0.349998
0.542802
0.242272
-0.354886
-0.358151
-0.456713
-0.0397164
0.107368
0.0377392
-0.345583
-0.0813062
-0.157335
-0.0981401
-0.394602
0.381801
0.328635
-0.0319847
-0.326091
0.286247
0.516745
-0.419859
-0.269231
0.19842
0.103608
-0.210181
-0.470707
-0.212466
-0.0961192
0.034334
-0.299194
-0.211919
0.178485
-0.339975
0.497353
0.0514835
-0.0208817
-0.291031
0.104207
0.0530519
-0.187955
0.193763
0.165933
-0.228302
0.286556
0.158428
0.159586
-0.0960181
0.395647
0.512103
-0.142109
0.361845
-0.0861491
0.309212
0.106777
0.554108
-0.110788
-0.326963
-0.186055
0.466096
-0.141923
0.320404
0.324491
0.0675825
0.467782
0.565883
0.482177
0.00201431
0.218123
0.301878
-0.0107425
-0.110547
0.341599
-0.159168
-0.0417054
-0.462828
0.18243
-0.311902
0.319454
-0.799508
0.118565
-0.693236
-0.567536
-0.754902
-0.126334
-0.166926
-0.30458
-0.248958
-0.173774
-0.600776
-0.312949
-0.0868799
0.0243774
-0.904305
0.000518463
0.0613553
-0.237566
-0.242951
-0.893587
-0.245764
-0.439173
0.0464199
-0.654326
-0.0546911
-0.171592
0.278128
-0.245836
0.0837823
-0.80283
0.179695
0.672308
-0.380264
0.477741
-0.192421
0.149495
-0.0318135
-0.460156
-0.00539232
-0.581994
0.711143
-0.425563
0.242411
0.124755
0.475015
-0.0537175
-0.451699
0.522728
0.0717229
0.511534
0.410199
0.0222798
0.274763
-0.051251
0.573576
0.119421
-0.335159
0.0600512
1.18052
0.80318
-0.36793
0.181872
0.32214
0.247271
0.0332326
0.46551
-0.260401
-0.0245113
0.000737104
-0.146492
-0.365249
-0.0446525
-0.0341504
-0.0697088
0.520074
-0.320648
-0.450657
0.430228
-0.0239418
0.457239
-0.322412
0.869089
-0.55502
0.724119
0.376138
-0.772066
0.756105
0.035865
0.112119
-0.0463222
-0.747381
0.408272
0.960199
-0.320377
0.233987
0.54182
-0.258822
0.132811
0.265249
-0.918133
-0.292824
-0.258153
-0.344599
-0.290743
-0.772597
-0.120057
-0.442859
0.917501
-0.555025
-0.347724
0.0682152
0.341423
0.508364
-0.770968
1.01186
0.066884
0.677039
0.332384
-0.788215
1.05779
-0.302631
-0.408413
-0.412715
0.168728
-0.508737
0.271835
-0.0537875
-0.674609
-0.0348465
-0.0942438
0.6483
-0.064901
-0.452773
0.430854
-0.486911
-0.490052
0.214779
0.0703396
-0.624384
0.228713
-0.252383
0.0623019
-0.884296
-0.838313
-0.380772
0.756444
-0.483015
0.354035
0.0117392
0.0888399
-0.453123
0.0972488
-0.242818
0.417393
-0.323423
-0.0761824
0.174693
-0.149403
-0.0367417
0.222161
0.109151
-0.721727
0.145901
0.573661
-0.341304
-0.267802
0.00597401
-0.207328
-0.444466
0.111782
0.324271
0.163174
0.432184
0.118142
-0.0214652
0.0535746
-0.461556
-0.402089
-0.114499
0.709317
0.628339
0.321901
0.669787
0.173278
0.111403
-0.39192
0.545626
-0.408494
-0.0601826
-0.156352
0.500502
0.307522
-0.973915
-0.244469
0.934823
-0.611822
-0.37543
0.154066
-0.921378
-0.344425
-0.278
-0.306684
-0.832358
-0.698738
-0.125657
-1.26757
0.311096
-0.345327
-0.573519
0.157432
0.0267165
-0.482704
-0.0764508
0.476974
-1.09292
0.216677
-0.444209
-0.546824
0.602463
-1.08863
-0.384387
-0.0680448
-0.371917
0.491972
0.429085
-0.65186
0.908584
0.111122
-0.847355
-0.440966
0.753263
-0.678079
-0.338744
-0.366625
-0.455937
0.81779
-0.821896
0.99019
0.0966968
0.381106
-0.859425
-1.53192
0.941751
-0.176178
0.906431
-0.537824
0.205131
-0.781711
-0.222569
0.193236
-0.450612
0.910052
-0.17028
0.484208
-0.704988
-0.0309089
1.1427
0.12627
0.0679461
0.485084
1.03572
-1.09959
-0.773312
1.20024
-0.711153
-1.18495
-0.201991
-0.35008
-0.502296
-1.28365
1.13621
-1.65574
1.27266
-0.753895
-1.36779
0.529915
-0.169955
-0.633314
-0.324012
0.220478
-1.22354
-0.13013
-0.424104
-0.978223
0.301129
-1.00177
-0.169147
0.0717095
-0.176375
0.416182
0.20353
0.116396
0.0839524
0.522544
-0.158847
-0.138859
-0.0629233
0.437404
-0.356618
0.109044
0.498055
-0.267326
-0.218135
0.53506
0.186084
0.178946
-0.210172
0.51998
0.310299
-0.330638
0.264401
0.219526
-0.254892
0.0317261
0.157698
-0.0113659
0.455709
0.115249
-0.0852714
0.224949
0.559467
3.88992
2.39839
2.14055
3.36764
0.49243
1.86641
1.03491
0.781385
1.76848
2.7908
-2.90475
3.31553
0.293909
-0.876494
0.789862
0.138122
2.08926
2.30645
1.16951
3.60286
-0.00204244
0.0803908
-1.83608
-1.64403
-0.0652607
0.468707
-1.76084
-1.59449
0.738689
3.96267
2.65637
0.715617
