#input normalization
0.160901 0.273054
19.5372 28.8368
10.6579 32.4947
8.73402 29.6923
0.0115836 0.037411
0.00953433 0.0319388
0.273939 1.04515
0.645634 0.984976
0.870403 1.17916
1.09282 1.40596
1.34689 1.61625
1.62668 1.8223
1.89572 2.00288
2.15039 2.17061
2.40209 2.31987
2.64604 2.43361
2.87976 2.52399
3.10078 2.59463
3.31661 2.63744
3.49245 2.5993
#output normalization
1 0
#neurons weights
0.339946
-0.445544
0.154385
-0.362362
0.169625
-0.324138
-0.164968
0.24375
0.263397
0.00969325
-0.0243107
-0.120266
-0.487967
0.177189
-0.322291
-0.283033
-0.222682
0.176664
0.361168
-0.0216069
-2.75192
-0.287559
2.82225
1.14535
0.266074
-1.26113
-5.73696
0.0220781
2.24813
-0.69956
-0.333921
-0.590793
-0.441217
-0.0337324
-0.780724
2.6621
2.32556
-3.04621
0.132464
0.0635469
1.77719
-0.139387
0.569029
0.826417
-0.749915
0.233474
0.0735752
-0.570233
-0.515495
-0.684663
-0.235557
-2.43158
-0.629051
0.0391603
0.871302
-0.813795
0.0265926
0.0681592
-0.536884
-0.598628
0.572392
1.87051
#synapses weights
-0.77979
1.06704
-0.341001
0.518052
-0.348464
0.255935
-0.686409
-1.03426
0.30142
-0.333211
0.00419036
-1.48509
0.583348
-0.0588825
0.259013
0.956829
0.290675
-0.127389
-0.253729
-0.303743
0.243818
0.833592
-0.134649
0.262361
-0.62956
0.756501
0.171065
-0.0891067
0.0577456
-0.219346
0.402508
0.168354
-1.19919
0.149642
0.0682002
0.55499
0.717598
1.24857
0.316441
0.887213
-0.254133
-1.13788
1.56164
0.307742
1.57117
-0.801672
0.321794
0.693692
0.792668
0.766356
-1.03762
-0.129158
0.156908
-0.623393
0.668427
0.636425
-0.12345
-0.513873
-0.248894
-1.77878
-0.575059
1.01526
-0.0649648
-0.0119438
0.66621
1.07146
0.442382
-0.709989
0.155178
0.0291905
0.355421
1.32357
0.807289
0.566773
1.12099
1.1671
1.25097
0.959587
0.761569
1.55482
0.138813
1.48172
-0.758733
0.379416
-0.859708
-0.303247
-0.207693
-0.291793
0.403474
-0.132772
0.121084
0.50684
-0.052916
1.26109
0.140772
1.50587
-0.0794666
1.13775
1.22153
2.38743
0.42894
1.51604
0.615103
-0.512091
-0.768859
0.600835
0.1558
0.0631729
-0.0297755
0.182681
-0.264146
-0.396111
-0.0116382
-0.152375
-0.772107
0.492317
-0.363452
-0.163769
0.0618423
1.51956
-0.0933812
1.23992
-1.65777
0.909937
-2.38808
0.278389
0.0915271
0.186193
-0.42737
-0.125304
-0.342196
0.016329
-0.285585
0.319979
-1.04397
0.280429
-0.148518
-0.179071
0.326352
0.631785
0.460093
0.0761622
0.477141
-0.137315
-0.429805
-0.240495
-0.310167
-0.852825
0.0815055
0.348026
1.34559
0.666605
0.32174
-0.407621
0.0250333
-0.325447
0.416959
0.412787
-0.0933576
0.891848
-0.286805
-1.13914
0.853251
-0.463288
0.186949
0.0954013
0.260379
0.154521
-0.400092
0.487174
0.397002
-0.224574
-0.615798
-0.0566347
-0.851703
-0.208203
-0.280472
0.0549603
-0.915339
-1.77078
0.814648
-0.0263711
-0.750524
0.557057
-0.770314
0.309297
0.775132
0.333044
-0.0894863
0.581433
0.232007
0.949485
0.397225
-1.00555
0.334353
0.321881
0.494739
0.221741
0.209234
0.263937
0.224373
1.39463
0.610632
-0.148679
-0.772299
0.180037
-0.110342
-0.391842
-0.375441
-0.286715
-1.02848
0.968854
0.591926
-0.503818
0.74332
-0.0518407
0.377234
-0.155019
0.892892
1.27282
0.935434
0.724765
-0.639734
-0.250628
0.436168
0.121311
1.21548
0.0247602
2.24847
-0.408295
-0.679656
-0.202201
0.309927
0.48815
0.396244
-0.334323
0.448056
0.374246
1.09268
0.481703
-0.292111
-0.852107
-1.31571
1.52024
-0.525969
1.71774
0.669692
-0.375508
-0.31694
0.192756
-0.38803
-0.0199372
-0.0571202
0.24947
-0.348618
-1.18375
-0.828855
0.306756
-0.826361
-0.417035
-0.773985
0.885188
-0.213537
0.486322
-0.0525474
0.644473
-0.183928
0.885449
0.222561
0.479346
1.40468
0.422323
0.665099
0.420649
-0.110594
-0.0231477
0.366306
0.420956
0.23774
0.901247
0.589564
2.96555
-0.547156
-0.0176209
0.469903
1.02202
0.144622
0.342277
1.5229
0.481936
0.706143
1.53792
1.4391
2.18039
1.78609
2.1193
2.40359
2.13361
2.96686
2.26588
-0.731601
-0.569424
0.737232
-0.908796
0.792222
0.220431
-0.513811
0.477048
-0.913684
0.925608
-0.262007
-0.347743
-0.0598135
0.644725
-0.249645
-0.126687
-0.429376
0.428931
0.177062
-0.453847
-0.448217
-0.759816
0.164953
-0.477184
0.92476
-0.486717
-0.329154
-0.0505305
0.671042
-0.906701
0.687378
-0.165666
-0.0932407
-0.228429
-0.0976593
0.0706986
-0.795797
0.527959
-0.059804
0.525331
0.237524
1.49072
-1.65761
0.269428
-1.07813
0.961754
-0.25813
0.185757
-0.0341767
0.324298
0.129504
-0.0175253
-0.0279101
-0.655815
0.436413
-0.450996
-0.553014
0.339206
-0.336996
-0.282547
0.385621
1.06326
-0.166864
-0.170473
0.0998645
0.000387117
-0.282373
0.399326
-0.864239
-0.459051
1.23078
0.401923
0.0436691
0.644297
1.00199
0.718478
0.669916
-0.0826729
0.773581
-0.607567
0.234381
-0.23016
-0.194687
1.02281
-0.0913351
0.287203
-0.0833788
0.166278
-0.196355
-0.217088
0.45592
-0.349845
-0.222241
0.390428
0.317205
-0.40441
0.119449
-0.530697
-0.560534
-0.526816
-0.616333
-0.391756
2.36807
-1.68503
-1.0721
-0.471908
0.0539474
-0.159285
0.0287
0.194532
-0.0319606
-0.0421676
0.420549
-0.517136
0.22138
0.58059
0.398912
-0.345807
-0.23254
-0.108223
-0.227856
-0.28237
-0.294004
-0.0820805
0.032366
-0.389519
0.0997433
-0.496509
0.148374
0.322686
-0.630646
-0.615788
0.557463
-0.909057
0.249074
-0.451685
0.0517044
0.293388
-0.854373
0.120629
-0.728164
-0.36792
0.533132
-0.370011
-0.428259
-0.0664541
0.819435
1.03446
-0.532763
-0.0315043
1.16128
-0.828362
0.682857
1.75183
-0.0681689
0.560407
-0.0305079
-0.199999
1.16763
-0.292832
0.959872
-1.36287
0.241254
0.599946
-0.889697
-1.15671
1.11812
0.249801
0.374375
-0.0511609
-0.215191
1.05459
0.262424
0.336104
0.908749
-0.397131
0.0671615
-0.767301
-0.912931
1.4869
-0.343567
0.484312
-0.049598
1.11922
-0.645969
-0.559045
0.4722
-0.0464839
0.749069
0.86215
-0.171279
-0.0943451
0.555853
0.558474
-0.68653
-0.946883
0.0984451
-0.201841
-1.14612
-0.893082
0.795508
0.535982
-0.842845
-1.94819
-0.10066
-0.335003
-0.188278
-0.0721211
-0.0771426
-0.510408
0.159099
-0.373555
0.17462
0.231821
0.268308
-0.242225
0.542874
0.131537
-0.181621
0.369198
0.463615
0.346978
-0.307491
-0.28358
0.0576559
0.0859971
0.577009
-0.54782
-0.359622
-0.130873
1.01624
0.734186
0.141982
-0.480154
0.322042
0.132035
0.209222
0.342743
0.241768
0.034266
0.141219
-0.120129
0.727054
0.408106
-0.213614
0.159298
0.983848
0.373448
-1.45329
-0.232162
0.375979
0.0541204
1.07632
-0.455016
-1.51397
0.388197
0.299371
0.77664
-0.431624
-0.734601
-0.184878
-1.35552
-0.978503
0.995927
-0.274966
0.272269
-0.959347
-0.415803
0.0756438
-0.148618
-0.477763
-0.469871
-0.325695
-0.314228
-0.648252
-0.623971
0.79559
-0.678059
-0.107492
0.311148
-0.25272
-0.110367
-0.36311
-0.148551
-0.119351
-0.328396
0.161375
0.277448
0.685127
-0.525709
-0.366989
-0.0196782
0.713611
1.52876
1.57534
-0.0667306
-0.798971
0.467088
0.85258
-0.774172
-1.35212
0.0432396
0.23891
-1.73214
-1.06094
1.0717
-0.646994
-0.317874
-1.14132
0.29654
0.255474
-0.769458
0.941526
0.0614429
0.385345
0.816395
0.146317
-0.107901
0.45328
0.674226
-1.75171
-0.786785
0.174816
-0.381487
-0.744523
-1.03772
0.814508
0.189306
-0.100926
-1.87652
1.54812
-0.212664
-2.83933
-1.35644
-0.352581
0.414114
2.04195
-0.0273962
-2.15358
0.706124
-0.0116451
0.422066
-1.5055
-0.236864
-0.677144
-3.11532
-3.01709
2.36598
-0.287604
-0.666209
-2.75919
-0.120531
0.389335
-0.554111
0.367239
-0.0801713
0.19699
-0.674202
-0.341656
0.124774
-0.437739
0.0155232
0.401233
0.246554
-0.667653
0.695789
0.027685
0.353633
-0.834195
-0.314731
-0.50376
0.140564
0.655223
-0.453163
0.106969
-0.123974
0.53442
0.515987
0.805629
-0.354942
-1.30874
0.0840615
0.00730168
0.296644
-1.18388
-0.0341445
0.030703
-0.154611
-0.048577
1.0511
-0.356246
-0.17937
-1.06735
0.624102
0.266793
-0.279509
0.355482
-0.0441691
0.746298
0.598115
0.344527
0.498088
0.514903
0.297282
0.0703171
0.339004
0.497366
0.592919
0.396587
0.370626
0.0501091
0.117697
0.571759
0.640194
-0.368464
-0.0831412
-0.381202
0.335168
0.571499
-0.10241
-0.879016
-0.0426614
-0.142722
-0.301089
0.207761
0.517643
-0.328695
0.300313
0.338745
0.202385
0.303922
-0.300204
-0.420708
-0.611941
0.957174
0.0250134
-0.225666
-0.200269
-0.663322
-0.514638
-0.82863
0.184747
-0.546886
-0.368686
1.00114
-1.3149
-0.208561
0.264079
-0.579923
0.278626
-0.584727
0.0451658
-0.378728
-0.455675
0.0145615
0.238294
0.53881
-0.785546
-0.701906
0.0503126
0.708871
0.432424
0.507001
-0.919286
-1.01766
0.0580869
-0.00468921
0.665998
-0.851823
-0.274582
0.175149
-0.938573
-0.455532
1.15928
-0.618319
0.172641
-0.704101
1.05669
0.219921
-0.908599
-0.92228
0.560146
0.673955
0.835023
0.0769748
-1.24862
0.639005
0.128173
0.474523
0.142415
0.177128
-0.26956
-1.24108
-0.979163
0.595101
-1.0908
-0.354359
-0.961691
-0.410677
-0.423274
-0.583825
-0.537033
-0.645246
-1.18919
0.0772156
-0.587881
0.508729
1.29779
-1.56506
-0.640353
0.69883
-0.483298
0.326851
-0.225001
0.972428
-0.136654
-0.572539
0.580578
-0.260365
0.281137
-0.318703
-0.704825
-0.0575344
0.475043
0.378279
0.514553
-0.0774225
-0.448581
0.351846
-0.210729
0.232435
0.537785
-0.24457
0.124518
-0.602482
-0.248621
0.621651
0.27633
0.427151
-0.580891
-1.13449
1.85319
1.67855
3.73265
-0.360224
0.776971
1.35393
-0.744498
4.26105
3.64634
5.03457
-1.17821
2.50853
1.02804
-1.12768
-1.44094
2.22852
1.05427
-3.20333
1.1081
