#input normalization
0.160891 0.273045
25.0495 34.6106
10.2901 33.8155
8.35347 30.3124
0.0112828 0.0391912
0.00921341 0.0327572
0.273939 1.04515
0.645634 0.984976
0.870403 1.17916
1.09282 1.40596
1.34689 1.61625
1.62668 1.8223
1.89572 2.00288
2.15039 2.17061
2.40209 2.31987
2.64604 2.43361
2.87976 2.52399
3.10078 2.59463
3.3129 2.64136
3.46902 2.62551
3.63007 2.60681
3.76206 2.52232
#output normalization
1 0
#neurons weights
0.191802
-0.195233
-0.145715
-0.0969806
0.390135
-0.210184
-0.389457
-0.300417
-0.00755349
-0.378775
0.035686
-0.19056
-0.0317847
-0.158921
0.406289
0.199932
-0.00232303
-0.409292
-0.461057
0.25853
0.0110295
0.420007
1.21049
1.05465
-3.19325
-0.881901
-1.49433
1.39934
0.784367
-4.11643
-1.09817
0.579829
2.66461
-3.26415
0.215979
-1.6799
0.0458662
-2.1928
2.87879
0.255136
-3.28406
3.3268
-1.06717
2.72678
0.989487
-0.361771
-2.23811
-1.68571
-0.0909713
-0.61638
0.386796
0.453575
-0.504663
0.0686103
-0.473039
-0.74216
0.169386
-0.321961
-0.201573
-0.392612
0.0342253
-0.616192
-0.625904
-2.33973
1.16594
0.411714
-0.697657
2.29855
#synapses weights
-1.55905
-0.109333
2.57565
-0.81485
-0.0570797
0.190927
0.801349
-0.219938
0.462815
-0.0782453
-0.0952019
0.399022
0.362899
0.0954837
-0.0905952
-0.0220195
0.705194
0.0570981
-0.551988
-0.997647
0.79277
-0.714704
-0.514939
0.591061
0.222342
-0.131461
0.0701491
0.143898
-0.338004
0.570319
0.715525
0.153072
1.22386
1.16122
0.89109
-0.207367
0.873525
0.310619
-0.0687094
0.582303
0.414743
0.0966489
-0.231655
0.906935
-0.221653
0.262343
-0.83801
0.846489
-1.82744
0.502371
0.0624109
0.482604
-0.316797
-0.217866
-0.819386
-0.26686
-0.206326
0.329737
-0.173873
0.17813
0.133469
0.0910732
0.286374
-0.453576
0.490952
0.149658
1.35478
0.233265
-0.606872
0.72985
-0.963555
0.655412
-0.095656
0.984035
-0.287853
0.316695
-0.0435696
0.378509
0.445695
-0.112483
0.317301
0.359852
0.644966
0.0372872
0.0347689
0.541989
-0.574114
0.214006
1.40482
0.832909
-1.12542
0.0454306
-0.259465
0.0430385
-0.636334
0.172758
0.115101
-0.334778
0.496009
-0.588271
-0.157673
0.922305
-0.106864
0.3205
0.390146
-0.804769
-0.629089
-0.426138
1.1955
-0.22674
-0.0641063
-0.0602179
0.258333
0.464387
0.554822
0.0874432
-0.318932
0.952131
0.0238918
-0.191147
0.363094
-0.666169
-0.948738
0.636022
-0.121317
-0.545967
0.147875
0.167349
-0.768647
-1.10297
-0.0544879
-0.230137
-0.497775
-0.490775
0.535543
-0.862941
1.16289
-0.103024
-0.868883
0.766098
-0.817475
-0.64128
-0.782252
-0.104162
-1.22377
0.471539
0.117951
-0.945324
0.19854
-0.0891385
-0.396037
-0.361308
-0.295056
-0.227037
0.0779399
1.56558
-2.19316
0.425599
-0.570536
0.605512
0.147561
0.240753
0.0390576
0.155833
0.211711
-0.0448281
0.0336118
-0.553459
0.644934
-0.641431
-0.584983
0.40789
-0.0317942
0.29025
-1.34351
0.238258
0.597057
0.878795
-0.960457
0.708954
0.206974
0.528715
-0.0558586
-0.0509323
-0.00362101
0.330772
-0.526665
0.431367
-1.31713
0.0922973
-0.241705
-0.903694
-0.377742
-0.202978
0.503072
-0.642132
-0.113776
1.48075
2.17317
0.956319
0.0148251
-0.475961
1.12946
0.0549541
0.609626
-0.0102244
-0.150568
0.0277569
0.41786
0.118289
0.0950177
1.50318
0.163275
0.697102
1.30929
0.414046
0.42581
0.120046
0.832328
-0.757746
-0.101347
-0.613066
1.04152
0.0967123
0.44105
-0.747344
0.319488
-0.206802
-0.0418998
0.41634
-0.181855
-0.247593
0.163995
-0.244138
0.372094
0.00147943
0.00814345
-0.863467
0.467743
-0.854354
0.615353
-0.518433
-0.0057708
0.609926
-0.195717
1.39163
-0.255532
1.29589
0.419404
0.104938
-0.792452
0.293945
0.321736
0.367699
0.205364
0.0310967
0.0123738
0.46606
0.38539
-0.589023
-0.449141
-0.159289
-0.688793
1.04176
0.475897
-0.551256
0.455888
0.474319
-0.00243023
0.128536
0.0823015
0.112959
0.207663
-0.104026
0.0853354
-0.00130173
-0.786432
-0.258733
-0.424771
-0.694035
-0.80098
-0.487377
-0.536957
-1.07628
-1.279
-0.546245
0.623883
0.470223
-0.229059
0.122772
-0.108776
0.27418
0.120327
0.324428
-0.827561
0.10142
0.539692
-1.30025
0.673005
-0.24345
-0.0714722
1.48945
0.561432
-0.139265
0.385545
-0.154583
0.46187
0.0192254
0.497687
0.808034
0.0239524
-0.430817
-0.0718821
-0.0717893
-0.424975
-0.0178064
-0.529339
-0.422076
-0.268884
-0.16778
1.17851
1.55195
1.11255
0.773143
0.635499
0.312025
0.645266
1.28854
0.737063
0.647941
0.215255
0.289718
0.269456
-0.103811
-1.25096
0.66277
0.0556211
-0.83848
-0.553854
1.10559
-0.884374
0.520841
0.357087
-0.153952
0.614234
-0.696727
0.23314
-0.0375347
-0.0422706
-0.369469
0.331922
0.654311
-0.970044
-0.39423
1.53982
-1.32798
0.642273
-0.645781
0.200176
-0.166508
-0.397973
0.435772
0.0202717
-0.663017
-0.614557
-0.0617129
-0.965797
-0.228721
0.0843141
0.130301
-0.571159
-1.11331
-0.448146
-0.60506
0.820414
0.519895
-0.257212
0.270034
-0.331271
0.53514
-0.301
0.311129
0.268439
0.00538312
0.842542
-0.0921143
0.640039
0.578729
0.680277
0.821195
0.244067
0.0703196
0.427514
0.416963
-0.668756
0.2523
0.7533
0.89733
-0.255954
1.21629
-1.55227
-0.382118
2.12279
-0.681978
1.50259
-1.33604
0.321127
0.703586
1.71068
-1.42507
-0.226547
-0.527072
-0.687329
-0.19119
-0.515351
0.832248
0.78667
-0.101836
-0.234391
-0.246913
2.33183
-2.26585
-0.598775
-0.0899403
-0.397514
0.57694
-0.743491
0.121568
0.126207
-0.131775
0.074253
-0.0270725
0.388152
-0.00106059
-0.730314
-0.227068
-0.078552
0.614291
-1.22096
0.715504
0.315021
1.19554
-0.734822
-0.210205
-0.0641499
-0.119469
0.240554
-0.0816808
-0.259244
0.107213
0.31614
0.617368
-0.0132198
0.606311
0.300441
0.542302
0.45229
0.296058
0.462527
1.28787
1.11706
2.10013
-1.27352
-0.618092
-0.171609
0.504215
0.412046
0.0170428
0.15568
-0.330987
0.409764
-0.147365
-0.279313
0.531479
-0.614268
0.607219
0.249862
-0.467972
-0.177224
0.583868
-0.958605
-0.72832
-1.19295
-2.08974
0.286844
0.878206
0.173827
0.210158
-0.466999
0.0475733
-0.165402
-0.299768
0.0685696
-0.0952308
-0.173205
0.309315
-0.507106
0.0861468
0.0338818
0.341599
0.208688
0.892032
0.603939
1.1965
1.0753
2.07849
-0.570912
-0.519623
-0.0780139
-0.404764
-0.24692
0.628738
-0.504628
-0.247729
-0.409121
-0.818942
-0.308685
0.25354
-0.319499
-0.0745173
-0.804034
0.489038
-0.434561
-0.324891
0.142055
-0.863401
-0.239458
0.110537
-0.15791
-2.17256
-0.969472
0.408782
-0.0570138
1.58504
-1.02033
-1.3317
1.00376
0.169578
-1.45732
-1.41429
0.29036
-0.601865
-0.323725
-0.801467
0.579004
-2.45929
-0.310471
0.624746
-3.25186
0.0345088
-1.90994
-0.57279
-1.96501
-0.203116
1.51274
0.666383
0.941858
-1.45304
-1.04369
1.73934
0.493631
-1.48674
-0.35443
0.898073
-1.08702
-0.044283
-0.295577
-0.178779
-1.72808
0.573357
0.765922
-0.989805
0.406794
-2.16761
-0.187201
-0.0207592
-0.311927
0.151807
0.473925
-0.0152958
0.645685
-0.717369
0.149899
-0.490852
-0.307178
-0.0563883
-0.223568
-0.249807
0.54054
-0.363446
0.126348
0.0520203
0.465402
0.312412
-0.68701
-0.344593
-0.0463556
-0.485341
-1.14498
-0.914672
0.291913
-0.341572
0.0184936
0.120801
-0.63641
-0.83585
-1.01563
-1.10202
0.0382204
0.0621051
-0.216996
-0.123942
-0.52608
0.435267
-0.520648
-0.123274
-0.120692
-1.07334
0.241205
-0.754861
-0.7252
0.173878
0.0535775
0.25169
0.405655
0.290406
-0.581908
0.0950995
0.0225962
-0.129844
0.574704
-0.314451
-0.0172149
-0.195772
0.291541
-0.0483628
0.490798
-0.411477
0.598355
0.315364
0.0324402
-0.125145
-0.407747
0.471119
-0.0373889
-0.648444
0.0621706
0.61953
0.438408
0.342312
-0.546048
0.822674
0.0631353
0.0483818
-0.500977
0.134658
-0.222531
0.443543
-0.134616
0.674673
-0.239285
0.387795
0.445338
-0.673211
0.346084
0.128932
-0.0298301
-1.51759
-0.307306
1.02893
-0.210518
1.28051
-0.852861
-1.50177
1.00902
0.395935
-1.73856
-0.346072
0.668288
-0.513976
1.30795
-0.152693
0.417612
-1.32005
0.206404
0.426824
-1.14516
0.811493
-2.01567
0.106372
-0.42827
-1.19522
-0.25198
0.0460589
-0.114539
0.128229
-0.219215
-0.395204
0.0244878
-0.813361
0.377671
-0.0186643
-0.104004
-0.168613
-0.78055
-0.168282
-0.814548
-0.433429
0.26736
-0.697944
-0.519346
-0.249785
-0.480783
-0.673405
0.240356
-0.749971
-0.407504
0.498842
-0.213805
0.318968
-1.04807
-0.893587
0.351736
0.480827
-0.0615898
-0.442737
-0.578515
-0.222696
-0.489912
-0.0754276
-0.289631
-0.923879
0.960841
0.365702
-1.00983
0.287106
0.391363
0.306937
-0.77744
-0.695258
-0.39972
-0.937251
-0.295844
-0.293421
-0.12009
0.277762
0.153078
-0.593897
-0.340248
-0.210914
0.415834
0.390657
-0.0592557
-0.350961
-0.156782
0.276238
0.396751
-0.496297
0.668254
-0.642098
0.0694587
0.0734734
0.363435
0.925574
0.269736
-0.904208
0.147351
0.0637041
0.203501
0.647439
0.378277
0.201422
0.672671
-0.392907
0.556703
-0.341664
0.815191
0.868654
-0.40353
0.587379
0.0111498
0.414065
-0.0973647
0.33857
-0.307868
-0.0384745
-0.668056
-0.546336
-0.0119326
-0.0304272
-0.063183
-0.394424
0.135693
-0.230265
-0.447572
-0.381566
-0.199807
0.2169
0.171507
-0.140981
0.189007
0.018721
-0.191439
0.250266
-0.495107
-0.815966
-0.488547
0.101333
-0.298628
-0.0252064
0.0917962
-0.352405
-0.357201
0.137783
-0.871184
0.338996
0.465748
0.125671
0.298613
-1.06347
-0.652712
0.0582888
-0.59525
-0.000506285
-1.04055
-0.0296986
0.0953712
-0.944231
-0.439772
-0.700457
-0.55448
0.602208
0.408882
0.0546723
-0.0107351
-0.843295
-1.09576
0.348152
1.02445
-0.615829
0.13017
0.451294
-0.415606
-0.193509
0.550955
-0.3107
-0.117208
0.760034
-0.652467
0.568382
-0.242995
-0.845974
0.112341
0.427737
-0.49673
1.05695
0.153853
-0.162568
0.747
0.182096
-0.290702
-0.150097
-0.0127172
-0.168443
0.204143
0.480372
0.178092
-0.85757
-0.365497
0.618927
-0.355789
0.976189
-0.686113
0.0415237
-0.496012
-0.358451
0.506266
0.335291
-0.172341
-0.775335
-0.794905
0.231364
0.353733
-0.57878
-0.593668
0.564085
0.293615
0.208282
0.402557
0.219713
0.0937653
0.0203164
-0.255228
-0.61126
-0.055092
-0.795805
0.232054
-0.159627
-1.38108
0.492442
0.185268
0.161426
0.537775
-0.0507039
-0.159784
-0.329509
-0.938016
0.27933
0.207566
0.545088
-0.185968
-0.572587
-0.239111
-0.593445
-0.202365
0.170667
-1.09846
-0.441445
0.192198
-0.973471
-1.86977
-0.487291
1.59753
1.0694
1.87359
-1.38629
-2.64036
2.08708
0.354958
-1.24996
-1.67699
1.34548
-0.922198
0.292988
-0.590777
0.473391
-3.06103
-0.120692
1.81526
-3.24698
-0.381854
-2.47796
-0.344765
-0.363889
0.0398662
0.565219
0.355595
0.896549
0.706652
-0.193133
1.11295
0.151435
0.078061
1.05752
1.23659
0.691939
1.15226
-0.150431
0.696645
0.336129
0.684225
1.42495
-0.229935
0.645677
0.193109
0.695262
-0.28187
0.13744
0.264018
-0.930716
0.388288
0.277981
0.0986423
0.591533
-0.0236064
-0.36061
-0.889653
0.322732
0.447938
0.026718
0.0838307
0.795673
-0.282213
-0.313325
-0.234038
-0.366079
0.437776
-0.708982
0.885773
-0.215784
-0.615677
0.0884464
-0.211585
0.047245
0.256903
-0.480166
-0.492162
-0.22517
-0.0334155
-0.0466055
0.219429
-0.340521
-0.452991
-0.347855
0.154667
0.064952
0.15381
0.139016
-0.754025
-0.291153
0.0115472
-0.163307
-1.42101
3.85747
4.34189
-0.124697
-3.9298
2.2947
1.25855
3.83993
-2.02556
-2.47886
-1.90775
0.393379
-0.148685
-2.03937
-2.12574
1.57051
2.10741
-1.87995
5.5516
1.02509
3.69575
-0.634518
