#input normalization
0.160566 0.269469
19.718 28.0446
11.3987 34.319
8.95719 30.128
0.0117644 0.0384007
0.0096865 0.031547
1 -1
0.823961 1.14631
1.01646 1.32786
1.23048 1.51654
1.47696 1.68552
1.73 1.83539
1.9743 1.96587
2.21076 2.0781
2.43718 2.17557
2.63908 2.23007
2.83415 2.26984
3.01462 2.27938
3.1636 2.25929
3.31178 2.18013
1 -1
1 -1
#output normalization
1 0
#neurons weights
-0.361541
0.269142
-0.189367
-0.340343
-0.179365
-0.121302
-0.254449
-0.391059
-0.012257
-0.388747
-0.0746213
-0.270061
-0.127049
-0.166866
-0.346081
-0.442728
0.0910389
0.0912374
-0.237233
-0.151392
0.366728
0.0813924
-0.160809
-0.358331
0.593976
-0.918911
-0.159944
0.650443
-0.308529
-0.018689
-0.312958
-0.476215
-0.522436
0.175381
-0.164949
0.0215638
-0.00954007
0.564115
-0.24845
-0.148306
0.00186645
0.00684502
-0.357529
-0.0167779
-0.597219
0.407092
-0.0238603
0.102841
-0.263851
0.457732
0.245911
0.515456
0.465496
-0.218955
-0.454183
-0.10568
0.399695
0.0797086
-0.481952
0.248589
0.199107
0.189184
0.269914
0.106186
-0.192203
-0.0251879
0.405655
-0.017213
#synapses weights
0.257148
0.0861425
-0.168649
-0.205164
0.656333
-0.108026
0.174583
0.552541
0.747528
0.693472
-0.0274739
0.0267276
0.286215
-0.181337
-0.177021
-0.214018
0.344592
-0.0266412
0.0286803
0.111437
0.220689
0.250527
-0.182893
-0.687667
0.0593615
-0.112392
-0.0707293
-0.0297925
0.166589
0.662421
-0.0127707
0.227581
0.234738
-0.367703
-0.0677633
-0.520819
0.491844
0.181229
-0.0131259
-0.0882743
0.548969
-0.0457947
0.324712
0.196265
-0.379349
0.775077
0.250237
-0.440248
-0.0655385
0.190513
0.193311
0.0760914
-0.0133237
0.294071
0.299517
-0.210847
0.0471003
0.462891
0.0858583
0.406432
-0.0811914
-0.209632
0.304153
-0.0217134
0.200052
0.386907
0.0635775
-2.16216
-0.223656
0.192037
0.316033
-0.0343629
-0.0331797
-1.72937
0.223954
-0.123366
0.156755
0.206831
0.200205
0.416975
0.571833
0.514851
0.295612
0.31468
0.55298
0.409623
0.211566
0.364905
0.418885
-0.32598
0.0136777
-0.122435
-0.0944
0.347187
0.387969
0.945563
0.354007
0.510573
0.21634
0.295431
-0.201192
-0.137568
-0.458038
-0.0638778
0.0897673
-0.16725
-0.674704
0.076369
-0.437958
-0.327628
0.0168973
2.19789
0.079534
-0.121643
0.0849537
-0.22055
-0.0110072
1.38243
-0.0916909
-0.0530578
0.015616
-0.148881
-0.0543962
-0.0655207
0.0654136
-0.0227912
-0.0766261
-0.0058506
-0.450692
-0.189862
-0.486002
-0.0531485
-0.358524
-0.491018
-0.0636529
0.142615
0.462378
0.618264
0.115662
0.245277
0.0959943
0.169692
-0.494299
0.367175
-0.0552998
-0.19226
0.527197
0.306019
0.349179
0.140832
-0.0987523
0.672176
0.00625184
-0.411146
0.132009
0.636475
-0.0162493
0.0580089
0.321125
0.528318
-0.0741117
-0.997109
-0.298445
0.0641252
-0.153543
0.00989633
-0.328049
0.0194061
0.0793553
-0.441925
-0.349193
-0.0465182
0.1698
-0.342973
-0.0122376
0.202588
0.212986
1.0607
0.386619
0.0596036
-0.0181914
0.0657721
-0.300793
-0.164474
1.39215
0.804589
-0.0772909
0.0530358
0.0471249
-0.168091
-0.171513
-0.12585
0.384596
-0.0311294
-0.190666
0.0345448
-0.495818
0.398505
-0.204141
-1.99098
-0.532135
0.3806
-0.0474468
0.275872
0.493194
-4.3623
-2.85135
-0.155926
-0.0833578
0.209672
-0.0678799
0.159597
0.0288414
0.18892
0.398167
0.25791
0.410276
0.16402
0.183936
0.220937
0.0950804
-0.858511
0.0264545
-0.273775
0.174641
-0.352859
-0.31444
0.478264
0.249436
-0.396302
-0.151619
-0.174322
0.264229
0.313747
-0.12338
-0.3968
0.223226
-0.39764
-0.401412
0.35018
0.0259412
-0.447327
0.176533
-0.703735
0.251417
0.137678
0.0111576
-0.449425
0.13746
0.214286
-0.418423
0.181833
0.146068
-0.0772287
-0.31104
0.366226
0.1025
-0.209547
-0.0321472
-0.0339509
-0.0347053
0.43697
0.438514
0.468848
-0.244815
-0.187204
-0.412152
0.251784
-0.162401
0.623503
0.175513
-0.229707
0.294694
0.120866
-0.0673163
-0.549604
0.185976
0.564412
0.413712
0.407172
-0.0680377
0.335939
0.565777
0.250389
-0.106191
-0.0212919
-0.19612
0.0061044
0.527427
-0.307119
0.192338
-0.4774
-0.389927
1.36565
1.35123
0.601781
0.00125097
0.0882564
-0.237205
-0.0628324
-0.351923
0.222833
0.0335427
0.188394
-0.267353
-0.206904
-0.213287
-0.310388
-0.30382
-0.446895
-0.263197
-0.261038
0.483059
0.283491
0.177487
-1.57505
-0.212584
-0.361266
-0.619522
-0.0687937
0.723906
0.157728
0.0665735
-0.0112798
0.137001
0.401979
0.0657823
0.0911211
0.211059
0.392118
0.0330822
-0.570397
-0.038919
-0.39805
0.883073
0.000670358
0.256048
-2.61543
-0.868328
-0.498869
-0.833455
-0.35649
0.140647
0.409072
0.124035
-0.0950835
0.309224
0.242672
0.0416428
0.361147
-0.321065
-0.298819
0.0440656
0.770469
0.0953996
0.179209
0.169099
-0.188447
-0.31632
0.139394
0.320755
0.123674
0.0143736
-0.076656
-0.0997373
0.0236144
0.0549864
0.43245
-0.0634999
-0.269502
-0.461547
0.0985823
-0.0636568
-0.1133
-0.32708
0.447822
0.314588
-0.507639
0.183685
-0.119528
-0.0155173
0.591865
0.563745
0.287515
-0.242358
-0.177526
-0.240132
-0.40091
0.104301
-0.0734767
-0.187246
-0.332252
0.206609
0.0346113
-0.341053
-0.0759681
0.0596048
0.0552417
0.419843
0.144031
-0.181536
-0.419076
-0.327362
0.979687
0.457425
0.224591
0.383031
-0.22791
-0.191334
0.047117
0.0952431
0.0230354
-0.196722
-0.578662
-0.11803
-0.504006
-0.0434124
0.362593
-0.21128
0.0702685
-0.263222
-0.192196
-0.676049
-0.276475
-0.0112613
0.259001
-0.160985
0.110251
-0.450061
-0.0314309
-0.037539
-0.158388
0.317986
-0.301384
0.372075
-0.424279
0.240195
0.00111553
0.240089
-0.111932
0.167531
1.35417
-0.0108547
0.0477245
0.263948
-0.172655
0.00755582
-1.01925
-0.0886242
-0.245743
-0.00541611
-0.260661
-0.265599
-0.0171705
0.0169381
-0.102082
-0.210355
-0.195884
-0.182574
0.15113
0.400833
-0.388331
-0.0495764
0.382476
0.209554
0.399017
-0.367769
-0.525463
0.127807
-0.523855
0.439556
-0.244028
0.327723
-0.151092
-0.649763
-0.11952
-0.00888666
-0.467284
-0.375909
-0.577205
-0.468422
0.0534743
0.178954
-0.053423
0.136222
-0.861616
-0.324322
-0.141931
0.23245
-0.175713
-0.116541
1.08283
0.0974541
0.186326
0.241775
0.333858
0.227305
0.417333
0.512612
0.439851
0.191461
0.588142
0.240288
0.488751
0.380667
0.417711
0.23601
0.0180868
-0.457929
0.209149
-0.171813
-0.470466
-0.342267
0.268551
0.190417
0.0872081
-0.0393341
0.482373
-0.200748
-0.0531079
0.334599
0.299375
-0.0751661
-0.438736
-0.506912
-0.193185
-0.48295
-0.449428
-0.0147235
-0.0907603
0.223482
-0.267234
0.0346921
0.132717
0.380774
0.109086
-0.288541
-0.442447
-0.748842
-0.196266
-0.15026
-0.512115
0.252063
-0.431002
-0.176507
0.0544599
-0.159621
0.17297
0.0633127
0.00849538
-0.197097
-0.107375
0.242133
0.552023
-0.184942
0.112422
-0.0312625
-0.64143
-0.107133
-0.243718
-0.321878
0.0381366
0.010534
-0.0481668
-0.155191
0.0634045
-0.279105
0.0777662
0.393288
0.134285
0.406364
-0.00646539
-0.473052
-0.429258
0.408801
-0.173321
-0.20552
-0.0616677
-0.640101
-0.887947
0.904672
-0.570825
0.391435
0.0766825
0.359681
-0.463755
-0.7234
-0.287551
-0.119969
0.300134
0.402219
0.275119
-0.229882
-0.632509
0.153201
0.948045
0.26141
-0.778453
0.234325
0.514368
0.257023
0.380962
0.0376036
0.378781
-0.308675
-0.447542
0.340461
-0.350498
0.0969518
0.105337
-0.278987
0.0554758
0.462967
0.123396
0.271669
-0.0549741
-0.0195665
0.226116
-0.134948
0.428554
0.271742
0.264325
0.317699
0.120989
0.0898128
-0.473477
-0.0139135
-0.376619
0.272821
-0.36967
0.227447
-0.50945
-0.0507408
-0.455276
0.19816
-0.159024
-0.142652
-0.496482
-0.320871
-0.0665869
0.228643
0.57417
-0.277078
0.270115
0.143387
0.309979
0.00572362
0.312058
-0.296596
0.0848727
0.161705
-0.189157
-0.113266
-0.420224
0.0675029
-0.213013
0.325856
0.0804527
-0.413058
-0.277966
-0.0768904
0.0188337
0.33561
0.0608439
-0.451785
-0.245653
0.161898
0.485867
0.116935
0.203054
0.013622
0.318652
0.401046
-0.212799
0.244238
-0.41664
0.415666
0.425857
-0.200846
0.147152
-0.285876
-0.547698
0.331339
0.2362
0.137428
0.0112783
0.135631
0.1077
-0.107392
0.174725
-0.423872
-0.205061
-0.0356623
0.72658
-0.484346
0.0920234
0.208932
0.427504
-0.295637
0.874349
-0.190756
-0.00519784
0.346213
-0.500149
0.43177
0.839912
-0.150022
-0.30647
-0.246524
-0.108781
-0.575101
-0.195598
-0.243044
-0.441303
0.323881
-0.110729
1.04407
0.0195605
-0.462911
0.493537
-0.630385
-0.945812
0.896396
0.176902
-0.00400903
0.348253
-0.474518
-0.0931315
0.516662
-0.308456
-0.475401
-0.267931
0.188701
-0.898115
-0.527917
0.893598
-0.257367
0.257107
-0.19305
0.262121
-0.170432
-0.369709
-0.257003
0.00335928
-0.345207
-0.232576
0.0552555
0.131869
0.280752
0.498945
0.219037
-0.449932
-0.440315
-0.374672
-0.0199037
0.48728
-0.221096
0.450453
0.230899
-0.192466
0.405673
-0.397256
0.510853
-0.39139
0.325613
0.389796
0.137038
0.366231
0.238103
-0.131682
-0.323796
0.381605
0.256331
0.364507
0.234331
-0.252067
0.308053
0.49314
0.365334
0.390748
0.206519
-0.12785
0.408576
0.443168
-0.270265
0.597253
-0.306852
-0.64883
-0.0114192
-0.214376
0.444248
0.897443
0.19366
0.194991
-0.11744
0.455967
0.551541
0.458279
-0.241262
-0.15148
-0.0545473
-0.296072
-0.429764
0.314776
0.272247
-0.187619
0.0013847
-0.00060966
0.521645
-0.354881
-0.523826
-0.220378
-0.173205
0.106824
0.261696
0.276599
0.027944
0.0662347
-0.286562
0.0857264
0.0751821
0.0407643
-0.436319
-0.294083
-0.208654
0.48431
0.0783865
-0.18886
0.353842
0.489938
0.442875
-0.441463
-0.167549
-0.487227
-0.480076
-0.383433
-0.218011
0.162043
-0.278672
-0.431966
0.14413
0.434915
-0.358451
0.398471
0.340471
0.134623
-0.154713
0.393696
0.357446
0.409815
0.0230765
0.230757
0.310118
0.0494341
-0.84169
-0.533431
0.631323
-0.130549
-0.117481
-0.266553
-0.365877
0.341963
-0.0599873
-0.487009
-0.625448
-0.00245458
-0.427883
-0.493767
-0.0892564
0.0338335
0.329958
0.0612155
-0.53327
-0.204209
0.520344
-0.0933411
-0.199368
-0.0281899
-0.291785
0.710898
0.372856
-0.443098
0.636677
-0.212269
-0.69085
-0.313255
0.28311
-0.100485
0.414112
-0.0242286
0.451672
0.0154394
-0.0729279
0.216805
0.557803
0.307016
-0.105006
-0.17291
-0.224775
-0.0990586
-0.363176
0.159092
-0.14377
0.156882
0.637991
0.591996
0.0784493
-0.239477
-0.551227
-0.174593
0.252424
0.366681
-0.231063
0.546891
0.273357
0.492337
-0.0123577
-0.263512
0.53318
-0.684294
0.23618
0.496702
0.00959295
0.214253
0.0990983
0.292779
0.448993
0.0680654
0.135627
-0.132478
-0.462357
-0.214257
0.0476098
0.187795
0.00254639
0.141251
0.062855
0.0826049
0.269796
-0.376641
-0.116056
0.393003
-0.152913
-0.351747
0.10952
0.37349
-1.23738
0.280835
0.811844
-0.0611884
-0.172148
-0.403415
-1.08221
-0.101472
0.386001
0.241843
-0.395537
-0.238161
-0.356571
0.31413
0.233194
0.525638
0.364462
0.0503032
-0.55556
0.159292
0.104982
0.369433
0.337249
-0.178988
0.593577
0.145913
0.266804
0.10025
0.319031
0.303975
0.599771
0.369237
0.0169699
0.518586
-0.400067
0.462894
0.271691
0.12091
-0.394098
0.240564
0.271205
-0.318851
0.559525
-0.285633
-0.0533007
-0.160185
0.240535
0.474339
-0.383562
-0.495936
0.209664
0.0857441
0.180957
-0.221326
0.0667591
0.0313194
0.294517
-0.0773141
0.315887
-0.0555484
0.142815
0.439893
0.178666
0.156638
-0.371521
-0.15859
0.293135
-0.0232808
0.657867
-1.77731
0.305243
-0.325946
0.554998
-0.229143
-0.287252
1.46954
0.643388
0.149993
1.1696
-0.0668807
-0.0796971
-0.986708
-0.727854
-0.523206
0.149852
-0.964872
0.382189
-0.0330106
