#input normalization
0.160589 0.269496
10.882 17.9622
12.4773 30.703
10.3841 27.8963
0.0127932 0.0334656
0.0108986 0.0284936
1 -1
0.823961 1.14631
1.01646 1.32786
1.23048 1.51654
1.47696 1.68552
1.73 1.83539
1.9743 1.96587
2.21076 2.0781
2.44645 2.16709
2.69244 2.17746
1 -1
1 -1
#output normalization
1 0
#neurons weights
-0.325298
-0.346869
-0.0473434
-0.100085
-0.115978
-0.059699
-0.407306
0.183674
-0.203195
-0.169906
-0.457218
0.301581
-0.3937
-0.0351174
0.204228
-0.108925
-0.310791
0.266444
0.234593
0.277965
-0.37522
-0.260551
-0.496148
-0.111203
0.44071
-0.331287
1.75994
-0.41632
0.306034
-0.0414702
-0.0832554
-0.457813
0.422566
-0.453167
0.0321183
0.520339
0.181449
-0.0375145
0.415981
-0.385411
0.26729
-0.152776
-0.0177647
-0.322522
-0.485361
-0.062925
0.425446
0.00351057
-0.440556
0.397198
-0.539194
-0.406517
0.347651
0.368723
-0.116605
0.417214
#synapses weights
-0.0589863
1.79136
0.0687343
-0.309316
0.287993
-0.218463
-0.211063
1.54989
-0.131513
-0.4052
-0.522406
-0.377349
-0.444429
-0.558097
-0.40767
-0.465945
-0.422831
0.381368
-0.194469
-0.228702
0.365272
0.246625
0.392091
0.134504
0.475146
-0.494234
0.620681
-0.0485151
0.223223
0.198191
0.0721158
0.270564
-0.337348
-0.0182529
0.156138
0.378615
0.101116
-0.102974
0.316698
0.0263314
0.282572
-0.328071
0.498902
1.70074
1.18779
0.710429
0.389659
-0.484823
-0.23501
-0.45622
-0.431976
-0.452402
-0.209524
-0.299386
-0.178629
-1.00554
-0.529701
0.446997
-0.156869
-0.0496625
0.153237
-2.05141
0.0290872
-0.212027
0.0733744
-0.247975
0.108049
-0.13292
0.276929
0.170381
-0.450999
0.196465
0.180109
0.379181
0.143049
0.229912
-0.387975
-0.379555
0.121855
0.606689
0.580633
0.726218
0.516521
0.531704
0.294741
0.215927
0.163717
-0.11391
0.445159
0.134918
-0.103622
-2.7438
-0.684736
0.311275
0.0260709
0.139462
-0.308421
-2.96077
-2.28253
-0.0432587
0.245774
0.38497
0.104753
0.665518
0.33619
0.511563
0.382395
0.277596
0.1042
0.163962
0.738692
-0.0167794
0.54784
-0.165515
0.357646
0.36327
0.0773629
-0.0071135
0.0380081
0.199749
0.26493
0.0542552
-0.138549
0.0144495
-0.157433
0.0451481
0.0124008
0.0672289
-0.213066
0.521773
0.0598869
0.374608
0.0681537
-1.95857
-0.988895
-0.341599
-0.0215892
-0.386288
-0.0542486
0.0141093
-0.114397
0.106136
-0.300433
0.36749
-0.1981
0.150914
-0.00826687
0.176752
-0.104536
-0.307113
-0.400073
-0.122118
0.029305
-0.144779
0.186763
-0.133601
0.286213
0.200716
0.78179
0.650009
0.066514
-0.226004
0.339107
0.809475
0.122087
-0.0746707
-0.358185
0.424355
-0.468816
-0.271364
0.602264
-0.0449146
-0.242723
0.177443
-0.255569
-0.146199
-0.368609
-0.452095
-0.0202034
-0.304645
-0.532142
-0.301442
0.0975647
0.250987
-0.125081
0.110772
-0.151532
-0.0747427
-0.50878
-0.715776
0.137643
0.251703
0.050463
-0.440526
-0.249342
-0.0192799
0.327654
0.17942
-0.151813
-1.42514
0.185625
-0.00525899
0.0795283
0.183927
-0.0816104
1.16868
0.332438
0.0941763
0.0515791
0.23767
0.132322
0.188336
0.479164
0.144866
-0.142965
0.151976
0.207324
0.472095
1.12048
-0.189184
0.723118
-0.475322
0.260553
0.969583
0.0645722
0.0770812
0.261486
0.00444317
0.0484454
-0.269041
-0.319719
-0.456233
-0.0577959
0.102925
-0.168029
0.772961
-0.155358
0.211763
0.260986
-0.557223
0.232781
2.4295
0.165738
0.167421
0.267812
0.0220526
-0.182591
-0.0518145
-0.018411
-0.65873
0.495627
0.0345813
-0.164495
1.76368
0.0787936
0.0369967
-0.121943
-0.144998
0.105201
-0.415989
-0.323942
-0.22709
-0.388588
-0.529851
-0.997388
-0.608226
-1.08059
-0.727507
-0.310987
-0.0656763
-0.164868
-2.31039
-0.278894
-0.103562
0.1144
-0.380765
0.282978
-0.053007
0.285481
0.270688
0.316494
0.244752
0.233752
0.257953
0.3055
0.644897
-0.387885
0.0188987
-0.323177
1.59245
0.0757363
-0.0283786
0.186257
-0.00520517
-0.392892
-0.396715
0.278682
-0.108624
-0.12371
-0.374159
-0.263758
-0.479332
-0.280822
-0.433871
-0.165572
0.231696
0.0677815
2.07699
0.0247299
-0.246913
0.237872
-0.235462
0.278655
-0.0295207
0.0603731
0.0773676
-0.111568
-0.201208
-0.0309283
-0.383821
-0.128756
-0.310204
-0.493943
-0.416655
0.147848
0.274401
0.71781
-0.447344
-0.162619
-0.467035
0.152173
0.453009
0.182789
-0.576846
-0.125623
-0.371063
-0.703715
-0.401627
-0.125637
-0.214233
-0.219233
0.118526
-0.499053
0.143556
0.679139
0.392368
-0.875694
1.03534
-0.387772
-0.615859
-0.736377
0.0320871
0.261728
0.291541
-0.269926
-0.333809
-0.447808
0.721907
-0.556452
-0.897803
-0.347589
-0.1051
-0.291137
0.308448
-0.713072
-0.493623
-0.633725
-0.445968
-0.197534
-0.0875156
0.021819
0.302749
-0.114298
-0.167049
0.507267
-0.556985
-0.484628
-0.409761
-0.0162532
-0.421027
0.413042
0.144487
-0.228848
0.105006
-0.596289
0.609348
-0.304491
0.42633
1.02672
0.186009
-0.366701
-0.870212
0.21295
0.423656
0.455824
-0.420175
-0.0423757
0.389492
-0.610525
0.124451
0.440022
-0.680364
-0.302513
0.215138
-0.345522
-0.241327
-0.0136736
0.411006
0.303687
0.391466
-0.796959
-0.592421
0.387028
0.528122
-0.798607
-0.103052
0.361466
0.238868
-0.31923
-0.0677017
0.126677
0.198064
-0.292458
0.144697
0.320131
-0.251199
-0.378938
0.128702
0.393387
0.813507
-0.207575
-0.226935
-0.556608
0.599666
-0.267011
-0.716326
0.48519
-0.035794
-0.0738708
-0.101553
-0.0603769
-0.085801
0.935363
0.223433
0.565076
0.0923373
0.357079
-0.163284
-0.434325
-0.488671
0.17664
-0.156368
-0.0980523
-0.22751
-0.407249
0.18363
-0.657315
-0.395137
-0.0100929
-0.0158486
-0.166596
1.35295
-0.276006
0.1671
-0.0307778
-0.313049
-0.0205789
0.194254
0.0350119
0.282263
-0.764868
0.305055
-0.749722
-0.986009
0.168083
0.00985571
-0.354206
0.243734
-0.195667
0.0753377
-0.0458692
-0.534546
-0.207023
-1.00775
0.18655
-0.391662
0.211579
0.171643
0.0208332
-0.271849
-0.162257
0.422941
-0.0759715
0.603454
0.288024
0.474539
-0.17797
0.237966
-0.427069
0.691182
-0.387737
0.198178
0.00374494
0.256772
0.0800864
0.250036
0.13341
-0.278736
-0.12537
0.0197988
0.0214836
0.366227
0.264355
0.741372
-0.421758
0.0511905
-0.905658
-0.157817
-1.25973
0.174877
-0.098718
-0.080528
-0.270351
0.448053
-0.16578
-0.452306
0.854744
-0.373195
-0.582613
-0.350537
0.11344
0.170731
-0.799014
0.38246
-0.618444
-0.0137911
0.525705
0.629701
0.245703
-0.607539
1.00648
-0.421687
-0.374607
0.708909
-0.24463
-0.0832336
-1.45783
1.15963
-1.17493
-0.882056
-0.814915
0.348199
-0.243649
0.299339
0.296992
-0.339085
-0.464137
0.157414
-0.208876
-0.0409747
-0.215365
-0.525135
-0.0648713
-0.385737
-0.238298
0.0780351
-0.338044
0.0318523
-0.0991689
0.309807
0.25703
0.317288
0.352912
0.370268
0.116725
-0.341133
0.620174
-0.126111
-0.0754779
0.156246
-0.0667297
0.0652726
0.508872
0.116579
0.059777
0.030049
0.085662
0.741073
0.573924
0.276395
-0.538301
-0.554532
-0.37592
-0.225464
0.765107
-0.208258
0.272099
0.87553
0.128455
0.142813
-0.527325
-0.43585
-0.490516
0.404999
-0.160229
0.471169
0.317274
-0.140356
-0.490552
-0.508838
-0.446611
0.291895
-0.228564
0.318978
-0.440653
0.226808
0.288148
-0.434177
-0.164434
-0.476586
-0.176157
-0.438111
-0.763129
0.602879
-0.593939
-0.601892
0.333107
0.258916
-0.414319
0.273957
-0.466712
0.366577
-0.587215
0.259582
0.0476561
0.0993319
0.482644
0.0629597
-0.595769
0.31942
0.418171
0.101988
-0.782045
-0.28569
0.333759
0.402726
0.530294
0.0103379
-0.19717
-0.240776
0.1745
-0.413882
0.191958
-0.212975
-0.155719
-0.320016
0.235065
0.0529634
0.432922
0.00381783
0.0368124
0.301065
-0.0594248
-0.239056
0.234939
0.025384
-0.17166
-0.38683
0.0223008
0.328627
0.10748
-0.0884621
-0.529925
-0.507791
-0.117821
-0.44164
0.213927
0.363655
0.0699831
-0.13823
0.272982
0.335625
0.355101
-0.301322
1.31634
-0.492448
-1.20819
-1.03756
1.40194
-0.223732
0.954886
0.852466
0.0660983
-0.797438
2.13402
0.353428
0.333932
-1.0531
0.728747
-0.516854
0.478177
0.341019
