#input normalization
0.16056 0.26946
24.7135 32.9652
11.08 35.5344
8.67438 30.6968
0.0115338 0.0399199
0.00947419 0.0322269
1 -1
0.823961 1.14631
1.01646 1.32786
1.23048 1.51654
1.47696 1.68552
1.73 1.83539
1.9743 1.96587
2.21076 2.0781
2.43718 2.17557
2.63908 2.23007
2.83415 2.26984
3.01462 2.27938
3.15896 2.26461
3.28283 2.21551
3.38534 2.14891
3.48469 2.03192
1 -1
1 -1
#output normalization
1 0
#neurons weights
0.0341401
-0.200559
-0.436149
0.319998
0.0927526
-0.0991864
-0.20761
-0.352729
0.154553
-0.440696
-0.311681
0.0495278
0.0067531
0.497309
0.148085
-0.0351664
0.108055
-0.0908545
0.0366315
0.308186
-0.0209148
-0.437287
0.102757
0.405715
-0.113615
-0.449856
-0.17126
-0.522309
0.191495
0.779555
0.543576
-0.710856
0.832591
-0.176883
0.162121
0.058231
-0.249876
-0.727497
0.268657
0.329557
-0.105814
-0.205926
-0.262442
0.0939432
0.63198
0.214456
0.114799
-0.016745
0.340038
-0.494156
-0.251077
-0.482265
-0.209956
0.336254
-0.423855
0.010363
-0.204815
-0.106812
-0.0289959
-0.102759
0.345241
-0.28924
-0.126935
0.00963123
-0.322291
-0.415659
0.16252
0.521839
-0.128879
0.511457
-0.501983
0.0051348
0.0375269
0.418212
#synapses weights
0.11341
-1.30873
0.130911
0.21564
-0.385584
-0.239554
0.451696
0.783584
0.375022
0.251211
0.0394736
0.0681143
-0.0759956
-0.388231
0.146704
0.349211
0.210291
0.305091
0.0868916
0.290476
0.45186
0.233205
-0.477152
0.318146
-0.51284
0.354964
-0.0867239
0.308533
-0.448704
0.023695
0.22635
-0.380851
-0.453187
-0.514599
-0.107891
-0.0366618
-0.183755
-0.00752455
0.548023
0.000197048
-0.320299
0.291113
0.257505
0.458695
-0.215653
0.0929534
-0.351292
0.103086
0.442802
-0.38132
0.362006
-0.385714
0.267576
-0.294023
-0.486561
0.749168
0.557677
-0.054313
0.285657
-0.409273
0.27782
-0.0213979
0.0876897
0.209488
-0.179287
-0.424816
-0.254965
-0.269338
-0.320007
0.0217317
0.179932
-0.292204
-0.242429
0.486448
0.361169
-0.129595
0.494359
-0.299893
-0.461419
-1.36006
0.179833
0.141972
-0.103351
-0.236705
-0.0426635
-0.262948
-0.284538
-0.155842
-0.325741
0.33671
-0.364031
0.00682249
-0.124119
0.19783
-0.154861
0.380126
-0.0961935
0.499551
-0.221896
0.158264
-0.535274
-0.00349578
0.17806
-1.11939
-0.898537
-0.435323
-0.215563
-0.181721
-0.331897
0.103528
-0.0251846
0.339211
-0.449701
0.0110518
0.318107
-0.327364
-0.211854
-0.336913
0.482691
0.171582
0.0214136
1.14585
0.498423
0.194701
-0.552231
-0.27875
-0.157294
0.366386
0.71173
0.959323
0.359424
0.248496
0.0305152
-0.0139384
0.384124
-0.00646048
0.117604
-0.186442
-0.0127683
0.142016
-0.196239
-0.196506
-0.0545594
0.259077
-0.320457
-1.50232
-0.295204
0.449023
-0.368834
0.0862188
-0.224363
-3.94242
0.405498
0.0478616
0.243522
-0.0576032
-0.00696322
0.229849
-0.172293
0.31959
0.0963015
-0.0150887
0.447197
0.228985
-0.0214451
0.345166
-0.0188981
-0.387024
-0.724547
-0.732389
-0.152557
0.716392
-0.180576
0.522504
-0.0218269
-4.24351
-1.58275
-0.446171
-0.351892
0.77266
-0.0993218
-0.0753954
-0.113509
-0.16846
-0.167648
-0.260283
0.377614
-0.147708
0.253862
0.614466
-0.222113
-0.100597
-0.496793
0.424474
-0.00479798
-0.194531
-0.0171492
0.831696
0.287187
-0.641884
-0.186886
0.100681
0.319069
-0.0866864
0.159129
-0.178045
0.276598
0.562611
0.0137121
-0.0389413
0.465539
0.30959
0.24401
0.233374
0.0542765
0.337733
-0.310021
-0.878372
-0.306948
0.370743
-0.60141
0.408403
-0.279903
-0.596412
-0.99864
-0.394621
0.412376
0.227344
-0.222512
0.168815
0.2879
-0.482096
-0.0203205
-0.0593553
0.499957
0.0846535
-0.0931409
0.107617
0.491648
0.131604
0.127054
0.0089799
0.322396
-0.386237
0.526768
-0.397208
-0.367752
1.12371
1.05882
-0.237385
0.260865
-0.947432
0.0288362
0.0727455
-0.0629922
-0.32122
0.0607381
0.311302
-0.491512
0.277961
-0.282824
-0.166584
0.0486806
-0.0291898
0.192785
0.814326
-0.36481
0.0555357
-0.185385
-0.517679
-0.390852
-1.03509
0.0333515
0.0396107
0.23508
-0.124442
-0.237488
-0.00438871
-0.242869
-0.0744236
0.00866662
0.0555353
-0.2056
0.223376
-0.170462
-0.263877
-0.353197
0.164401
-0.0852163
-0.330276
-0.403351
-0.147199
-0.325855
-0.0324261
-0.000374825
0.393961
-0.164234
0.169159
0.1633
0.525364
0.327347
0.0783295
0.177569
0.378214
-0.0187291
-0.0566282
0.279449
0.444495
-0.122233
0.0201212
0.249234
0.260071
-0.0666744
-1.56854
-0.273272
-0.0385974
0.0623192
-0.140687
-0.0874318
-1.59437
-0.148359
0.110004
-0.119507
0.436025
0.186331
0.244423
0.547795
0.311874
0.248238
0.329648
0.0729658
0.170399
0.251823
0.00711815
0.307673
0.36678
0.306017
-0.572734
-0.361594
0.350215
0.393619
0.16641
0.209939
-0.260695
0.269095
0.157604
0.16916
-0.178193
-0.28776
0.119406
-0.0540712
0.315577
-0.110589
0.365625
0.587755
-0.00348288
-0.354424
-0.0285252
0.318024
0.0464221
0.281161
-0.729996
0.0833437
0.104984
-0.373821
0.0634578
0.0955399
1.14621
0.376495
0.537335
0.521291
-0.190149
0.0156657
0.200032
-0.270811
-0.285905
0.0364038
0.0831364
0.0224077
0.286363
-0.0223747
0.158861
0.201851
0.267109
0.245132
-0.0994392
0.0827831
-0.395236
-0.234992
-0.75099
0.485051
0.0671194
0.630448
0.259601
0.0415468
-0.122587
-0.123338
0.101834
-0.0046688
-0.181541
-0.455062
-0.303974
-0.32589
0.384107
-0.514851
0.165674
0.285266
0.0665384
-0.307332
0.573027
0.0714246
0.340928
-0.458771
0.0491804
-0.175829
0.25495
-0.230607
0.0961688
0.264731
0.138057
0.443838
0.374334
-0.38144
0.645649
0.200153
-0.0227147
0.0986269
0.219639
-0.279399
0.061961
-0.106831
-0.304039
0.425674
0.229664
0.518291
0.162589
0.354487
-0.437191
-0.186579
0.405325
0.31343
0.0826223
0.505408
0.323117
0.370978
-0.241361
0.0424531
-0.185417
0.405591
0.180265
-0.247233
-0.209663
-0.0147365
-0.397454
0.41957
-0.174858
0.265007
0.529728
-0.339849
0.165277
-0.371814
0.728249
-0.46258
-0.0884119
0.494908
0.435631
0.130207
-0.0877805
-0.293195
-0.12757
0.0500722
-0.322349
0.173833
-0.255184
-0.382301
0.0911083
0.300306
0.302283
-0.344128
-0.106611
0.305922
1.28701
0.246411
-0.00443824
-0.126137
0.182931
0.49097
3.10159
3.16222
0.563295
0.271129
0.076025
0.0858926
-0.257411
-0.127893
-0.1956
-0.145245
-0.156471
-0.330691
-0.00335167
0.0180972
-0.230404
-0.323552
0.3193
-0.0929591
-0.780037
-0.0204418
0.116716
0.404381
0.473362
-0.364129
-0.832235
0.321357
0.175324
0.2929
0.170777
-0.0531513
0.3982
0.317158
0.435862
0.104431
-0.0168652
0.355802
0.617203
0.254723
0.200887
-0.426513
-0.122034
-0.115164
0.0957158
0.752556
0.166428
0.023356
0.160333
-0.179992
0.397465
0.488457
0.420536
0.215261
0.161938
-0.12418
-0.37144
-0.418904
-0.090016
-0.0879386
0.120556
-0.0531531
0.0120839
-0.0689413
0.0612431
-0.447678
-0.0288689
0.111941
-0.336079
0.00827969
-0.038219
0.4078
0.605538
0.457826
-0.778563
0.458318
0.31694
0.0345072
0.0328661
-0.314062
-0.051381
-0.147248
-0.0944917
0.225161
0.189489
-0.45185
-0.031126
0.013445
-0.275101
0.16192
0.212282
-0.270831
0.235447
0.144286
0.20572
0.0531545
0.66562
0.263635
-0.744637
0.323036
0.231625
0.410156
0.0335614
-0.417951
-0.0319159
0.118281
-0.379633
-0.0638956
0.549868
-0.0332744
0.470638
0.677523
0.495081
-0.292059
0.24962
-0.0702463
0.27566
-0.453671
0.0992843
-0.303824
-0.971431
0.659338
0.394726
0.248161
0.438466
-0.713973
-0.611576
0.282615
0.712413
-0.184798
-0.51182
-0.254094
0.380946
-0.302362
-0.0819554
-0.242385
-0.0294091
-0.279376
-0.229542
-0.253958
-0.500223
-0.0247814
-0.0567291
0.234263
-0.189385
0.482581
0.30609
0.130515
-0.0494294
-0.405411
-0.331876
0.268569
-0.574339
-0.501079
-0.133253
-0.214171
0.299531
-0.155034
0.0145506
0.542307
-0.0329649
-0.117281
0.542121
0.456825
0.224872
0.0106482
0.0342133
-0.130345
-0.654831
-0.211338
-0.164998
0.570984
-0.386277
-0.165826
-0.190953
-0.193506
-0.486479
0.251884
-0.369519
-0.350707
0.719326
-0.338874
0.468286
0.52528
-0.297542
-0.576167
0.183736
0.0243702
-0.271556
-0.18706
-0.89651
0.404859
-0.117465
-0.403532
0.340994
-0.0405316
-0.425153
-0.256709
-0.317581
-0.308783
0.16642
0.326571
-0.251815
-0.482676
0.0164473
-0.158404
0.160977
-0.414023
-0.565657
0.016098
-0.407379
0.287173
-0.387083
0.171242
-0.27414
0.618666
0.194719
-0.143812
-0.259405
-0.370136
-0.354345
0.464999
0.31278
-0.19775
-0.335097
-0.329286
0.130289
0.152022
0.754458
0.218099
0.177998
0.238209
-0.18196
0.347498
0.351896
0.188141
-0.204933
0.594808
0.466596
0.25791
0.495005
0.0437193
0.180391
0.334636
-0.00949754
-0.0808145
0.248417
0.370864
-0.119646
0.420349
0.515561
0.0374295
0.0395762
0.233359
0.0357369
0.131642
0.280987
-0.171298
-0.0347697
0.142231
0.335007
0.00447313
-0.310108
0.405515
0.412312
-0.356328
0.331515
-0.202489
-0.544108
0.764788
0.0256546
-1.59098
-0.945925
0.542787
0.544501
-0.108406
-0.0917506
0.528051
-0.975632
-0.276865
0.324219
-0.137363
0.378078
-0.0761491
0.420825
1.39687
-0.243351
0.184317
-0.0638741
-0.322911
-0.363699
-0.360871
0.45758
0.0396302
0.0568335
0.398985
-0.683478
-0.192512
-0.212206
0.338574
0.515107
0.675321
0.477352
-0.106899
-0.0451949
-0.00699965
-0.104288
-0.465896
0.196549
0.153527
0.78943
0.329442
-0.00731631
0.586584
0.201731
0.151575
-0.166168
0.492439
-0.0326743
-0.60523
-0.501611
0.153483
0.285794
0.576825
0.330073
0.291084
0.0394849
0.193945
0.715103
0.617791
0.0713948
0.626315
-0.27805
0.0472588
0.458482
-0.0635634
-0.0614743
0.204546
0.381903
0.341962
-0.368345
-0.356782
-0.231586
0.109499
0.193835
-0.0295201
0.242067
0.315699
0.4818
0.226396
-0.0214174
0.377823
-0.401485
-0.713696
-0.000248476
-0.280179
-0.0615596
-0.217176
-0.280711
-0.313959
0.087754
-0.219696
-0.498298
-0.265766
0.313266
0.0747304
-0.16646
0.0860536
-0.474547
-0.401134
-0.378058
-0.146941
0.11496
0.479161
0.478551
-0.241326
-0.153565
0.278093
-0.215545
0.341365
0.711774
0.296717
-0.23425
-0.654359
0.0835133
-0.276243
0.246872
-0.145398
-0.0965803
0.380131
-0.247433
-0.134063
-0.288891
-0.32506
-0.0656192
-0.195952
-0.260133
-0.276896
-0.545789
-0.463553
-0.0889332
-0.173123
-0.170089
-0.479437
-0.3117
0.322993
0.418913
-0.225473
0.245696
-0.546343
0.212415
0.0129174
0.322826
-0.29963
-0.483938
-0.172498
0.0794686
-0.476364
-0.0552664
0.734952
-0.13696
-0.521263
0.177522
-5.54907e-05
-0.193996
-0.175297
0.431348
-0.168691
0.0979091
-0.281981
-0.749779
-0.211482
0.167728
-0.0437088
0.499891
0.373953
-0.406776
-0.144103
-0.570294
-0.223224
-0.469403
-0.109539
-0.141181
-0.00372806
0.166322
0.143677
0.186909
0.485526
-0.0979018
-0.284777
0.221761
0.327644
-0.0116619
0.213524
0.215212
-0.279252
0.00202645
0.0784546
0.384402
-0.410364
-0.271523
0.135075
-0.286316
-0.360404
0.234737
0.183123
0.599479
-0.398257
0.096049
0.666978
0.628272
-0.0368748
0.0479278
0.164223
0.386267
0.498986
0.0768073
-0.0583157
-0.364622
0.0594442
-0.264583
0.238262
-0.0782848
-0.154646
0.0530079
0.80777
0.184241
-0.315831
0.312663
0.73045
0.505725
0.316317
-0.073638
-0.578982
-0.0356903
-0.497045
0.433331
-0.525075
0.014533
0.167203
-0.361283
-0.605852
0.379348
0.604849
0.207448
-0.00271519
-0.537914
0.139914
-0.377408
-0.0227827
-0.696285
0.282884
-0.287829
-0.414407
-0.0543509
0.574788
0.193876
0.341706
-0.239917
-0.110546
-0.280682
0.317635
0.153545
0.250344
0.217549
0.223413
-0.278053
-0.194273
0.142042
-0.174114
0.513788
0.793645
-0.413387
0.359727
-0.0101356
-0.685242
0.226505
0.269544
0.130899
-0.0477055
-0.128746
0.501673
0.418339
0.0697308
0.27039
0.212326
0.0442681
0.541168
0.132902
0.220421
-0.556622
-0.335205
-0.1355
-0.385994
0.208962
-0.122051
0.227772
-0.163825
0.569539
-0.244714
-0.167685
0.175598
-0.144734
-0.0280618
-0.0836721
-0.000442515
0.436923
-0.0643431
0.236672
0.488052
0.476711
0.0906183
0.467062
0.233773
0.373864
-0.192423
0.105459
0.489601
0.442489
0.377968
0.099529
0.33914
0.232319
0.0968459
0.305644
-0.377957
0.0126402
-0.30028
-0.112257
-0.126414
-0.0810663
-0.317756
-0.491732
-0.387223
0.420761
-0.279449
0.281558
-0.493891
-0.134068
0.491703
0.364536
-0.22323
-0.207355
0.160326
-0.521219
0.377214
-0.426869
0.329179
0.12152
-0.421588
0.482336
0.0694757
-0.175205
0.401231
-0.28508
0.291527
-0.29525
0.254506
0.00510472
0.324931
0.353085
0.184226
0.0676833
-0.438639
0.171945
-0.084047
-0.021192
0.0727442
-0.161054
0.041432
0.0505377
0.0275414
-0.0966666
-0.611708
0.337487
0.473952
0.175466
-0.346073
-0.380646
0.00458881
0.241665
0.218883
0.0855434
-0.360081
-0.0588138
0.39893
-0.0123438
-0.264962
0.0793208
-0.104076
0.359784
-0.0814682
0.17085
-0.372225
-0.440639
0.1603
0.179007
-0.497911
-0.240564
-0.150513
-0.0541053
-0.0418091
-0.129118
0.282237
-0.465728
0.639788
-0.088017
-0.0858058
0.327213
-0.357584
-0.350049
0.285733
-0.326884
0.599645
0.0291351
-0.218659
-0.0933831
-0.0191496
0.124062
0.29241
-0.354753
-0.12611
0.544379
0.236656
-0.00451472
-0.802428
0.0365956
0.00950838
0.215972
-0.10885
-0.175383
-0.434657
0.245588
-0.00766825
0.738697
-0.11891
0.111824
-0.164534
-0.0419763
0.0996522
0.587982
-0.143475
-0.0940098
-0.129333
-0.487935
0.32073
-0.475476
-0.332149
-0.345843
-0.0123137
0.387376
-0.207023
0.257587
-0.353858
0.0508212
0.376952
-0.84611
0.465059
-0.511853
0.554326
0.406345
-1.36344
0.0944381
0.358183
-0.366111
0.639608
0.301942
-0.642415
-0.58943
-0.175426
0.858647
0.158563
-0.324453
-0.37529
0.399412
0.293053
0.0371026
-0.117766
0.188649
