#input normalization
0.160576 0.269481
15.0525 22.9773
11.8324 32.7535
9.45218 29.2876
0.0121633 0.0363109
0.0101018 0.0304087
1 -1
0.823961 1.14631
1.01646 1.32786
1.23048 1.51654
1.47696 1.68552
1.73 1.83539
1.9743 1.96587
2.21076 2.0781
2.43718 2.17557
2.63908 2.23007
2.84039 2.26344
3.05348 2.23663
1 -1
1 -1
#output normalization
1 0
#neurons weights
0.0671058
0.247267
-0.34553
0.161573
-0.314818
-0.233513
-0.0797893
-0.238585
-0.46408
0.0261708
-0.185118
0.476431
0.151715
-0.248068
0.0508188
0.273578
-0.224621
0.250474
0.131025
0.275551
0.0815217
-0.528361
0.426773
0.141427
-0.347674
-1.27998
-0.33639
-0.544479
0.156613
0.103783
-0.204348
-0.199962
0.419063
-0.370825
-0.277987
0.165381
0.350944
-0.170472
0.213026
0.016735
-0.337571
-0.35102
0.44992
-0.371414
0.473825
-0.382902
-0.315252
-0.516587
-0.152974
0.380664
-0.341248
-0.132532
-0.0990412
0.177566
-0.00377228
-0.0416695
-0.104484
0.320665
-0.257023
-0.255301
0.366341
-0.108266
#synapses weights
-0.146066
-0.94271
-0.136765
-0.201967
-0.193196
-0.353228
-0.302867
0.887316
0.288257
-0.192269
0.168633
0.26804
0.426883
0.141606
-0.280918
0.191217
0.24894
-0.103292
0.221974
-0.228523
0.0670383
-0.878927
-0.201663
0.0782211
-0.180062
0.138903
-0.448239
-0.808144
-1.60855
-0.650253
-0.287298
-0.120519
0.352086
0.0329328
0.111787
0.0862875
0.126769
0.169761
-0.258398
0.150069
0.00376308
-0.839911
0.113329
0.147835
-0.299671
0.45397
0.041049
-0.550109
-0.937326
-0.0668505
-0.489342
-0.499336
-0.256295
-0.0950419
-0.212235
-0.326789
0.14595
-0.110974
0.184014
0.361744
0.333133
-0.791124
0.323744
-0.174925
0.272352
0.0644518
0.143509
-0.132079
0.219516
-0.11984
0.0629219
-0.60351
0.265017
0.0601091
0.201156
-0.342637
0.226816
0.110255
0.177125
-0.0398812
0.269512
-0.00879522
-0.774416
0.178917
-0.217715
0.654473
-0.359359
-0.396903
-0.0955313
0.00524611
-0.294092
0.0764157
0.555721
0.211667
0.100277
0.839629
1.09654
0.70229
0.222541
-0.470922
-0.102541
-2.27176
-0.23364
0.163647
0.172714
0.0956304
0.494249
-0.424662
-0.0233618
-0.0325511
0.223001
0.324878
0.442376
0.873906
0.636086
0.868271
0.714884
0.749505
-0.467783
0.34651
0.0921645
0.87442
0.0038264
0.378167
-0.708454
-0.411494
-0.312779
1.48191
-0.124752
0.498719
0.546915
0.153219
0.0192751
-0.0735023
-0.216605
-0.0234504
-0.140205
-0.0621064
0.492504
0.374799
-0.0901385
-1.09144
0.206042
0.30076
0.299216
0.209764
-0.0321083
-0.0832646
0.394856
-0.119914
-0.0425822
-0.0636803
0.431079
-0.21578
0.205918
-0.297447
0.320367
0.0408598
-0.113429
-0.0520906
-0.273339
-0.515817
-0.242473
-0.272502
0.0506496
0.442462
-0.287313
0.346318
-0.746823
-0.469241
-0.0709321
0.284749
-0.239721
0.0191624
-0.388149
0.288256
-0.339899
-0.277873
0.0726155
-0.148968
0.142684
0.927828
0.212581
-0.17451
0.123049
0.423417
-0.253989
-0.741008
0.0446404
0.257956
-0.10844
-0.17724
0.160489
0.251953
-0.39903
-0.387864
-0.294045
-0.355922
0.0728966
-0.395742
0.411334
-0.0383703
0.399554
0.00634102
0.10995
-0.511268
-0.494684
-0.000625284
0.743428
0.453514
-0.0747388
-0.517551
0.16411
-0.163901
0.0281423
0.0609898
-0.0213953
0.0871279
-0.0880703
-0.158451
-0.318919
-0.412108
-0.180316
-0.158124
0.0460894
-0.257098
0.444314
-0.953095
-0.431791
-0.528602
-0.361877
0.374303
0.216581
-0.159235
0.438912
0.488273
0.0239211
-0.171268
0.401773
0.10974
-0.088428
0.993255
-0.221089
0.166145
0.0508739
-0.157254
0.34456
0.988837
-0.366158
-0.141298
-0.210726
0.0656374
0.320488
-0.229951
-0.0643914
0.116059
0.168275
-0.17853
-0.37136
-0.289171
0.0636378
-1.6632
-0.0538771
-0.0833742
-0.00546604
-0.368985
-0.122117
0.532903
0.107897
0.593961
0.417089
0.394371
0.125567
0.436254
0.391181
0.412999
0.374945
0.654543
0.33889
-0.479259
0.659705
-0.851251
0.0975763
-0.310177
0.337943
-0.342343
-0.0875149
0.240262
0.0441578
0.451765
0.294231
0.221895
0.198101
0.166698
-0.609442
0.0979681
-0.00870657
-0.320687
-0.0179439
0.248172
0.286173
1.61594
-0.0067135
-0.118892
0.251226
-0.41171
0.301148
-0.28782
0.1936
-0.0535711
0.0130455
-0.11969
-0.246157
0.17797
-0.286575
0.00973007
0.198494
-0.184962
0.22938
-0.313366
-0.125083
0.423116
0.510451
-0.355856
-0.103275
-0.316347
-0.158049
1.03078
0.146401
0.0772221
-0.175333
-0.0320714
-0.231696
-0.113473
0.375516
-0.0429888
-0.00645696
-0.283511
0.124151
-0.358345
-0.113243
1.53321
-0.160313
-0.107021
0.0559837
0.145424
0.0394778
-0.791327
-0.599648
-0.371214
-0.0552538
-0.16552
0.11105
0.3268
-0.172461
0.0873268
-0.200313
0.197763
0.339506
-0.330054
0.135296
0.354062
0.506625
0.298943
0.0942302
-0.138436
-0.491135
-0.0728333
0.617163
0.0943523
0.346696
0.200519
-0.542233
-0.453795
-0.487276
0.194848
0.195994
0.142998
0.464704
-0.234223
-0.172355
-0.730854
-0.368384
0.366827
-0.0573274
0.360988
-0.136995
-1.14488
-0.0912498
-0.284951
-0.194361
0.0822217
-0.342127
-0.316796
0.351213
-0.0562119
0.0157267
0.102289
0.0891283
-0.0117766
0.0907416
2.42589
0.215816
-0.239879
0.399671
-0.197733
0.225974
4.21113
0.957637
-0.668032
-0.314044
-0.0900659
-0.07205
-0.439698
-0.173411
-0.601999
-0.508757
-0.328802
-0.327461
0.0674458
-0.0661516
-0.0371311
-0.0188434
0.171607
-0.367421
0.370098
0.167099
0.516129
-0.0580387
-0.245802
0.0860948
0.266549
-0.249097
-0.13804
-0.173464
0.0292617
-0.273335
-0.10219
-0.104185
-0.104285
-0.529179
-0.391955
0.0124189
-0.416648
0.0450124
0.48933
-0.0570701
-0.30906
-0.163628
-0.371716
0.319726
-0.403499
0.320938
0.261466
0.233377
-0.191101
0.220206
0.457101
0.154691
0.377631
-0.290392
0.148349
0.249062
0.163553
-0.0381569
-0.528837
-0.0348905
-0.677318
-0.158566
-0.655771
0.874385
-0.219589
-0.370113
-0.190583
0.596053
-0.562226
-0.510353
-0.243843
0.474252
0.221512
-0.282509
0.0682148
0.613502
0.138014
-0.32269
0.0275127
-0.0469591
0.33393
0.264639
-0.242903
-0.262802
-0.391786
0.377662
-0.369321
0.206053
0.46138
0.20227
0.133393
0.118339
-0.0428671
0.0534602
0.1034
-0.0831089
0.126367
0.407837
0.579195
0.471179
0.175027
0.501045
-0.415497
0.0256087
-0.137665
-0.222382
0.131443
0.287448
0.223254
0.288771
0.212763
-0.120359
0.49896
0.0933234
0.524154
0.141873
-0.457353
-0.384337
0.731277
0.562236
-0.0930393
0.279795
0.336304
1.01389
-0.581516
0.263854
0.486618
-0.602896
-0.333801
-0.0827585
-0.121621
0.333971
0.537677
-0.803121
0.0967169
-0.745414
-0.719129
0.188887
-0.700152
-0.518872
-0.254488
-0.751045
-0.187791
-0.313172
-0.023285
-0.594203
0.15187
-0.153314
0.0697839
0.198033
0.153961
-0.217773
-0.0138881
0.108571
0.233888
-0.513232
0.217765
-0.268048
0.0292776
-0.813834
0.701664
0.0531694
-0.328883
0.0373269
0.376665
1.42071
-0.721693
0.619315
0.172667
-0.0440401
0.417355
-0.412451
-0.528172
1.07154
0.182367
-0.559497
-0.280895
-0.968385
0.349162
0.418037
-0.0518103
-0.13271
-0.134953
0.392672
0.246284
-0.291856
-0.11467
0.471668
-0.138299
0.0371683
0.22848
-0.26246
-0.172368
-0.217089
0.39009
0.470777
0.470861
-0.41537
-0.357403
-0.38813
0.21879
0.167756
0.216529
0.107876
-0.251944
-0.0382321
-0.0903749
0.715726
-0.0400571
0.0145968
0.0774855
-0.631271
-0.200659
-0.0721262
0.213929
-0.126312
0.24064
-0.348664
-0.203736
0.157514
-0.456584
-0.284266
-0.289181
-0.053996
-0.384194
-0.593912
0.0497801
0.248983
0.160522
0.499531
-0.108624
-0.558232
-0.199868
0.0882043
-0.13054
-0.336872
-0.359826
-0.0367433
-0.0204047
-0.336654
-0.0695869
-0.219209
-0.336462
0.717612
-0.495884
0.140593
-0.237389
-0.127909
-0.147735
-0.491179
0.248555
-0.266166
0.178379
-0.510198
-0.212735
0.216785
0.0121008
-0.156188
-0.595498
0.392101
-0.120614
0.120519
-0.636506
-0.220896
0.759258
0.0988973
0.0792064
0.240056
0.463601
0.0447706
0.352446
0.0985845
0.288686
-0.0593944
-0.497555
0.449239
0.178435
0.40413
0.14611
0.535032
-0.355005
0.0926347
0.475834
-0.210576
0.211988
-0.27064
-0.158653
0.175691
-0.100473
0.402669
0.317309
0.131508
-0.23211
0.466393
-0.0667013
0.248102
0.497725
-0.162455
-0.171678
0.688953
-0.186945
0.359517
0.190697
-0.24106
0.192571
-0.443307
0.128722
-0.189486
-0.686885
0.104129
0.238782
-0.317534
-0.975577
-0.262848
0.298417
-0.142509
0.674762
0.556836
-0.341144
-0.232925
-0.805648
-0.0132429
0.858888
0.155512
0.436669
0.367037
0.342658
0.865633
0.0690546
0.387178
0.135104
0.12138
-0.0326183
-0.317023
-0.222245
0.171353
0.357863
-0.0115202
0.383257
0.109608
0.369099
-0.0468293
0.364771
0.0586389
-0.196805
-0.356297
-0.0566028
-0.000846761
0.253147
0.32556
0.320105
0.0159968
0.0159029
-0.397372
0.535782
0.0334476
0.291663
0.235211
0.101493
-0.0803615
-0.441828
0.0666116
0.468953
-0.202281
0.044235
-0.0805932
0.141317
0.149905
0.0532271
0.25071
-0.312996
-0.198084
-0.0234793
-0.293023
0.159518
0.237231
-0.00905306
0.187258
-0.251024
0.0293125
0.0133253
-0.389008
0.567508
-0.322873
-0.184063
0.471727
-0.424837
0.493049
-0.0474674
0.217056
-0.714067
0.0443002
0.24229
0.270029
0.362014
0.301952
0.515752
-0.483996
0.13252
0.27067
-0.226514
-0.404828
0.396041
-0.416906
1.07538
0.0607278
-0.651983
-0.378742
-0.508273
-0.154373
-0.11486
-0.566479
0.0991434
0.00109579
0.250518
0.13929
-0.417228
0.621114
0.0537269
0.0810945
-0.421261
-0.0544412
0.421988
-0.157436
-0.242396
0.54247
-0.198565
-0.195241
0.215501
-0.128882
0.21525
0.103672
0.194253
-0.054461
-0.44978
-0.908832
-0.0855904
-0.603522
1.34921
-0.662323
1.74033
2.49976e-05
0.297462
0.464064
-0.276203
-0.0473378
0.38015
-1.17704
-0.224136
0.457993
-0.609871
0.755884
0.541032
