#input normalization
0.160594 0.267349
27.3195 34.0317
11.6815 38.2348
8.98045 31.4615
0.0117364 0.0413456
0.00972565 0.0318788
0.570454 1.47752
0.868996 1.21582
1.03242 1.37838
1.2475 1.53439
1.48889 1.65758
1.73269 1.76303
1.94825 1.84297
2.15628 1.90779
2.36993 1.95434
2.53124 1.96124
2.69596 1.95293
2.84062 1.92024
2.92459 1.85234
3.01674 1.77624
3.06809 1.68082
3.1138 1.56967
3.13004 1.46285
3.14474 1.30038
#output normalization
1 0
#neurons weights
0.130722
-0.294222
0.381075
-0.318404
0.0979708
-0.173363
0.262671
0.397736
-0.165721
0.0421282
-0.105568
0.0969757
0.213668
0.29282
-0.481866
0.212235
-0.111527
-0.128813
-0.112784
-0.158592
0.480253
-0.409641
-0.204546
0.138275
-0.0966593
1.17476
2.32789
1.12736
-1.59286
3.64032
1.72052
-2.19759
0.0527406
1.64987
-1.52426
-1.54857
0.172379
-1.54096
0.724778
1.16904
-0.271339
0.831894
-2.94407
0.728733
-0.0427982
-0.495356
3.64291
2.83223
0.81664
0.835738
0.801171
0.336077
-0.0390926
0.671277
0.74237
0.184218
-1.02832
0.91242
-0.324511
-0.390479
0.376438
0.560036
0.51865
-0.640186
-0.483477
0.198772
0.0484557
-0.253169
-0.829843
1.15231
-0.275629
0.535537
0.591959
0.85017
#synapses weights
0.368585
0.723583
0.622625
0.697716
0.337446
0.189932
-0.218825
0.768319
0.30708
0.0153217
0.0835312
-0.488783
0.556233
0.168962
0.368807
1.34478
0.532686
0.422583
0.768717
0.731909
0.884979
0.514519
0.271106
0.20656
-0.574452
-1.23275
0.194623
0.195475
0.451251
0.0128288
-0.348478
-0.0152477
0.398662
0.633749
-0.224451
0.867792
-0.0720644
0.119588
0.0184636
-0.6525
0.232298
0.169572
0.29583
-0.482598
-0.560754
0.0171864
-0.88667
-0.821501
-1.38111
-0.141798
0.8721
-1.42149
0.979944
0.524151
-0.288059
-0.779442
0.577742
0.956493
0.0730306
0.265877
0.794996
-0.0959405
-0.694262
-0.888195
-1.1405
0.169997
-0.797458
0.695303
-0.0564916
0.482556
-0.405513
-0.155587
-0.451049
-1.02103
-0.354577
-0.117823
-0.157605
0.483775
0.332858
0.362198
0.470884
-0.558508
-0.0193071
-0.197538
-0.316707
0.167255
-0.325892
-0.50435
0.364755
0.133474
-0.734103
-1.03393
-0.839765
-1.11814
-1.27269
-1.29088
0.225301
0.769568
-0.365529
0.250933
-0.743708
0.185324
0.194683
0.420428
0.347676
0.368537
-0.973845
-0.419357
0.636765
-0.0334697
-0.113116
0.0239152
0.0750042
-0.450294
0.879785
0.240107
0.260658
-0.269889
-0.356342
0.32253
0.43465
-1.05303
2.6502
-0.646614
0.533213
-0.600465
0.477769
-0.402313
0.0532718
-0.189902
-0.171852
0.455603
-0.373186
-0.204342
0.469705
-0.130697
0.24528
0.121767
0.380641
-0.104056
-0.267323
0.283721
0.476935
-0.11039
0.205149
-0.913694
2.08512
-1.23666
-0.0470797
0.130696
-0.215764
1.47314
0.261838
0.10168
-0.506968
0.100154
1.07655
-0.140904
0.0626278
0.0420908
0.402574
-0.682713
-0.497717
-0.223478
0.805103
-0.605088
0.576876
-0.319023
0.526822
0.702214
-0.373616
0.0715346
0.56264
-0.0145865
-0.704668
-0.702832
0.382889
0.856952
-0.501465
0.434665
-0.0784131
-0.854651
-0.0557987
-0.261171
-0.768868
-0.755381
0.25642
0.543208
0.0885692
-0.323036
0.246745
0.10657
-0.363631
-1.00793
-0.591493
0.423359
0.876326
-0.536508
0.174516
0.169495
-0.0861005
0.0681884
-0.254835
-0.670532
0.598705
-0.173227
-0.25986
0.0143523
-0.659616
-0.452448
-0.297665
0.00958839
0.104449
-0.129707
-0.569707
-1.06561
-0.17765
-1.07138
0.223604
0.202063
0.178691
0.366504
-0.103966
-0.272512
1.19926
-1.30981
-0.00458512
-0.222248
0.081182
-0.195396
-0.673823
0.869374
0.532224
0.286609
-0.203717
-0.585765
-0.186839
-0.964754
-0.515126
-0.448297
0.322293
1.60328
0.244072
0.069512
-0.851109
0.311542
0.14589
0.137562
0.165263
0.110068
0.221853
-0.293112
0.148849
-0.069361
-0.552872
0.409103
-0.130076
-0.563097
-0.389543
-0.38558
-0.707819
0.741612
0.638302
-0.138
-0.191782
1.58156
-0.45864
0.626665
0.232145
0.136792
0.20779
0.09367
-0.484982
-0.0350385
-0.212369
0.328618
-0.136426
-0.360029
-0.292261
-0.648323
0.445412
0.721441
-0.706273
-0.389354
0.129143
-0.394084
-0.501455
0.896884
0.0614889
1.8978
-0.292406
0.393953
0.474342
0.84596
0.0510201
0.874224
0.42645
0.86519
1.14055
1.32379
1.1786
0.967402
1.08582
1.38924
1.67792
1.44658
1.38402
1.00534
1.38724
1.00381
1.11083
1.11683
0.320998
1.80326
-1.32299
0.0756318
-0.165006
0.0741103
0.068238
0.48281
0.0733698
-0.462532
0.312217
0.470301
-0.0746579
0.302527
0.282891
-0.255521
0.218792
0.1298
-0.158586
-0.396845
0.169102
0.252166
0.0906373
0.0451382
0.257345
0.521702
0.151785
-0.0283203
0.237096
-0.177522
-0.069277
-0.0615118
0.172101
-0.489219
0.201974
0.13398
1.00368
1.14515
0.799013
0.586755
-0.186163
0.35929
0.556234
-0.0632311
-0.198836
-0.110154
-0.373053
-0.438954
-0.578134
-0.381503
0.22521
-0.0233382
-0.0829099
-0.145524
1.12165
-0.253979
-0.510654
-0.785695
0.860093
-0.0106351
0.563817
-0.268485
-0.229483
-0.464576
-0.190007
-0.209239
-0.716963
-0.398074
-0.380309
-0.359902
-0.770868
-0.184333
-1.23322
-0.395055
1.34042
-0.814561
0.158739
-1.29035
-0.185805
0.150221
-0.13834
0.145334
0.224967
-0.268772
-0.368534
0.208038
-0.221718
0.225938
0.228177
-0.185412
0.0378921
0.253084
0.0988262
0.0165164
0.0167316
0.100731
-0.953493
-0.659411
0.943357
-0.394049
-0.537403
-0.157845
0.0187932
0.846762
-0.264883
0.0615283
-0.980013
0.537684
-0.221416
-0.52916
0.32542
-1.00448
0.453596
0.401686
0.115137
-0.913648
-0.0701664
0.800656
-0.118829
-0.340591
0.0401547
1.05199
-0.286131
0.065412
0.0724613
-0.262981
-0.0733963
0.383587
0.82385
-0.688875
-0.159531
0.734526
-0.920578
-0.230718
0.80926
-0.920642
-0.119115
0.851692
-0.843339
0.0138751
-0.334152
0.0196424
-0.0976179
-0.106015
-0.730179
-0.551099
1.33457
0.809656
0.768506
0.451391
0.000900842
-0.716521
-0.174822
0.18822
-0.154678
-0.216088
-0.169435
-0.40297
-0.536159
0.0646682
-0.10803
-0.250837
0.0460387
-0.285692
-0.731839
-0.683487
-0.601295
-0.83983
-0.34925
-0.453758
-0.460938
0.475979
0.0402014
-0.177647
0.430702
-0.335028
0.0465859
0.00788863
0.0104342
-0.451106
0.114313
0.108049
0.172705
-0.213543
-0.405444
-0.179273
-0.91916
-0.452962
0.151082
-0.194241
-0.663338
-0.829542
0.0489775
-0.512932
0.198729
-0.0573863
0.363975
-0.00777189
0.366395
0.343531
0.511418
-0.6325
-1.18602
-0.640056
0.151973
-1.00785
0.110162
-0.528848
-1.01706
-0.601069
-0.218674
-1.32152
-0.94276
0.0495368
0.274172
-0.140985
-1.72595
-1.202
-1.21366
0.404513
0.713291
-0.161548
-0.168753
0.0825838
0.147489
-0.241572
-0.0291512
0.138243
-0.31382
-0.20551
-0.466022
0.441787
-0.281692
-0.227527
0.171724
0.264214
0.0307073
0.389372
0.311819
0.232584
-0.383868
-0.812788
0.883574
-0.0950657
0.887054
0.120877
0.238017
-0.295453
0.625984
0.891437
-0.400995
-0.126825
0.0205542
0.28417
0.217558
0.25363
-0.088647
1.63231
-0.0517378
-0.438695
-1.3104
-0.273431
-0.604846
-0.355141
-0.393742
1.18176
-0.110153
0.059089
-0.617119
0.154523
0.505899
0.494841
0.538806
1.20664
0.582161
-0.268798
-0.373885
-0.469158
0.642883
0.55962
0.526933
0.176061
0.0184658
0.286294
-0.0522382
0.161137
0.736619
0.73688
0.273077
-0.210036
0.135159
0.212018
0.703185
-0.395858
0.173048
0.430772
0.567748
0.313502
0.637828
0.266903
0.454578
-0.324104
0.27711
-0.114794
-0.087951
-0.191231
0.737024
0.239674
-0.204244
0.649575
0.24461
0.417331
0.361043
-0.201179
-0.995427
-0.525882
-0.56189
0.337404
-0.579844
-0.440164
0.485785
0.463549
-0.364894
0.802724
0.0226183
-0.0648192
0.412252
0.168479
0.206169
-0.510094
0.469009
0.538246
-0.270439
0.349629
0.516937
-0.971138
-0.88673
-1.06834
0.305101
0.00230584
-0.0995539
-0.700265
0.595132
-0.615834
-0.135271
0.061684
-0.485605
0.889424
0.770312
0.35763
-0.323307
0.516515
-0.0232386
-0.649828
-0.818068
-0.698461
0.0393107
0.860492
-0.909353
-0.462121
-1.20817
0.465565
-0.709332
0.232208
-0.622788
-0.958876
-0.563316
0.283062
-1.11092
-0.547046
0.811533
-0.084749
0.200994
1.25545
0.694455
-0.167781
0.284347
-0.505644
-0.808123
-0.261523
-0.223095
0.161722
-0.861619
0.0739677
0.0777747
-1.21461
0.0931985
0.097209
-0.16219
-0.362841
0.260226
0.137798
0.805997
-0.535262
-0.785252
0.41917
-0.561245
-0.853892
0.670496
1.07117
0.326417
0.818944
-0.374478
-0.0861559
-0.502913
-0.321173
0.519116
0.0614859
0.587294
0.761257
-0.919324
-0.244028
-0.276592
0.233923
-0.865425
0.165565
0.276616
0.312438
-0.410424
0.254252
0.449965
-0.267486
0.263357
0.705773
0.564231
0.249973
0.124413
0.239983
0.17257
-0.285198
-0.219264
0.968191
0.21587
0.360405
-0.174793
0.234197
-0.529134
0.335299
0.350492
-1.35847
-1.30412
-0.744896
0.644612
-0.660906
-0.749783
0.865137
-0.637221
-0.918742
0.6981
0.414558
-0.323063
0.532768
-0.226425
-1.05197
-1.34801
-1.01128
1.14532
-0.585274
-0.517074
0.0774343
-0.958543
-1.18735
-0.746613
-0.465844
-0.878661
-0.260911
-1.07961
0.0059681
-0.492641
-0.0545208
-0.0612752
-0.557744
-0.447557
-0.844641
-0.388086
0.0349542
-1.13602
-0.934831
-0.785739
-0.670998
-0.380467
-0.726413
-0.476023
0.178634
-0.265096
-0.819966
-0.622324
-1.03703
0.486847
-1.08181
-0.633552
-0.280873
0.10687
-0.200837
0.0233026
1.17726
-0.441118
-0.157089
0.383984
1.34774
0.169248
0.0714214
0.2153
-0.541748
-0.796142
-0.0460665
0.743615
-0.390334
0.430127
0.52506
-0.329106
-0.105248
-0.14741
0.391446
-1.27103
-2.26411
-1.13162
0.614135
-1.98564
-1.37593
1.57453
-1.11864
-1.16063
0.949459
0.337972
-0.697292
1.06824
0.0457043
-1.72031
-1.82344
-0.552439
1.99978
-1.27838
-0.897279
0.0391644
-0.592785
-2.08391
0.446487
-0.123367
0.399971
-0.316993
-0.127754
-0.562694
-0.0622963
-0.239882
0.0395822
0.723591
0.707106
-1.06851
-0.586445
-0.241185
-1.03887
-0.569856
0.228409
-0.444709
0.468983
-0.100869
-0.137774
-0.137699
0.0729625
0.131749
-0.0279606
-0.337314
0.20209
-0.502315
-0.078718
-0.0690627
0.288315
-0.0249504
0.124482
-0.0982302
-0.564536
-0.643082
0.095189
0.510993
-0.103938
0.967633
0.421844
-0.246339
-0.450339
-0.0151052
0.174914
0.584403
-0.258913
-0.41204
-0.67476
0.372455
0.45953
0.631196
-0.809073
-0.212648
-0.638624
0.244647
-1.30464
-0.870396
0.610185
0.460355
0.09893
0.140004
1.1521
-0.350515
-0.079326
-0.113672
-0.516201
-0.363056
-0.21077
0.498989
-0.472917
-0.153801
1.2361
-0.702312
-0.954764
-0.240179
0.174683
-0.516967
-0.995751
-0.577187
0.448317
-0.617854
-0.764565
0.916062
-0.3752
-0.728023
0.324765
0.535828
0.0248061
-0.200751
0.0889416
-0.638409
-0.935908
-0.137095
1.32422
-0.590495
0.196888
0.181654
-0.903636
-0.624484
-0.829582
-0.608161
-1.86619
-1.19195
-0.778923
0.445547
-2.02562
-1.54328
0.707992
-0.686446
-1.45583
1.01649
0.609674
-1.05766
0.445806
-0.107077
-1.08388
-1.23806
-1.29325
2.02747
-1.45559
-1.03057
-0.146314
-0.640145
-1.76861
-0.607971
0.470798
-1.04704
-0.591549
-0.151292
-0.0280607
-1.11748
-0.427517
0.814279
0.147156
-0.413556
0.0840683
1.10373
0.0673196
-0.477553
-0.17619
-0.176584
-1.20319
-0.159184
0.636655
-0.809741
-0.0621447
0.241614
-0.141007
-0.895835
-0.0675541
-0.0577503
-0.536127
-0.376395
-0.506947
0.342511
-0.676838
-0.912499
0.206584
-0.379354
-0.546066
0.85397
0.870344
-0.160695
0.741841
-0.0278606
-0.278429
-0.219043
-0.782463
0.532711
0.49887
-0.0854247
0.928878
-0.681592
0.263123
-0.438715
0.134427
0.0244182
0.0727914
-0.64409
0.229697
-0.93552
-0.360124
1.04071
0.0821655
-0.63519
0.140916
0.379685
-0.47009
-0.000132391
-0.298664
-0.344993
-0.536462
-0.0094165
1.08881
-0.380686
0.338397
-0.095028
0.2094
-0.706399
-0.374899
-0.031325
-0.0817311
0.322644
0.377713
-0.209887
0.0704401
0.196969
-0.229122
0.611811
-0.0345339
-0.714418
-0.612264
0.218222
-0.297308
0.198452
-0.089939
0.3107
0.306624
-0.595275
-0.254979
0.219435
-0.185726
1.02728
0.137366
0.889004
-0.286945
-1.82228
-1.73161
-0.409987
0.369626
-1.23755
-1.6068
0.4862
-1.23769
-0.794434
0.943827
0.522875
-0.622405
0.508464
-0.0542198
-1.14063
-1.34384
-1.37793
1.0111
-1.56087
-0.48355
0.0574166
-0.804481
-1.67042
-0.265447
0.799431
-0.239892
0.790449
0.395623
0.683784
-0.0790368
0.385634
0.468667
-0.944
-1.17343
1.11669
1.26604
0.157603
1.33786
1.44197
0.245317
0.510752
-0.111406
0.771615
0.958607
-0.509004
-0.761027
0.00252154
-0.247443
1.19289
-0.21442
-0.22618
-0.166775
0.169247
-0.0484452
0.14124
0.0685144
-0.655453
-0.136161
-0.186319
-0.508285
-0.511615
0.153522
-0.396312
-0.0357357
-0.230071
0.627904
0.74083
-0.274457
-0.286831
0.376928
-0.22238
0.111792
0.580285
0.710736
0.39502
0.140996
-0.338058
-0.134862
0.455963
-0.0539798
-0.543498
-0.0828006
-0.148037
0.0599491
0.585635
0.254599
-0.211093
0.724291
0.0299108
0.172009
-0.214127
-0.455142
0.268229
0.310701
0.458773
-0.288535
0.215467
-0.108242
0.308007
0.12517
-0.535213
-0.00362764
-0.558085
-0.315728
-1.09531
-0.190126
0.776406
-0.503568
-0.663329
0.791929
0.101036
-0.360838
0.751722
0.269559
-1.14572
-1.53319
-0.96941
0.121976
-0.875528
-0.498277
1.13979
-1.04506
-0.593212
0.241434
-0.558383
1.9538
3.39931
1.9784
1.58752
0.378481
3.05397
-2.29873
0.764552
5.16218
-1.89704
1.39672
1.44256
1.81397
4.43879
0.696723
2.97838
1.19068
-1.2049
3.25647
3.59241
-0.583214
0.716098
3.07577
