#input normalization
0.160607 0.267373
14.1858 21.9428
12.4895 34.8237
9.60248 29.8218
0.0121152 0.037353
0.0101094 0.0300523
0.570454 1.47752
0.868996 1.21582
1.03242 1.37838
1.2475 1.53439
1.48889 1.65758
1.73269 1.76303
1.94825 1.84297
2.15628 1.90779
2.36993 1.95434
2.53124 1.96124
2.70381 1.94427
2.88397 1.86841
#output normalization
1 0
#neurons weights
-0.0543614
0.229601
-0.0867077
-0.0358202
-0.429331
-0.32963
0.061812
0.322635
-0.302366
-0.17137
0.189764
0.275656
0.175601
0.491345
0.395382
0.421852
-0.0898272
0.121555
0.329948
0.0540437
-0.125077
3.322
-0.0488858
-2.3889
0.238066
3.02962
0.307776
1.85506
3.13673
0.332409
-0.743447
-1.22532
-0.730369
4.68583
2.10375
-1.98713
1.53291
-1.2219
0.424242
0.360456
1.37724
0.67507
-0.39511
-0.640981
-1.06839
0.685153
-0.123074
-0.264111
0.143558
1.00637
-0.00301458
-0.165339
0.077378
0.972781
0.596201
1.77154
#synapses weights
0.726605
-0.797624
-0.175717
0.543447
0.370536
0.732956
0.203918
-0.603396
-0.503531
-0.351772
-0.263549
-0.572902
-0.296067
-0.883414
0.26021
-1.12905
-0.558951
-0.886727
0.393382
-1.21903
0.727166
1.05593
-0.277497
-0.95705
-0.436954
-0.108882
-0.69738
-0.582159
0.0601298
-0.388594
-0.33827
-0.831652
-1.08118
-1.03055
-0.528621
-1.20381
0.661942
-1.23539
-0.294704
-0.439308
0.0444245
-0.374688
-0.358583
-0.0466843
-1.20582
-0.198514
-0.345708
-1.51295
-1.4996
-1.06837
-1.13119
-1.45015
0.226988
0.739596
-0.336058
-0.894204
1.51887
-0.400322
-0.085078
0.270605
-0.582418
-0.475172
0.446611
0.00218705
-0.894666
0.394623
1.43926
0.297453
-1.26117
-1.09144
-0.660109
1.01116
0.583855
1.4388
0.482254
0.187493
-0.445266
-0.036196
0.062957
0.194212
0.775328
1.68217
0.0957614
-0.152639
-0.23715
-0.187188
-0.35334
0.903536
-0.106266
-0.436979
-0.417695
0.832603
0.280031
0.264667
-1.14104
0.725425
0.594179
1.07837
-0.0496804
-1.59034
0.902274
0.093318
0.0983636
0.307108
-0.939193
-0.187597
-0.292711
0.518668
-0.265292
1.15089
-0.0210535
0.0140506
-0.194249
0.328903
0.270668
0.581609
-0.108805
-0.166413
1.04356
0.574542
0.475149
0.637806
1.65443
1.4275
1.42725
0.66159
-1.08208
-0.196532
2.51708
-1.00045
0.629442
-1.34772
-0.392972
0.366096
-0.274663
-0.743674
0.613516
0.0176173
0.248452
0.585921
-0.621503
0.874079
0.107228
-1.18719
0.345003
1.28169
0.273906
0.132995
0.0259669
-0.0369222
-0.313486
-0.0564452
0.196079
0.105973
-0.355167
1.07731
0.575752
0.903601
0.173964
-0.323392
0.260553
0.108983
-0.366598
-1.16867
0.752411
-0.844068
0.221238
-0.0666157
0.17706
1.11794
0.0646153
-0.13238
-0.405398
-0.0851921
0.162044
-0.159773
0.0169167
0.0321054
0.0602256
-0.157898
-0.675101
-1.5534
1.69313
-0.0796228
-0.00476969
0.488462
-0.437392
-0.409549
-0.409604
-0.0496365
-0.0703741
-0.252477
-0.192005
0.514814
0.587694
-0.847936
0.052346
-1.44741
-0.114902
1.88013
-1.17447
0.474375
-0.203981
1.30412
0.238576
0.38806
0.58306
0.740608
1.14726
1.18518
0.574316
1.77363
1.3229
1.78941
1.1123
1.71971
0.331228
1.1989
0.630117
-0.292833
-0.91482
0.43449
0.16727
-0.558071
0.772027
-0.765668
0.591919
-0.992306
0.468565
-0.0086501
0.468679
0.934055
0.22067
0.8813
0.202449
1.02159
-0.151436
0.452829
-0.386205
-0.0808707
-0.125364
-0.0616654
-1.04967
0.446555
-0.614818
0.449982
-0.791209
-0.428542
0.356929
0.308728
0.294923
1.39938
-0.565233
-0.818885
2.37292
-1.3042
0.274549
-1.02075
-0.252749
0.00720038
-0.00998282
-0.183508
0.198377
0.194661
0.320184
0.525028
0.113934
0.225437
0.101296
-0.363667
-0.0847112
-1.67329
2.02794
-0.662735
1.83776
-0.960504
0.323472
0.0487256
0.171617
-0.0593839
0.233932
0.233782
-0.471208
0.280405
0.905525
-0.468699
-0.291974
0.551335
-0.553966
0.0616895
1.52775
-2.30438
0.955295
0.29996
0.366075
-0.0985051
-0.360606
-0.374445
0.52108
-0.144076
0.0813128
-0.700263
-0.328871
-0.0667122
-0.289532
-0.670443
0.728257
0.419741
0.20831
0.319888
0.505263
0.00108373
-0.197425
0.109014
-0.0144461
-0.21576
0.188025
-0.026724
0.345042
0.304094
-0.515151
0.0470811
0.153412
-0.304978
-0.236015
-0.880161
-0.0200407
0.826875
-0.0760321
0.587863
0.518267
-0.107283
0.375914
0.650228
0.415513
0.0687818
-0.122583
-0.0410234
-0.864888
0.531001
0.319787
0.180573
-0.790783
-0.840065
-0.275424
-2.78297
-0.173102
1.47433
-0.771382
-3.07813
-0.383433
-1.77782
-2.66223
-0.872819
-0.0802558
0.773613
-1.56861
-2.27835
-2.64655
0.338418
-1.80951
-0.219168
-0.21067
0.0213213
0.286833
0.0863281
-0.148344
0.461386
0.178819
0.579858
0.0879338
-0.157828
-0.366518
0.115423
-0.19159
-0.0499925
0.374687
0.337211
-0.236399
0.244429
0.262201
0.0742057
0.824337
-1.12734
-0.682909
0.844105
-0.268733
-0.222259
0.192007
-0.958798
0.170333
-0.729458
1.08773
0.0437731
-0.217424
-0.622464
0.195991
0.857409
-0.822508
0.276966
-0.232166
0.647725
-0.245785
0.435366
0.31169
-0.243912
-0.288072
0.925159
-0.389522
-0.62198
0.186819
0.85306
1.10853
-1.45055
-1.43439
0.00770751
1.10802
-0.760804
-1.22933
-1.25314
0.469342
-0.0533388
-1.6472
0.000781333
0.981001
-1.13615
1.19925
-0.723563
-0.181918
0.33055
-1.40645
-0.39309
-0.998662
-0.929237
-0.769858
1.18335
0.0298738
-0.89826
-0.255423
-0.004144
-1.69235
-0.195197
1.26915
-0.107645
-2.05772
-0.0314623
-1.36583
-1.27755
0.0674515
0.548308
0.385344
-1.02549
-1.73109
-1.52231
0.29371
-1.6133
-0.761588
-0.913805
0.0263597
-1.62036
0.500361
1.54657
0.317242
-2.15207
-0.351877
-1.07297
-0.910512
0.377171
0.0654206
0.809031
-0.877653
-1.43839
-1.86248
1.07852
-1.0158
-0.266992
0.450829
-0.452009
0.0709621
-0.37776
-0.198853
-0.33025
-0.479461
-0.652065
0.68229
0.338468
0.648044
-0.614989
-0.362287
1.3637
1.61064
0.161358
-0.844525
0.566735
-0.0628985
-0.0543842
-0.523238
0.15779
1.46609
0.664631
0.756293
-0.0694493
1.09291
0.335952
-0.608177
0.871033
1.67731
1.4249
0.402108
-0.996267
0.853854
-0.41642
0.703583
-0.0483617
0.0454444
0.381838
-0.312322
-0.0193112
-0.00584139
0.332898
0.242795
-0.400249
0.856103
0.0970453
-0.184832
0.566468
0.249949
0.169122
0.085655
0.0874334
0.0659152
0.432977
0.455683
0.141435
0.303603
0.462052
0.183871
0.486767
-0.30295
-0.278966
-0.67796
0.366549
0.363061
0.177363
0.836739
0.255844
0.40676
0.0671409
0.311829
-0.570606
0.433018
-1.07071
-0.244192
1.19973
-1.18757
0.117276
0.721514
0.31191
-1.67351
0.0507064
-0.755585
-0.815941
-0.465181
1.03995
0.348983
-0.531944
-0.564156
-0.691229
1.13664
-0.939244
-0.361731
-0.619447
-0.473978
-0.338366
1.00779
0.662625
0.463436
0.215618
0.777136
0.228836
-0.412722
0.280228
0.925662
1.02881
0.934626
-0.427433
1.17797
-0.685361
0.128159
-0.456681
-0.232574
1.00599
-0.535674
-0.868051
0.550695
0.0731204
-1.0547
0.400201
-0.306106
-0.891181
-0.62411
1.10174
-0.111377
-0.0342192
-0.43681
-0.689668
1.26071
-1.03065
-0.467955
-1.2235
0.327151
-1.32499
0.421183
1.89388
-0.277643
-2.20319
0.420379
-1.0448
-1.3603
0.376255
0.926223
0.0251773
-1.48686
-1.30034
-1.91934
1.10613
-1.23176
-0.527953
-0.0747859
0.712127
-1.08821
0.297541
0.628434
0.703992
-1.10204
0.163665
-0.712342
-1.66139
0.689231
0.86554
0.73066
-0.874351
-1.44452
-1.27325
0.706929
-0.464838
0.0885338
0.45836
0.0405315
-0.386638
0.922039
1.26422
-0.0182966
-0.921837
0.205569
-0.385215
-0.2887
0.812202
0.994468
0.926496
-0.847483
-0.79135
0.165457
0.190386
-0.251373
-0.133931
0.509285
0.227256
0.280522
0.706157
0.0355549
0.288506
0.0149207
0.0782207
0.272436
-0.328311
0.393133
0.412841
0.86746
-0.409119
-0.632047
0.0682176
0.560995
-0.141254
5.33613
0.0849504
1.8547
2.74455
4.67601
2.65509
4.15785
-2.61967
2.28941
-0.728511
-1.42668
2.03409
1.75156
2.441
4.72053
1.7474
1.30628
0.305563
