#input normalization
0.160597 0.267354
22.8444 30.3008
11.8456 37.3782
9.06312 31.1041
0.0117457 0.0404237
0.0097601 0.0315399
0.570454 1.47752
0.868996 1.21582
1.03242 1.37838
1.2475 1.53439
1.48889 1.65758
1.73269 1.76303
1.94825 1.84297
2.15628 1.90779
2.36993 1.95434
2.53124 1.96124
2.69596 1.95293
2.84062 1.92024
2.92459 1.85234
3.01674 1.77624
3.07177 1.67563
3.13871 1.53168
#output normalization
1 0
#neurons weights
0.181994
-0.318786
0.439502
-0.055088
0.480104
0.462251
-0.268212
0.347225
0.271854
-0.00392399
-0.274617
-0.348482
-0.442595
-0.253301
0.0614923
0.390813
-0.160921
0.456559
-0.365728
0.00903091
0.158651
-0.159093
1.01761
-1.25579
-1.80683
0.741297
-3.19688
-1.782
0.984609
1.28788
2.54891
-0.382615
-1.17104
1.26898
1.75717
-4.01234
1.87476
0.124264
1.59211
-3.00858
-5.12839
-0.722969
-3.73505
1.78527
0.0523425
-1.2104
-0.204815
0.0705821
-1.07412
-0.204841
-0.502386
-0.14971
-0.548997
-0.108646
0.205302
0.240135
-0.499217
-0.743181
-0.469888
-0.186513
-0.398602
0.19338
-1.10956
0.413412
-0.0148463
-1.03479
-0.939894
1.35582
#synapses weights
0.205276
0.561729
-0.440336
0.0663712
0.017714
0.201703
0.468667
1.03016
0.091424
1.04988
0.880327
0.611852
0.673244
0.924925
1.1223
0.288923
1.11298
0.906075
1.2102
1.36199
1.30655
0.948399
0.836715
0.68771
-0.257219
0.0736942
0.0825489
0.506741
-0.173197
-0.0402651
-0.106996
-0.414434
0.105929
0.96166
0.367783
0.785585
-0.133617
-0.303544
-0.434832
0.636971
-0.294586
-0.363358
0.768958
-0.579369
0.336669
1.67755
0.173178
0.0792811
-0.367765
0.271647
0.0640172
0.240889
0.408482
-0.0440676
0.274919
0.321403
0.153861
-0.587483
0.110748
-0.0178103
-0.462882
-0.592292
-0.140359
-0.702892
-0.84008
1.74753
-0.145646
1.33975
-0.815336
-0.113836
-0.241242
0.530395
-0.323049
-0.283877
-0.20694
-0.259877
0.977329
0.624325
0.279527
0.893104
0.436809
0.337023
0.446207
1.01414
0.772314
0.9577
0.830542
0.292617
0.68894
1.21873
-2.03514
0.435523
-0.00684752
0.398361
0.297802
-0.117336
-0.551097
0.0821851
0.0594446
0.189405
-0.248427
0.125888
0.0723085
-0.160837
-0.578647
0.32873
-0.186581
0.204841
0.342883
0.790939
0.726602
-0.0100119
0.443764
-0.21638
-0.236909
0.182619
0.242501
0.358332
0.0221947
0.0197941
-0.150882
0.128612
-0.978762
-1.21293
-0.694568
-0.233783
0.0145801
-0.870194
-0.220175
-0.0160577
-0.0536958
0.471869
0.217074
1.33752
0.177524
-0.132509
0.052808
0.298032
-0.107912
-0.37064
0.500782
-0.384078
1.14618
-0.392045
0.298838
0.537067
1.27073
0.504313
0.780776
0.601954
0.230815
0.714408
-0.135638
0.777588
-0.903195
-0.528438
1.50926
-1.39044
0.186097
-1.43156
-0.17132
0.779847
-0.0806011
-0.855106
0.685362
-0.106676
0.365229
-0.0445631
0.39423
0.375369
-0.0590601
-0.482671
-0.588096
0.154978
0.319644
0.23113
0.655909
-1.42378
2.63024
-0.981683
-0.0547114
-0.208861
0.167518
0.29656
0.101753
0.199686
0.167243
0.421958
-0.56662
0.401591
0.496971
-0.112234
-0.483838
0.665529
0.234355
0.296382
-0.539403
0.899928
-0.045293
1.28207
-0.928391
0.142475
0.20639
0.174438
0.387313
0.232394
0.142329
0.944371
0.914309
0.2284
0.194165
0.468587
0.800444
0.92432
0.893411
1.33951
0.382651
0.458276
0.720747
0.773095
0.296516
1.32839
-0.261761
0.271339
0.494829
-0.13282
0.219752
-0.337467
-0.0415667
0.480632
0.199394
-0.487073
-0.157599
-0.834397
0.0156338
0.0947219
0.216694
0.29859
0.702464
0.987514
1.30816
1.59904
-0.778149
-0.822587
-0.238634
-0.0511472
-0.00226239
-0.623525
0.748193
0.0160245
0.479302
0.0679194
-0.157314
0.101925
-0.94905
-0.888745
-0.0991664
-1.00761
-0.927903
-0.0699585
-0.501417
-0.870162
-0.999928
-1.51247
0.19675
-0.931965
1.27287
1.13641
0.748005
0.781123
-0.298866
-1.00501
-0.00750399
0.617566
0.339266
-0.70172
-0.0760606
-0.321685
0.267501
-0.8937
-0.882611
-0.306857
0.132112
-0.427367
-0.68838
-0.736659
1.67235
1.00252
0.741779
-0.103597
-0.709828
0.139152
0.0358839
-0.13237
-0.373444
0.300641
-0.196336
-0.469308
0.492645
0.178319
0.0728347
0.349381
0.326544
-0.370165
0.28275
-0.271138
0.359097
-0.337707
-0.397698
-0.501413
1.77896
-1.30185
0.524443
-0.255833
0.633425
-0.433789
0.741341
0.677114
-0.150899
-0.143559
0.544124
-0.201571
-0.558218
0.523283
0.351356
0.939016
0.190691
-0.750781
0.0150932
-0.727889
0.265328
0.924136
-0.00879347
0.364297
-0.451127
0.249954
0.325625
0.456844
0.134655
2.14276
-0.353321
-0.39178
-0.0220848
0.0716512
-0.205619
0.0968735
-0.200796
0.160588
-0.133994
0.732059
0.647887
0.0725436
0.133882
-0.30883
-0.25228
0.325311
-0.278048
-0.00405006
0.133668
-0.339965
0.236194
0.0614836
-0.6669
-1.09535
-0.29417
-0.475381
-0.858107
-0.350548
-0.0772312
-0.38516
-1.18152
-0.657365
-0.749601
-1.33597
0.260273
0.904003
-0.0114038
-0.0141868
0.0215271
-0.110393
0.329624
-0.142189
0.662721
-0.743729
0.114684
0.15315
-0.681656
-0.609778
0.698575
-0.376888
0.465354
0.295768
-0.553166
-0.21425
-0.283343
0.65917
-0.251585
1.2114
-1.08258
0.503494
-1.08961
0.349259
0.31189
1.46305
-0.232937
-1.71498
0.675752
0.0469499
-0.0527037
0.563196
-0.371905
0.400856
-0.214707
1.03584
-1.04137
0.428736
-0.232427
-0.867403
0.452564
-0.543712
0.408618
-0.456023
-0.899709
0.339376
0.434838
0.713795
0.564122
-0.11526
-0.417141
-1.1888
-0.213039
-0.212576
-0.709493
-0.244095
-0.449881
-0.288859
-0.496121
-0.808936
-0.128841
0.169813
0.846329
0.964675
-1.26003
0.241431
-0.678086
-0.266339
-0.0710121
-0.0935267
0.406542
0.652426
0.342708
-0.121329
-0.0221071
-0.14998
0.0237313
-0.266087
-1.10138
0.932662
-0.163627
-0.532012
0.2624
0.498133
-0.589485
-1.40006
0.512603
-0.805882
0.510716
-0.0172681
0.268004
0.0797176
-0.256767
-0.225267
0.133861
0.542199
0.0554826
-0.202203
0.360028
-0.469499
-0.570967
0.39734
-0.300422
-0.897009
0.0890726
0.323907
0.310004
1.50226
-0.239739
0.097631
-1.04824
0.0761562
-0.0496599
0.417053
-0.481688
-0.161986
-0.202911
0.852976
0.0958529
0.367467
0.884791
0.565369
0.374237
-0.21917
0.568445
1.36121
1.06943
1.79063
-0.809728
0.008212
0.20364
-0.21159
1.76643
-0.450556
-0.458076
-1.14285
-1.50014
0.0347023
0.0941893
-1.09927
-0.876904
1.2287
-1.99309
0.268383
-0.780399
1.0373
1.78162
-0.697191
1.43791
-1.73507
-0.22324
0.346115
0.272008
-0.182634
-0.477477
-0.469876
-0.185312
-0.595894
-0.357061
-0.224222
-0.517027
-0.42021
-0.20903
-0.545687
-0.59033
-0.0493201
-0.196704
-0.140313
-0.134298
0.00819535
0.0410985
-0.448941
0.0728978
-0.480402
-0.310013
0.462245
0.255053
-0.0922186
0.132893
-0.473988
0.629275
-0.292596
-0.433985
0.412808
0.029785
-0.0429023
-0.331765
0.881912
-0.476993
-0.58743
-0.143518
0.845546
0.0772325
-0.217572
-0.0748053
-0.213835
0.139657
-0.617563
0.159642
0.443826
-0.16023
0.882282
0.0237195
-1.13632
-1.30518
-1.18579
-0.196673
0.759141
-0.565326
-1.71717
0.313432
-0.72049
0.135721
-0.896362
-0.156219
1.04193
-0.570403
0.917057
-0.472865
0.542507
-0.615259
-0.661074
0.452228
-0.252072
0.797835
0.383706
-0.131464
-0.597379
-0.906851
-0.13674
0.507814
-0.912835
-1.82669
0.202292
-0.88206
0.417639
-1.31494
-0.321049
0.532301
0.111811
1.35919
-1.16038
0.326715
-0.538213
-0.0480086
0.61058
-0.061013
0.775362
0.458319
-0.310216
-1.86262
-1.49695
-0.306532
0.119473
-1.33633
-0.901865
0.373096
-1.49414
0.375053
-1.52325
0.926553
1.81178
-0.379127
0.661606
-0.728892
0.333428
-0.254436
-0.653056
-0.255772
-0.218217
-0.560304
0.510449
-0.447642
-0.361003
0.322697
-0.0629094
-0.918881
-0.450902
-0.489457
-0.337287
-0.268253
-0.81273
-0.326672
-0.678821
-1.01206
0.221736
0.144833
0.151767
-0.578434
-0.27259
0.867428
1.06326
-0.167831
0.184757
0.512893
-0.0269152
-0.965512
-0.655884
-0.0573472
0.685593
-1.05427
-0.580427
0.558278
-0.0424032
0.377702
-1.23329
0.160069
0.572194
0.372879
0.522766
0.319305
1.05477
0.303127
0.00270047
-0.367177
-0.0320864
-0.427908
-0.134922
-0.373473
-0.12074
-0.295076
-0.662004
-0.323422
-0.183088
-0.0132883
-0.238036
-0.482115
0.34598
0.284242
0.0789204
-0.234182
0.254864
-0.202348
0.62689
-0.502529
-0.181282
0.528914
0.477733
0.637053
0.401398
0.270612
0.441883
-0.536087
-0.0832867
0.593658
1.01539
-0.0761347
-0.461633
0.520823
0.243677
0.379814
-0.63398
-0.0137698
1.44733
0.383515
0.690904
-0.056225
0.969469
-0.716179
1.25305
0.899229
0.13298
0.802159
-0.107794
-0.229098
-0.0707117
0.0937811
0.22206
-0.314291
-0.106928
-0.0806165
0.950014
-0.1416
0.481489
-0.258496
0.328716
1.41637
0.177495
1.04897
-0.454659
0.464323
-0.476387
-0.0774419
0.0328889
-0.00338849
0.390619
-0.388178
-0.347477
-1.13609
-1.38832
-0.361083
-0.0619227
-1.0574
-1.12715
0.682628
-0.921482
0.378161
-1.27915
0.501966
1.2102
-0.422529
0.987377
-0.581459
0.104254
-0.576948
0.590837
0.424904
-0.408481
0.632848
-0.0679943
-0.678977
-1.37233
-1.38494
-0.917022
0.712991
-0.626871
-0.844006
0.388472
-1.21973
0.266224
-0.554337
0.44173
1.27915
-0.151951
0.80594
-0.782296
-0.287857
-0.535053
0.0134531
1.26419
-0.446498
1.27531
-0.0442357
-0.0915497
-1.94626
-1.73591
-0.512948
0.283631
-1.3039
-1.04336
1.02351
-1.89245
-0.146309
-1.38794
1.47337
1.28725
-0.620527
0.33297
-1.58048
0.544982
-0.724684
0.45622
0.800251
-0.633486
-0.531972
1.28131
0.0919653
-0.534572
-0.654159
-0.685894
0.570289
-1.29152
-0.0777454
1.62371
-0.387173
-0.676017
-0.936601
0.705178
0.817788
0.778667
0.390383
-0.0595036
0.197849
-0.166213
0.114841
0.206918
0.263331
-0.318075
0.422054
-0.169262
0.7077
0.180648
-0.640167
-0.386382
0.487022
0.101681
-0.870162
-0.376175
0.0663722
0.0794186
-0.284471
0.623952
0.0747217
-0.30932
0.0773622
-0.226876
-0.60775
-0.485083
0.825607
-0.161025
1.37071
0.222492
-0.345201
0.0117352
-0.755934
-0.608387
0.850649
-0.859145
-1.03965
1.27308
-0.0828424
-0.699375
-0.209247
0.729489
-0.146425
0.149269
0.532175
-0.829893
0.865926
-0.685495
-0.605153
0.470603
-0.012406
0.936803
0.0368211
-0.313904
-1.64826
-1.82214
0.101594
0.783401
-1.14435
-1.33616
0.748232
-1.57841
0.385098
-0.814965
0.434583
1.78127
-0.420917
1.37101
-0.707136
-0.131793
0.210661
0.519975
1.07056
1.37963
1.13146
-0.463918
1.31819
0.409104
-0.18016
0.226992
0.265103
-0.391213
0.653237
0.914439
0.0520359
1.43212
0.152438
0.628894
1.10669
-0.908023
0.643951
0.0408101
0.50739
-0.389676
0.193044
0.18494
0.0606566
-0.351586
-0.154168
-0.335801
0.197089
-0.0463148
-0.604204
-0.389907
-0.0433988
-0.311338
-0.121765
0.0639957
0.221419
-0.0358748
-0.443666
0.174243
-0.151136
0.535131
0.581926
0.131755
-0.923523
0.859394
0.0299822
-0.502698
0.640471
0.43587
-1.1106
-1.07859
-0.950784
-0.175438
0.452359
-1.39794
-1.13075
0.37384
-1.2106
-0.147973
-1.56356
0.175044
1.79713
0.267084
0.662374
-0.774973
-0.0184587
0.33351
-0.594728
-0.252493
0.541865
-1.31885
-0.411272
-0.0528763
0.587835
0.196819
-0.403379
-0.0744064
-0.679373
-0.950052
-0.35129
0.618872
-0.00619159
-0.933151
-0.851674
0.275791
-1.01336
-0.921094
0.995618
-0.117231
3.99538
-1.1923
1.32187
1.70476
2.27692
1.91117
-2.61214
1.25338
-0.841311
0.790555
2.1316
1.44732
0.748678
4.62613
2.69843
-1.32409
3.17289
3.81496
2.49206
-0.751279
0.803078
-2.53402
