#input normalization
0.160616 0.267387
10.2965 17.5257
13.0554 32.9415
10.2805 28.6481
0.0125547 0.034848
0.0105747 0.0284464
0.570454 1.47752
0.868996 1.21582
1.03242 1.37838
1.2475 1.53439
1.48889 1.65758
1.73269 1.76303
1.94825 1.84297
2.15628 1.90779
2.3804 1.94419
2.59102 1.89822
#output normalization
1 0
#neurons weights
0.140641
-0.222655
-0.352497
0.0843581
-0.212252
-0.387908
0.176646
0.307868
0.38978
-0.479697
-0.490394
0.0921761
-0.0737588
0.0802907
0.0152616
0.365415
0.564851
0.117716
2.93791
1.32815
0.897827
2.61532
-2.23822
0.780147
-0.0937597
-4.45801
2.86944
0.122952
-0.298459
-1.96194
-0.72276
-1.82165
0.894457
-0.10469
0.632185
0.377124
0.350327
0.995046
0.303964
-1.18861
-0.616154
-0.0580098
-1.49643
0.179464
-0.129203
0.29815
0.000589475
0.134334
-0.174808
1.45135
#synapses weights
1.07311
1.94901
-0.356237
-0.289716
0.479626
0.894913
-0.0825222
-0.600717
-0.823463
0.979812
0.0469086
0.849468
1.07083
1.37971
2.54725
2.45327
0.144903
2.41807
-0.813311
0.047442
-0.257347
0.487306
0.0701149
0.158493
0.89488
0.651395
1.27296
1.6496
1.63051
2.31916
0.9905
2.10493
-0.124789
-0.04474
1.49754
-0.425631
-0.375265
0.361443
-0.102537
-0.428673
-0.448675
1.04146
-0.206731
-0.299663
1.09995
-0.0843831
-0.0978358
-1.05978
-0.294646
-1.15547
1.18266
-0.759001
-0.2279
0.249696
-0.370353
-0.360189
0.669781
-0.0565678
0.232967
0.175181
-0.390404
-0.164814
-0.636235
0.441965
-0.0512033
0.396444
-0.484556
0.77362
0.12375
1.79769
0.445398
1.1384
-0.460716
-0.828394
0.349379
-0.080165
-0.0284694
1.62649
1.662
-0.904457
-1.74217
-0.735836
1.44563
-1.44791
1.23498
-0.469952
-0.751992
-0.0202839
0.368548
-0.0568426
0.520163
0.0193098
-0.177846
0.053782
-0.684294
0.599252
0.416951
1.04398
0.366882
-0.108625
-0.701915
0.0424489
-0.172514
-0.110513
0.351958
0.304781
-0.174783
-0.479841
-0.187106
-0.442385
1.0671
-0.696665
0.202556
0.0585436
0.0141228
0.840832
-0.32897
0.754413
-0.189017
0.089358
-0.100911
-0.0215914
-0.0468764
-0.0751015
-0.0888916
-0.719009
-0.735211
-0.488746
0.635085
1.20876
-0.338656
0.432683
-1.34015
0.819969
0.217391
-0.101502
0.293104
0.0876847
-0.232495
-0.0239785
-0.170955
-0.326366
-0.33959
1.19611
-0.0494922
1.20941
-1.92258
0.454746
-2.15558
0.986909
0.082997
0.261906
-0.294293
0.0690322
0.0565191
-0.184748
0.127426
-0.0376647
-0.44866
-0.254731
-0.28378
-0.721451
2.00668
-1.16735
0.0519107
-0.622359
0.516084
0.228583
0.0466487
0.344587
0.194531
0.168343
-0.61112
0.110132
0.130854
-0.035549
-0.159912
-1.35128
-0.54216
0.31798
0.2594
0.290226
0.389261
0.143823
0.407516
-0.305108
-1.05719
-0.563814
-0.373525
-0.0214512
0.411914
-0.327638
-0.872748
1.76354
-0.87988
-0.221857
-0.936852
0.105093
-0.30389
-0.457756
-0.542836
0.063728
0.76806
0.455596
1.10372
1.33941
1.23949
2.74671
0.0951649
0.413765
-0.850409
0.218194
-0.0141376
-0.0798271
0.055666
-0.643609
-0.496076
0.0950323
0.565259
0.106986
-0.703159
0.179446
0.625355
0.430887
0.912874
0.867416
0.0900146
-0.199073
-0.0120408
0.118672
-0.240595
-0.878488
0.646204
-0.579921
-0.499647
0.424759
0.94677
1.13866
0.221066
0.510225
0.335584
0.789102
-0.102842
0.589078
0.290061
0.663792
-0.0691145
-0.115249
0.251214
0.526785
-0.0210225
-0.0862673
-0.474725
0.147123
-2.03858
0.892158
0.184662
-1.34481
-0.0127804
1.17856
-0.485414
-0.0598037
-0.120859
-1.03018
-0.437943
1.12727
0.362105
-0.922724
0.397871
-0.481304
-0.518206
-1.6749
0.912364
-0.640664
-0.854266
-0.308744
-0.798026
-0.574151
1.04646
0.286255
0.173608
1.76375
-1.40254
0.599344
0.272795
0.228215
0.842466
1.11128
-0.785764
0.977098
-1.00474
-0.891202
-0.531251
-1.64699
-0.156246
0.108275
0.423995
-0.162701
1.49773
-2.02411
0.0611675
1.24294
0.96024
0.307723
1.15933
-1.31808
0.508793
0.435509
-0.779597
-0.594478
-0.830178
-1.19308
0.507986
-0.698907
-0.141703
1.73008
-2.05442
0.119915
0.693334
0.186672
0.708362
0.787223
-0.586748
0.727928
-0.57081
-0.574823
-0.166187
-0.30989
-0.0959492
0.810849
0.021802
0.225839
0.389493
-1.05832
0.0162226
0.364794
0.807616
0.257666
0.441673
-0.0744441
-0.644761
0.321668
-0.842404
-1.14906
0.882054
-0.167793
1.52729
0.354757
1.64591
1.39522
-0.684915
-0.363079
-0.209362
0.989466
0.35582
0.229029
0.062449
-0.758831
-0.279537
-0.415777
0.369079
-0.11649
-0.966548
-0.511891
0.424286
-0.540775
0.295774
-2.2239
1.15928
-0.461886
0.241339
-1.10351
0.358607
0.911359
0.0121805
-0.364825
-2.1839
-3.63295
0.00866001
-4.62902
0.570834
-1.15949
0.56373
4.16307
-3.40136
-0.79879
0.776582
1.13729
-0.121147
1.25621
-2.70452
0.0999368
0.179591
0.604467
0.559721
-0.000315114
-0.0235129
-0.53902
-0.849132
0.580281
-0.591937
0.415406
-0.0512407
0.183325
-0.175598
-0.149697
-0.613674
-0.254746
-0.236008
-0.114685
-0.0659211
-0.135547
0.523244
0.184225
0.434517
0.335719
0.25189
0.276163
0.258268
-0.00901388
-0.345891
-0.226002
0.123321
-0.0722431
-0.255294
-0.504107
-0.244681
-1.6277
-2.08531
-0.592193
-2.82294
0.273729
-1.13768
0.069004
2.04626
-1.81295
-0.416461
0.0734642
0.353388
-0.27186
1.37271
-2.04412
0.43712
-0.717596
-0.538408
-0.563089
-0.683433
-0.0305916
0.608428
0.82059
0.172305
0.484507
-0.925486
-0.266659
0.544519
0.596475
0.174002
0.218672
0.242051
-0.437744
0.197058
-0.657055
-0.348326
-0.730213
-0.909382
-0.357718
-0.0184889
-0.692926
0.101721
-0.52438
-0.015869
-0.140829
0.306248
-0.537019
-0.459452
-0.268592
0.505614
-0.221304
-1.24422
-1.75937
-2.19386
-1.8567
1.57308
-0.878356
0.742319
1.53987
-1.16986
-0.410929
1.3292
1.91986
0.1014
1.87283
-2.12378
0.155565
0.263825
-1.08153
-1.21088
-1.17956
-1.25075
0.668722
0.067817
0.175484
1.53337
-1.37448
0.181317
1.08734
0.126089
0.162134
0.964033
-0.913208
-0.520107
-0.112224
0.925404
0.654161
-0.0351673
-0.242546
-0.771516
-0.0507429
0.374054
-0.145395
0.209816
-0.710043
-0.384391
-0.392287
0.171469
-0.529885
0.482493
0.197928
0.513166
-0.593879
-0.102132
-0.394427
-0.976182
-0.0530562
0.267701
-0.394017
1.66231
-1.08302
0.223299
0.645587
0.105251
0.719368
0.142392
-0.211992
1.27247
3.28961
0.517397
1.64199
4.19105
-3.74514
7.52088
-1.59842
1.07382
5.00749
2.83061
-1.11532
4.05625
0.893773
-0.828603
0.106443
