#input normalization
0.160601 0.267362
18.423 26.245
12.1095 36.2642
9.24613 30.5834
0.0118666 0.0391444
0.0098712 0.030986
0.570454 1.47752
0.868996 1.21582
1.03242 1.37838
1.2475 1.53439
1.48889 1.65758
1.73269 1.76303
1.94825 1.84297
2.15628 1.90779
2.36993 1.95434
2.53124 1.96124
2.69596 1.95293
2.84062 1.92024
2.92991 1.8457
3.05003 1.73145
#output normalization
1 0
#neurons weights
0.455569
-0.409819
-0.46793
0.43574
0.470126
-0.355902
0.155879
0.38773
-0.366217
0.253597
0.140294
0.210752
-0.155969
0.234421
-0.00772666
0.378508
0.401288
-0.028
0.239031
-0.28804
-1.40805
-1.18267
-0.719593
-0.225574
2.55152
-3.91068
-1.3488
-0.297682
1.08376
3.39366
-1.1189
1.41116
-1.17934
-2.56387
5.7139
1.65307
-0.433978
4.12666
-1.48105
2.26836
-0.572087
-0.444685
-1.16716
-0.422859
0.674206
0.188696
0.508328
-0.348139
0.391925
1.41603
-0.593727
-0.249714
-1.97988
0.52714
0.567625
-1.44476
0.977398
-0.630558
0.274125
0.184896
-1.41408
1.47585
#synapses weights
1.48594
0.678596
0.509053
-0.22288
0.0137416
-0.270751
0.489914
1.05629
0.400361
-0.454151
-0.428851
0.135434
-0.123658
-0.760193
-0.174326
0.705677
0.813773
-0.112911
1.01933
-0.499589
-0.294633
-0.900721
-0.848297
0.65277
-0.7829
0.265782
0.46524
0.153323
0.214415
-0.0415468
0.460103
-0.701071
-0.376969
-0.62917
-0.954797
-1.07005
-0.348739
-0.783662
-0.602123
-0.990329
0.693261
1.44566
-0.0643874
-0.492
-0.0564419
0.207658
-0.119293
-0.0334738
0.693569
0.655836
0.202428
0.208408
0.497548
0.9105
0.730383
0.448971
0.975248
0.943267
0.633973
0.768607
-0.0906323
-0.724742
0.922512
-0.15394
1.01848
-0.180823
-0.338314
0.256199
0.717691
0.32285
-0.236865
-0.206627
-0.180476
-0.451629
-0.557974
-0.196849
-0.541203
-0.38201
-0.86334
-0.709788
-0.217937
-0.976281
1.96301
-0.41505
-0.421579
-0.154386
-1.38767
0.24931
0.930316
-0.031932
-0.454307
-0.357022
0.0722434
0.44096
-0.259602
-0.135012
0.644207
-0.19632
-0.272934
-0.886792
0.0817122
0.856191
-0.432841
1.0519
-0.858827
0.559227
0.570637
0.292444
-0.160206
-0.333686
0.490966
0.326997
-1.90192
0.913815
1.06613
0.584988
0.438133
-1.53847
-0.40844
1.26504
0.127934
1.35606
0.301487
-0.0656782
-0.444598
-0.27532
-0.393005
-0.276796
-0.0316
0.79506
0.630016
-0.315499
0.195779
-0.519269
0.299379
0.20789
0.186412
-0.370993
-1.74491
1.00347
0.564788
1.38008
0.583873
0.123019
-0.355216
0.447001
0.148374
0.506241
0.465259
0.0978446
0.674065
-0.386899
0.119053
0.232783
1.61251
-0.216414
0.308792
0.895715
-0.085469
-1.53742
0.887325
1.6906
-0.596855
0.0818043
-0.444535
-0.0338101
-0.130803
0.734736
1.5959
1.26469
2.04161
1.59981
1.18434
0.792982
1.17429
1.20195
1.43373
1.70306
1.88869
2.92134
-0.316365
-2.05596
2.7922
-1.17252
0.525162
-0.307265
0.0578289
0.327244
-0.31075
-0.0640276
0.473441
0.346919
-0.077512
0.0608746
0.285813
0.26839
0.458005
-0.243916
-0.262094
0.51545
-0.166296
1.11623
-0.20171
-0.182913
-0.864042
0.219101
0.208601
0.705354
0.416142
-0.668396
0.396493
0.880319
0.39984
-0.643512
0.554545
0.159289
0.317263
-0.424802
1.04893
0.98015
-0.0542115
1.22481
0.163587
-0.109932
0.438449
0.0280942
-0.404275
-0.265626
-0.533485
-0.0333485
0.401116
-0.48954
0.311258
0.0157325
-0.339918
0.737301
0.388104
0.394375
1.14855
1.46854
0.721713
1.42934
0.340134
-0.173281
-0.550121
0.559429
-0.0258573
-0.558194
-0.071726
0.19763
-0.606417
0.768547
0.152086
0.717128
-0.230053
-0.389237
-0.339993
-0.239155
0.279668
0.245766
0.421789
0.849009
-0.31197
0.628295
-0.00590428
0.091823
-0.297256
-0.166108
-0.207929
-0.574695
0.772317
-0.951975
-0.143016
0.755331
-0.150136
0.543121
-0.271404
-0.122151
-0.161267
2.10002
-0.0519744
-1.35855
1.26395
-0.453504
1.51577
-0.1877
-0.0313271
-1.24786
0.0383761
1.44352
-0.466573
-0.0651565
-0.0441579
-0.0471618
0.815686
-0.500687
-0.318958
0.342658
0.482117
-0.774468
-0.487604
-1.30178
0.992336
-0.649974
0.198453
-0.265701
1.08714
0.082324
0.447442
0.437023
0.0240439
0.0758324
-0.448784
0.243531
-0.0544237
0.533538
-0.427596
0.504633
-0.564667
0.596486
-0.734023
0.0544537
2.47686
-1.01292
0.283854
-1.92088
-0.489146
0.52986
-0.109848
-0.932873
0.870263
-0.20783
-0.197102
0.821719
-0.312045
1.16196
0.422604
-1.41084
-0.35615
1.0019
-2.14551
-0.855188
-0.194582
-0.0980638
0.479902
0.72943
-0.528856
0.114207
0.28373
-0.301142
-0.0292586
0.625067
-0.0690555
-0.0556104
-0.0885113
-0.107989
0.0509715
-0.716029
-0.0596462
0.00450418
0.218446
1.07002
-0.886485
0.668947
0.00643767
0.507272
0.0637806
0.211652
0.442096
-0.0406787
-0.19604
0.216549
-0.494413
0.164673
-0.78559
-0.693256
-0.697866
0.394906
-0.683579
-0.0813823
-0.531813
-1.51907
0.0645088
-0.140693
0.539857
0.256024
1.00386
0.0860284
0.0876611
-0.826045
0.746106
-0.255927
0.593552
0.358951
-0.428177
-0.769951
-0.741673
-0.690184
-0.27864
-1.16582
0.162796
1.74149
-1.35383
-0.429985
-0.590956
0.163611
-0.138578
0.269466
-0.407742
0.00203973
0.295607
0.031465
1.1221
0.532871
1.55388
1.54865
1.27376
1.82773
1.93576
1.00947
-0.102896
0.236904
0.308487
-0.0996013
-0.966833
0.221485
0.704754
0.0402131
-0.563383
-1.0049
0.392384
-0.449385
0.46359
0.0522084
-1.30773
-0.724168
-1.05397
-1.06229
0.0520412
-0.138754
-0.107025
0.268517
-0.849262
-0.0193774
-1.03684
-2.46903
1.35684
1.47177
0.121231
-1.19782
-2.88877
0.501236
0.394906
0.47979
0.338507
-3.5724
-1.26929
-1.98188
-1.73729
0.268574
-1.87351
-0.0196778
0.916311
0.770858
-0.398716
0.0290839
0.550093
0.166456
-0.808833
-1.65009
0.218615
0.0269541
-1.18423
-0.516187
-1.33406
-0.456619
0.785914
-1.21706
-1.04846
-0.988577
0.196429
0.406338
-0.27756
0.189122
-0.397935
0.0168985
-0.470668
-0.267376
0.399717
0.27877
0.435395
0.651802
-0.189058
0.483511
0.0731903
0.155009
0.722893
-0.117603
0.325961
-0.249274
-0.186737
0.308432
-0.636859
0.651123
-0.673222
-0.0281368
0.493241
0.19279
-1.24641
1.15043
1.34598
-1.01198
0.42456
-1.36337
1.26511
0.503441
-0.476308
-0.399834
-0.837375
-0.868945
-1.88255
-1.08783
0.878086
-1.33741
-0.0709314
0.345751
-1.12153
0.27998
0.563053
-0.306093
0.619669
0.855323
-1.44705
0.0820351
-0.639767
-0.444291
0.241756
1.28549
0.450589
-0.390893
-1.01877
0.361402
-0.68112
1.26582
-0.654863
-0.882135
0.306203
0.0459053
0.222973
-0.295856
0.40391
0.0283965
-0.165293
-0.305556
-0.325674
-0.166513
-0.151314
-0.411574
-0.0172621
-0.022127
-0.0324092
0.674447
0.540236
0.250189
0.156882
0.613076
0.220451
0.601933
-0.205433
0.0828658
-0.256464
-0.389832
0.13089
0.388861
-0.1292
-1.47616
-1.12279
1.01336
0.851547
-0.295625
0.573161
-0.0237276
-0.362715
-0.771674
-0.474215
-0.0323837
0.101816
0.453017
0.840968
1.21657
-0.0899176
-0.780602
0.178376
1.37122
0.325585
0.863079
0.113008
-1.0945
0.552266
0.1112
0.986777
1.57671
-0.547293
-0.228983
-0.374364
-0.405994
1.28972
-0.144544
-0.154136
0.32193
-0.0930627
0.294876
-0.546606
-0.512479
0.628941
-0.360598
-0.526985
-1.19195
-0.586997
0.201829
-0.826021
-0.030743
0.0232287
-0.766679
-0.880122
-0.912412
-0.965002
-0.273788
0.0251141
-0.575832
0.190348
0.187412
-0.231303
0.365109
0.122282
-0.0916628
-0.303356
0.131177
-0.396561
-0.41376
-0.103752
-0.117873
0.382336
0.391107
0.435766
0.403579
0.300977
-0.229383
-0.170649
0.241903
-0.119532
0.637372
-0.665006
0.129072
-1.17974
-2.60907
1.88537
0.14799
-0.400142
-1.09571
-2.8085
0.130212
-0.609634
0.654266
0.920241
-3.28128
-1.80004
-2.35615
-2.45967
0.59896
-2.27361
-0.261645
0.629886
-0.0374286
0.629249
0.3526
-0.576876
-0.420374
-0.0512979
0.343167
-0.600851
-1.2995
0.049448
0.582813
0.376175
0.612673
-1.07391
-0.570662
-0.015359
-0.204852
0.761693
-0.22684
0.158027
-0.632897
-0.135785
-0.37107
-0.00621537
-0.609322
0.455072
0.768299
-0.554494
-0.0337286
-0.693734
0.301229
0.0173553
-0.00123162
0.510201
-1.28665
-0.713583
-0.365627
-0.682461
-0.235834
-0.549435
0.025289
0.167534
-1.00342
0.42691
-0.627279
-1.31655
1.626
1.22031
-0.0710015
-0.96004
-1.81286
0.24095
0.0868783
0.651389
1.00351
-3.23562
-0.85685
-2.34073
-1.51507
1.42276
-2.03567
0.167791
0.765564
0.57363
-0.00974344
-0.225853
-0.128733
0.455131
0.888718
-0.207293
-0.163204
-1.14493
-0.119787
0.6554
0.777575
1.54003
-0.604015
0.156486
-0.419055
-0.948379
0.739245
0.322001
-0.445914
0.242892
-0.45236
0.430139
-0.0592914
-0.504039
2.66939
0.0793118
-0.289803
-0.868772
-0.357893
0.628261
0.982191
0.202254
0.734879
-1.18591
-1.88222
-1.68017
-0.922506
0.385995
-1.32154
-0.313971
0.70239
0.0472361
0.780891
0.418067
-0.0337947
0.516913
0.364744
-0.541229
-0.305647
-1.11757
0.323303
-0.205841
0.0560738
0.18968
-0.78372
-0.89376
-0.721844
-0.178975
0.201004
-0.29509
0.382998
-0.346074
-0.0667969
-0.358253
-0.105173
-0.177276
-0.296942
0.366245
-0.00836667
0.0458081
0.397989
0.193551
-0.311544
-0.136534
0.142672
0.312503
0.17102
0.243677
0.216996
-0.524262
-0.0758426
-0.416724
0.513815
-0.996005
-0.102955
-1.13609
-2.2432
1.02614
1.12248
-0.274699
-1.09015
-2.84512
0.389882
-0.406943
0.941231
0.88369
-2.45421
-1.93174
-1.71905
-1.91334
0.583787
-2.04
-0.573399
0.204334
4.61836
-3.23881
1.27703
3.55281
3.29103
-0.881629
3.0236
2.02397
-0.811819
-0.374035
4.28707
2.88323
2.26999
3.19142
1.28933
3.41659
0.933889
-0.430032
3.39545
